quality_attribute,sentence,source,author,repo,version,id,keyword,matched_word,match_idx,wiki,url,total_similar,target_keywords,target_matched_words
Testability,Build failed on ROOT-fedora30/cxx14.; Running on root-fedora30-1.cern.ch:/build/workspace/root-pullrequests-build; [See cdash](http://cdash.cern.ch/index.php?project=ROOT&filtercount=1&field1=buildname/string&compare1=65&value1=PR-5892-ROOT-fedora30-cxx14&date=2020-06-18).; [See console output](https://lcgapp-services.cern.ch/root-jenkins/job/root-pullrequests-build/87296/console).; ### Failing tests:; - [projectroot.roottest.python.JupyROOT.roottest_python_JupyROOT_cppcompleter_doctest](https://lcgapp-services.cern.ch/root-jenkins/job/root-pullrequests-build/87296/testReport/projectroot.roottest.python/JupyROOT/roottest_python_JupyROOT_cppcompleter_doctest/); - [projectroot.roottest.python.JupyROOT.roottest_python_JupyROOT_handlers_doctest](https://lcgapp-services.cern.ch/root-jenkins/job/root-pullrequests-build/87296/testReport/projectroot.roottest.python/JupyROOT/roottest_python_JupyROOT_handlers_doctest/); - [projectroot.roottest.python.JupyROOT.roottest_python_JupyROOT_utils_doctest](https://lcgapp-services.cern.ch/root-jenkins/job/root-pullrequests-build/87296/testReport/projectroot.roottest.python/JupyROOT/roottest_python_JupyROOT_utils_doctest/); - [projectroot.roottest.python.JupyROOT.roottest_python_JupyROOT_importROOT_notebook](https://lcgapp-services.cern.ch/root-jenkins/job/root-pullrequests-build/87296/testReport/projectroot.roottest.python/JupyROOT/roottest_python_JupyROOT_importROOT_notebook/); - [projectroot.roottest.python.JupyROOT.roottest_python_JupyROOT_simpleCppMagic_notebook](https://lcgapp-services.cern.ch/root-jenkins/job/root-pullrequests-build/87296/testReport/projectroot.roottest.python/JupyROOT/roottest_python_JupyROOT_simpleCppMagic_notebook/); - [projectroot.roottest.python.JupyROOT.roottest_python_JupyROOT_thread_local_notebook](https://lcgapp-services.cern.ch/root-jenkins/job/root-pullrequests-build/87296/testReport/projectroot.roottest.python/JupyROOT/roottest_python_JupyROOT_thread_local_notebook/); - [projectroot.roottest.python.Ju,MatchSource.ISSUE_COMMENT,root-project,root,v6-32-06,https://github.com/root-project/root/pull/5892#issuecomment-645864206:398,test,tests,398,https://root.cern,https://github.com/root-project/root/pull/5892#issuecomment-645864206,3,['test'],"['testReport', 'tests']"
Testability,Build failed on ROOT-fedora30/cxx14.; Running on root-fedora30-1.cern.ch:/build/workspace/root-pullrequests-build; [See cdash](http://cdash.cern.ch/index.php?project=ROOT&filtercount=1&field1=buildname/string&compare1=65&value1=PR-5903-ROOT-fedora30-cxx14&date=2020-08-05).; [See console output](https://lcgapp-services.cern.ch/root-jenkins/job/root-pullrequests-build/91604/console).; ### Failing tests:; - [projectroot.bindings.pyroot.pythonizations.test.pyunittests_pyroot_numbadeclare](https://lcgapp-services.cern.ch/root-jenkins/job/root-pullrequests-build/91604/testReport/projectroot.bindings.pyroot.pythonizations/test/pyunittests_pyroot_numbadeclare/),MatchSource.ISSUE_COMMENT,root-project,root,v6-32-06,https://github.com/root-project/root/pull/5903#issuecomment-669304620:398,test,tests,398,https://root.cern,https://github.com/root-project/root/pull/5903#issuecomment-669304620,4,['test'],"['test', 'testReport', 'tests']"
Testability,Build failed on ROOT-fedora30/cxx14.; Running on root-fedora30-1.cern.ch:/build/workspace/root-pullrequests-build; [See cdash](http://cdash.cern.ch/index.php?project=ROOT&filtercount=1&field1=buildname/string&compare1=65&value1=PR-5919-ROOT-fedora30-cxx14&date=2020-08-04).; [See console output](https://lcgapp-services.cern.ch/root-jenkins/job/root-pullrequests-build/91440/console).; ### Failing tests:; - [projectroot.bindings.pyroot.pythonizations.test.pyunittests_pyroot_numbadeclare](https://lcgapp-services.cern.ch/root-jenkins/job/root-pullrequests-build/91440/testReport/projectroot.bindings.pyroot.pythonizations/test/pyunittests_pyroot_numbadeclare/),MatchSource.ISSUE_COMMENT,root-project,root,v6-32-06,https://github.com/root-project/root/pull/5919#issuecomment-668759671:398,test,tests,398,https://root.cern,https://github.com/root-project/root/pull/5919#issuecomment-668759671,4,['test'],"['test', 'testReport', 'tests']"
Testability,Build failed on ROOT-fedora30/cxx14.; Running on root-fedora30-1.cern.ch:/build/workspace/root-pullrequests-build; [See cdash](http://cdash.cern.ch/index.php?project=ROOT&filtercount=1&field1=buildname/string&compare1=65&value1=PR-5933-ROOT-fedora30-cxx14&date=2020-06-25).; [See console output](https://lcgapp-services.cern.ch/root-jenkins/job/root-pullrequests-build/88074/console).; ### Failing tests:; - [projectroot.roottest.root.io.filemerger.roottest_root_io_filemerger_execCreateAndMerge](https://lcgapp-services.cern.ch/root-jenkins/job/root-pullrequests-build/88074/testReport/projectroot.roottest.root.io/filemerger/roottest_root_io_filemerger_execCreateAndMerge/),MatchSource.ISSUE_COMMENT,root-project,root,v6-32-06,https://github.com/root-project/root/pull/5933#issuecomment-649793289:398,test,tests,398,https://root.cern,https://github.com/root-project/root/pull/5933#issuecomment-649793289,2,['test'],"['testReport', 'tests']"
Testability,Build failed on ROOT-fedora30/cxx14.; Running on root-fedora30-1.cern.ch:/build/workspace/root-pullrequests-build; [See cdash](http://cdash.cern.ch/index.php?project=ROOT&filtercount=1&field1=buildname/string&compare1=65&value1=PR-5971-ROOT-fedora30-cxx14&date=2020-07-03).; [See console output](https://lcgapp-services.cern.ch/root-jenkins/job/root-pullrequests-build/88908/console).; ### Failing tests:; - [projectroot.tree.ntuple.v7.test.gtest_tree_ntuple_v7_test_ntuple_extended](https://lcgapp-services.cern.ch/root-jenkins/job/root-pullrequests-build/88908/testReport/projectroot.tree.ntuple.v7/test/gtest_tree_ntuple_v7_test_ntuple_extended/),MatchSource.ISSUE_COMMENT,root-project,root,v6-32-06,https://github.com/root-project/root/pull/5971#issuecomment-653495415:398,test,tests,398,https://root.cern,https://github.com/root-project/root/pull/5971#issuecomment-653495415,4,['test'],"['test', 'testReport', 'tests']"
Testability,Build failed on ROOT-fedora30/cxx14.; Running on root-fedora30-1.cern.ch:/build/workspace/root-pullrequests-build; [See cdash](http://cdash.cern.ch/index.php?project=ROOT&filtercount=1&field1=buildname/string&compare1=65&value1=PR-5973-ROOT-fedora30-cxx14&date=2020-08-06).; [See console output](https://lcgapp-services.cern.ch/root-jenkins/job/root-pullrequests-build/91650/console).; ### Failing tests:; - [projectroot.bindings.pyroot.pythonizations.test.pyunittests_pyroot_numbadeclare](https://lcgapp-services.cern.ch/root-jenkins/job/root-pullrequests-build/91650/testReport/projectroot.bindings.pyroot.pythonizations/test/pyunittests_pyroot_numbadeclare/),MatchSource.ISSUE_COMMENT,root-project,root,v6-32-06,https://github.com/root-project/root/pull/5973#issuecomment-669805680:398,test,tests,398,https://root.cern,https://github.com/root-project/root/pull/5973#issuecomment-669805680,4,['test'],"['test', 'testReport', 'tests']"
Testability,Build failed on ROOT-fedora30/cxx14.; Running on root-fedora30-1.cern.ch:/build/workspace/root-pullrequests-build; [See cdash](http://cdash.cern.ch/index.php?project=ROOT&filtercount=1&field1=buildname/string&compare1=65&value1=PR-6038-ROOT-fedora30-cxx14&date=2020-08-05).; [See console output](https://lcgapp-services.cern.ch/root-jenkins/job/root-pullrequests-build/91496/console).; ### Failing tests:; - [projectroot.test.test_stressentrylist](https://lcgapp-services.cern.ch/root-jenkins/job/root-pullrequests-build/91496/testReport/projectroot/test/test_stressentrylist/); - [projectroot.test.test_check_nullptr](https://lcgapp-services.cern.ch/root-jenkins/job/root-pullrequests-build/91496/testReport/projectroot/test/test_check_nullptr/); - [projectroot.test.test_stressshapes_interpreted](https://lcgapp-services.cern.ch/root-jenkins/job/root-pullrequests-build/91496/testReport/projectroot/test/test_stressshapes_interpreted/); - [projectroot.test.test_stressgraphics_interpreted](https://lcgapp-services.cern.ch/root-jenkins/job/root-pullrequests-build/91496/testReport/projectroot/test/test_stressgraphics_interpreted/); - [projectroot.test.test_stresshistogram_interpreted](https://lcgapp-services.cern.ch/root-jenkins/job/root-pullrequests-build/91496/testReport/projectroot/test/test_stresshistogram_interpreted/); - [projectroot.test.test_stresstmva_interpreted](https://lcgapp-services.cern.ch/root-jenkins/job/root-pullrequests-build/91496/testReport/projectroot/test/test_stresstmva_interpreted/); - [projectroot.test.test_stressvector_interpreted](https://lcgapp-services.cern.ch/root-jenkins/job/root-pullrequests-build/91496/testReport/projectroot/test/test_stressvector_interpreted/); - [projectroot.test.test_stressmathmore_interpreted](https://lcgapp-services.cern.ch/root-jenkins/job/root-pullrequests-build/91496/testReport/projectroot/test/test_stressmathmore_interpreted/); - [projectroot.test.test_stressmathcore_interpreted](https://lcgapp-services.cern.ch/root-jenkins,MatchSource.ISSUE_COMMENT,root-project,root,v6-32-06,https://github.com/root-project/root/pull/6038#issuecomment-669086361:398,test,tests,398,https://root.cern,https://github.com/root-project/root/pull/6038#issuecomment-669086361,11,['test'],"['test', 'testReport', 'tests']"
Testability,Build failed on ROOT-fedora30/cxx14.; Running on root-fedora30-1.cern.ch:/build/workspace/root-pullrequests-build; [See cdash](http://cdash.cern.ch/index.php?project=ROOT&filtercount=1&field1=buildname/string&compare1=65&value1=PR-6054-ROOT-fedora30-cxx14&date=2020-08-17).; [See console output](https://lcgapp-services.cern.ch/root-jenkins/job/root-pullrequests-build/92949/console).; ### Failing tests:; - [projectroot.roottest.cling.functionTemplate.roottest_cling_functionTemplate_testcint](https://lcgapp-services.cern.ch/root-jenkins/job/root-pullrequests-build/92949/testReport/projectroot.roottest.cling/functionTemplate/roottest_cling_functionTemplate_testcint/),MatchSource.ISSUE_COMMENT,root-project,root,v6-32-06,https://github.com/root-project/root/pull/6054#issuecomment-674827223:398,test,tests,398,https://root.cern,https://github.com/root-project/root/pull/6054#issuecomment-674827223,2,['test'],"['testReport', 'tests']"
Testability,Build failed on ROOT-fedora30/cxx14.; Running on root-fedora30-1.cern.ch:/build/workspace/root-pullrequests-build; [See cdash](http://cdash.cern.ch/index.php?project=ROOT&filtercount=1&field1=buildname/string&compare1=65&value1=PR-6059-ROOT-fedora30-cxx14&date=2020-08-18).; [See console output](https://lcgapp-services.cern.ch/root-jenkins/job/root-pullrequests-build/93045/console).; ### Failing tests:; - [projectroot.roottest.cling.functionTemplate.roottest_cling_functionTemplate_testcint](https://lcgapp-services.cern.ch/root-jenkins/job/root-pullrequests-build/93045/testReport/projectroot.roottest.cling/functionTemplate/roottest_cling_functionTemplate_testcint/),MatchSource.ISSUE_COMMENT,root-project,root,v6-32-06,https://github.com/root-project/root/pull/6059#issuecomment-675408607:398,test,tests,398,https://root.cern,https://github.com/root-project/root/pull/6059#issuecomment-675408607,2,['test'],"['testReport', 'tests']"
Testability,Build failed on ROOT-fedora30/cxx14.; Running on root-fedora30-1.cern.ch:/build/workspace/root-pullrequests-build; [See cdash](http://cdash.cern.ch/index.php?project=ROOT&filtercount=1&field1=buildname/string&compare1=65&value1=PR-6071-ROOT-fedora30-cxx14&date=2020-09-13).; [See console output](https://lcgapp-services.cern.ch/root-jenkins/job/root-pullrequests-build/95600/console).; ### Failing tests:; - [projectroot.tree.tree.test.gtest_tree_tree_test_testTTreeRegressions](https://lcgapp-services.cern.ch/root-jenkins/job/root-pullrequests-build/95600/testReport/projectroot.tree.tree/test/gtest_tree_tree_test_testTTreeRegressions/),MatchSource.ISSUE_COMMENT,root-project,root,v6-32-06,https://github.com/root-project/root/pull/6071#issuecomment-691689141:398,test,tests,398,https://root.cern,https://github.com/root-project/root/pull/6071#issuecomment-691689141,4,['test'],"['test', 'testReport', 'tests']"
Testability,Build failed on ROOT-fedora30/cxx14.; Running on root-fedora30-1.cern.ch:/build/workspace/root-pullrequests-build; [See cdash](http://cdash.cern.ch/index.php?project=ROOT&filtercount=1&field1=buildname/string&compare1=65&value1=PR-6071-ROOT-fedora30-cxx14&date=2020-09-16).; [See console output](https://lcgapp-services.cern.ch/root-jenkins/job/root-pullrequests-build/96008/console).; ### Failing tests:; - [projectroot.tree.tree.test.gtest_tree_tree_test_testTTreeRegressions](https://lcgapp-services.cern.ch/root-jenkins/job/root-pullrequests-build/96008/testReport/projectroot.tree.tree/test/gtest_tree_tree_test_testTTreeRegressions/),MatchSource.ISSUE_COMMENT,root-project,root,v6-32-06,https://github.com/root-project/root/pull/6071#issuecomment-693503921:398,test,tests,398,https://root.cern,https://github.com/root-project/root/pull/6071#issuecomment-693503921,4,['test'],"['test', 'testReport', 'tests']"
Testability,Build failed on ROOT-fedora30/cxx14.; Running on root-fedora30-1.cern.ch:/build/workspace/root-pullrequests-build; [See cdash](http://cdash.cern.ch/index.php?project=ROOT&filtercount=1&field1=buildname/string&compare1=65&value1=PR-6073-ROOT-fedora30-cxx14&date=2020-08-11).; [See console output](https://lcgapp-services.cern.ch/root-jenkins/job/root-pullrequests-build/92301/console).; ### Failing tests:; - [projectroot.roottest.cling.functionTemplate.roottest_cling_functionTemplate_testcint](https://lcgapp-services.cern.ch/root-jenkins/job/root-pullrequests-build/92301/testReport/projectroot.roottest.cling/functionTemplate/roottest_cling_functionTemplate_testcint/),MatchSource.ISSUE_COMMENT,root-project,root,v6-32-06,https://github.com/root-project/root/pull/6073#issuecomment-672192805:398,test,tests,398,https://root.cern,https://github.com/root-project/root/pull/6073#issuecomment-672192805,2,['test'],"['testReport', 'tests']"
Testability,Build failed on ROOT-fedora30/cxx14.; Running on root-fedora30-1.cern.ch:/build/workspace/root-pullrequests-build; [See cdash](http://cdash.cern.ch/index.php?project=ROOT&filtercount=1&field1=buildname/string&compare1=65&value1=PR-6105-ROOT-fedora30-cxx14&date=2020-08-04).; [See console output](https://lcgapp-services.cern.ch/root-jenkins/job/root-pullrequests-build/91448/console).; ### Failing tests:; - [projectroot.bindings.pyroot.pythonizations.test.pyunittests_pyroot_numbadeclare](https://lcgapp-services.cern.ch/root-jenkins/job/root-pullrequests-build/91448/testReport/projectroot.bindings.pyroot.pythonizations/test/pyunittests_pyroot_numbadeclare/),MatchSource.ISSUE_COMMENT,root-project,root,v6-32-06,https://github.com/root-project/root/pull/6105#issuecomment-668785176:398,test,tests,398,https://root.cern,https://github.com/root-project/root/pull/6105#issuecomment-668785176,4,['test'],"['test', 'testReport', 'tests']"
Testability,Build failed on ROOT-fedora30/cxx14.; Running on root-fedora30-1.cern.ch:/build/workspace/root-pullrequests-build; [See cdash](http://cdash.cern.ch/index.php?project=ROOT&filtercount=1&field1=buildname/string&compare1=65&value1=PR-6105-ROOT-fedora30-cxx14&date=2020-08-05).; [See console output](https://lcgapp-services.cern.ch/root-jenkins/job/root-pullrequests-build/91464/console).; ### Failing tests:; - [projectroot.bindings.pyroot.pythonizations.test.pyunittests_pyroot_numbadeclare](https://lcgapp-services.cern.ch/root-jenkins/job/root-pullrequests-build/91464/testReport/projectroot.bindings.pyroot.pythonizations/test/pyunittests_pyroot_numbadeclare/),MatchSource.ISSUE_COMMENT,root-project,root,v6-32-06,https://github.com/root-project/root/pull/6105#issuecomment-668888587:398,test,tests,398,https://root.cern,https://github.com/root-project/root/pull/6105#issuecomment-668888587,4,['test'],"['test', 'testReport', 'tests']"
Testability,Build failed on ROOT-fedora30/cxx14.; Running on root-fedora30-1.cern.ch:/build/workspace/root-pullrequests-build; [See cdash](http://cdash.cern.ch/index.php?project=ROOT&filtercount=1&field1=buildname/string&compare1=65&value1=PR-6105-ROOT-fedora30-cxx14&date=2020-08-05).; [See console output](https://lcgapp-services.cern.ch/root-jenkins/job/root-pullrequests-build/91629/console).; ### Failing tests:; - [projectroot.bindings.pyroot.pythonizations.test.pyunittests_pyroot_numbadeclare](https://lcgapp-services.cern.ch/root-jenkins/job/root-pullrequests-build/91629/testReport/projectroot.bindings.pyroot.pythonizations/test/pyunittests_pyroot_numbadeclare/),MatchSource.ISSUE_COMMENT,root-project,root,v6-32-06,https://github.com/root-project/root/pull/6105#issuecomment-669516955:398,test,tests,398,https://root.cern,https://github.com/root-project/root/pull/6105#issuecomment-669516955,4,['test'],"['test', 'testReport', 'tests']"
Testability,Build failed on ROOT-fedora30/cxx14.; Running on root-fedora30-1.cern.ch:/build/workspace/root-pullrequests-build; [See cdash](http://cdash.cern.ch/index.php?project=ROOT&filtercount=1&field1=buildname/string&compare1=65&value1=PR-6105-ROOT-fedora30-cxx14&date=2020-08-12).; [See console output](https://lcgapp-services.cern.ch/root-jenkins/job/root-pullrequests-build/92532/console).; ### Failing tests:; - [projectroot.roottest.cling.functionTemplate.roottest_cling_functionTemplate_testcint](https://lcgapp-services.cern.ch/root-jenkins/job/root-pullrequests-build/92532/testReport/projectroot.roottest.cling/functionTemplate/roottest_cling_functionTemplate_testcint/),MatchSource.ISSUE_COMMENT,root-project,root,v6-32-06,https://github.com/root-project/root/pull/6105#issuecomment-673113561:398,test,tests,398,https://root.cern,https://github.com/root-project/root/pull/6105#issuecomment-673113561,2,['test'],"['testReport', 'tests']"
Testability,Build failed on ROOT-fedora30/cxx14.; Running on root-fedora30-1.cern.ch:/build/workspace/root-pullrequests-build; [See cdash](http://cdash.cern.ch/index.php?project=ROOT&filtercount=1&field1=buildname/string&compare1=65&value1=PR-6105-ROOT-fedora30-cxx14&date=2020-08-17).; [See console output](https://lcgapp-services.cern.ch/root-jenkins/job/root-pullrequests-build/92973/console).; ### Failing tests:; - [projectroot.roottest.cling.functionTemplate.roottest_cling_functionTemplate_testcint](https://lcgapp-services.cern.ch/root-jenkins/job/root-pullrequests-build/92973/testReport/projectroot.roottest.cling/functionTemplate/roottest_cling_functionTemplate_testcint/),MatchSource.ISSUE_COMMENT,root-project,root,v6-32-06,https://github.com/root-project/root/pull/6105#issuecomment-675101217:398,test,tests,398,https://root.cern,https://github.com/root-project/root/pull/6105#issuecomment-675101217,2,['test'],"['testReport', 'tests']"
Testability,Build failed on ROOT-fedora30/cxx14.; Running on root-fedora30-1.cern.ch:/build/workspace/root-pullrequests-build; [See cdash](http://cdash.cern.ch/index.php?project=ROOT&filtercount=1&field1=buildname/string&compare1=65&value1=PR-6105-ROOT-fedora30-cxx14&date=2020-08-18).; [See console output](https://lcgapp-services.cern.ch/root-jenkins/job/root-pullrequests-build/93111/console).; ### Failing tests:; - [projectroot.roottest.cling.functionTemplate.roottest_cling_functionTemplate_testcint](https://lcgapp-services.cern.ch/root-jenkins/job/root-pullrequests-build/93111/testReport/projectroot.roottest.cling/functionTemplate/roottest_cling_functionTemplate_testcint/),MatchSource.ISSUE_COMMENT,root-project,root,v6-32-06,https://github.com/root-project/root/pull/6105#issuecomment-675727830:398,test,tests,398,https://root.cern,https://github.com/root-project/root/pull/6105#issuecomment-675727830,2,['test'],"['testReport', 'tests']"
Testability,Build failed on ROOT-fedora30/cxx14.; Running on root-fedora30-1.cern.ch:/build/workspace/root-pullrequests-build; [See cdash](http://cdash.cern.ch/index.php?project=ROOT&filtercount=1&field1=buildname/string&compare1=65&value1=PR-6110-ROOT-fedora30-cxx14&date=2020-08-04).; [See console output](https://lcgapp-services.cern.ch/root-jenkins/job/root-pullrequests-build/91390/console).; ### Failing tests:; - [projectroot.bindings.pyroot.pythonizations.test.pyunittests_pyroot_dependency_versions](https://lcgapp-services.cern.ch/root-jenkins/job/root-pullrequests-build/91390/testReport/projectroot.bindings.pyroot.pythonizations/test/pyunittests_pyroot_dependency_versions/),MatchSource.ISSUE_COMMENT,root-project,root,v6-32-06,https://github.com/root-project/root/pull/6110#issuecomment-668648755:398,test,tests,398,https://root.cern,https://github.com/root-project/root/pull/6110#issuecomment-668648755,4,['test'],"['test', 'testReport', 'tests']"
Testability,Build failed on ROOT-fedora30/cxx14.; Running on root-fedora30-1.cern.ch:/build/workspace/root-pullrequests-build; [See cdash](http://cdash.cern.ch/index.php?project=ROOT&filtercount=1&field1=buildname/string&compare1=65&value1=PR-6111-ROOT-fedora30-cxx14&date=2020-08-04).; [See console output](https://lcgapp-services.cern.ch/root-jenkins/job/root-pullrequests-build/91350/console).; ### Failing tests:; - [projectroot.bindings.pyroot.pythonizations.test.pyunittests_pyroot_dependency_versions](https://lcgapp-services.cern.ch/root-jenkins/job/root-pullrequests-build/91350/testReport/projectroot.bindings.pyroot.pythonizations/test/pyunittests_pyroot_dependency_versions/),MatchSource.ISSUE_COMMENT,root-project,root,v6-32-06,https://github.com/root-project/root/pull/6111#issuecomment-668511174:398,test,tests,398,https://root.cern,https://github.com/root-project/root/pull/6111#issuecomment-668511174,4,['test'],"['test', 'testReport', 'tests']"
Testability,Build failed on ROOT-fedora30/cxx14.; Running on root-fedora30-1.cern.ch:/build/workspace/root-pullrequests-build; [See cdash](http://cdash.cern.ch/index.php?project=ROOT&filtercount=1&field1=buildname/string&compare1=65&value1=PR-6119-ROOT-fedora30-cxx14&date=2020-08-04).; [See console output](https://lcgapp-services.cern.ch/root-jenkins/job/root-pullrequests-build/91374/console).; ### Failing tests:; - [projectroot.bindings.pyroot.pythonizations.test.pyunittests_pyroot_dependency_versions](https://lcgapp-services.cern.ch/root-jenkins/job/root-pullrequests-build/91374/testReport/projectroot.bindings.pyroot.pythonizations/test/pyunittests_pyroot_dependency_versions/),MatchSource.ISSUE_COMMENT,root-project,root,v6-32-06,https://github.com/root-project/root/pull/6119#issuecomment-668565371:398,test,tests,398,https://root.cern,https://github.com/root-project/root/pull/6119#issuecomment-668565371,4,['test'],"['test', 'testReport', 'tests']"
Testability,Build failed on ROOT-fedora30/cxx14.; Running on root-fedora30-1.cern.ch:/build/workspace/root-pullrequests-build; [See cdash](http://cdash.cern.ch/index.php?project=ROOT&filtercount=1&field1=buildname/string&compare1=65&value1=PR-6120-ROOT-fedora30-cxx14&date=2020-08-04).; [See console output](https://lcgapp-services.cern.ch/root-jenkins/job/root-pullrequests-build/91382/console).; ### Failing tests:; - [projectroot.bindings.pyroot.pythonizations.test.pyunittests_pyroot_dependency_versions](https://lcgapp-services.cern.ch/root-jenkins/job/root-pullrequests-build/91382/testReport/projectroot.bindings.pyroot.pythonizations/test/pyunittests_pyroot_dependency_versions/),MatchSource.ISSUE_COMMENT,root-project,root,v6-32-06,https://github.com/root-project/root/pull/6120#issuecomment-668632744:398,test,tests,398,https://root.cern,https://github.com/root-project/root/pull/6120#issuecomment-668632744,4,['test'],"['test', 'testReport', 'tests']"
Testability,Build failed on ROOT-fedora30/cxx14.; Running on root-fedora30-1.cern.ch:/build/workspace/root-pullrequests-build; [See cdash](http://cdash.cern.ch/index.php?project=ROOT&filtercount=1&field1=buildname/string&compare1=65&value1=PR-6126-ROOT-fedora30-cxx14&date=2020-08-05).; [See console output](https://lcgapp-services.cern.ch/root-jenkins/job/root-pullrequests-build/91512/console).; ### Failing tests:; - [projectroot.bindings.pyroot.pythonizations.test.pyunittests_pyroot_numbadeclare](https://lcgapp-services.cern.ch/root-jenkins/job/root-pullrequests-build/91512/testReport/projectroot.bindings.pyroot.pythonizations/test/pyunittests_pyroot_numbadeclare/),MatchSource.ISSUE_COMMENT,root-project,root,v6-32-06,https://github.com/root-project/root/pull/6126#issuecomment-669140828:398,test,tests,398,https://root.cern,https://github.com/root-project/root/pull/6126#issuecomment-669140828,4,['test'],"['test', 'testReport', 'tests']"
Testability,Build failed on ROOT-fedora30/cxx14.; Running on root-fedora30-1.cern.ch:/build/workspace/root-pullrequests-build; [See cdash](http://cdash.cern.ch/index.php?project=ROOT&filtercount=1&field1=buildname/string&compare1=65&value1=PR-6128-ROOT-fedora30-cxx14&date=2020-08-12).; [See console output](https://lcgapp-services.cern.ch/root-jenkins/job/root-pullrequests-build/92473/console).; ### Failing tests:; - [projectroot.roottest.cling.functionTemplate.roottest_cling_functionTemplate_testcint](https://lcgapp-services.cern.ch/root-jenkins/job/root-pullrequests-build/92473/testReport/projectroot.roottest.cling/functionTemplate/roottest_cling_functionTemplate_testcint/),MatchSource.ISSUE_COMMENT,root-project,root,v6-32-06,https://github.com/root-project/root/pull/6128#issuecomment-672915737:398,test,tests,398,https://root.cern,https://github.com/root-project/root/pull/6128#issuecomment-672915737,2,['test'],"['testReport', 'tests']"
Testability,Build failed on ROOT-fedora30/cxx14.; Running on root-fedora30-1.cern.ch:/build/workspace/root-pullrequests-build; [See cdash](http://cdash.cern.ch/index.php?project=ROOT&filtercount=1&field1=buildname/string&compare1=65&value1=PR-6128-ROOT-fedora30-cxx14&date=2020-08-14).; [See console output](https://lcgapp-services.cern.ch/root-jenkins/job/root-pullrequests-build/92781/console).; ### Failing tests:; - [projectroot.roottest.cling.functionTemplate.roottest_cling_functionTemplate_testcint](https://lcgapp-services.cern.ch/root-jenkins/job/root-pullrequests-build/92781/testReport/projectroot.roottest.cling/functionTemplate/roottest_cling_functionTemplate_testcint/),MatchSource.ISSUE_COMMENT,root-project,root,v6-32-06,https://github.com/root-project/root/pull/6128#issuecomment-673978720:398,test,tests,398,https://root.cern,https://github.com/root-project/root/pull/6128#issuecomment-673978720,2,['test'],"['testReport', 'tests']"
Testability,Build failed on ROOT-fedora30/cxx14.; Running on root-fedora30-1.cern.ch:/build/workspace/root-pullrequests-build; [See cdash](http://cdash.cern.ch/index.php?project=ROOT&filtercount=1&field1=buildname/string&compare1=65&value1=PR-6129-ROOT-fedora30-cxx14&date=2020-08-06).; [See console output](https://lcgapp-services.cern.ch/root-jenkins/job/root-pullrequests-build/91642/console).; ### Failing tests:; - [projectroot.bindings.pyroot.pythonizations.test.pyunittests_pyroot_numbadeclare](https://lcgapp-services.cern.ch/root-jenkins/job/root-pullrequests-build/91642/testReport/projectroot.bindings.pyroot.pythonizations/test/pyunittests_pyroot_numbadeclare/),MatchSource.ISSUE_COMMENT,root-project,root,v6-32-06,https://github.com/root-project/root/pull/6129#issuecomment-669788069:398,test,tests,398,https://root.cern,https://github.com/root-project/root/pull/6129#issuecomment-669788069,4,['test'],"['test', 'testReport', 'tests']"
Testability,Build failed on ROOT-fedora30/cxx14.; Running on root-fedora30-1.cern.ch:/build/workspace/root-pullrequests-build; [See cdash](http://cdash.cern.ch/index.php?project=ROOT&filtercount=1&field1=buildname/string&compare1=65&value1=PR-6136-ROOT-fedora30-cxx14&date=2020-08-07).; [See console output](https://lcgapp-services.cern.ch/root-jenkins/job/root-pullrequests-build/91733/console).; ### Failing tests:; - [projectroot.roottest.cling.functionTemplate.roottest_cling_functionTemplate_testcint](https://lcgapp-services.cern.ch/root-jenkins/job/root-pullrequests-build/91733/testReport/projectroot.roottest.cling/functionTemplate/roottest_cling_functionTemplate_testcint/),MatchSource.ISSUE_COMMENT,root-project,root,v6-32-06,https://github.com/root-project/root/pull/6136#issuecomment-670409908:398,test,tests,398,https://root.cern,https://github.com/root-project/root/pull/6136#issuecomment-670409908,2,['test'],"['testReport', 'tests']"
Testability,Build failed on ROOT-fedora30/cxx14.; Running on root-fedora30-1.cern.ch:/build/workspace/root-pullrequests-build; [See cdash](http://cdash.cern.ch/index.php?project=ROOT&filtercount=1&field1=buildname/string&compare1=65&value1=PR-6139-ROOT-fedora30-cxx14&date=2020-08-07).; [See console output](https://lcgapp-services.cern.ch/root-jenkins/job/root-pullrequests-build/91757/console).; ### Failing tests:; - [projectroot.bindings.pyroot.pythonizations.test.pyunittests_pyroot_numbadeclare](https://lcgapp-services.cern.ch/root-jenkins/job/root-pullrequests-build/91757/testReport/projectroot.bindings.pyroot.pythonizations/test/pyunittests_pyroot_numbadeclare/); - [projectroot.roottest.cling.functionTemplate.roottest_cling_functionTemplate_testcint](https://lcgapp-services.cern.ch/root-jenkins/job/root-pullrequests-build/91757/testReport/projectroot.roottest.cling/functionTemplate/roottest_cling_functionTemplate_testcint/),MatchSource.ISSUE_COMMENT,root-project,root,v6-32-06,https://github.com/root-project/root/pull/6139#issuecomment-670427572:398,test,tests,398,https://root.cern,https://github.com/root-project/root/pull/6139#issuecomment-670427572,5,['test'],"['test', 'testReport', 'tests']"
Testability,Build failed on ROOT-fedora30/cxx14.; Running on root-fedora30-1.cern.ch:/build/workspace/root-pullrequests-build; [See cdash](http://cdash.cern.ch/index.php?project=ROOT&filtercount=1&field1=buildname/string&compare1=65&value1=PR-6141-ROOT-fedora30-cxx14&date=2020-08-07).; [See console output](https://lcgapp-services.cern.ch/root-jenkins/job/root-pullrequests-build/91773/console).; ### Failing tests:; - [projectroot.bindings.pyroot.pythonizations.test.pyunittests_pyroot_numbadeclare](https://lcgapp-services.cern.ch/root-jenkins/job/root-pullrequests-build/91773/testReport/projectroot.bindings.pyroot.pythonizations/test/pyunittests_pyroot_numbadeclare/); - [projectroot.roottest.cling.functionTemplate.roottest_cling_functionTemplate_testcint](https://lcgapp-services.cern.ch/root-jenkins/job/root-pullrequests-build/91773/testReport/projectroot.roottest.cling/functionTemplate/roottest_cling_functionTemplate_testcint/),MatchSource.ISSUE_COMMENT,root-project,root,v6-32-06,https://github.com/root-project/root/pull/6141#issuecomment-670458500:398,test,tests,398,https://root.cern,https://github.com/root-project/root/pull/6141#issuecomment-670458500,5,['test'],"['test', 'testReport', 'tests']"
Testability,Build failed on ROOT-fedora30/cxx14.; Running on root-fedora30-1.cern.ch:/build/workspace/root-pullrequests-build; [See cdash](http://cdash.cern.ch/index.php?project=ROOT&filtercount=1&field1=buildname/string&compare1=65&value1=PR-6143-ROOT-fedora30-cxx14&date=2020-08-10).; [See console output](https://lcgapp-services.cern.ch/root-jenkins/job/root-pullrequests-build/92060/console).; ### Failing tests:; - [projectroot.roottest.cling.functionTemplate.roottest_cling_functionTemplate_testcint](https://lcgapp-services.cern.ch/root-jenkins/job/root-pullrequests-build/92060/testReport/projectroot.roottest.cling/functionTemplate/roottest_cling_functionTemplate_testcint/),MatchSource.ISSUE_COMMENT,root-project,root,v6-32-06,https://github.com/root-project/root/pull/6143#issuecomment-671415930:398,test,tests,398,https://root.cern,https://github.com/root-project/root/pull/6143#issuecomment-671415930,2,['test'],"['testReport', 'tests']"
Testability,Build failed on ROOT-fedora30/cxx14.; Running on root-fedora30-1.cern.ch:/build/workspace/root-pullrequests-build; [See cdash](http://cdash.cern.ch/index.php?project=ROOT&filtercount=1&field1=buildname/string&compare1=65&value1=PR-6149-ROOT-fedora30-cxx14&date=2020-08-10).; [See console output](https://lcgapp-services.cern.ch/root-jenkins/job/root-pullrequests-build/92036/console).; ### Failing tests:; - [projectroot.roottest.cling.functionTemplate.roottest_cling_functionTemplate_testcint](https://lcgapp-services.cern.ch/root-jenkins/job/root-pullrequests-build/92036/testReport/projectroot.roottest.cling/functionTemplate/roottest_cling_functionTemplate_testcint/),MatchSource.ISSUE_COMMENT,root-project,root,v6-32-06,https://github.com/root-project/root/pull/6149#issuecomment-671359272:398,test,tests,398,https://root.cern,https://github.com/root-project/root/pull/6149#issuecomment-671359272,2,['test'],"['testReport', 'tests']"
Testability,Build failed on ROOT-fedora30/cxx14.; Running on root-fedora30-1.cern.ch:/build/workspace/root-pullrequests-build; [See cdash](http://cdash.cern.ch/index.php?project=ROOT&filtercount=1&field1=buildname/string&compare1=65&value1=PR-6150-ROOT-fedora30-cxx14&date=2020-08-11).; [See console output](https://lcgapp-services.cern.ch/root-jenkins/job/root-pullrequests-build/92236/console).; ### Failing tests:; - [projectroot.roottest.cling.functionTemplate.roottest_cling_functionTemplate_testcint](https://lcgapp-services.cern.ch/root-jenkins/job/root-pullrequests-build/92236/testReport/projectroot.roottest.cling/functionTemplate/roottest_cling_functionTemplate_testcint/),MatchSource.ISSUE_COMMENT,root-project,root,v6-32-06,https://github.com/root-project/root/pull/6150#issuecomment-671966568:398,test,tests,398,https://root.cern,https://github.com/root-project/root/pull/6150#issuecomment-671966568,2,['test'],"['testReport', 'tests']"
Testability,Build failed on ROOT-fedora30/cxx14.; Running on root-fedora30-1.cern.ch:/build/workspace/root-pullrequests-build; [See cdash](http://cdash.cern.ch/index.php?project=ROOT&filtercount=1&field1=buildname/string&compare1=65&value1=PR-6151-ROOT-fedora30-cxx14&date=2020-08-10).; [See console output](https://lcgapp-services.cern.ch/root-jenkins/job/root-pullrequests-build/92084/console).; ### Failing tests:; - [projectroot.roottest.cling.functionTemplate.roottest_cling_functionTemplate_testcint](https://lcgapp-services.cern.ch/root-jenkins/job/root-pullrequests-build/92084/testReport/projectroot.roottest.cling/functionTemplate/roottest_cling_functionTemplate_testcint/),MatchSource.ISSUE_COMMENT,root-project,root,v6-32-06,https://github.com/root-project/root/pull/6151#issuecomment-671479158:398,test,tests,398,https://root.cern,https://github.com/root-project/root/pull/6151#issuecomment-671479158,2,['test'],"['testReport', 'tests']"
Testability,Build failed on ROOT-fedora30/cxx14.; Running on root-fedora30-1.cern.ch:/build/workspace/root-pullrequests-build; [See cdash](http://cdash.cern.ch/index.php?project=ROOT&filtercount=1&field1=buildname/string&compare1=65&value1=PR-6151-ROOT-fedora30-cxx14&date=2020-08-11).; [See console output](https://lcgapp-services.cern.ch/root-jenkins/job/root-pullrequests-build/92268/console).; ### Failing tests:; - [projectroot.roottest.cling.functionTemplate.roottest_cling_functionTemplate_testcint](https://lcgapp-services.cern.ch/root-jenkins/job/root-pullrequests-build/92268/testReport/projectroot.roottest.cling/functionTemplate/roottest_cling_functionTemplate_testcint/),MatchSource.ISSUE_COMMENT,root-project,root,v6-32-06,https://github.com/root-project/root/pull/6151#issuecomment-672074288:398,test,tests,398,https://root.cern,https://github.com/root-project/root/pull/6151#issuecomment-672074288,2,['test'],"['testReport', 'tests']"
Testability,Build failed on ROOT-fedora30/cxx14.; Running on root-fedora30-1.cern.ch:/build/workspace/root-pullrequests-build; [See cdash](http://cdash.cern.ch/index.php?project=ROOT&filtercount=1&field1=buildname/string&compare1=65&value1=PR-6153-ROOT-fedora30-cxx14&date=2020-08-10).; [See console output](https://lcgapp-services.cern.ch/root-jenkins/job/root-pullrequests-build/92108/console).; ### Failing tests:; - [projectroot.roottest.cling.functionTemplate.roottest_cling_functionTemplate_testcint](https://lcgapp-services.cern.ch/root-jenkins/job/root-pullrequests-build/92108/testReport/projectroot.roottest.cling/functionTemplate/roottest_cling_functionTemplate_testcint/),MatchSource.ISSUE_COMMENT,root-project,root,v6-32-06,https://github.com/root-project/root/pull/6153#issuecomment-671583019:398,test,tests,398,https://root.cern,https://github.com/root-project/root/pull/6153#issuecomment-671583019,2,['test'],"['testReport', 'tests']"
Testability,Build failed on ROOT-fedora30/cxx14.; Running on root-fedora30-1.cern.ch:/build/workspace/root-pullrequests-build; [See cdash](http://cdash.cern.ch/index.php?project=ROOT&filtercount=1&field1=buildname/string&compare1=65&value1=PR-6154-ROOT-fedora30-cxx14&date=2020-08-11).; [See console output](https://lcgapp-services.cern.ch/root-jenkins/job/root-pullrequests-build/92132/console).; ### Failing tests:; - [projectroot.roottest.cling.functionTemplate.roottest_cling_functionTemplate_testcint](https://lcgapp-services.cern.ch/root-jenkins/job/root-pullrequests-build/92132/testReport/projectroot.roottest.cling/functionTemplate/roottest_cling_functionTemplate_testcint/),MatchSource.ISSUE_COMMENT,root-project,root,v6-32-06,https://github.com/root-project/root/pull/6154#issuecomment-671734434:398,test,tests,398,https://root.cern,https://github.com/root-project/root/pull/6154#issuecomment-671734434,2,['test'],"['testReport', 'tests']"
Testability,Build failed on ROOT-fedora30/cxx14.; Running on root-fedora30-1.cern.ch:/build/workspace/root-pullrequests-build; [See cdash](http://cdash.cern.ch/index.php?project=ROOT&filtercount=1&field1=buildname/string&compare1=65&value1=PR-6154-ROOT-fedora30-cxx14&date=2020-08-11).; [See console output](https://lcgapp-services.cern.ch/root-jenkins/job/root-pullrequests-build/92260/console).; ### Failing tests:; - [projectroot.roottest.cling.functionTemplate.roottest_cling_functionTemplate_testcint](https://lcgapp-services.cern.ch/root-jenkins/job/root-pullrequests-build/92260/testReport/projectroot.roottest.cling/functionTemplate/roottest_cling_functionTemplate_testcint/),MatchSource.ISSUE_COMMENT,root-project,root,v6-32-06,https://github.com/root-project/root/pull/6154#issuecomment-671991316:398,test,tests,398,https://root.cern,https://github.com/root-project/root/pull/6154#issuecomment-671991316,2,['test'],"['testReport', 'tests']"
Testability,Build failed on ROOT-fedora30/cxx14.; Running on root-fedora30-1.cern.ch:/build/workspace/root-pullrequests-build; [See cdash](http://cdash.cern.ch/index.php?project=ROOT&filtercount=1&field1=buildname/string&compare1=65&value1=PR-6154-ROOT-fedora30-cxx14&date=2020-08-12).; [See console output](https://lcgapp-services.cern.ch/root-jenkins/job/root-pullrequests-build/92385/console).; ### Failing tests:; - [projectroot.roottest.cling.functionTemplate.roottest_cling_functionTemplate_testcint](https://lcgapp-services.cern.ch/root-jenkins/job/root-pullrequests-build/92385/testReport/projectroot.roottest.cling/functionTemplate/roottest_cling_functionTemplate_testcint/),MatchSource.ISSUE_COMMENT,root-project,root,v6-32-06,https://github.com/root-project/root/pull/6154#issuecomment-672630659:398,test,tests,398,https://root.cern,https://github.com/root-project/root/pull/6154#issuecomment-672630659,2,['test'],"['testReport', 'tests']"
Testability,Build failed on ROOT-fedora30/cxx14.; Running on root-fedora30-1.cern.ch:/build/workspace/root-pullrequests-build; [See cdash](http://cdash.cern.ch/index.php?project=ROOT&filtercount=1&field1=buildname/string&compare1=65&value1=PR-6155-ROOT-fedora30-cxx14&date=2020-08-11).; [See console output](https://lcgapp-services.cern.ch/root-jenkins/job/root-pullrequests-build/92140/console).; ### Failing tests:; - [projectroot.roottest.cling.functionTemplate.roottest_cling_functionTemplate_testcint](https://lcgapp-services.cern.ch/root-jenkins/job/root-pullrequests-build/92140/testReport/projectroot.roottest.cling/functionTemplate/roottest_cling_functionTemplate_testcint/),MatchSource.ISSUE_COMMENT,root-project,root,v6-32-06,https://github.com/root-project/root/pull/6155#issuecomment-671765506:398,test,tests,398,https://root.cern,https://github.com/root-project/root/pull/6155#issuecomment-671765506,2,['test'],"['testReport', 'tests']"
Testability,Build failed on ROOT-fedora30/cxx14.; Running on root-fedora30-1.cern.ch:/build/workspace/root-pullrequests-build; [See cdash](http://cdash.cern.ch/index.php?project=ROOT&filtercount=1&field1=buildname/string&compare1=65&value1=PR-6155-ROOT-fedora30-cxx14&date=2020-08-11).; [See console output](https://lcgapp-services.cern.ch/root-jenkins/job/root-pullrequests-build/92172/console).; ### Failing tests:; - [projectroot.roottest.cling.functionTemplate.roottest_cling_functionTemplate_testcint](https://lcgapp-services.cern.ch/root-jenkins/job/root-pullrequests-build/92172/testReport/projectroot.roottest.cling/functionTemplate/roottest_cling_functionTemplate_testcint/),MatchSource.ISSUE_COMMENT,root-project,root,v6-32-06,https://github.com/root-project/root/pull/6155#issuecomment-671853806:398,test,tests,398,https://root.cern,https://github.com/root-project/root/pull/6155#issuecomment-671853806,2,['test'],"['testReport', 'tests']"
Testability,Build failed on ROOT-fedora30/cxx14.; Running on root-fedora30-1.cern.ch:/build/workspace/root-pullrequests-build; [See cdash](http://cdash.cern.ch/index.php?project=ROOT&filtercount=1&field1=buildname/string&compare1=65&value1=PR-6155-ROOT-fedora30-cxx14&date=2020-08-11).; [See console output](https://lcgapp-services.cern.ch/root-jenkins/job/root-pullrequests-build/92220/console).; ### Failing tests:; - [projectroot.roottest.cling.functionTemplate.roottest_cling_functionTemplate_testcint](https://lcgapp-services.cern.ch/root-jenkins/job/root-pullrequests-build/92220/testReport/projectroot.roottest.cling/functionTemplate/roottest_cling_functionTemplate_testcint/),MatchSource.ISSUE_COMMENT,root-project,root,v6-32-06,https://github.com/root-project/root/pull/6155#issuecomment-671926739:398,test,tests,398,https://root.cern,https://github.com/root-project/root/pull/6155#issuecomment-671926739,2,['test'],"['testReport', 'tests']"
Testability,Build failed on ROOT-fedora30/cxx14.; Running on root-fedora30-1.cern.ch:/build/workspace/root-pullrequests-build; [See cdash](http://cdash.cern.ch/index.php?project=ROOT&filtercount=1&field1=buildname/string&compare1=65&value1=PR-6157-ROOT-fedora30-cxx14&date=2020-08-11).; [See console output](https://lcgapp-services.cern.ch/root-jenkins/job/root-pullrequests-build/92156/console).; ### Failing tests:; - [projectroot.roottest.cling.functionTemplate.roottest_cling_functionTemplate_testcint](https://lcgapp-services.cern.ch/root-jenkins/job/root-pullrequests-build/92156/testReport/projectroot.roottest.cling/functionTemplate/roottest_cling_functionTemplate_testcint/),MatchSource.ISSUE_COMMENT,root-project,root,v6-32-06,https://github.com/root-project/root/pull/6157#issuecomment-671775344:398,test,tests,398,https://root.cern,https://github.com/root-project/root/pull/6157#issuecomment-671775344,2,['test'],"['testReport', 'tests']"
Testability,Build failed on ROOT-fedora30/cxx14.; Running on root-fedora30-1.cern.ch:/build/workspace/root-pullrequests-build; [See cdash](http://cdash.cern.ch/index.php?project=ROOT&filtercount=1&field1=buildname/string&compare1=65&value1=PR-6158-ROOT-fedora30-cxx14&date=2020-08-11).; [See console output](https://lcgapp-services.cern.ch/root-jenkins/job/root-pullrequests-build/92188/console).; ### Failing tests:; - [projectroot.roottest.cling.functionTemplate.roottest_cling_functionTemplate_testcint](https://lcgapp-services.cern.ch/root-jenkins/job/root-pullrequests-build/92188/testReport/projectroot.roottest.cling/functionTemplate/roottest_cling_functionTemplate_testcint/),MatchSource.ISSUE_COMMENT,root-project,root,v6-32-06,https://github.com/root-project/root/pull/6158#issuecomment-671866952:398,test,tests,398,https://root.cern,https://github.com/root-project/root/pull/6158#issuecomment-671866952,2,['test'],"['testReport', 'tests']"
Testability,Build failed on ROOT-fedora30/cxx14.; Running on root-fedora30-1.cern.ch:/build/workspace/root-pullrequests-build; [See cdash](http://cdash.cern.ch/index.php?project=ROOT&filtercount=1&field1=buildname/string&compare1=65&value1=PR-6161-ROOT-fedora30-cxx14&date=2020-08-12).; [See console output](https://lcgapp-services.cern.ch/root-jenkins/job/root-pullrequests-build/92393/console).; ### Failing tests:; - [projectroot.roottest.cling.functionTemplate.roottest_cling_functionTemplate_testcint](https://lcgapp-services.cern.ch/root-jenkins/job/root-pullrequests-build/92393/testReport/projectroot.roottest.cling/functionTemplate/roottest_cling_functionTemplate_testcint/); - [projectroot.roottest.root.io.json.roottest_root_io_json_make](https://lcgapp-services.cern.ch/root-jenkins/job/root-pullrequests-build/92393/testReport/projectroot.roottest.root.io/json/roottest_root_io_json_make/); - [projectroot.roottest.root.meta.callfunc.roottest_root_meta_callfunc_execResolveAt_auto](https://lcgapp-services.cern.ch/root-jenkins/job/root-pullrequests-build/92393/testReport/projectroot.roottest.root.meta/callfunc/roottest_root_meta_callfunc_execResolveAt_auto/); - [projectroot.roottest.root.tree.selectorreader.roottest_root_tree_selectorreader_make](https://lcgapp-services.cern.ch/root-jenkins/job/root-pullrequests-build/92393/testReport/projectroot.roottest.root.tree/selectorreader/roottest_root_tree_selectorreader_make/),MatchSource.ISSUE_COMMENT,root-project,root,v6-32-06,https://github.com/root-project/root/pull/6161#issuecomment-672690396:398,test,tests,398,https://root.cern,https://github.com/root-project/root/pull/6161#issuecomment-672690396,5,['test'],"['testReport', 'tests']"
Testability,Build failed on ROOT-fedora30/cxx14.; Running on root-fedora30-1.cern.ch:/build/workspace/root-pullrequests-build; [See cdash](http://cdash.cern.ch/index.php?project=ROOT&filtercount=1&field1=buildname/string&compare1=65&value1=PR-6161-ROOT-fedora30-cxx14&date=2020-08-12).; [See console output](https://lcgapp-services.cern.ch/root-jenkins/job/root-pullrequests-build/92497/console).; ### Failing tests:; - [projectroot.test.test_stresstmva_interpreted](https://lcgapp-services.cern.ch/root-jenkins/job/root-pullrequests-build/92497/testReport/projectroot/test/test_stresstmva_interpreted/); - [projectroot.bindings.pyroot.pythonizations.test.pyunittests_pyroot_pyz_rdataframe_asnumpy](https://lcgapp-services.cern.ch/root-jenkins/job/root-pullrequests-build/92497/testReport/projectroot.bindings.pyroot.pythonizations/test/pyunittests_pyroot_pyz_rdataframe_asnumpy/); - [projectroot.roottest.cling.functionTemplate.roottest_cling_functionTemplate_testcint](https://lcgapp-services.cern.ch/root-jenkins/job/root-pullrequests-build/92497/testReport/projectroot.roottest.cling/functionTemplate/roottest_cling_functionTemplate_testcint/); - [projectroot.roottest.python.stl.roottest_python_stl_stl](https://lcgapp-services.cern.ch/root-jenkins/job/root-pullrequests-build/92497/testReport/projectroot.roottest.python/stl/roottest_python_stl_stl/); - [projectroot.roottest.root.io.json.roottest_root_io_json_make](https://lcgapp-services.cern.ch/root-jenkins/job/root-pullrequests-build/92497/testReport/projectroot.roottest.root.io/json/roottest_root_io_json_make/); - [projectroot.roottest.root.io.xml.roottest_root_io_xml_make](https://lcgapp-services.cern.ch/root-jenkins/job/root-pullrequests-build/92497/testReport/projectroot.roottest.root.io/xml/roottest_root_io_xml_make/); - [projectroot.roottest.root.meta.callfunc.roottest_root_meta_callfunc_execResolveAt_auto](https://lcgapp-services.cern.ch/root-jenkins/job/root-pullrequests-build/92497/testReport/projectroot.roottest.root.meta/callfunc/,MatchSource.ISSUE_COMMENT,root-project,root,v6-32-06,https://github.com/root-project/root/pull/6161#issuecomment-672978523:398,test,tests,398,https://root.cern,https://github.com/root-project/root/pull/6161#issuecomment-672978523,7,['test'],"['test', 'testReport', 'tests']"
Testability,Build failed on ROOT-fedora30/cxx14.; Running on root-fedora30-1.cern.ch:/build/workspace/root-pullrequests-build; [See cdash](http://cdash.cern.ch/index.php?project=ROOT&filtercount=1&field1=buildname/string&compare1=65&value1=PR-6161-ROOT-fedora30-cxx14&date=2020-08-14).; [See console output](https://lcgapp-services.cern.ch/root-jenkins/job/root-pullrequests-build/92877/console).; ### Failing tests:; - [projectroot.roottest.cling.functionTemplate.roottest_cling_functionTemplate_testcint](https://lcgapp-services.cern.ch/root-jenkins/job/root-pullrequests-build/92877/testReport/projectroot.roottest.cling/functionTemplate/roottest_cling_functionTemplate_testcint/),MatchSource.ISSUE_COMMENT,root-project,root,v6-32-06,https://github.com/root-project/root/pull/6161#issuecomment-674270875:398,test,tests,398,https://root.cern,https://github.com/root-project/root/pull/6161#issuecomment-674270875,2,['test'],"['testReport', 'tests']"
Testability,Build failed on ROOT-fedora30/cxx14.; Running on root-fedora30-1.cern.ch:/build/workspace/root-pullrequests-build; [See cdash](http://cdash.cern.ch/index.php?project=ROOT&filtercount=1&field1=buildname/string&compare1=65&value1=PR-6163-ROOT-fedora30-cxx14&date=2020-08-12).; [See console output](https://lcgapp-services.cern.ch/root-jenkins/job/root-pullrequests-build/92409/console).; ### Failing tests:; - [projectroot.roottest.cling.functionTemplate.roottest_cling_functionTemplate_testcint](https://lcgapp-services.cern.ch/root-jenkins/job/root-pullrequests-build/92409/testReport/projectroot.roottest.cling/functionTemplate/roottest_cling_functionTemplate_testcint/),MatchSource.ISSUE_COMMENT,root-project,root,v6-32-06,https://github.com/root-project/root/pull/6163#issuecomment-672713269:398,test,tests,398,https://root.cern,https://github.com/root-project/root/pull/6163#issuecomment-672713269,2,['test'],"['testReport', 'tests']"
Testability,Build failed on ROOT-fedora30/cxx14.; Running on root-fedora30-1.cern.ch:/build/workspace/root-pullrequests-build; [See cdash](http://cdash.cern.ch/index.php?project=ROOT&filtercount=1&field1=buildname/string&compare1=65&value1=PR-6165-ROOT-fedora30-cxx14&date=2020-08-12).; [See console output](https://lcgapp-services.cern.ch/root-jenkins/job/root-pullrequests-build/92425/console).; ### Failing tests:; - [projectroot.roottest.cling.functionTemplate.roottest_cling_functionTemplate_testcint](https://lcgapp-services.cern.ch/root-jenkins/job/root-pullrequests-build/92425/testReport/projectroot.roottest.cling/functionTemplate/roottest_cling_functionTemplate_testcint/),MatchSource.ISSUE_COMMENT,root-project,root,v6-32-06,https://github.com/root-project/root/pull/6165#issuecomment-672731144:398,test,tests,398,https://root.cern,https://github.com/root-project/root/pull/6165#issuecomment-672731144,2,['test'],"['testReport', 'tests']"
Testability,Build failed on ROOT-fedora30/cxx14.; Running on root-fedora30-1.cern.ch:/build/workspace/root-pullrequests-build; [See cdash](http://cdash.cern.ch/index.php?project=ROOT&filtercount=1&field1=buildname/string&compare1=65&value1=PR-6166-ROOT-fedora30-cxx14&date=2020-08-12).; [See console output](https://lcgapp-services.cern.ch/root-jenkins/job/root-pullrequests-build/92433/console).; ### Failing tests:; - [projectroot.roottest.cling.functionTemplate.roottest_cling_functionTemplate_testcint](https://lcgapp-services.cern.ch/root-jenkins/job/root-pullrequests-build/92433/testReport/projectroot.roottest.cling/functionTemplate/roottest_cling_functionTemplate_testcint/),MatchSource.ISSUE_COMMENT,root-project,root,v6-32-06,https://github.com/root-project/root/pull/6166#issuecomment-672788508:398,test,tests,398,https://root.cern,https://github.com/root-project/root/pull/6166#issuecomment-672788508,2,['test'],"['testReport', 'tests']"
Testability,Build failed on ROOT-fedora30/cxx14.; Running on root-fedora30-1.cern.ch:/build/workspace/root-pullrequests-build; [See cdash](http://cdash.cern.ch/index.php?project=ROOT&filtercount=1&field1=buildname/string&compare1=65&value1=PR-6166-ROOT-fedora30-cxx14&date=2020-08-12).; [See console output](https://lcgapp-services.cern.ch/root-jenkins/job/root-pullrequests-build/92449/console).; ### Failing tests:; - [projectroot.roottest.cling.functionTemplate.roottest_cling_functionTemplate_testcint](https://lcgapp-services.cern.ch/root-jenkins/job/root-pullrequests-build/92449/testReport/projectroot.roottest.cling/functionTemplate/roottest_cling_functionTemplate_testcint/),MatchSource.ISSUE_COMMENT,root-project,root,v6-32-06,https://github.com/root-project/root/pull/6166#issuecomment-672879358:398,test,tests,398,https://root.cern,https://github.com/root-project/root/pull/6166#issuecomment-672879358,2,['test'],"['testReport', 'tests']"
Testability,Build failed on ROOT-fedora30/cxx14.; Running on root-fedora30-1.cern.ch:/build/workspace/root-pullrequests-build; [See cdash](http://cdash.cern.ch/index.php?project=ROOT&filtercount=1&field1=buildname/string&compare1=65&value1=PR-6168-ROOT-fedora30-cxx14&date=2020-08-12).; [See console output](https://lcgapp-services.cern.ch/root-jenkins/job/root-pullrequests-build/92457/console).; ### Failing tests:; - [projectroot.roottest.cling.functionTemplate.roottest_cling_functionTemplate_testcint](https://lcgapp-services.cern.ch/root-jenkins/job/root-pullrequests-build/92457/testReport/projectroot.roottest.cling/functionTemplate/roottest_cling_functionTemplate_testcint/),MatchSource.ISSUE_COMMENT,root-project,root,v6-32-06,https://github.com/root-project/root/pull/6168#issuecomment-672903771:398,test,tests,398,https://root.cern,https://github.com/root-project/root/pull/6168#issuecomment-672903771,2,['test'],"['testReport', 'tests']"
Testability,Build failed on ROOT-fedora30/cxx14.; Running on root-fedora30-1.cern.ch:/build/workspace/root-pullrequests-build; [See cdash](http://cdash.cern.ch/index.php?project=ROOT&filtercount=1&field1=buildname/string&compare1=65&value1=PR-6170-ROOT-fedora30-cxx14&date=2020-08-12).; [See console output](https://lcgapp-services.cern.ch/root-jenkins/job/root-pullrequests-build/92489/console).; ### Failing tests:; - [projectroot.roottest.cling.functionTemplate.roottest_cling_functionTemplate_testcint](https://lcgapp-services.cern.ch/root-jenkins/job/root-pullrequests-build/92489/testReport/projectroot.roottest.cling/functionTemplate/roottest_cling_functionTemplate_testcint/),MatchSource.ISSUE_COMMENT,root-project,root,v6-32-06,https://github.com/root-project/root/pull/6170#issuecomment-672951411:398,test,tests,398,https://root.cern,https://github.com/root-project/root/pull/6170#issuecomment-672951411,2,['test'],"['testReport', 'tests']"
Testability,Build failed on ROOT-fedora30/cxx14.; Running on root-fedora30-1.cern.ch:/build/workspace/root-pullrequests-build; [See cdash](http://cdash.cern.ch/index.php?project=ROOT&filtercount=1&field1=buildname/string&compare1=65&value1=PR-6170-ROOT-fedora30-cxx14&date=2020-08-13).; [See console output](https://lcgapp-services.cern.ch/root-jenkins/job/root-pullrequests-build/92572/console).; ### Failing tests:; - [projectroot.roottest.cling.functionTemplate.roottest_cling_functionTemplate_testcint](https://lcgapp-services.cern.ch/root-jenkins/job/root-pullrequests-build/92572/testReport/projectroot.roottest.cling/functionTemplate/roottest_cling_functionTemplate_testcint/),MatchSource.ISSUE_COMMENT,root-project,root,v6-32-06,https://github.com/root-project/root/pull/6170#issuecomment-673365017:398,test,tests,398,https://root.cern,https://github.com/root-project/root/pull/6170#issuecomment-673365017,2,['test'],"['testReport', 'tests']"
Testability,Build failed on ROOT-fedora30/cxx14.; Running on root-fedora30-1.cern.ch:/build/workspace/root-pullrequests-build; [See cdash](http://cdash.cern.ch/index.php?project=ROOT&filtercount=1&field1=buildname/string&compare1=65&value1=PR-6170-ROOT-fedora30-cxx14&date=2020-08-13).; [See console output](https://lcgapp-services.cern.ch/root-jenkins/job/root-pullrequests-build/92628/console).; ### Failing tests:; - [projectroot.roottest.cling.functionTemplate.roottest_cling_functionTemplate_testcint](https://lcgapp-services.cern.ch/root-jenkins/job/root-pullrequests-build/92628/testReport/projectroot.roottest.cling/functionTemplate/roottest_cling_functionTemplate_testcint/),MatchSource.ISSUE_COMMENT,root-project,root,v6-32-06,https://github.com/root-project/root/pull/6170#issuecomment-673471846:398,test,tests,398,https://root.cern,https://github.com/root-project/root/pull/6170#issuecomment-673471846,2,['test'],"['testReport', 'tests']"
Testability,Build failed on ROOT-fedora30/cxx14.; Running on root-fedora30-1.cern.ch:/build/workspace/root-pullrequests-build; [See cdash](http://cdash.cern.ch/index.php?project=ROOT&filtercount=1&field1=buildname/string&compare1=65&value1=PR-6172-ROOT-fedora30-cxx14&date=2020-08-13).; [See console output](https://lcgapp-services.cern.ch/root-jenkins/job/root-pullrequests-build/92548/console).; ### Warnings:; - [2020-08-13T07:48:28.721Z] /build/workspace/root-pullrequests-build/root/roofit/roofit/src/RooSDSCBShape.cxx:104:50: warning: unused parameter ‘code’ [-Wunused-parameter] . ### Failing tests:; - [projectroot.roottest.cling.functionTemplate.roottest_cling_functionTemplate_testcint](https://lcgapp-services.cern.ch/root-jenkins/job/root-pullrequests-build/92548/testReport/projectroot.roottest.cling/functionTemplate/roottest_cling_functionTemplate_testcint/),MatchSource.ISSUE_COMMENT,root-project,root,v6-32-06,https://github.com/root-project/root/pull/6172#issuecomment-673331944:588,test,tests,588,https://root.cern,https://github.com/root-project/root/pull/6172#issuecomment-673331944,2,['test'],"['testReport', 'tests']"
Testability,Build failed on ROOT-fedora30/cxx14.; Running on root-fedora30-1.cern.ch:/build/workspace/root-pullrequests-build; [See cdash](http://cdash.cern.ch/index.php?project=ROOT&filtercount=1&field1=buildname/string&compare1=65&value1=PR-6172-ROOT-fedora30-cxx14&date=2020-08-18).; [See console output](https://lcgapp-services.cern.ch/root-jenkins/job/root-pullrequests-build/93037/console).; ### Failing tests:; - [projectroot.roottest.cling.functionTemplate.roottest_cling_functionTemplate_testcint](https://lcgapp-services.cern.ch/root-jenkins/job/root-pullrequests-build/93037/testReport/projectroot.roottest.cling/functionTemplate/roottest_cling_functionTemplate_testcint/),MatchSource.ISSUE_COMMENT,root-project,root,v6-32-06,https://github.com/root-project/root/pull/6172#issuecomment-675382683:398,test,tests,398,https://root.cern,https://github.com/root-project/root/pull/6172#issuecomment-675382683,2,['test'],"['testReport', 'tests']"
Testability,Build failed on ROOT-fedora30/cxx14.; Running on root-fedora30-1.cern.ch:/build/workspace/root-pullrequests-build; [See cdash](http://cdash.cern.ch/index.php?project=ROOT&filtercount=1&field1=buildname/string&compare1=65&value1=PR-6172-ROOT-fedora30-cxx14&date=2020-08-18).; [See console output](https://lcgapp-services.cern.ch/root-jenkins/job/root-pullrequests-build/93054/console).; ### Failing tests:; - [projectroot.roottest.cling.functionTemplate.roottest_cling_functionTemplate_testcint](https://lcgapp-services.cern.ch/root-jenkins/job/root-pullrequests-build/93054/testReport/projectroot.roottest.cling/functionTemplate/roottest_cling_functionTemplate_testcint/),MatchSource.ISSUE_COMMENT,root-project,root,v6-32-06,https://github.com/root-project/root/pull/6172#issuecomment-675467034:398,test,tests,398,https://root.cern,https://github.com/root-project/root/pull/6172#issuecomment-675467034,2,['test'],"['testReport', 'tests']"
Testability,Build failed on ROOT-fedora30/cxx14.; Running on root-fedora30-1.cern.ch:/build/workspace/root-pullrequests-build; [See cdash](http://cdash.cern.ch/index.php?project=ROOT&filtercount=1&field1=buildname/string&compare1=65&value1=PR-6180-ROOT-fedora30-cxx14&date=2020-08-13).; [See console output](https://lcgapp-services.cern.ch/root-jenkins/job/root-pullrequests-build/92636/console).; ### Failing tests:; - [projectroot.roottest.cling.functionTemplate.roottest_cling_functionTemplate_testcint](https://lcgapp-services.cern.ch/root-jenkins/job/root-pullrequests-build/92636/testReport/projectroot.roottest.cling/functionTemplate/roottest_cling_functionTemplate_testcint/),MatchSource.ISSUE_COMMENT,root-project,root,v6-32-06,https://github.com/root-project/root/pull/6180#issuecomment-673484780:398,test,tests,398,https://root.cern,https://github.com/root-project/root/pull/6180#issuecomment-673484780,2,['test'],"['testReport', 'tests']"
Testability,Build failed on ROOT-fedora30/cxx14.; Running on root-fedora30-1.cern.ch:/build/workspace/root-pullrequests-build; [See cdash](http://cdash.cern.ch/index.php?project=ROOT&filtercount=1&field1=buildname/string&compare1=65&value1=PR-6180-ROOT-fedora30-cxx14&date=2020-08-14).; [See console output](https://lcgapp-services.cern.ch/root-jenkins/job/root-pullrequests-build/92749/console).; ### Failing tests:; - [projectroot.roottest.cling.functionTemplate.roottest_cling_functionTemplate_testcint](https://lcgapp-services.cern.ch/root-jenkins/job/root-pullrequests-build/92749/testReport/projectroot.roottest.cling/functionTemplate/roottest_cling_functionTemplate_testcint/),MatchSource.ISSUE_COMMENT,root-project,root,v6-32-06,https://github.com/root-project/root/pull/6180#issuecomment-673940657:398,test,tests,398,https://root.cern,https://github.com/root-project/root/pull/6180#issuecomment-673940657,2,['test'],"['testReport', 'tests']"
Testability,Build failed on ROOT-fedora30/cxx14.; Running on root-fedora30-1.cern.ch:/build/workspace/root-pullrequests-build; [See cdash](http://cdash.cern.ch/index.php?project=ROOT&filtercount=1&field1=buildname/string&compare1=65&value1=PR-6181-ROOT-fedora30-cxx14&date=2020-08-13).; [See console output](https://lcgapp-services.cern.ch/root-jenkins/job/root-pullrequests-build/92644/console).; ### Failing tests:; - [projectroot.roottest.cling.functionTemplate.roottest_cling_functionTemplate_testcint](https://lcgapp-services.cern.ch/root-jenkins/job/root-pullrequests-build/92644/testReport/projectroot.roottest.cling/functionTemplate/roottest_cling_functionTemplate_testcint/),MatchSource.ISSUE_COMMENT,root-project,root,v6-32-06,https://github.com/root-project/root/pull/6181#issuecomment-673495824:398,test,tests,398,https://root.cern,https://github.com/root-project/root/pull/6181#issuecomment-673495824,2,['test'],"['testReport', 'tests']"
Testability,Build failed on ROOT-fedora30/cxx14.; Running on root-fedora30-1.cern.ch:/build/workspace/root-pullrequests-build; [See cdash](http://cdash.cern.ch/index.php?project=ROOT&filtercount=1&field1=buildname/string&compare1=65&value1=PR-6183-ROOT-fedora30-cxx14&date=2020-08-13).; [See console output](https://lcgapp-services.cern.ch/root-jenkins/job/root-pullrequests-build/92660/console).; ### Failing tests:; - [projectroot.roottest.cling.functionTemplate.roottest_cling_functionTemplate_testcint](https://lcgapp-services.cern.ch/root-jenkins/job/root-pullrequests-build/92660/testReport/projectroot.roottest.cling/functionTemplate/roottest_cling_functionTemplate_testcint/); - [projectroot.roottest.root.roofitstats.vectorisedPDFs.gtesttest_root_roofitstats_vectorisedPDFs_testNestedPDFs_WILL_FAIL](https://lcgapp-services.cern.ch/root-jenkins/job/root-pullrequests-build/92660/testReport/projectroot.roottest.root.roofitstats/vectorisedPDFs/gtesttest_root_roofitstats_vectorisedPDFs_testNestedPDFs_WILL_FAIL/),MatchSource.ISSUE_COMMENT,root-project,root,v6-32-06,https://github.com/root-project/root/pull/6183#issuecomment-673530451:398,test,tests,398,https://root.cern,https://github.com/root-project/root/pull/6183#issuecomment-673530451,3,['test'],"['testReport', 'tests']"
Testability,Build failed on ROOT-fedora30/cxx14.; Running on root-fedora30-1.cern.ch:/build/workspace/root-pullrequests-build; [See cdash](http://cdash.cern.ch/index.php?project=ROOT&filtercount=1&field1=buildname/string&compare1=65&value1=PR-6185-ROOT-fedora30-cxx14&date=2020-08-13).; [See console output](https://lcgapp-services.cern.ch/root-jenkins/job/root-pullrequests-build/92684/console).; ### Failing tests:; - [projectroot.roottest.cling.functionTemplate.roottest_cling_functionTemplate_testcint](https://lcgapp-services.cern.ch/root-jenkins/job/root-pullrequests-build/92684/testReport/projectroot.roottest.cling/functionTemplate/roottest_cling_functionTemplate_testcint/),MatchSource.ISSUE_COMMENT,root-project,root,v6-32-06,https://github.com/root-project/root/pull/6185#issuecomment-673541712:398,test,tests,398,https://root.cern,https://github.com/root-project/root/pull/6185#issuecomment-673541712,2,['test'],"['testReport', 'tests']"
Testability,Build failed on ROOT-fedora30/cxx14.; Running on root-fedora30-1.cern.ch:/build/workspace/root-pullrequests-build; [See cdash](http://cdash.cern.ch/index.php?project=ROOT&filtercount=1&field1=buildname/string&compare1=65&value1=PR-6187-ROOT-fedora30-cxx14&date=2020-08-13).; [See console output](https://lcgapp-services.cern.ch/root-jenkins/job/root-pullrequests-build/92708/console).; ### Failing tests:; - [projectroot.roottest.cling.functionTemplate.roottest_cling_functionTemplate_testcint](https://lcgapp-services.cern.ch/root-jenkins/job/root-pullrequests-build/92708/testReport/projectroot.roottest.cling/functionTemplate/roottest_cling_functionTemplate_testcint/),MatchSource.ISSUE_COMMENT,root-project,root,v6-32-06,https://github.com/root-project/root/pull/6187#issuecomment-673572804:398,test,tests,398,https://root.cern,https://github.com/root-project/root/pull/6187#issuecomment-673572804,2,['test'],"['testReport', 'tests']"
Testability,Build failed on ROOT-fedora30/cxx14.; Running on root-fedora30-1.cern.ch:/build/workspace/root-pullrequests-build; [See cdash](http://cdash.cern.ch/index.php?project=ROOT&filtercount=1&field1=buildname/string&compare1=65&value1=PR-6188-ROOT-fedora30-cxx14&date=2020-08-13).; [See console output](https://lcgapp-services.cern.ch/root-jenkins/job/root-pullrequests-build/92716/console).; ### Failing tests:; - [projectroot.roottest.cling.functionTemplate.roottest_cling_functionTemplate_testcint](https://lcgapp-services.cern.ch/root-jenkins/job/root-pullrequests-build/92716/testReport/projectroot.roottest.cling/functionTemplate/roottest_cling_functionTemplate_testcint/),MatchSource.ISSUE_COMMENT,root-project,root,v6-32-06,https://github.com/root-project/root/pull/6188#issuecomment-673595095:398,test,tests,398,https://root.cern,https://github.com/root-project/root/pull/6188#issuecomment-673595095,2,['test'],"['testReport', 'tests']"
Testability,Build failed on ROOT-fedora30/cxx14.; Running on root-fedora30-1.cern.ch:/build/workspace/root-pullrequests-build; [See cdash](http://cdash.cern.ch/index.php?project=ROOT&filtercount=1&field1=buildname/string&compare1=65&value1=PR-6189-ROOT-fedora30-cxx14&date=2020-08-13).; [See console output](https://lcgapp-services.cern.ch/root-jenkins/job/root-pullrequests-build/92732/console).; ### Errors:; - [2020-08-13T18:37:04.095Z] FAILED: core/imt/test/CMakeFiles/coreimttestUnit.dir/testRTaskArena.cxx.o ; - [2020-08-13T18:37:04.095Z] /build/workspace/root-pullrequests-build/root/core/imt/test/testRTaskArena.cxx:156:9: error: ‘condition_variable’ is not a member of ‘std’ ; - [2020-08-13T18:37:04.095Z] /build/workspace/root-pullrequests-build/root/core/imt/test/testRTaskArena.cxx:157:9: error: ‘mutex’ is not a member of ‘std’ ; - [2020-08-13T18:37:04.095Z] /build/workspace/root-pullrequests-build/root/core/imt/test/testRTaskArena.cxx:169:21: error: ‘unique_lock’ is not a member of ‘std’ ; - [2020-08-13T18:37:04.095Z] /build/workspace/root-pullrequests-build/root/core/imt/test/testRTaskArena.cxx:169:38: error: ‘mutex’ is not a member of ‘std’ ; - [2020-08-13T18:37:04.095Z] /build/workspace/root-pullrequests-build/root/core/imt/test/testRTaskArena.cxx:169:50: error: ‘m’ was not declared in this scope ; - [2020-08-13T18:37:04.095Z] /build/workspace/root-pullrequests-build/root/core/imt/test/testRTaskArena.cxx:169:45: error: ‘lock’ was not declared in this scope; did you mean ‘clock’? ; - [2020-08-13T18:37:04.095Z] /build/workspace/root-pullrequests-build/root/core/imt/test/testRTaskArena.cxx:170:30: error: ‘cv’ was not declared in this scope ; - [2020-08-13T18:37:04.095Z] /build/workspace/root-pullrequests-build/root/core/imt/test/testRTaskArena.cxx:186:12: error: ‘unique_lock’ is not a member of ‘std’ ; - [2020-08-13T18:37:04.095Z] /build/workspace/root-pullrequests-build/root/core/imt/test/testRTaskArena.cxx:186:29: error: ‘mutex’ is not a member of ‘std’ . And 3 more,MatchSource.ISSUE_COMMENT,root-project,root,v6-32-06,https://github.com/root-project/root/pull/6189#issuecomment-673643596:445,test,test,445,https://root.cern,https://github.com/root-project/root/pull/6189#issuecomment-673643596,20,['test'],"['test', 'testRTaskArena']"
Testability,Build failed on ROOT-fedora30/cxx14.; Running on root-fedora30-1.cern.ch:/build/workspace/root-pullrequests-build; [See cdash](http://cdash.cern.ch/index.php?project=ROOT&filtercount=1&field1=buildname/string&compare1=65&value1=PR-6189-ROOT-fedora30-cxx14&date=2020-08-18).; [See console output](https://lcgapp-services.cern.ch/root-jenkins/job/root-pullrequests-build/92989/console).; ### Failing tests:; - [projectroot.roottest.cling.functionTemplate.roottest_cling_functionTemplate_testcint](https://lcgapp-services.cern.ch/root-jenkins/job/root-pullrequests-build/92989/testReport/projectroot.roottest.cling/functionTemplate/roottest_cling_functionTemplate_testcint/),MatchSource.ISSUE_COMMENT,root-project,root,v6-32-06,https://github.com/root-project/root/pull/6189#issuecomment-675347148:398,test,tests,398,https://root.cern,https://github.com/root-project/root/pull/6189#issuecomment-675347148,2,['test'],"['testReport', 'tests']"
Testability,Build failed on ROOT-fedora30/cxx14.; Running on root-fedora30-1.cern.ch:/build/workspace/root-pullrequests-build; [See cdash](http://cdash.cern.ch/index.php?project=ROOT&filtercount=1&field1=buildname/string&compare1=65&value1=PR-6192-ROOT-fedora30-cxx14&date=2020-08-14).; [See console output](https://lcgapp-services.cern.ch/root-jenkins/job/root-pullrequests-build/92805/console).; ### Failing tests:; - [projectroot.roottest.cling.functionTemplate.roottest_cling_functionTemplate_testcint](https://lcgapp-services.cern.ch/root-jenkins/job/root-pullrequests-build/92805/testReport/projectroot.roottest.cling/functionTemplate/roottest_cling_functionTemplate_testcint/),MatchSource.ISSUE_COMMENT,root-project,root,v6-32-06,https://github.com/root-project/root/pull/6192#issuecomment-674013903:398,test,tests,398,https://root.cern,https://github.com/root-project/root/pull/6192#issuecomment-674013903,2,['test'],"['testReport', 'tests']"
Testability,Build failed on ROOT-fedora30/cxx14.; Running on root-fedora30-1.cern.ch:/build/workspace/root-pullrequests-build; [See cdash](http://cdash.cern.ch/index.php?project=ROOT&filtercount=1&field1=buildname/string&compare1=65&value1=PR-6193-ROOT-fedora30-cxx14&date=2020-08-14).; [See console output](https://lcgapp-services.cern.ch/root-jenkins/job/root-pullrequests-build/92813/console).; ### Failing tests:; - [projectroot.roottest.cling.functionTemplate.roottest_cling_functionTemplate_testcint](https://lcgapp-services.cern.ch/root-jenkins/job/root-pullrequests-build/92813/testReport/projectroot.roottest.cling/functionTemplate/roottest_cling_functionTemplate_testcint/),MatchSource.ISSUE_COMMENT,root-project,root,v6-32-06,https://github.com/root-project/root/pull/6193#issuecomment-674035260:398,test,tests,398,https://root.cern,https://github.com/root-project/root/pull/6193#issuecomment-674035260,2,['test'],"['testReport', 'tests']"
Testability,Build failed on ROOT-fedora30/cxx14.; Running on root-fedora30-1.cern.ch:/build/workspace/root-pullrequests-build; [See cdash](http://cdash.cern.ch/index.php?project=ROOT&filtercount=1&field1=buildname/string&compare1=65&value1=PR-6195-ROOT-fedora30-cxx14&date=2020-08-14).; [See console output](https://lcgapp-services.cern.ch/root-jenkins/job/root-pullrequests-build/92829/console).; ### Failing tests:; - [projectroot.roottest.cling.functionTemplate.roottest_cling_functionTemplate_testcint](https://lcgapp-services.cern.ch/root-jenkins/job/root-pullrequests-build/92829/testReport/projectroot.roottest.cling/functionTemplate/roottest_cling_functionTemplate_testcint/),MatchSource.ISSUE_COMMENT,root-project,root,v6-32-06,https://github.com/root-project/root/pull/6195#issuecomment-674129410:398,test,tests,398,https://root.cern,https://github.com/root-project/root/pull/6195#issuecomment-674129410,2,['test'],"['testReport', 'tests']"
Testability,Build failed on ROOT-fedora30/cxx14.; Running on root-fedora30-1.cern.ch:/build/workspace/root-pullrequests-build; [See cdash](http://cdash.cern.ch/index.php?project=ROOT&filtercount=1&field1=buildname/string&compare1=65&value1=PR-6195-ROOT-fedora30-cxx14&date=2020-08-17).; [See console output](https://lcgapp-services.cern.ch/root-jenkins/job/root-pullrequests-build/92933/console).; ### Failing tests:; - [projectroot.roottest.cling.functionTemplate.roottest_cling_functionTemplate_testcint](https://lcgapp-services.cern.ch/root-jenkins/job/root-pullrequests-build/92933/testReport/projectroot.roottest.cling/functionTemplate/roottest_cling_functionTemplate_testcint/),MatchSource.ISSUE_COMMENT,root-project,root,v6-32-06,https://github.com/root-project/root/pull/6195#issuecomment-674732575:398,test,tests,398,https://root.cern,https://github.com/root-project/root/pull/6195#issuecomment-674732575,2,['test'],"['testReport', 'tests']"
Testability,Build failed on ROOT-fedora30/cxx14.; Running on root-fedora30-1.cern.ch:/build/workspace/root-pullrequests-build; [See cdash](http://cdash.cern.ch/index.php?project=ROOT&filtercount=1&field1=buildname/string&compare1=65&value1=PR-6196-ROOT-fedora30-cxx14&date=2020-08-14).; [See console output](https://lcgapp-services.cern.ch/root-jenkins/job/root-pullrequests-build/92837/console).; ### Failing tests:; - [projectroot.roottest.cling.functionTemplate.roottest_cling_functionTemplate_testcint](https://lcgapp-services.cern.ch/root-jenkins/job/root-pullrequests-build/92837/testReport/projectroot.roottest.cling/functionTemplate/roottest_cling_functionTemplate_testcint/),MatchSource.ISSUE_COMMENT,root-project,root,v6-32-06,https://github.com/root-project/root/pull/6196#issuecomment-674156581:398,test,tests,398,https://root.cern,https://github.com/root-project/root/pull/6196#issuecomment-674156581,2,['test'],"['testReport', 'tests']"
Testability,Build failed on ROOT-fedora30/cxx14.; Running on root-fedora30-1.cern.ch:/build/workspace/root-pullrequests-build; [See cdash](http://cdash.cern.ch/index.php?project=ROOT&filtercount=1&field1=buildname/string&compare1=65&value1=PR-6196-ROOT-fedora30-cxx14&date=2020-08-14).; [See console output](https://lcgapp-services.cern.ch/root-jenkins/job/root-pullrequests-build/92845/console).; ### Failing tests:; - [projectroot.roottest.cling.functionTemplate.roottest_cling_functionTemplate_testcint](https://lcgapp-services.cern.ch/root-jenkins/job/root-pullrequests-build/92845/testReport/projectroot.roottest.cling/functionTemplate/roottest_cling_functionTemplate_testcint/),MatchSource.ISSUE_COMMENT,root-project,root,v6-32-06,https://github.com/root-project/root/pull/6196#issuecomment-674165897:398,test,tests,398,https://root.cern,https://github.com/root-project/root/pull/6196#issuecomment-674165897,2,['test'],"['testReport', 'tests']"
Testability,Build failed on ROOT-fedora30/cxx14.; Running on root-fedora30-1.cern.ch:/build/workspace/root-pullrequests-build; [See cdash](http://cdash.cern.ch/index.php?project=ROOT&filtercount=1&field1=buildname/string&compare1=65&value1=PR-6196-ROOT-fedora30-cxx14&date=2020-08-14).; [See console output](https://lcgapp-services.cern.ch/root-jenkins/job/root-pullrequests-build/92869/console).; ### Failing tests:; - [projectroot.roottest.cling.functionTemplate.roottest_cling_functionTemplate_testcint](https://lcgapp-services.cern.ch/root-jenkins/job/root-pullrequests-build/92869/testReport/projectroot.roottest.cling/functionTemplate/roottest_cling_functionTemplate_testcint/),MatchSource.ISSUE_COMMENT,root-project,root,v6-32-06,https://github.com/root-project/root/pull/6196#issuecomment-674243322:398,test,tests,398,https://root.cern,https://github.com/root-project/root/pull/6196#issuecomment-674243322,2,['test'],"['testReport', 'tests']"
Testability,Build failed on ROOT-fedora30/cxx14.; Running on root-fedora30-1.cern.ch:/build/workspace/root-pullrequests-build; [See cdash](http://cdash.cern.ch/index.php?project=ROOT&filtercount=1&field1=buildname/string&compare1=65&value1=PR-6197-ROOT-fedora30-cxx14&date=2020-08-14).; [See console output](https://lcgapp-services.cern.ch/root-jenkins/job/root-pullrequests-build/92861/console).; ### Failing tests:; - [projectroot.roottest.cling.functionTemplate.roottest_cling_functionTemplate_testcint](https://lcgapp-services.cern.ch/root-jenkins/job/root-pullrequests-build/92861/testReport/projectroot.roottest.cling/functionTemplate/roottest_cling_functionTemplate_testcint/),MatchSource.ISSUE_COMMENT,root-project,root,v6-32-06,https://github.com/root-project/root/pull/6197#issuecomment-674187472:398,test,tests,398,https://root.cern,https://github.com/root-project/root/pull/6197#issuecomment-674187472,2,['test'],"['testReport', 'tests']"
Testability,Build failed on ROOT-fedora30/cxx14.; Running on root-fedora30-1.cern.ch:/build/workspace/root-pullrequests-build; [See cdash](http://cdash.cern.ch/index.php?project=ROOT&filtercount=1&field1=buildname/string&compare1=65&value1=PR-6199-ROOT-fedora30-cxx14&date=2020-08-15).; [See console output](https://lcgapp-services.cern.ch/root-jenkins/job/root-pullrequests-build/92901/console).; ### Failing tests:; - [projectroot.roottest.cling.functionTemplate.roottest_cling_functionTemplate_testcint](https://lcgapp-services.cern.ch/root-jenkins/job/root-pullrequests-build/92901/testReport/projectroot.roottest.cling/functionTemplate/roottest_cling_functionTemplate_testcint/),MatchSource.ISSUE_COMMENT,root-project,root,v6-32-06,https://github.com/root-project/root/pull/6199#issuecomment-674360070:398,test,tests,398,https://root.cern,https://github.com/root-project/root/pull/6199#issuecomment-674360070,2,['test'],"['testReport', 'tests']"
Testability,Build failed on ROOT-fedora30/cxx14.; Running on root-fedora30-1.cern.ch:/build/workspace/root-pullrequests-build; [See cdash](http://cdash.cern.ch/index.php?project=ROOT&filtercount=1&field1=buildname/string&compare1=65&value1=PR-6199-ROOT-fedora30-cxx14&date=2020-08-16).; [See console output](https://lcgapp-services.cern.ch/root-jenkins/job/root-pullrequests-build/92909/console).; ### Failing tests:; - [projectroot.roottest.cling.functionTemplate.roottest_cling_functionTemplate_testcint](https://lcgapp-services.cern.ch/root-jenkins/job/root-pullrequests-build/92909/testReport/projectroot.roottest.cling/functionTemplate/roottest_cling_functionTemplate_testcint/),MatchSource.ISSUE_COMMENT,root-project,root,v6-32-06,https://github.com/root-project/root/pull/6199#issuecomment-674536687:398,test,tests,398,https://root.cern,https://github.com/root-project/root/pull/6199#issuecomment-674536687,2,['test'],"['testReport', 'tests']"
Testability,Build failed on ROOT-fedora30/cxx14.; Running on root-fedora30-1.cern.ch:/build/workspace/root-pullrequests-build; [See cdash](http://cdash.cern.ch/index.php?project=ROOT&filtercount=1&field1=buildname/string&compare1=65&value1=PR-6199-ROOT-fedora30-cxx14&date=2020-08-16).; [See console output](https://lcgapp-services.cern.ch/root-jenkins/job/root-pullrequests-build/92917/console).; ### Failing tests:; - [projectroot.roottest.cling.functionTemplate.roottest_cling_functionTemplate_testcint](https://lcgapp-services.cern.ch/root-jenkins/job/root-pullrequests-build/92917/testReport/projectroot.roottest.cling/functionTemplate/roottest_cling_functionTemplate_testcint/),MatchSource.ISSUE_COMMENT,root-project,root,v6-32-06,https://github.com/root-project/root/pull/6199#issuecomment-674557712:398,test,tests,398,https://root.cern,https://github.com/root-project/root/pull/6199#issuecomment-674557712,2,['test'],"['testReport', 'tests']"
Testability,Build failed on ROOT-fedora30/cxx14.; Running on root-fedora30-1.cern.ch:/build/workspace/root-pullrequests-build; [See cdash](http://cdash.cern.ch/index.php?project=ROOT&filtercount=1&field1=buildname/string&compare1=65&value1=PR-6200-ROOT-fedora30-cxx14&date=2020-08-17).; [See console output](https://lcgapp-services.cern.ch/root-jenkins/job/root-pullrequests-build/92925/console).; ### Failing tests:; - [projectroot.roottest.cling.functionTemplate.roottest_cling_functionTemplate_testcint](https://lcgapp-services.cern.ch/root-jenkins/job/root-pullrequests-build/92925/testReport/projectroot.roottest.cling/functionTemplate/roottest_cling_functionTemplate_testcint/),MatchSource.ISSUE_COMMENT,root-project,root,v6-32-06,https://github.com/root-project/root/pull/6200#issuecomment-674721049:398,test,tests,398,https://root.cern,https://github.com/root-project/root/pull/6200#issuecomment-674721049,2,['test'],"['testReport', 'tests']"
Testability,Build failed on ROOT-fedora30/cxx14.; Running on root-fedora30-1.cern.ch:/build/workspace/root-pullrequests-build; [See cdash](http://cdash.cern.ch/index.php?project=ROOT&filtercount=1&field1=buildname/string&compare1=65&value1=PR-6203-ROOT-fedora30-cxx14&date=2020-08-18).; [See console output](https://lcgapp-services.cern.ch/root-jenkins/job/root-pullrequests-build/93005/console).; ### Failing tests:; - [projectroot.roottest.cling.functionTemplate.roottest_cling_functionTemplate_testcint](https://lcgapp-services.cern.ch/root-jenkins/job/root-pullrequests-build/93005/testReport/projectroot.roottest.cling/functionTemplate/roottest_cling_functionTemplate_testcint/),MatchSource.ISSUE_COMMENT,root-project,root,v6-32-06,https://github.com/root-project/root/pull/6203#issuecomment-675362007:398,test,tests,398,https://root.cern,https://github.com/root-project/root/pull/6203#issuecomment-675362007,2,['test'],"['testReport', 'tests']"
Testability,Build failed on ROOT-fedora30/cxx14.; Running on root-fedora30-1.cern.ch:/build/workspace/root-pullrequests-build; [See cdash](http://cdash.cern.ch/index.php?project=ROOT&filtercount=1&field1=buildname/string&compare1=65&value1=PR-6203-ROOT-fedora30-cxx14&date=2020-08-19).; [See console output](https://lcgapp-services.cern.ch/root-jenkins/job/root-pullrequests-build/93216/console).; ### Failing tests:; - [projectroot.roottest.cling.functionTemplate.roottest_cling_functionTemplate_testcint](https://lcgapp-services.cern.ch/root-jenkins/job/root-pullrequests-build/93216/testReport/projectroot.roottest.cling/functionTemplate/roottest_cling_functionTemplate_testcint/),MatchSource.ISSUE_COMMENT,root-project,root,v6-32-06,https://github.com/root-project/root/pull/6203#issuecomment-676094010:398,test,tests,398,https://root.cern,https://github.com/root-project/root/pull/6203#issuecomment-676094010,2,['test'],"['testReport', 'tests']"
Testability,Build failed on ROOT-fedora30/cxx14.; Running on root-fedora30-1.cern.ch:/build/workspace/root-pullrequests-build; [See cdash](http://cdash.cern.ch/index.php?project=ROOT&filtercount=1&field1=buildname/string&compare1=65&value1=PR-6205-ROOT-fedora30-cxx14&date=2020-08-18).; [See console output](https://lcgapp-services.cern.ch/root-jenkins/job/root-pullrequests-build/93021/console).; ### Failing tests:; - [projectroot.roottest.cling.functionTemplate.roottest_cling_functionTemplate_testcint](https://lcgapp-services.cern.ch/root-jenkins/job/root-pullrequests-build/93021/testReport/projectroot.roottest.cling/functionTemplate/roottest_cling_functionTemplate_testcint/),MatchSource.ISSUE_COMMENT,root-project,root,v6-32-06,https://github.com/root-project/root/pull/6205#issuecomment-675372513:398,test,tests,398,https://root.cern,https://github.com/root-project/root/pull/6205#issuecomment-675372513,2,['test'],"['testReport', 'tests']"
Testability,Build failed on ROOT-fedora30/cxx14.; Running on root-fedora30-1.cern.ch:/build/workspace/root-pullrequests-build; [See cdash](http://cdash.cern.ch/index.php?project=ROOT&filtercount=1&field1=buildname/string&compare1=65&value1=PR-6208-ROOT-fedora30-cxx14&date=2020-08-18).; [See console output](https://lcgapp-services.cern.ch/root-jenkins/job/root-pullrequests-build/93062/console).; ### Failing tests:; - [projectroot.roottest.cling.functionTemplate.roottest_cling_functionTemplate_testcint](https://lcgapp-services.cern.ch/root-jenkins/job/root-pullrequests-build/93062/testReport/projectroot.roottest.cling/functionTemplate/roottest_cling_functionTemplate_testcint/),MatchSource.ISSUE_COMMENT,root-project,root,v6-32-06,https://github.com/root-project/root/pull/6208#issuecomment-675495588:398,test,tests,398,https://root.cern,https://github.com/root-project/root/pull/6208#issuecomment-675495588,2,['test'],"['testReport', 'tests']"
Testability,Build failed on ROOT-fedora30/cxx14.; Running on root-fedora30-1.cern.ch:/build/workspace/root-pullrequests-build; [See cdash](http://cdash.cern.ch/index.php?project=ROOT&filtercount=1&field1=buildname/string&compare1=65&value1=PR-6209-ROOT-fedora30-cxx14&date=2020-08-18).; [See console output](https://lcgapp-services.cern.ch/root-jenkins/job/root-pullrequests-build/93070/console).; ### Failing tests:; - [projectroot.roottest.cling.functionTemplate.roottest_cling_functionTemplate_testcint](https://lcgapp-services.cern.ch/root-jenkins/job/root-pullrequests-build/93070/testReport/projectroot.roottest.cling/functionTemplate/roottest_cling_functionTemplate_testcint/),MatchSource.ISSUE_COMMENT,root-project,root,v6-32-06,https://github.com/root-project/root/pull/6209#issuecomment-675507519:398,test,tests,398,https://root.cern,https://github.com/root-project/root/pull/6209#issuecomment-675507519,2,['test'],"['testReport', 'tests']"
Testability,Build failed on ROOT-fedora30/cxx14.; Running on root-fedora30-1.cern.ch:/build/workspace/root-pullrequests-build; [See cdash](http://cdash.cern.ch/index.php?project=ROOT&filtercount=1&field1=buildname/string&compare1=65&value1=PR-6210-ROOT-fedora30-cxx14&date=2020-08-18).; [See console output](https://lcgapp-services.cern.ch/root-jenkins/job/root-pullrequests-build/93086/console).; ### Failing tests:; - [projectroot.roottest.cling.functionTemplate.roottest_cling_functionTemplate_testcint](https://lcgapp-services.cern.ch/root-jenkins/job/root-pullrequests-build/93086/testReport/projectroot.roottest.cling/functionTemplate/roottest_cling_functionTemplate_testcint/),MatchSource.ISSUE_COMMENT,root-project,root,v6-32-06,https://github.com/root-project/root/pull/6210#issuecomment-675532334:398,test,tests,398,https://root.cern,https://github.com/root-project/root/pull/6210#issuecomment-675532334,2,['test'],"['testReport', 'tests']"
Testability,Build failed on ROOT-fedora30/cxx14.; Running on root-fedora30-1.cern.ch:/build/workspace/root-pullrequests-build; [See cdash](http://cdash.cern.ch/index.php?project=ROOT&filtercount=1&field1=buildname/string&compare1=65&value1=PR-6211-ROOT-fedora30-cxx14&date=2020-08-19).; [See console output](https://lcgapp-services.cern.ch/root-jenkins/job/root-pullrequests-build/93256/console).; ### Failing tests:; - [projectroot.roottest.cling.functionTemplate.roottest_cling_functionTemplate_testcint](https://lcgapp-services.cern.ch/root-jenkins/job/root-pullrequests-build/93256/testReport/projectroot.roottest.cling/functionTemplate/roottest_cling_functionTemplate_testcint/),MatchSource.ISSUE_COMMENT,root-project,root,v6-32-06,https://github.com/root-project/root/pull/6211#issuecomment-676381377:398,test,tests,398,https://root.cern,https://github.com/root-project/root/pull/6211#issuecomment-676381377,2,['test'],"['testReport', 'tests']"
Testability,Build failed on ROOT-fedora30/cxx14.; Running on root-fedora30-1.cern.ch:/build/workspace/root-pullrequests-build; [See cdash](http://cdash.cern.ch/index.php?project=ROOT&filtercount=1&field1=buildname/string&compare1=65&value1=PR-6212-ROOT-fedora30-cxx14&date=2020-08-18).; [See console output](https://lcgapp-services.cern.ch/root-jenkins/job/root-pullrequests-build/93103/console).; ### Failing tests:; - [projectroot.roottest.cling.functionTemplate.roottest_cling_functionTemplate_testcint](https://lcgapp-services.cern.ch/root-jenkins/job/root-pullrequests-build/93103/testReport/projectroot.roottest.cling/functionTemplate/roottest_cling_functionTemplate_testcint/),MatchSource.ISSUE_COMMENT,root-project,root,v6-32-06,https://github.com/root-project/root/pull/6212#issuecomment-675683363:398,test,tests,398,https://root.cern,https://github.com/root-project/root/pull/6212#issuecomment-675683363,2,['test'],"['testReport', 'tests']"
Testability,Build failed on ROOT-fedora30/cxx14.; Running on root-fedora30-1.cern.ch:/build/workspace/root-pullrequests-build; [See cdash](http://cdash.cern.ch/index.php?project=ROOT&filtercount=1&field1=buildname/string&compare1=65&value1=PR-6212-ROOT-fedora30-cxx14&date=2020-08-19).; [See console output](https://lcgapp-services.cern.ch/root-jenkins/job/root-pullrequests-build/93127/console).; ### Failing tests:; - [projectroot.roottest.cling.functionTemplate.roottest_cling_functionTemplate_testcint](https://lcgapp-services.cern.ch/root-jenkins/job/root-pullrequests-build/93127/testReport/projectroot.roottest.cling/functionTemplate/roottest_cling_functionTemplate_testcint/),MatchSource.ISSUE_COMMENT,root-project,root,v6-32-06,https://github.com/root-project/root/pull/6212#issuecomment-675875966:398,test,tests,398,https://root.cern,https://github.com/root-project/root/pull/6212#issuecomment-675875966,2,['test'],"['testReport', 'tests']"
Testability,Build failed on ROOT-fedora30/cxx14.; Running on root-fedora30-1.cern.ch:/build/workspace/root-pullrequests-build; [See cdash](http://cdash.cern.ch/index.php?project=ROOT&filtercount=1&field1=buildname/string&compare1=65&value1=PR-6217-ROOT-fedora30-cxx14&date=2020-08-19).; [See console output](https://lcgapp-services.cern.ch/root-jenkins/job/root-pullrequests-build/93167/console).; ### Errors:; - [2020-08-19T08:49:10.389Z] FAILED: test/CMakeFiles/stressHistogram.dir/stressHistogram.cxx.o ; - [2020-08-19T08:49:10.389Z] /build/workspace/root-pullrequests-build/root/test/stressHistogram.cxx:151:49: error: array bound is not an integer constant before ‘]’ token ; - [2020-08-19T08:49:10.389Z] /build/workspace/root-pullrequests-build/root/test/stressHistogram.cxx:4912:50: error: invalid use of incomplete type ‘class THashList’ ; - [2020-08-19T08:49:10.389Z] /build/workspace/root-pullrequests-build/root/test/stressHistogram.cxx:4919:50: error: invalid use of incomplete type ‘class THashList’ ; - [2020-08-19T08:49:10.389Z] /build/workspace/root-pullrequests-build/root/test/stressHistogram.cxx:4927:50: error: invalid use of incomplete type ‘class THashList’ ; - [2020-08-19T08:49:10.389Z] /build/workspace/root-pullrequests-build/root/test/stressHistogram.cxx:10375:49: error: array bound is not an integer constant before ‘]’ token ; - [2020-08-19T08:49:10.389Z] /build/workspace/root-pullrequests-build/root/test/stressHistogram.cxx:10380:4: error: ‘v’ was not declared in this scope . ### Warnings:; - [2020-08-19T08:49:10.389Z] /build/workspace/root-pullrequests-build/root/test/stressHistogram.cxx:4925:12: warning: unused variable ‘ax3’ [-Wunused-variable],MatchSource.ISSUE_COMMENT,root-project,root,v6-32-06,https://github.com/root-project/root/pull/6217#issuecomment-675968747:436,test,test,436,https://root.cern,https://github.com/root-project/root/pull/6217#issuecomment-675968747,8,['test'],['test']
Testability,Build failed on ROOT-fedora30/cxx14.; Running on root-fedora30-1.cern.ch:/build/workspace/root-pullrequests-build; [See cdash](http://cdash.cern.ch/index.php?project=ROOT&filtercount=1&field1=buildname/string&compare1=65&value1=PR-6217-ROOT-fedora30-cxx14&date=2020-08-21).; [See console output](https://lcgapp-services.cern.ch/root-jenkins/job/root-pullrequests-build/93476/console).; ### Failing tests:; - [projectroot.test.test_stresshistogram_interpreted](https://lcgapp-services.cern.ch/root-jenkins/job/root-pullrequests-build/93476/testReport/projectroot/test/test_stresshistogram_interpreted/),MatchSource.ISSUE_COMMENT,root-project,root,v6-32-06,https://github.com/root-project/root/pull/6217#issuecomment-678142571:398,test,tests,398,https://root.cern,https://github.com/root-project/root/pull/6217#issuecomment-678142571,4,['test'],"['test', 'testReport', 'tests']"
Testability,Build failed on ROOT-fedora30/cxx14.; Running on root-fedora30-1.cern.ch:/build/workspace/root-pullrequests-build; [See cdash](http://cdash.cern.ch/index.php?project=ROOT&filtercount=1&field1=buildname/string&compare1=65&value1=PR-6218-ROOT-fedora30-cxx14&date=2020-08-19).; [See console output](https://lcgapp-services.cern.ch/root-jenkins/job/root-pullrequests-build/93175/console).; ### Failing tests:; - [projectroot.roottest.cling.functionTemplate.roottest_cling_functionTemplate_testcint](https://lcgapp-services.cern.ch/root-jenkins/job/root-pullrequests-build/93175/testReport/projectroot.roottest.cling/functionTemplate/roottest_cling_functionTemplate_testcint/),MatchSource.ISSUE_COMMENT,root-project,root,v6-32-06,https://github.com/root-project/root/pull/6218#issuecomment-675999423:398,test,tests,398,https://root.cern,https://github.com/root-project/root/pull/6218#issuecomment-675999423,2,['test'],"['testReport', 'tests']"
Testability,Build failed on ROOT-fedora30/cxx14.; Running on root-fedora30-1.cern.ch:/build/workspace/root-pullrequests-build; [See cdash](http://cdash.cern.ch/index.php?project=ROOT&filtercount=1&field1=buildname/string&compare1=65&value1=PR-6220-ROOT-fedora30-cxx14&date=2020-08-19).; [See console output](https://lcgapp-services.cern.ch/root-jenkins/job/root-pullrequests-build/93224/console).; ### Failing tests:; - [projectroot.roottest.cling.functionTemplate.roottest_cling_functionTemplate_testcint](https://lcgapp-services.cern.ch/root-jenkins/job/root-pullrequests-build/93224/testReport/projectroot.roottest.cling/functionTemplate/roottest_cling_functionTemplate_testcint/),MatchSource.ISSUE_COMMENT,root-project,root,v6-32-06,https://github.com/root-project/root/pull/6220#issuecomment-676277615:398,test,tests,398,https://root.cern,https://github.com/root-project/root/pull/6220#issuecomment-676277615,2,['test'],"['testReport', 'tests']"
Testability,Build failed on ROOT-fedora30/cxx14.; Running on root-fedora30-1.cern.ch:/build/workspace/root-pullrequests-build; [See cdash](http://cdash.cern.ch/index.php?project=ROOT&filtercount=1&field1=buildname/string&compare1=65&value1=PR-6221-ROOT-fedora30-cxx14&date=2020-08-19).; [See console output](https://lcgapp-services.cern.ch/root-jenkins/job/root-pullrequests-build/93240/console).; ### Warnings:; - [2020-08-19T12:35:25.734Z] /build/workspace/root-pullrequests-build/root/core/zip/src/Bitshuffle.c:56:5: warning: ‘LZ4_compress’ is deprecated: use LZ4_compress_default() instead [-Wdeprecated-declarations] ; - [2020-08-19T12:35:25.734Z] /build/workspace/root-pullrequests-build/root/core/zip/src/Bitshuffle_iochain.c:24:29: warning: unused parameter ‘C’ [-Wunused-parameter] ; - [2020-08-19T12:38:22.101Z] /build/workspace/root-pullrequests-build/root/tree/tree/src/TBranch.cxx:2639:15: warning: unused variable ‘leaves’ [-Wunused-variable] . ### Failing tests:; - [projectroot.tree.tree.test.gtest_tree_tree_test_testTBasket](https://lcgapp-services.cern.ch/root-jenkins/job/root-pullrequests-build/93240/testReport/projectroot.tree.tree/test/gtest_tree_tree_test_testTBasket/); - [projectroot.tree.tree.test.gtest_tree_tree_test_testTIOFeatures](https://lcgapp-services.cern.ch/root-jenkins/job/root-pullrequests-build/93240/testReport/projectroot.tree.tree/test/gtest_tree_tree_test_testTIOFeatures/); - [projectroot.roottest.cling.functionTemplate.roottest_cling_functionTemplate_testcint](https://lcgapp-services.cern.ch/root-jenkins/job/root-pullrequests-build/93240/testReport/projectroot.roottest.cling/functionTemplate/roottest_cling_functionTemplate_testcint/),MatchSource.ISSUE_COMMENT,root-project,root,v6-32-06,https://github.com/root-project/root/pull/6221#issuecomment-676322685:959,test,tests,959,https://root.cern,https://github.com/root-project/root/pull/6221#issuecomment-676322685,8,['test'],"['test', 'testReport', 'tests']"
Testability,Build failed on ROOT-fedora30/cxx14.; Running on root-fedora30-1.cern.ch:/build/workspace/root-pullrequests-build; [See cdash](http://cdash.cern.ch/index.php?project=ROOT&filtercount=1&field1=buildname/string&compare1=65&value1=PR-6221-ROOT-fedora30-cxx14&date=2020-08-22).; [See console output](https://lcgapp-services.cern.ch/root-jenkins/job/root-pullrequests-build/93607/console).; ### Warnings:; - [2020-08-22T07:58:49.756Z] /build/workspace/root-pullrequests-build/root/core/zip/src/Bitshuffle.c:56:5: warning: ‘LZ4_compress’ is deprecated: use LZ4_compress_default() instead [-Wdeprecated-declarations] ; - [2020-08-22T07:58:49.756Z] /build/workspace/root-pullrequests-build/root/core/zip/src/Bitshuffle_iochain.c:24:29: warning: unused parameter ‘C’ [-Wunused-parameter] ; - [2020-08-22T08:02:08.962Z] /build/workspace/root-pullrequests-build/root/tree/tree/src/TBranch.cxx:2639:15: warning: unused variable ‘leaves’ [-Wunused-variable] . ### Failing tests:; - [projectroot.tree.tree.test.gtest_tree_tree_test_testTIOFeatures](https://lcgapp-services.cern.ch/root-jenkins/job/root-pullrequests-build/93607/testReport/projectroot.tree.tree/test/gtest_tree_tree_test_testTIOFeatures/); - [projectroot.roottest.root.io.filemerger.roottest_root_io_filemerger_execFileMerger](https://lcgapp-services.cern.ch/root-jenkins/job/root-pullrequests-build/93607/testReport/projectroot.roottest.root.io/filemerger/roottest_root_io_filemerger_execFileMerger/); - [projectroot.roottest.root.dataframe.roottest_root_dataframe_test_snapshot](https://lcgapp-services.cern.ch/root-jenkins/job/root-pullrequests-build/93607/testReport/projectroot.roottest.root/dataframe/roottest_root_dataframe_test_snapshot/); - [projectroot.roottest.root.io.stdarray.roottest_root_io_stdarray_aclic01](https://lcgapp-services.cern.ch/root-jenkins/job/root-pullrequests-build/93607/testReport/projectroot.roottest.root.io/stdarray/roottest_root_io_stdarray_aclic01/); - [projectroot.roottest.root.tree.cache.roottest_root_tree_c,MatchSource.ISSUE_COMMENT,root-project,root,v6-32-06,https://github.com/root-project/root/pull/6221#issuecomment-678613357:959,test,tests,959,https://root.cern,https://github.com/root-project/root/pull/6221#issuecomment-678613357,2,['test'],"['test', 'tests']"
Testability,Build failed on ROOT-fedora30/cxx14.; Running on root-fedora30-1.cern.ch:/build/workspace/root-pullrequests-build; [See cdash](http://cdash.cern.ch/index.php?project=ROOT&filtercount=1&field1=buildname/string&compare1=65&value1=PR-6221-ROOT-fedora30-cxx14&date=2020-08-24).; [See console output](https://lcgapp-services.cern.ch/root-jenkins/job/root-pullrequests-build/93664/console).; ### Warnings:; - [2020-08-24T09:15:22.677Z] /build/workspace/root-pullrequests-build/root/tree/tree/src/TBranch.cxx:2639:15: warning: unused variable ‘leaves’ [-Wunused-variable] . ### Failing tests:; - [projectroot.tree.tree.test.gtest_tree_tree_test_testTIOFeatures](https://lcgapp-services.cern.ch/root-jenkins/job/root-pullrequests-build/93664/testReport/projectroot.tree.tree/test/gtest_tree_tree_test_testTIOFeatures/); - [projectroot.roottest.root.io.filemerger.roottest_root_io_filemerger_execFileMerger](https://lcgapp-services.cern.ch/root-jenkins/job/root-pullrequests-build/93664/testReport/projectroot.roottest.root.io/filemerger/roottest_root_io_filemerger_execFileMerger/); - [projectroot.roottest.root.dataframe.roottest_root_dataframe_test_snapshot](https://lcgapp-services.cern.ch/root-jenkins/job/root-pullrequests-build/93664/testReport/projectroot.roottest.root/dataframe/roottest_root_dataframe_test_snapshot/); - [projectroot.roottest.root.tree.cache.roottest_root_tree_cache_TestCache](https://lcgapp-services.cern.ch/root-jenkins/job/root-pullrequests-build/93664/testReport/projectroot.roottest.root.tree/cache/roottest_root_tree_cache_TestCache/); - [projectroot.roottest.root.tree.cloning.roottest_root_tree_cloning_runtreeCloneTest2](https://lcgapp-services.cern.ch/root-jenkins/job/root-pullrequests-build/93664/testReport/projectroot.roottest.root.tree/cloning/roottest_root_tree_cloning_runtreeCloneTest2/); - [projectroot.roottest.root.tree.cloning.roottest_root_tree_cloning_exectrim](https://lcgapp-services.cern.ch/root-jenkins/job/root-pullrequests-build/93664/testReport/projec,MatchSource.ISSUE_COMMENT,root-project,root,v6-32-06,https://github.com/root-project/root/pull/6221#issuecomment-679019236:579,test,tests,579,https://root.cern,https://github.com/root-project/root/pull/6221#issuecomment-679019236,5,['test'],"['test', 'testReport', 'tests']"
Testability,Build failed on ROOT-fedora30/cxx14.; Running on root-fedora30-1.cern.ch:/build/workspace/root-pullrequests-build; [See cdash](http://cdash.cern.ch/index.php?project=ROOT&filtercount=1&field1=buildname/string&compare1=65&value1=PR-6222-ROOT-fedora30-cxx14&date=2020-08-19).; [See console output](https://lcgapp-services.cern.ch/root-jenkins/job/root-pullrequests-build/93272/console).; ### Failing tests:; - [projectroot.roottest.cling.functionTemplate.roottest_cling_functionTemplate_testcint](https://lcgapp-services.cern.ch/root-jenkins/job/root-pullrequests-build/93272/testReport/projectroot.roottest.cling/functionTemplate/roottest_cling_functionTemplate_testcint/),MatchSource.ISSUE_COMMENT,root-project,root,v6-32-06,https://github.com/root-project/root/pull/6222#issuecomment-676411161:398,test,tests,398,https://root.cern,https://github.com/root-project/root/pull/6222#issuecomment-676411161,2,['test'],"['testReport', 'tests']"
Testability,Build failed on ROOT-fedora30/cxx14.; Running on root-fedora30-1.cern.ch:/build/workspace/root-pullrequests-build; [See cdash](http://cdash.cern.ch/index.php?project=ROOT&filtercount=1&field1=buildname/string&compare1=65&value1=PR-6228-ROOT-fedora30-cxx14&date=2020-08-20).; [See console output](https://lcgapp-services.cern.ch/root-jenkins/job/root-pullrequests-build/93379/console).; ### Failing tests:; - [projectroot.tree.dataframe.test.gtest_tree_dataframe_test_dataframe_snapshot](https://lcgapp-services.cern.ch/root-jenkins/job/root-pullrequests-build/93379/testReport/projectroot.tree.dataframe/test/gtest_tree_dataframe_test_dataframe_snapshot/),MatchSource.ISSUE_COMMENT,root-project,root,v6-32-06,https://github.com/root-project/root/pull/6228#issuecomment-677642120:398,test,tests,398,https://root.cern,https://github.com/root-project/root/pull/6228#issuecomment-677642120,4,['test'],"['test', 'testReport', 'tests']"
Testability,Build failed on ROOT-fedora30/cxx14.; Running on root-fedora30-1.cern.ch:/build/workspace/root-pullrequests-build; [See cdash](http://cdash.cern.ch/index.php?project=ROOT&filtercount=1&field1=buildname/string&compare1=65&value1=PR-6258-ROOT-fedora30-cxx14&date=2020-08-26).; [See console output](https://lcgapp-services.cern.ch/root-jenkins/job/root-pullrequests-build/93916/console).; ### Errors:; - [2020-08-26T19:06:00.017Z] 1091/2131 Test #991: tutorial-dataframe-df002_dataModel-py .............................................................***Failed Error regular expression found in output. Regex=[: error:] 4.45 sec . ### Failing tests:; - [projectroot.tree.dataframe.test.gtest_tree_dataframe_test_dataframe_snapshot](https://lcgapp-services.cern.ch/root-jenkins/job/root-pullrequests-build/93916/testReport/projectroot.tree.dataframe/test/gtest_tree_dataframe_test_dataframe_snapshot/); - [projectroot.runtutorials.tutorial_dataframe_df002_dataModel_py](https://lcgapp-services.cern.ch/root-jenkins/job/root-pullrequests-build/93916/testReport/projectroot/runtutorials/tutorial_dataframe_df002_dataModel_py/); - [projectroot.roottest.root.dataframe.roottest_root_dataframe_test_stringfiltercolumn](https://lcgapp-services.cern.ch/root-jenkins/job/root-pullrequests-build/93916/testReport/projectroot.roottest.root/dataframe/roottest_root_dataframe_test_stringfiltercolumn/),MatchSource.ISSUE_COMMENT,root-project,root,v6-32-06,https://github.com/root-project/root/pull/6258#issuecomment-681079791:438,Test,Test,438,https://root.cern,https://github.com/root-project/root/pull/6258#issuecomment-681079791,7,"['Test', 'test']","['Test', 'test', 'testReport', 'tests']"
Testability,Build failed on ROOT-fedora30/cxx14.; Running on root-fedora30-1.cern.ch:/build/workspace/root-pullrequests-build; [See cdash](http://cdash.cern.ch/index.php?project=ROOT&filtercount=1&field1=buildname/string&compare1=65&value1=PR-6258-ROOT-fedora30-cxx14&date=2020-09-09).; [See console output](https://lcgapp-services.cern.ch/root-jenkins/job/root-pullrequests-build/95416/console).; ### Failing tests:; - [projectroot.roottest.root.dataframe.roottest_root_dataframe_test_readShip](https://lcgapp-services.cern.ch/root-jenkins/job/root-pullrequests-build/95416/testReport/projectroot.roottest.root/dataframe/roottest_root_dataframe_test_readShip/),MatchSource.ISSUE_COMMENT,root-project,root,v6-32-06,https://github.com/root-project/root/pull/6258#issuecomment-689794103:398,test,tests,398,https://root.cern,https://github.com/root-project/root/pull/6258#issuecomment-689794103,2,['test'],"['testReport', 'tests']"
Testability,Build failed on ROOT-fedora30/cxx14.; Running on root-fedora30-1.cern.ch:/build/workspace/root-pullrequests-build; [See cdash](http://cdash.cern.ch/index.php?project=ROOT&filtercount=1&field1=buildname/string&compare1=65&value1=PR-6266-ROOT-fedora30-cxx14&date=2020-08-31).; [See console output](https://lcgapp-services.cern.ch/root-jenkins/job/root-pullrequests-build/94276/console).; ### Failing tests:; - [projectroot.tree.dataframe.test.gtest_tree_dataframe_test_dataframe_concurrency](https://lcgapp-services.cern.ch/root-jenkins/job/root-pullrequests-build/94276/testReport/projectroot.tree.dataframe/test/gtest_tree_dataframe_test_dataframe_concurrency/),MatchSource.ISSUE_COMMENT,root-project,root,v6-32-06,https://github.com/root-project/root/pull/6266#issuecomment-683682584:398,test,tests,398,https://root.cern,https://github.com/root-project/root/pull/6266#issuecomment-683682584,4,['test'],"['test', 'testReport', 'tests']"
Testability,Build failed on ROOT-fedora30/cxx14.; Running on root-fedora30-1.cern.ch:/build/workspace/root-pullrequests-build; [See cdash](http://cdash.cern.ch/index.php?project=ROOT&filtercount=1&field1=buildname/string&compare1=65&value1=PR-6266-ROOT-fedora30-cxx14&date=2020-09-01).; [See console output](https://lcgapp-services.cern.ch/root-jenkins/job/root-pullrequests-build/94484/console).; ### Failing tests:; - [projectroot.tree.dataframe.test.gtest_tree_dataframe_test_dataframe_snapshot](https://lcgapp-services.cern.ch/root-jenkins/job/root-pullrequests-build/94484/testReport/projectroot.tree.dataframe/test/gtest_tree_dataframe_test_dataframe_snapshot/); - [projectroot.tree.dataframe.test.gtest_tree_dataframe_test_dataframe_concurrency](https://lcgapp-services.cern.ch/root-jenkins/job/root-pullrequests-build/94484/testReport/projectroot.tree.dataframe/test/gtest_tree_dataframe_test_dataframe_concurrency/),MatchSource.ISSUE_COMMENT,root-project,root,v6-32-06,https://github.com/root-project/root/pull/6266#issuecomment-685037464:398,test,tests,398,https://root.cern,https://github.com/root-project/root/pull/6266#issuecomment-685037464,7,['test'],"['test', 'testReport', 'tests']"
Testability,Build failed on ROOT-fedora30/cxx14.; Running on root-fedora30-1.cern.ch:/build/workspace/root-pullrequests-build; [See cdash](http://cdash.cern.ch/index.php?project=ROOT&filtercount=1&field1=buildname/string&compare1=65&value1=PR-6266-ROOT-fedora30-cxx14&date=2020-09-02).; [See console output](https://lcgapp-services.cern.ch/root-jenkins/job/root-pullrequests-build/94492/console).; ### Failing tests:; - [projectroot.tree.dataframe.test.gtest_tree_dataframe_test_dataframe_concurrency](https://lcgapp-services.cern.ch/root-jenkins/job/root-pullrequests-build/94492/testReport/projectroot.tree.dataframe/test/gtest_tree_dataframe_test_dataframe_concurrency/),MatchSource.ISSUE_COMMENT,root-project,root,v6-32-06,https://github.com/root-project/root/pull/6266#issuecomment-685428760:398,test,tests,398,https://root.cern,https://github.com/root-project/root/pull/6266#issuecomment-685428760,4,['test'],"['test', 'testReport', 'tests']"
Testability,Build failed on ROOT-fedora30/cxx14.; Running on root-fedora30-1.cern.ch:/build/workspace/root-pullrequests-build; [See cdash](http://cdash.cern.ch/index.php?project=ROOT&filtercount=1&field1=buildname/string&compare1=65&value1=PR-6277-ROOT-fedora30-cxx14&date=2020-08-28).; [See console output](https://lcgapp-services.cern.ch/root-jenkins/job/root-pullrequests-build/94228/console).; ### Failing tests:; - [projectroot.core.rint.test.gtest_core_rint_test_TTabComTests](https://lcgapp-services.cern.ch/root-jenkins/job/root-pullrequests-build/94228/testReport/projectroot.core.rint/test/gtest_core_rint_test_TTabComTests/); - [projectroot.core.metacling.test.gtest_core_metacling_test_TClingTest](https://lcgapp-services.cern.ch/root-jenkins/job/root-pullrequests-build/94228/testReport/projectroot.core.metacling/test/gtest_core_metacling_test_TClingTest/); - [projectroot.bindings.pyroot.pythonizations.test.pyunittests_pyroot_numbadeclare](https://lcgapp-services.cern.ch/root-jenkins/job/root-pullrequests-build/94228/testReport/projectroot.bindings.pyroot.pythonizations/test/pyunittests_pyroot_numbadeclare/); - [projectroot.roottest.python.JupyROOT.roottest_python_JupyROOT_cppcompleter_doctest](https://lcgapp-services.cern.ch/root-jenkins/job/root-pullrequests-build/94228/testReport/projectroot.roottest.python/JupyROOT/roottest_python_JupyROOT_cppcompleter_doctest/); - [projectroot.roottest.python.cpp.roottest_python_cpp_advanced](https://lcgapp-services.cern.ch/root-jenkins/job/root-pullrequests-build/94228/testReport/projectroot.roottest.python/cpp/roottest_python_cpp_advanced/); - [projectroot.roottest.root.meta.roottest_root_meta_runMemberComments](https://lcgapp-services.cern.ch/root-jenkins/job/root-pullrequests-build/94228/testReport/projectroot.roottest.root/meta/roottest_root_meta_runMemberComments/); - [projectroot.roottest.root.meta.roottest_root_meta_runnamespace_auto](https://lcgapp-services.cern.ch/root-jenkins/job/root-pullrequests-build/94228/testReport/project,MatchSource.ISSUE_COMMENT,root-project,root,v6-32-06,https://github.com/root-project/root/pull/6277#issuecomment-682902968:398,test,tests,398,https://root.cern,https://github.com/root-project/root/pull/6277#issuecomment-682902968,8,['test'],"['test', 'testReport', 'tests']"
Testability,Build failed on ROOT-fedora30/cxx14.; Running on root-fedora30-1.cern.ch:/build/workspace/root-pullrequests-build; [See cdash](http://cdash.cern.ch/index.php?project=ROOT&filtercount=1&field1=buildname/string&compare1=65&value1=PR-6277-ROOT-fedora30-cxx14&date=2020-08-31).; [See console output](https://lcgapp-services.cern.ch/root-jenkins/job/root-pullrequests-build/94324/console).; ### Failing tests:; - [projectroot.core.rint.test.gtest_core_rint_test_TTabComTests](https://lcgapp-services.cern.ch/root-jenkins/job/root-pullrequests-build/94324/testReport/projectroot.core.rint/test/gtest_core_rint_test_TTabComTests/); - [projectroot.roottest.python.JupyROOT.roottest_python_JupyROOT_cppcompleter_doctest](https://lcgapp-services.cern.ch/root-jenkins/job/root-pullrequests-build/94324/testReport/projectroot.roottest.python/JupyROOT/roottest_python_JupyROOT_cppcompleter_doctest/); - [projectroot.roottest.python.basic.roottest_python_basic_datatype](https://lcgapp-services.cern.ch/root-jenkins/job/root-pullrequests-build/94324/testReport/projectroot.roottest.python/basic/roottest_python_basic_datatype/); - [projectroot.roottest.python.cmdLineUtils.roottest_python_cmdLineUtils_ROOT_8197](https://lcgapp-services.cern.ch/root-jenkins/job/root-pullrequests-build/94324/testReport/projectroot.roottest.python/cmdLineUtils/roottest_python_cmdLineUtils_ROOT_8197/); - [projectroot.roottest.python.cpp.roottest_python_cpp_cpp](https://lcgapp-services.cern.ch/root-jenkins/job/root-pullrequests-build/94324/testReport/projectroot.roottest.python/cpp/roottest_python_cpp_cpp/); - [projectroot.roottest.python.pickle.roottest_python_pickle_read](https://lcgapp-services.cern.ch/root-jenkins/job/root-pullrequests-build/94324/testReport/projectroot.roottest.python/pickle/roottest_python_pickle_read/); - [projectroot.roottest.root.html.roottest_root_html_runMakeIndex](https://lcgapp-services.cern.ch/root-jenkins/job/root-pullrequests-build/94324/testReport/projectroot.roottest.root/html/roottest_,MatchSource.ISSUE_COMMENT,root-project,root,v6-32-06,https://github.com/root-project/root/pull/6277#issuecomment-683827943:398,test,tests,398,https://root.cern,https://github.com/root-project/root/pull/6277#issuecomment-683827943,5,['test'],"['test', 'testReport', 'tests']"
Testability,Build failed on ROOT-fedora30/cxx14.; Running on root-fedora30-1.cern.ch:/build/workspace/root-pullrequests-build; [See cdash](http://cdash.cern.ch/index.php?project=ROOT&filtercount=1&field1=buildname/string&compare1=65&value1=PR-6277-ROOT-fedora30-cxx14&date=2020-09-01).; [See console output](https://lcgapp-services.cern.ch/root-jenkins/job/root-pullrequests-build/94396/console).; ### Failing tests:; - [projectroot.core.rint.test.gtest_core_rint_test_TTabComTests](https://lcgapp-services.cern.ch/root-jenkins/job/root-pullrequests-build/94396/testReport/projectroot.core.rint/test/gtest_core_rint_test_TTabComTests/); - [projectroot.roottest.python.JupyROOT.roottest_python_JupyROOT_cppcompleter_doctest](https://lcgapp-services.cern.ch/root-jenkins/job/root-pullrequests-build/94396/testReport/projectroot.roottest.python/JupyROOT/roottest_python_JupyROOT_cppcompleter_doctest/); - [projectroot.roottest.root.meta.roottest_root_meta_runMemberComments](https://lcgapp-services.cern.ch/root-jenkins/job/root-pullrequests-build/94396/testReport/projectroot.roottest.root/meta/roottest_root_meta_runMemberComments/); - [projectroot.roottest.root.meta.roottest_root_meta_runnamespace_auto](https://lcgapp-services.cern.ch/root-jenkins/job/root-pullrequests-build/94396/testReport/projectroot.roottest.root/meta/roottest_root_meta_runnamespace_auto/),MatchSource.ISSUE_COMMENT,root-project,root,v6-32-06,https://github.com/root-project/root/pull/6277#issuecomment-684791796:398,test,tests,398,https://root.cern,https://github.com/root-project/root/pull/6277#issuecomment-684791796,7,['test'],"['test', 'testReport', 'tests']"
Testability,Build failed on ROOT-fedora30/cxx14.; Running on root-fedora30-1.cern.ch:/build/workspace/root-pullrequests-build; [See cdash](http://cdash.cern.ch/index.php?project=ROOT&filtercount=1&field1=buildname/string&compare1=65&value1=PR-6277-ROOT-fedora30-cxx14&date=2020-09-01).; [See console output](https://lcgapp-services.cern.ch/root-jenkins/job/root-pullrequests-build/94444/console).; ### Failing tests:; - [projectroot.core.rint.test.gtest_core_rint_test_TTabComTests](https://lcgapp-services.cern.ch/root-jenkins/job/root-pullrequests-build/94444/testReport/projectroot.core.rint/test/gtest_core_rint_test_TTabComTests/); - [projectroot.roottest.python.JupyROOT.roottest_python_JupyROOT_cppcompleter_doctest](https://lcgapp-services.cern.ch/root-jenkins/job/root-pullrequests-build/94444/testReport/projectroot.roottest.python/JupyROOT/roottest_python_JupyROOT_cppcompleter_doctest/); - [projectroot.roottest.root.meta.roottest_root_meta_runMemberComments](https://lcgapp-services.cern.ch/root-jenkins/job/root-pullrequests-build/94444/testReport/projectroot.roottest.root/meta/roottest_root_meta_runMemberComments/); - [projectroot.roottest.root.meta.roottest_root_meta_runnamespace_auto](https://lcgapp-services.cern.ch/root-jenkins/job/root-pullrequests-build/94444/testReport/projectroot.roottest.root/meta/roottest_root_meta_runnamespace_auto/),MatchSource.ISSUE_COMMENT,root-project,root,v6-32-06,https://github.com/root-project/root/pull/6277#issuecomment-684855572:398,test,tests,398,https://root.cern,https://github.com/root-project/root/pull/6277#issuecomment-684855572,7,['test'],"['test', 'testReport', 'tests']"
Testability,Build failed on ROOT-fedora30/cxx14.; Running on root-fedora30-1.cern.ch:/build/workspace/root-pullrequests-build; [See cdash](http://cdash.cern.ch/index.php?project=ROOT&filtercount=1&field1=buildname/string&compare1=65&value1=PR-6277-ROOT-fedora30-cxx14&date=2020-09-01).; [See console output](https://lcgapp-services.cern.ch/root-jenkins/job/root-pullrequests-build/94476/console).; ### Failing tests:; - [projectroot.core.rint.test.gtest_core_rint_test_TTabComTests](https://lcgapp-services.cern.ch/root-jenkins/job/root-pullrequests-build/94476/testReport/projectroot.core.rint/test/gtest_core_rint_test_TTabComTests/); - [projectroot.roottest.python.JupyROOT.roottest_python_JupyROOT_cppcompleter_doctest](https://lcgapp-services.cern.ch/root-jenkins/job/root-pullrequests-build/94476/testReport/projectroot.roottest.python/JupyROOT/roottest_python_JupyROOT_cppcompleter_doctest/),MatchSource.ISSUE_COMMENT,root-project,root,v6-32-06,https://github.com/root-project/root/pull/6277#issuecomment-684995957:398,test,tests,398,https://root.cern,https://github.com/root-project/root/pull/6277#issuecomment-684995957,5,['test'],"['test', 'testReport', 'tests']"
Testability,Build failed on ROOT-fedora30/cxx14.; Running on root-fedora30-1.cern.ch:/build/workspace/root-pullrequests-build; [See cdash](http://cdash.cern.ch/index.php?project=ROOT&filtercount=1&field1=buildname/string&compare1=65&value1=PR-6277-ROOT-fedora30-cxx14&date=2020-09-02).; [See console output](https://lcgapp-services.cern.ch/root-jenkins/job/root-pullrequests-build/94564/console).; ### Failing tests:; - [projectroot.core.metacling.test.gtest_core_metacling_test_TClingTest](https://lcgapp-services.cern.ch/root-jenkins/job/root-pullrequests-build/94564/testReport/projectroot.core.metacling/test/gtest_core_metacling_test_TClingTest/),MatchSource.ISSUE_COMMENT,root-project,root,v6-32-06,https://github.com/root-project/root/pull/6277#issuecomment-685722593:398,test,tests,398,https://root.cern,https://github.com/root-project/root/pull/6277#issuecomment-685722593,4,['test'],"['test', 'testReport', 'tests']"
Testability,Build failed on ROOT-fedora30/cxx14.; Running on root-fedora30-1.cern.ch:/build/workspace/root-pullrequests-build; [See cdash](http://cdash.cern.ch/index.php?project=ROOT&filtercount=1&field1=buildname/string&compare1=65&value1=PR-6277-ROOT-fedora30-cxx14&date=2020-09-08).; [See console output](https://lcgapp-services.cern.ch/root-jenkins/job/root-pullrequests-build/95190/console).; ### Failing tests:; - [projectroot.core.metacling.test.gtest_core_metacling_test_TClingTest](https://lcgapp-services.cern.ch/root-jenkins/job/root-pullrequests-build/95190/testReport/projectroot.core.metacling/test/gtest_core_metacling_test_TClingTest/),MatchSource.ISSUE_COMMENT,root-project,root,v6-32-06,https://github.com/root-project/root/pull/6277#issuecomment-688776088:398,test,tests,398,https://root.cern,https://github.com/root-project/root/pull/6277#issuecomment-688776088,4,['test'],"['test', 'testReport', 'tests']"
Testability,Build failed on ROOT-fedora30/cxx14.; Running on root-fedora30-1.cern.ch:/build/workspace/root-pullrequests-build; [See cdash](http://cdash.cern.ch/index.php?project=ROOT&filtercount=1&field1=buildname/string&compare1=65&value1=PR-6301-ROOT-fedora30-cxx14&date=2020-09-03).; [See console output](https://lcgapp-services.cern.ch/root-jenkins/job/root-pullrequests-build/94724/console).; ### Failing tests:; - [projectroot.runtutorials.tutorial_v7_ntuple_ntpl004_dimuon](https://lcgapp-services.cern.ch/root-jenkins/job/root-pullrequests-build/94724/testReport/projectroot/runtutorials/tutorial_v7_ntuple_ntpl004_dimuon/); - [projectroot.runtutorials.tutorial_v7_draw_mt.cxx](https://lcgapp-services.cern.ch/root-jenkins/job/root-pullrequests-build/94724/testReport/projectroot/runtutorials/tutorial_v7_draw_mt_cxx/); - [projectroot.runtutorials.tutorial_multicore_mt101_fillNtuples](https://lcgapp-services.cern.ch/root-jenkins/job/root-pullrequests-build/94724/testReport/projectroot/runtutorials/tutorial_multicore_mt101_fillNtuples/); - [projectroot.runtutorials.tutorial_dataframe_df018_customActions](https://lcgapp-services.cern.ch/root-jenkins/job/root-pullrequests-build/94724/testReport/projectroot/runtutorials/tutorial_dataframe_df018_customActions/); - [projectroot.runtutorials.tutorial_dataframe_df021_createTGraph](https://lcgapp-services.cern.ch/root-jenkins/job/root-pullrequests-build/94724/testReport/projectroot/runtutorials/tutorial_dataframe_df021_createTGraph/); - [projectroot.runtutorials.tutorial_dataframe_df022_useKahan](https://lcgapp-services.cern.ch/root-jenkins/job/root-pullrequests-build/94724/testReport/projectroot/runtutorials/tutorial_dataframe_df022_useKahan/); - [projectroot.runtutorials.tutorial_dataframe_df023_aggregate](https://lcgapp-services.cern.ch/root-jenkins/job/root-pullrequests-build/94724/testReport/projectroot/runtutorials/tutorial_dataframe_df023_aggregate/); - [projectroot.runtutorials.tutorial_dataframe_df101_h1Analysis](https://lcgapp-serv,MatchSource.ISSUE_COMMENT,root-project,root,v6-32-06,https://github.com/root-project/root/pull/6301#issuecomment-686718887:398,test,tests,398,https://root.cern,https://github.com/root-project/root/pull/6301#issuecomment-686718887,4,['test'],"['testReport', 'tests']"
Testability,Build failed on ROOT-fedora30/cxx14.; Running on root-fedora30-1.cern.ch:/build/workspace/root-pullrequests-build; [See cdash](http://cdash.cern.ch/index.php?project=ROOT&filtercount=1&field1=buildname/string&compare1=65&value1=PR-6301-ROOT-fedora30-cxx14&date=2020-09-05).; [See console output](https://lcgapp-services.cern.ch/root-jenkins/job/root-pullrequests-build/94877/console).; ### Warnings:; - [2020-09-04T22:19:25.392Z] /build/workspace/root-pullrequests-build/root/core/thread/test/testInterpreterLock.cxx:35:17: warning: declaration of ‘i’ shadows a global declaration [-Wshadow] ; - [2020-09-04T22:19:25.392Z] /build/workspace/root-pullrequests-build/root/core/thread/test/testInterpreterLock.cxx:59:17: warning: declaration of ‘i’ shadows a global declaration [-Wshadow] ; - [2020-09-04T22:19:25.392Z] /build/workspace/root-pullrequests-build/root/core/thread/test/testInterpreterLock.cxx:80:17: warning: declaration of ‘i’ shadows a global declaration [-Wshadow] ; - [2020-09-04T22:19:25.392Z] /build/workspace/root-pullrequests-build/root/core/thread/test/testInterpreterLock.cxx:101:17: warning: declaration of ‘i’ shadows a global declaration [-Wshadow] ; - [2020-09-04T22:19:25.392Z] /build/workspace/root-pullrequests-build/root/core/thread/test/testInterpreterLock.cxx:125:17: warning: declaration of ‘i’ shadows a global declaration [-Wshadow] ; - [2020-09-04T22:19:25.392Z] /build/workspace/root-pullrequests-build/root/core/thread/test/testInterpreterLock.cxx:147:17: warning: declaration of ‘i’ shadows a global declaration [-Wshadow] ; - [2020-09-04T22:19:25.392Z] /build/workspace/root-pullrequests-build/root/core/imt/inc/ROOT/TThreadExecutor.hxx:174:41: warning: declaration of ‘i’ shadows a global declaration [-Wshadow] ; - [2020-09-04T22:19:25.392Z] /build/workspace/root-pullrequests-build/root/core/imt/inc/ROOT/TThreadExecutor.hxx:179:21: warning: declaration of ‘i’ shadows a global declaration [-Wshadow] ; - [2020-09-04T22:19:25.392Z] /build/workspace/root-pullre,MatchSource.ISSUE_COMMENT,root-project,root,v6-32-06,https://github.com/root-project/root/pull/6301#issuecomment-687441141:488,test,test,488,https://root.cern,https://github.com/root-project/root/pull/6301#issuecomment-687441141,6,['test'],"['test', 'testInterpreterLock']"
Testability,Build failed on ROOT-fedora30/cxx14.; Running on root-fedora30-1.cern.ch:/build/workspace/root-pullrequests-build; [See cdash](http://cdash.cern.ch/index.php?project=ROOT&filtercount=1&field1=buildname/string&compare1=65&value1=PR-6322-ROOT-fedora30-cxx14&date=2020-09-15).; [See console output](https://lcgapp-services.cern.ch/root-jenkins/job/root-pullrequests-build/95856/console).; ### Failing tests:; - [projectroot.roottest.root.io.stdarray.roottest_root_io_stdarray_aclic01](https://lcgapp-services.cern.ch/root-jenkins/job/root-pullrequests-build/95856/testReport/projectroot.roottest.root.io/stdarray/roottest_root_io_stdarray_aclic01/),MatchSource.ISSUE_COMMENT,root-project,root,v6-32-06,https://github.com/root-project/root/pull/6322#issuecomment-692635788:398,test,tests,398,https://root.cern,https://github.com/root-project/root/pull/6322#issuecomment-692635788,2,['test'],"['testReport', 'tests']"
Testability,Build failed on ROOT-fedora30/cxx14.; Running on root-fedora30-1.cern.ch:/build/workspace/root-pullrequests-build; [See cdash](http://cdash.cern.ch/index.php?project=ROOT&filtercount=1&field1=buildname/string&compare1=65&value1=PR-6323-ROOT-fedora30-cxx14&date=2020-09-08).; [See console output](https://lcgapp-services.cern.ch/root-jenkins/job/root-pullrequests-build/95256/console).; ### Errors:; - [2020-09-08T16:12:38.685Z] FAILED: roofit/roofitcore/test/CMakeFiles/testRooAbsCollection.dir/testRooAbsCollection.cxx.o ; - [2020-09-08T16:12:39.278Z] /build/workspace/root-pullrequests-build/root/roofit/roofitcore/test/testRooAbsCollection.cxx:35:19: error: ambiguous overload for ‘operator[]’ (operand types are ‘RooArgSet’ and ‘int’),MatchSource.ISSUE_COMMENT,root-project,root,v6-32-06,https://github.com/root-project/root/pull/6323#issuecomment-688983818:454,test,test,454,https://root.cern,https://github.com/root-project/root/pull/6323#issuecomment-688983818,5,['test'],"['test', 'testRooAbsCollection']"
Testability,Build failed on ROOT-fedora30/cxx14.; Running on root-fedora30-1.cern.ch:/build/workspace/root-pullrequests-build; [See cdash](http://cdash.cern.ch/index.php?project=ROOT&filtercount=1&field1=buildname/string&compare1=65&value1=PR-6323-ROOT-fedora30-cxx14&date=2020-09-09).; [See console output](https://lcgapp-services.cern.ch/root-jenkins/job/root-pullrequests-build/95328/console).; ### Failing tests:; - [projectroot.roofit.roofitcore.test.gtest_roofit_roofitcore_test_testRooAbsCollection](https://lcgapp-services.cern.ch/root-jenkins/job/root-pullrequests-build/95328/testReport/projectroot.roofit.roofitcore/test/gtest_roofit_roofitcore_test_testRooAbsCollection/),MatchSource.ISSUE_COMMENT,root-project,root,v6-32-06,https://github.com/root-project/root/pull/6323#issuecomment-689495449:398,test,tests,398,https://root.cern,https://github.com/root-project/root/pull/6323#issuecomment-689495449,4,['test'],"['test', 'testReport', 'tests']"
Testability,Build failed on ROOT-fedora30/cxx14.; Running on root-fedora30-1.cern.ch:/build/workspace/root-pullrequests-build; [See cdash](http://cdash.cern.ch/index.php?project=ROOT&filtercount=1&field1=buildname/string&compare1=65&value1=PR-6341-ROOT-fedora30-cxx14&date=2020-09-11).; [See console output](https://lcgapp-services.cern.ch/root-jenkins/job/root-pullrequests-build/95584/console).; ### Failing tests:; - [projectroot.roottest.root.dataframe.roottest_root_dataframe_test_readShip](https://lcgapp-services.cern.ch/root-jenkins/job/root-pullrequests-build/95584/testReport/projectroot.roottest.root/dataframe/roottest_root_dataframe_test_readShip/),MatchSource.ISSUE_COMMENT,root-project,root,v6-32-06,https://github.com/root-project/root/pull/6341#issuecomment-691322735:398,test,tests,398,https://root.cern,https://github.com/root-project/root/pull/6341#issuecomment-691322735,2,['test'],"['testReport', 'tests']"
Testability,Build failed on ROOT-fedora30/cxx14.; Running on root-fedora30-1.cern.ch:/build/workspace/root-pullrequests-build; [See cdash](http://cdash.cern.ch/index.php?project=ROOT&filtercount=1&field1=buildname/string&compare1=65&value1=PR-6377-ROOT-fedora30-cxx14&date=2020-09-17).; [See console output](https://lcgapp-services.cern.ch/root-jenkins/job/root-pullrequests-build/96137/console).; ### Failing tests:; - [projectroot.core.metacling.test.gtest_core_metacling_test_TClingTest](https://lcgapp-services.cern.ch/root-jenkins/job/root-pullrequests-build/96137/testReport/projectroot.core.metacling/test/gtest_core_metacling_test_TClingTest/); - [projectroot.math.mathcore.test.gtest_math_mathcore_test_stressMathCoreUnit](https://lcgapp-services.cern.ch/root-jenkins/job/root-pullrequests-build/96137/testReport/projectroot.math.mathcore/test/gtest_math_mathcore_test_stressMathCoreUnit/); - [projectroot.test.test_stressmathcore_interpreted](https://lcgapp-services.cern.ch/root-jenkins/job/root-pullrequests-build/96137/testReport/projectroot/test/test_stressmathcore_interpreted/); - [projectroot.roottest.root.html.roottest_root_html_runMakeIndex](https://lcgapp-services.cern.ch/root-jenkins/job/root-pullrequests-build/96137/testReport/projectroot.roottest.root/html/roottest_root_html_runMakeIndex/); - [projectroot.roottest.root.io.double32.roottest_root_io_double32_make](https://lcgapp-services.cern.ch/root-jenkins/job/root-pullrequests-build/96137/testReport/projectroot.roottest.root.io/double32/roottest_root_io_double32_make/); - [projectroot.roottest.root.meta.roottest_root_meta_execOptionList_auto](https://lcgapp-services.cern.ch/root-jenkins/job/root-pullrequests-build/96137/testReport/projectroot.roottest.root/meta/roottest_root_meta_execOptionList_auto/); - [projectroot.roottest.root.meta.roottest_root_meta_runGetMissingDictionaries_auto](https://lcgapp-services.cern.ch/root-jenkins/job/root-pullrequests-build/96137/testReport/projectroot.roottest.root/meta/roottest_root_met,MatchSource.ISSUE_COMMENT,root-project,root,v6-32-06,https://github.com/root-project/root/pull/6377#issuecomment-694390177:398,test,tests,398,https://root.cern,https://github.com/root-project/root/pull/6377#issuecomment-694390177,8,['test'],"['test', 'testReport', 'tests']"
Testability,Build failed on ROOT-fedora30/cxx14.; Running on root-fedora30-1.cern.ch:/build/workspace/root-pullrequests-build; [See cdash](http://cdash.cern.ch/index.php?project=ROOT&filtercount=1&field1=buildname/string&compare1=65&value1=PR-6377-ROOT-fedora30-cxx14&date=2020-09-21).; [See console output](https://lcgapp-services.cern.ch/root-jenkins/job/root-pullrequests-build/96369/console).; ### Failing tests:; - [projectroot.core.metacling.test.gtest_core_metacling_test_TClingTest](https://lcgapp-services.cern.ch/root-jenkins/job/root-pullrequests-build/96369/testReport/projectroot.core.metacling/test/gtest_core_metacling_test_TClingTest/); - [projectroot.roottest.python.JupyROOT.roottest_python_JupyROOT_simpleCppMagic_notebook](https://lcgapp-services.cern.ch/root-jenkins/job/root-pullrequests-build/96369/testReport/projectroot.roottest.python/JupyROOT/roottest_python_JupyROOT_simpleCppMagic_notebook/); - [projectroot.roottest.python.cling.roottest_python_cling_api](https://lcgapp-services.cern.ch/root-jenkins/job/root-pullrequests-build/96369/testReport/projectroot.roottest.python/cling/roottest_python_cling_api/); - [projectroot.roottest.python.cling.roottest_python_cling_class](https://lcgapp-services.cern.ch/root-jenkins/job/root-pullrequests-build/96369/testReport/projectroot.roottest.python/cling/roottest_python_cling_class/); - [projectroot.roottest.root.meta.dictSelection.roottest_root_meta_dictSelection_execAtlasTest2](https://lcgapp-services.cern.ch/root-jenkins/job/root-pullrequests-build/96369/testReport/projectroot.roottest.root.meta/dictSelection/roottest_root_meta_dictSelection_execAtlasTest2/),MatchSource.ISSUE_COMMENT,root-project,root,v6-32-06,https://github.com/root-project/root/pull/6377#issuecomment-696131253:398,test,tests,398,https://root.cern,https://github.com/root-project/root/pull/6377#issuecomment-696131253,8,['test'],"['test', 'testReport', 'tests']"
Testability,Build failed on ROOT-fedora30/cxx14.; Running on root-fedora30-1.cern.ch:/build/workspace/root-pullrequests-build; [See cdash](http://cdash.cern.ch/index.php?project=ROOT&filtercount=1&field1=buildname/string&compare1=65&value1=PR-6380-ROOT-fedora30-cxx14&date=2020-09-22).; [See console output](https://lcgapp-services.cern.ch/root-jenkins/job/root-pullrequests-build/96561/console).; ### Failing tests:; - [projectroot.tree.dataframe.test.gtest_tree_dataframe_test_dataframe_helpers](https://lcgapp-services.cern.ch/root-jenkins/job/root-pullrequests-build/96561/testReport/projectroot.tree.dataframe/test/gtest_tree_dataframe_test_dataframe_helpers/),MatchSource.ISSUE_COMMENT,root-project,root,v6-32-06,https://github.com/root-project/root/pull/6380#issuecomment-696762788:398,test,tests,398,https://root.cern,https://github.com/root-project/root/pull/6380#issuecomment-696762788,4,['test'],"['test', 'testReport', 'tests']"
Testability,Build failed on ROOT-fedora30/cxx14.; Running on root-fedora30-1.cern.ch:/build/workspace/root-pullrequests-build; [See cdash](http://cdash.cern.ch/index.php?project=ROOT&filtercount=1&field1=buildname/string&compare1=65&value1=PR-6383-ROOT-fedora30-cxx14&date=2020-09-21).; [See console output](https://lcgapp-services.cern.ch/root-jenkins/job/root-pullrequests-build/96289/console).; ### Warnings:; - [2020-09-21T10:26:04.826Z] /build/workspace/root-pullrequests-build/root/roofit/roofitcore/test/testNaNPacker.cxx:24:53: warning: dereferencing type-punned pointer will break strict-aliasing rules [-Wstrict-aliasing],MatchSource.ISSUE_COMMENT,root-project,root,v6-32-06,https://github.com/root-project/root/pull/6383#issuecomment-696037199:494,test,test,494,https://root.cern,https://github.com/root-project/root/pull/6383#issuecomment-696037199,2,['test'],"['test', 'testNaNPacker']"
Testability,"Build failed on ROOT-fedora30/cxx14.; Running on root-fedora30-1.cern.ch:/build/workspace/root-pullrequests-build; [See cdash](http://cdash.cern.ch/index.php?project=ROOT&filtercount=1&field1=buildname/string&compare1=65&value1=PR-6383-ROOT-fedora30-cxx14&date=2020-09-21).; [See console output](https://lcgapp-services.cern.ch/root-jenkins/job/root-pullrequests-build/96305/console).; ### Warnings:; - [2020-09-21T11:09:01.544Z] /build/workspace/root-pullrequests-build/root/roofit/roofitcore/test/testNaNPacker.cxx:25:34: warning: ‘void* memcpy(void*, const void*, size_t)’ copying an object of non-trivial type ‘class std::bitset&lt;32&gt;’ from an array of ‘float’ [-Wclass-memaccess]",MatchSource.ISSUE_COMMENT,root-project,root,v6-32-06,https://github.com/root-project/root/pull/6383#issuecomment-696055991:494,test,test,494,https://root.cern,https://github.com/root-project/root/pull/6383#issuecomment-696055991,2,['test'],"['test', 'testNaNPacker']"
Testability,Build failed on ROOT-fedora30/cxx14.; Running on root-fedora30-1.cern.ch:/build/workspace/root-pullrequests-build; [See console output](https://lcgapp-services.cern.ch/root-jenkins/job/root-pullrequests-build/100071/console).; ### Failing tests:; - [projectroot.roottest.root.meta.genreflex.ROOT-5952.roottest_root_meta_genreflex_ROOT_5952_5952](https://lcgapp-services.cern.ch/root-jenkins/job/root-pullrequests-build/100071/testReport/projectroot.roottest.root.meta.genreflex/ROOT-5952/roottest_root_meta_genreflex_ROOT_5952_5952/); - [projectroot.roottest.root.meta.genreflex.ROOT-5756.roottest_root_meta_genreflex_ROOT_5756_execLibLoad](https://lcgapp-services.cern.ch/root-jenkins/job/root-pullrequests-build/100071/testReport/projectroot.roottest.root.meta.genreflex/ROOT-5756/roottest_root_meta_genreflex_ROOT_5756_execLibLoad/),MatchSource.ISSUE_COMMENT,root-project,root,v6-32-06,https://github.com/root-project/root/pull/6680#issuecomment-715539518:239,test,tests,239,https://root.cern,https://github.com/root-project/root/pull/6680#issuecomment-715539518,3,['test'],"['testReport', 'tests']"
Testability,Build failed on ROOT-fedora30/cxx14.; Running on root-fedora30-1.cern.ch:/build/workspace/root-pullrequests-build; [See console output](https://lcgapp-services.cern.ch/root-jenkins/job/root-pullrequests-build/100087/console).; ### Failing tests:; - [projectroot.roottest.python.pythonizations.roottest_python_pythonizations_pythonizations](https://lcgapp-services.cern.ch/root-jenkins/job/root-pullrequests-build/100087/testReport/projectroot.roottest.python/pythonizations/roottest_python_pythonizations_pythonizations/); - [projectroot.roottest.python.pythonizations.roottest_python_pythonizations_smartptr](https://lcgapp-services.cern.ch/root-jenkins/job/root-pullrequests-build/100087/testReport/projectroot.roottest.python/pythonizations/roottest_python_pythonizations_smartptr/); - [projectroot.roottest.python.stl.roottest_python_stl_stl](https://lcgapp-services.cern.ch/root-jenkins/job/root-pullrequests-build/100087/testReport/projectroot.roottest.python/stl/roottest_python_stl_stl/),MatchSource.ISSUE_COMMENT,root-project,root,v6-32-06,https://github.com/root-project/root/pull/6669#issuecomment-715581692:239,test,tests,239,https://root.cern,https://github.com/root-project/root/pull/6669#issuecomment-715581692,4,['test'],"['testReport', 'tests']"
Testability,Build failed on ROOT-fedora30/cxx14.; Running on root-fedora30-1.cern.ch:/build/workspace/root-pullrequests-build; [See console output](https://lcgapp-services.cern.ch/root-jenkins/job/root-pullrequests-build/100103/console).; ### Failing tests:; - [projectroot.roottest.root.meta.tclass.roottest_root_meta_tclass_execInitOrder](https://lcgapp-services.cern.ch/root-jenkins/job/root-pullrequests-build/100103/testReport/projectroot.roottest.root.meta/tclass/roottest_root_meta_tclass_execInitOrder/); - [projectroot.roottest.root.meta.genreflex.ROOT-5952.roottest_root_meta_genreflex_ROOT_5952_5952](https://lcgapp-services.cern.ch/root-jenkins/job/root-pullrequests-build/100103/testReport/projectroot.roottest.root.meta.genreflex/ROOT-5952/roottest_root_meta_genreflex_ROOT_5952_5952/); - [projectroot.roottest.root.meta.genreflex.ROOT-5756.roottest_root_meta_genreflex_ROOT_5756_execLibLoad](https://lcgapp-services.cern.ch/root-jenkins/job/root-pullrequests-build/100103/testReport/projectroot.roottest.root.meta.genreflex/ROOT-5756/roottest_root_meta_genreflex_ROOT_5756_execLibLoad/),MatchSource.ISSUE_COMMENT,root-project,root,v6-32-06,https://github.com/root-project/root/pull/6680#issuecomment-715620061:239,test,tests,239,https://root.cern,https://github.com/root-project/root/pull/6680#issuecomment-715620061,4,['test'],"['testReport', 'tests']"
Testability,Build failed on ROOT-fedora30/cxx14.; Running on root-fedora30-1.cern.ch:/build/workspace/root-pullrequests-build; [See console output](https://lcgapp-services.cern.ch/root-jenkins/job/root-pullrequests-build/100159/console).; ### Failing tests:; - [projectroot.roottest.cling.autoauto.roottest_cling_autoauto_ROOT8442](https://lcgapp-services.cern.ch/root-jenkins/job/root-pullrequests-build/100159/testReport/projectroot.roottest.cling/autoauto/roottest_cling_autoauto_ROOT8442/); - [projectroot.roottest.cling.function.roottest_cling_function_runstaticfunc](https://lcgapp-services.cern.ch/root-jenkins/job/root-pullrequests-build/100159/testReport/projectroot.roottest.cling/function/roottest_cling_function_runstaticfunc/); - [projectroot.roottest.cling.specialobj.roottest_cling_specialobj_runf02](https://lcgapp-services.cern.ch/root-jenkins/job/root-pullrequests-build/100159/testReport/projectroot.roottest.cling/specialobj/roottest_cling_specialobj_runf02/); - [projectroot.roottest.cling.specialobj.roottest_cling_specialobj_unhappy](https://lcgapp-services.cern.ch/root-jenkins/job/root-pullrequests-build/100159/testReport/projectroot.roottest.cling/specialobj/roottest_cling_specialobj_unhappy/); - [projectroot.roottest.root.rint.roottest_root_rint_TabCom](https://lcgapp-services.cern.ch/root-jenkins/job/root-pullrequests-build/100159/testReport/projectroot.roottest.root/rint/roottest_root_rint_TabCom/),MatchSource.ISSUE_COMMENT,root-project,root,v6-32-06,https://github.com/root-project/root/pull/6707#issuecomment-716590447:239,test,tests,239,https://root.cern,https://github.com/root-project/root/pull/6707#issuecomment-716590447,6,['test'],"['testReport', 'tests']"
Testability,Build failed on ROOT-fedora30/cxx14.; Running on root-fedora30-1.cern.ch:/build/workspace/root-pullrequests-build; [See console output](https://lcgapp-services.cern.ch/root-jenkins/job/root-pullrequests-build/100199/console).; ### Failing tests:; - [projectroot.roottest.root.dataframe.roottest_root_dataframe_test_stringfiltercolumn](https://lcgapp-services.cern.ch/root-jenkins/job/root-pullrequests-build/100199/testReport/projectroot.roottest.root/dataframe/roottest_root_dataframe_test_stringfiltercolumn/); - [projectroot.roottest.root.meta.evolution.roottest_root_meta_evolution_execCheckSum](https://lcgapp-services.cern.ch/root-jenkins/job/root-pullrequests-build/100199/testReport/projectroot.roottest.root.meta/evolution/roottest_root_meta_evolution_execCheckSum/); - [projectroot.roottest.root.meta.tclass.roottest_root_meta_tclass_execInitOrder](https://lcgapp-services.cern.ch/root-jenkins/job/root-pullrequests-build/100199/testReport/projectroot.roottest.root.meta/tclass/roottest_root_meta_tclass_execInitOrder/),MatchSource.ISSUE_COMMENT,root-project,root,v6-32-06,https://github.com/root-project/root/pull/6680#issuecomment-716826036:239,test,tests,239,https://root.cern,https://github.com/root-project/root/pull/6680#issuecomment-716826036,4,['test'],"['testReport', 'tests']"
Testability,Build failed on ROOT-fedora30/cxx14.; Running on root-fedora30-1.cern.ch:/build/workspace/root-pullrequests-build; [See console output](https://lcgapp-services.cern.ch/root-jenkins/job/root-pullrequests-build/100207/console).; ### Failing tests:; - [projectroot.roottest.root.meta.tclass.roottest_root_meta_tclass_execInitOrder](https://lcgapp-services.cern.ch/root-jenkins/job/root-pullrequests-build/100207/testReport/projectroot.roottest.root.meta/tclass/roottest_root_meta_tclass_execInitOrder/),MatchSource.ISSUE_COMMENT,root-project,root,v6-32-06,https://github.com/root-project/root/pull/6680#issuecomment-716848176:239,test,tests,239,https://root.cern,https://github.com/root-project/root/pull/6680#issuecomment-716848176,2,['test'],"['testReport', 'tests']"
Testability,Build failed on ROOT-fedora30/cxx14.; Running on root-fedora30-1.cern.ch:/build/workspace/root-pullrequests-build; [See console output](https://lcgapp-services.cern.ch/root-jenkins/job/root-pullrequests-build/100327/console).; ### Errors:; - [2020-10-27T20:07:27.152Z] 1053/2152 Test #957: tutorial-v7-ntuple-ntpl003_lhcbOpenData ...........................................................***Failed Error regular expression found in output. Regex=[: error:] 0.57 sec . ### Failing tests:; - [projectroot.runtutorials.tutorial_v7_ntuple_ntpl003_lhcbOpenData](https://lcgapp-services.cern.ch/root-jenkins/job/root-pullrequests-build/100327/testReport/projectroot/runtutorials/tutorial_v7_ntuple_ntpl003_lhcbOpenData/),MatchSource.ISSUE_COMMENT,root-project,root,v6-32-06,https://github.com/root-project/root/pull/6680#issuecomment-717522065:279,Test,Test,279,https://root.cern,https://github.com/root-project/root/pull/6680#issuecomment-717522065,3,"['Test', 'test']","['Test', 'testReport', 'tests']"
Testability,Build failed on ROOT-fedora30/cxx14.; Running on root-fedora30-1.cern.ch:/build/workspace/root-pullrequests-build; [See console output](https://lcgapp-services.cern.ch/root-jenkins/job/root-pullrequests-build/100519/console).; ### Failing tests:; - [projectroot.roottest.python.pythonizations.roottest_python_pythonizations_pythonizations](https://lcgapp-services.cern.ch/root-jenkins/job/root-pullrequests-build/100519/testReport/projectroot.roottest.python/pythonizations/roottest_python_pythonizations_pythonizations/); - [projectroot.roottest.python.pythonizations.roottest_python_pythonizations_smartptr](https://lcgapp-services.cern.ch/root-jenkins/job/root-pullrequests-build/100519/testReport/projectroot.roottest.python/pythonizations/roottest_python_pythonizations_smartptr/); - [projectroot.roottest.python.stl.roottest_python_stl_stl](https://lcgapp-services.cern.ch/root-jenkins/job/root-pullrequests-build/100519/testReport/projectroot.roottest.python/stl/roottest_python_stl_stl/); - [projectroot.roottest.root.meta.autoloading.headerParsingOnDemand.roottest_root_meta_autoloading_headerParsingOnDemand_no_autoparse_write](https://lcgapp-services.cern.ch/root-jenkins/job/root-pullrequests-build/100519/testReport/projectroot.roottest.root.meta.autoloading/headerParsingOnDemand/roottest_root_meta_autoloading_headerParsingOnDemand_no_autoparse_write/); - [projectroot.roottest.root.meta.autoloading.headerParsingOnDemand.roottest_root_meta_autoloading_headerParsingOnDemand_no_autoparse_read](https://lcgapp-services.cern.ch/root-jenkins/job/root-pullrequests-build/100519/testReport/projectroot.roottest.root.meta.autoloading/headerParsingOnDemand/roottest_root_meta_autoloading_headerParsingOnDemand_no_autoparse_read/); - [projectroot.roottest.root.meta.evolution.version5.roottest_root_meta_evolution_version5_execNestedColl](https://lcgapp-services.cern.ch/root-jenkins/job/root-pullrequests-build/100519/testReport/projectroot.roottest.root.meta.evolution/version5/roottest_root_,MatchSource.ISSUE_COMMENT,root-project,root,v6-32-06,https://github.com/root-project/root/pull/6728#issuecomment-718914513:239,test,tests,239,https://root.cern,https://github.com/root-project/root/pull/6728#issuecomment-718914513,4,['test'],"['testReport', 'tests']"
Testability,Build failed on ROOT-fedora30/cxx14.; Running on root-fedora30-1.cern.ch:/build/workspace/root-pullrequests-build; [See console output](https://lcgapp-services.cern.ch/root-jenkins/job/root-pullrequests-build/100553/console).; ### Failing tests:; - [projectroot.roottest.python.pythonizations.roottest_python_pythonizations_pythonizations](https://lcgapp-services.cern.ch/root-jenkins/job/root-pullrequests-build/100553/testReport/projectroot.roottest.python/pythonizations/roottest_python_pythonizations_pythonizations/); - [projectroot.roottest.python.pythonizations.roottest_python_pythonizations_smartptr](https://lcgapp-services.cern.ch/root-jenkins/job/root-pullrequests-build/100553/testReport/projectroot.roottest.python/pythonizations/roottest_python_pythonizations_smartptr/); - [projectroot.roottest.python.stl.roottest_python_stl_stl](https://lcgapp-services.cern.ch/root-jenkins/job/root-pullrequests-build/100553/testReport/projectroot.roottest.python/stl/roottest_python_stl_stl/),MatchSource.ISSUE_COMMENT,root-project,root,v6-32-06,https://github.com/root-project/root/pull/6732#issuecomment-718964271:239,test,tests,239,https://root.cern,https://github.com/root-project/root/pull/6732#issuecomment-718964271,4,['test'],"['testReport', 'tests']"
Testability,Build failed on ROOT-fedora30/cxx14.; Running on root-fedora30-1.cern.ch:/build/workspace/root-pullrequests-build; [See console output](https://lcgapp-services.cern.ch/root-jenkins/job/root-pullrequests-build/100603/console).; ### Failing tests:; - [projectroot.roottest.root.meta.ROOT-7462.roottest_root_meta_ROOT_7462_make](https://lcgapp-services.cern.ch/root-jenkins/job/root-pullrequests-build/100603/testReport/projectroot.roottest.root.meta/ROOT-7462/roottest_root_meta_ROOT_7462_make/),MatchSource.ISSUE_COMMENT,root-project,root,v6-32-06,https://github.com/root-project/root/pull/6729#issuecomment-719119299:239,test,tests,239,https://root.cern,https://github.com/root-project/root/pull/6729#issuecomment-719119299,2,['test'],"['testReport', 'tests']"
Testability,Build failed on ROOT-fedora30/cxx14.; Running on root-fedora30-1.cern.ch:/build/workspace/root-pullrequests-build; [See console output](https://lcgapp-services.cern.ch/root-jenkins/job/root-pullrequests-build/100733/console).; ### Failing tests:; - [projectroot.roottest.python.pythonizations.roottest_python_pythonizations_pythonizations](https://lcgapp-services.cern.ch/root-jenkins/job/root-pullrequests-build/100733/testReport/projectroot.roottest.python/pythonizations/roottest_python_pythonizations_pythonizations/); - [projectroot.roottest.python.pythonizations.roottest_python_pythonizations_smartptr](https://lcgapp-services.cern.ch/root-jenkins/job/root-pullrequests-build/100733/testReport/projectroot.roottest.python/pythonizations/roottest_python_pythonizations_smartptr/); - [projectroot.roottest.python.stl.roottest_python_stl_stl](https://lcgapp-services.cern.ch/root-jenkins/job/root-pullrequests-build/100733/testReport/projectroot.roottest.python/stl/roottest_python_stl_stl/),MatchSource.ISSUE_COMMENT,root-project,root,v6-32-06,https://github.com/root-project/root/pull/6738#issuecomment-720353521:239,test,tests,239,https://root.cern,https://github.com/root-project/root/pull/6738#issuecomment-720353521,4,['test'],"['testReport', 'tests']"
Testability,Build failed on ROOT-fedora30/cxx14.; Running on root-fedora30-1.cern.ch:/build/workspace/root-pullrequests-build; [See console output](https://lcgapp-services.cern.ch/root-jenkins/job/root-pullrequests-build/100749/console).; ### Failing tests:; - [projectroot.core.rint.test.gtest_core_rint_test_TTabComTests](https://lcgapp-services.cern.ch/root-jenkins/job/root-pullrequests-build/100749/testReport/projectroot.core.rint/test/gtest_core_rint_test_TTabComTests/),MatchSource.ISSUE_COMMENT,root-project,root,v6-32-06,https://github.com/root-project/root/pull/6739#issuecomment-720400270:239,test,tests,239,https://root.cern,https://github.com/root-project/root/pull/6739#issuecomment-720400270,4,['test'],"['test', 'testReport', 'tests']"
Testability,Build failed on ROOT-fedora30/cxx14.; Running on root-fedora30-1.cern.ch:/build/workspace/root-pullrequests-build; [See console output](https://lcgapp-services.cern.ch/root-jenkins/job/root-pullrequests-build/100789/console).; ### Failing tests:; - [projectroot.roottest.python.pythonizations.roottest_python_pythonizations_pythonizations](https://lcgapp-services.cern.ch/root-jenkins/job/root-pullrequests-build/100789/testReport/projectroot.roottest.python/pythonizations/roottest_python_pythonizations_pythonizations/); - [projectroot.roottest.python.pythonizations.roottest_python_pythonizations_smartptr](https://lcgapp-services.cern.ch/root-jenkins/job/root-pullrequests-build/100789/testReport/projectroot.roottest.python/pythonizations/roottest_python_pythonizations_smartptr/); - [projectroot.roottest.python.stl.roottest_python_stl_stl](https://lcgapp-services.cern.ch/root-jenkins/job/root-pullrequests-build/100789/testReport/projectroot.roottest.python/stl/roottest_python_stl_stl/),MatchSource.ISSUE_COMMENT,root-project,root,v6-32-06,https://github.com/root-project/root/pull/6728#issuecomment-720614317:239,test,tests,239,https://root.cern,https://github.com/root-project/root/pull/6728#issuecomment-720614317,4,['test'],"['testReport', 'tests']"
Testability,Build failed on ROOT-fedora30/cxx14.; Running on root-fedora30-1.cern.ch:/build/workspace/root-pullrequests-build; [See console output](https://lcgapp-services.cern.ch/root-jenkins/job/root-pullrequests-build/100797/console).; ### Failing tests:; - [projectroot.roottest.python.pythonizations.roottest_python_pythonizations_pythonizations](https://lcgapp-services.cern.ch/root-jenkins/job/root-pullrequests-build/100797/testReport/projectroot.roottest.python/pythonizations/roottest_python_pythonizations_pythonizations/); - [projectroot.roottest.python.pythonizations.roottest_python_pythonizations_smartptr](https://lcgapp-services.cern.ch/root-jenkins/job/root-pullrequests-build/100797/testReport/projectroot.roottest.python/pythonizations/roottest_python_pythonizations_smartptr/); - [projectroot.roottest.python.stl.roottest_python_stl_stl](https://lcgapp-services.cern.ch/root-jenkins/job/root-pullrequests-build/100797/testReport/projectroot.roottest.python/stl/roottest_python_stl_stl/),MatchSource.ISSUE_COMMENT,root-project,root,v6-32-06,https://github.com/root-project/root/pull/6732#issuecomment-720643528:239,test,tests,239,https://root.cern,https://github.com/root-project/root/pull/6732#issuecomment-720643528,4,['test'],"['testReport', 'tests']"
Testability,Build failed on ROOT-fedora30/cxx14.; Running on root-fedora30-1.cern.ch:/build/workspace/root-pullrequests-build; [See console output](https://lcgapp-services.cern.ch/root-jenkins/job/root-pullrequests-build/100821/console).; ### Failing tests:; - [projectroot.roottest.root.io.tclass.roottest_root_io_tclass_make](https://lcgapp-services.cern.ch/root-jenkins/job/root-pullrequests-build/100821/testReport/projectroot.roottest.root.io/tclass/roottest_root_io_tclass_make/),MatchSource.ISSUE_COMMENT,root-project,root,v6-32-06,https://github.com/root-project/root/pull/6559#issuecomment-720753838:239,test,tests,239,https://root.cern,https://github.com/root-project/root/pull/6559#issuecomment-720753838,2,['test'],"['testReport', 'tests']"
Testability,Build failed on ROOT-fedora30/cxx14.; Running on root-fedora30-1.cern.ch:/build/workspace/root-pullrequests-build; [See console output](https://lcgapp-services.cern.ch/root-jenkins/job/root-pullrequests-build/100967/console).; ### Failing tests:; - [projectroot.roottest.root.meta.tclass.roottest_root_meta_tclass_execBrowseNonAccessibleType](https://lcgapp-services.cern.ch/root-jenkins/job/root-pullrequests-build/100967/testReport/projectroot.roottest.root.meta/tclass/roottest_root_meta_tclass_execBrowseNonAccessibleType/),MatchSource.ISSUE_COMMENT,root-project,root,v6-32-06,https://github.com/root-project/root/pull/6752#issuecomment-721647075:239,test,tests,239,https://root.cern,https://github.com/root-project/root/pull/6752#issuecomment-721647075,2,['test'],"['testReport', 'tests']"
Testability,Build failed on ROOT-fedora30/cxx14.; Running on root-fedora30-1.cern.ch:/build/workspace/root-pullrequests-build; [See console output](https://lcgapp-services.cern.ch/root-jenkins/job/root-pullrequests-build/101023/console).; ### Failing tests:; - [projectroot.roottest.root.io.tclass.roottest_root_io_tclass_make](https://lcgapp-services.cern.ch/root-jenkins/job/root-pullrequests-build/101023/testReport/projectroot.roottest.root.io/tclass/roottest_root_io_tclass_make/),MatchSource.ISSUE_COMMENT,root-project,root,v6-32-06,https://github.com/root-project/root/pull/6559#issuecomment-721971905:239,test,tests,239,https://root.cern,https://github.com/root-project/root/pull/6559#issuecomment-721971905,2,['test'],"['testReport', 'tests']"
Testability,Build failed on ROOT-fedora30/cxx14.; Running on root-fedora30-1.cern.ch:/build/workspace/root-pullrequests-build; [See console output](https://lcgapp-services.cern.ch/root-jenkins/job/root-pullrequests-build/101207/console).; ### Failing tests:; - [projectroot.roottest.root.meta.rootcling.roottest_root_meta_rootcling_ROOT10798](https://lcgapp-services.cern.ch/root-jenkins/job/root-pullrequests-build/101207/testReport/projectroot.roottest.root.meta/rootcling/roottest_root_meta_rootcling_ROOT10798/),MatchSource.ISSUE_COMMENT,root-project,root,v6-32-06,https://github.com/root-project/root/pull/6559#issuecomment-722723722:239,test,tests,239,https://root.cern,https://github.com/root-project/root/pull/6559#issuecomment-722723722,2,['test'],"['testReport', 'tests']"
Testability,Build failed on ROOT-fedora30/cxx14.; Running on root-fedora30-1.cern.ch:/build/workspace/root-pullrequests-build; [See console output](https://lcgapp-services.cern.ch/root-jenkins/job/root-pullrequests-build/101271/console).; ### Failing tests:; - [projectroot.roottest.python.pythonizations.roottest_python_pythonizations_pythonizations](https://lcgapp-services.cern.ch/root-jenkins/job/root-pullrequests-build/101271/testReport/projectroot.roottest.python/pythonizations/roottest_python_pythonizations_pythonizations/); - [projectroot.roottest.python.pythonizations.roottest_python_pythonizations_smartptr](https://lcgapp-services.cern.ch/root-jenkins/job/root-pullrequests-build/101271/testReport/projectroot.roottest.python/pythonizations/roottest_python_pythonizations_smartptr/); - [projectroot.roottest.python.stl.roottest_python_stl_stl](https://lcgapp-services.cern.ch/root-jenkins/job/root-pullrequests-build/101271/testReport/projectroot.roottest.python/stl/roottest_python_stl_stl/),MatchSource.ISSUE_COMMENT,root-project,root,v6-32-06,https://github.com/root-project/root/pull/6768#issuecomment-723335286:239,test,tests,239,https://root.cern,https://github.com/root-project/root/pull/6768#issuecomment-723335286,4,['test'],"['testReport', 'tests']"
Testability,Build failed on ROOT-fedora30/cxx14.; Running on root-fedora30-1.cern.ch:/build/workspace/root-pullrequests-build; [See console output](https://lcgapp-services.cern.ch/root-jenkins/job/root-pullrequests-build/101335/console).; ### Failing tests:; - [projectroot.roottest.python.pythonizations.roottest_python_pythonizations_pythonizations](https://lcgapp-services.cern.ch/root-jenkins/job/root-pullrequests-build/101335/testReport/projectroot.roottest.python/pythonizations/roottest_python_pythonizations_pythonizations/); - [projectroot.roottest.python.pythonizations.roottest_python_pythonizations_smartptr](https://lcgapp-services.cern.ch/root-jenkins/job/root-pullrequests-build/101335/testReport/projectroot.roottest.python/pythonizations/roottest_python_pythonizations_smartptr/); - [projectroot.roottest.python.stl.roottest_python_stl_stl](https://lcgapp-services.cern.ch/root-jenkins/job/root-pullrequests-build/101335/testReport/projectroot.roottest.python/stl/roottest_python_stl_stl/),MatchSource.ISSUE_COMMENT,root-project,root,v6-32-06,https://github.com/root-project/root/pull/6768#issuecomment-723467884:239,test,tests,239,https://root.cern,https://github.com/root-project/root/pull/6768#issuecomment-723467884,4,['test'],"['testReport', 'tests']"
Testability,Build failed on ROOT-fedora30/cxx14.; Running on root-fedora30-1.cern.ch:/build/workspace/root-pullrequests-build; [See console output](https://lcgapp-services.cern.ch/root-jenkins/job/root-pullrequests-build/101367/console).; ### Failing tests:; - [projectroot.roottest.python.pythonizations.roottest_python_pythonizations_pythonizations](https://lcgapp-services.cern.ch/root-jenkins/job/root-pullrequests-build/101367/testReport/projectroot.roottest.python/pythonizations/roottest_python_pythonizations_pythonizations/); - [projectroot.roottest.python.pythonizations.roottest_python_pythonizations_smartptr](https://lcgapp-services.cern.ch/root-jenkins/job/root-pullrequests-build/101367/testReport/projectroot.roottest.python/pythonizations/roottest_python_pythonizations_smartptr/); - [projectroot.roottest.python.stl.roottest_python_stl_stl](https://lcgapp-services.cern.ch/root-jenkins/job/root-pullrequests-build/101367/testReport/projectroot.roottest.python/stl/roottest_python_stl_stl/),MatchSource.ISSUE_COMMENT,root-project,root,v6-32-06,https://github.com/root-project/root/pull/6780#issuecomment-724001069:239,test,tests,239,https://root.cern,https://github.com/root-project/root/pull/6780#issuecomment-724001069,4,['test'],"['testReport', 'tests']"
Testability,Build failed on ROOT-fedora30/cxx14.; Running on root-fedora30-1.cern.ch:/build/workspace/root-pullrequests-build; [See console output](https://lcgapp-services.cern.ch/root-jenkins/job/root-pullrequests-build/101483/console).; ### Failing tests:; - [projectroot.roottest.python.pythonizations.roottest_python_pythonizations_pythonizations](https://lcgapp-services.cern.ch/root-jenkins/job/root-pullrequests-build/101483/testReport/projectroot.roottest.python/pythonizations/roottest_python_pythonizations_pythonizations/); - [projectroot.roottest.python.pythonizations.roottest_python_pythonizations_smartptr](https://lcgapp-services.cern.ch/root-jenkins/job/root-pullrequests-build/101483/testReport/projectroot.roottest.python/pythonizations/roottest_python_pythonizations_smartptr/); - [projectroot.roottest.python.stl.roottest_python_stl_stl](https://lcgapp-services.cern.ch/root-jenkins/job/root-pullrequests-build/101483/testReport/projectroot.roottest.python/stl/roottest_python_stl_stl/),MatchSource.ISSUE_COMMENT,root-project,root,v6-32-06,https://github.com/root-project/root/pull/6790#issuecomment-724729363:239,test,tests,239,https://root.cern,https://github.com/root-project/root/pull/6790#issuecomment-724729363,4,['test'],"['testReport', 'tests']"
Testability,Build failed on ROOT-fedora30/cxx14.; Running on root-fedora30-1.cern.ch:/build/workspace/root-pullrequests-build; [See console output](https://lcgapp-services.cern.ch/root-jenkins/job/root-pullrequests-build/101635/console).; ### Failing tests:; - [projectroot.roottest.python.pythonizations.roottest_python_pythonizations_pythonizations](https://lcgapp-services.cern.ch/root-jenkins/job/root-pullrequests-build/101635/testReport/projectroot.roottest.python/pythonizations/roottest_python_pythonizations_pythonizations/); - [projectroot.roottest.python.pythonizations.roottest_python_pythonizations_smartptr](https://lcgapp-services.cern.ch/root-jenkins/job/root-pullrequests-build/101635/testReport/projectroot.roottest.python/pythonizations/roottest_python_pythonizations_smartptr/); - [projectroot.roottest.python.stl.roottest_python_stl_stl](https://lcgapp-services.cern.ch/root-jenkins/job/root-pullrequests-build/101635/testReport/projectroot.roottest.python/stl/roottest_python_stl_stl/),MatchSource.ISSUE_COMMENT,root-project,root,v6-32-06,https://github.com/root-project/root/pull/6798#issuecomment-725963891:239,test,tests,239,https://root.cern,https://github.com/root-project/root/pull/6798#issuecomment-725963891,4,['test'],"['testReport', 'tests']"
Testability,Build failed on ROOT-fedora30/cxx14.; Running on root-fedora30-1.cern.ch:/build/workspace/root-pullrequests-build; [See console output](https://lcgapp-services.cern.ch/root-jenkins/job/root-pullrequests-build/101777/console).; ### Failing tests:; - [projectroot.roottest.root.dataframe.roottest_root_dataframe_par](https://lcgapp-services.cern.ch/root-jenkins/job/root-pullrequests-build/101777/testReport/projectroot.roottest.root/dataframe/roottest_root_dataframe_par/); - [projectroot.roottest.root.io.cpp11Containers.roottest_root_io_cpp11Containers_Names](https://lcgapp-services.cern.ch/root-jenkins/job/root-pullrequests-build/101777/testReport/projectroot.roottest.root.io/cpp11Containers/roottest_root_io_cpp11Containers_Names/); - [projectroot.roottest.root.dataframe.roottest_root_dataframe_test_progressiveCSV](https://lcgapp-services.cern.ch/root-jenkins/job/root-pullrequests-build/101777/testReport/projectroot.roottest.root/dataframe/roottest_root_dataframe_test_progressiveCSV/); - [projectroot.roottest.root.dataframe.roottest_root_dataframe_regression_multipletriggerrun](https://lcgapp-services.cern.ch/root-jenkins/job/root-pullrequests-build/101777/testReport/projectroot.roottest.root/dataframe/roottest_root_dataframe_regression_multipletriggerrun/); - [projectroot.roottest.root.dataframe.roottest_root_dataframe_read_leaves_nodict](https://lcgapp-services.cern.ch/root-jenkins/job/root-pullrequests-build/101777/testReport/projectroot.roottest.root/dataframe/roottest_root_dataframe_read_leaves_nodict/); - [projectroot.roottest.root.dataframe.roottest_root_dataframe_testIMT](https://lcgapp-services.cern.ch/root-jenkins/job/root-pullrequests-build/101777/testReport/projectroot.roottest.root/dataframe/roottest_root_dataframe_testIMT/),MatchSource.ISSUE_COMMENT,root-project,root,v6-32-06,https://github.com/root-project/root/pull/6805#issuecomment-726390984:239,test,tests,239,https://root.cern,https://github.com/root-project/root/pull/6805#issuecomment-726390984,7,['test'],"['testReport', 'tests']"
Testability,Build failed on ROOT-fedora30/cxx14.; Running on root-fedora30-1.cern.ch:/build/workspace/root-pullrequests-build; [See console output](https://lcgapp-services.cern.ch/root-jenkins/job/root-pullrequests-build/102347/console).; ### Failing tests:; - [projectroot.roottest.python.pythonizations.roottest_python_pythonizations_pythonizations](https://lcgapp-services.cern.ch/root-jenkins/job/root-pullrequests-build/102347/testReport/projectroot.roottest.python/pythonizations/roottest_python_pythonizations_pythonizations/); - [projectroot.roottest.python.pythonizations.roottest_python_pythonizations_smartptr](https://lcgapp-services.cern.ch/root-jenkins/job/root-pullrequests-build/102347/testReport/projectroot.roottest.python/pythonizations/roottest_python_pythonizations_smartptr/); - [projectroot.roottest.python.stl.roottest_python_stl_stl](https://lcgapp-services.cern.ch/root-jenkins/job/root-pullrequests-build/102347/testReport/projectroot.roottest.python/stl/roottest_python_stl_stl/),MatchSource.ISSUE_COMMENT,root-project,root,v6-32-06,https://github.com/root-project/root/pull/6849#issuecomment-731280010:239,test,tests,239,https://root.cern,https://github.com/root-project/root/pull/6849#issuecomment-731280010,4,['test'],"['testReport', 'tests']"
Testability,Build failed on ROOT-fedora30/cxx14.; Running on root-fedora30-1.cern.ch:/build/workspace/root-pullrequests-build; [See console output](https://lcgapp-services.cern.ch/root-jenkins/job/root-pullrequests-build/102376/console).; ### Failing tests:; - [projectroot.roottest.root.io.filemerger.roottest_root_io_filemerger_simple_default_compr_level9_datageneration](https://lcgapp-services.cern.ch/root-jenkins/job/root-pullrequests-build/102376/testReport/projectroot.roottest.root.io/filemerger/roottest_root_io_filemerger_simple_default_compr_level9_datageneration/); - [projectroot.roottest.root.io.filemerger.roottest_root_io_filemerger_simple_default_compr_level9](https://lcgapp-services.cern.ch/root-jenkins/job/root-pullrequests-build/102376/testReport/projectroot.roottest.root.io/filemerger/roottest_root_io_filemerger_simple_default_compr_level9/); - [projectroot.roottest.root.io.filemerger.roottest_root_io_filemerger_simple_lz4_compr_level9](https://lcgapp-services.cern.ch/root-jenkins/job/root-pullrequests-build/102376/testReport/projectroot.roottest.root.io/filemerger/roottest_root_io_filemerger_simple_lz4_compr_level9/); - [projectroot.roottest.root.io.filemerger.roottest_root_io_filemerger_simplex2_default_compr_level9](https://lcgapp-services.cern.ch/root-jenkins/job/root-pullrequests-build/102376/testReport/projectroot.roottest.root.io/filemerger/roottest_root_io_filemerger_simplex2_default_compr_level9/); - [projectroot.roottest.root.io.filemerger.roottest_root_io_filemerger_simple_lzma_compr_level9](https://lcgapp-services.cern.ch/root-jenkins/job/root-pullrequests-build/102376/testReport/projectroot.roottest.root.io/filemerger/roottest_root_io_filemerger_simple_lzma_compr_level9/); - [projectroot.roottest.root.io.filemerger.roottest_root_io_filemerger_simplek_default_compr_deflevel](https://lcgapp-services.cern.ch/root-jenkins/job/root-pullrequests-build/102376/testReport/projectroot.roottest.root.io/filemerger/roottest_root_io_filemerger_simplek_default_compr_,MatchSource.ISSUE_COMMENT,root-project,root,v6-32-06,https://github.com/root-project/root/pull/6854#issuecomment-731510243:239,test,tests,239,https://root.cern,https://github.com/root-project/root/pull/6854#issuecomment-731510243,3,['test'],"['testReport', 'tests']"
Testability,Build failed on ROOT-fedora30/cxx14.; Running on root-fedora30-1.cern.ch:/build/workspace/root-pullrequests-build; [See console output](https://lcgapp-services.cern.ch/root-jenkins/job/root-pullrequests-build/102392/console).; ### Failing tests:; - [projectroot.roottest.root.io.filemerger.roottest_root_io_filemerger_simple_default_compr_level9_datageneration](https://lcgapp-services.cern.ch/root-jenkins/job/root-pullrequests-build/102392/testReport/projectroot.roottest.root.io/filemerger/roottest_root_io_filemerger_simple_default_compr_level9_datageneration/); - [projectroot.roottest.root.io.filemerger.roottest_root_io_filemerger_simple_default_compr_level9](https://lcgapp-services.cern.ch/root-jenkins/job/root-pullrequests-build/102392/testReport/projectroot.roottest.root.io/filemerger/roottest_root_io_filemerger_simple_default_compr_level9/); - [projectroot.roottest.root.io.filemerger.roottest_root_io_filemerger_simplex2_default_compr_level9](https://lcgapp-services.cern.ch/root-jenkins/job/root-pullrequests-build/102392/testReport/projectroot.roottest.root.io/filemerger/roottest_root_io_filemerger_simplex2_default_compr_level9/); - [projectroot.roottest.root.io.filemerger.roottest_root_io_filemerger_simple_lz4_compr_level9](https://lcgapp-services.cern.ch/root-jenkins/job/root-pullrequests-build/102392/testReport/projectroot.roottest.root.io/filemerger/roottest_root_io_filemerger_simple_lz4_compr_level9/); - [projectroot.roottest.root.io.filemerger.roottest_root_io_filemerger_simple_lzma_compr_level9](https://lcgapp-services.cern.ch/root-jenkins/job/root-pullrequests-build/102392/testReport/projectroot.roottest.root.io/filemerger/roottest_root_io_filemerger_simple_lzma_compr_level9/); - [projectroot.roottest.root.io.filemerger.roottest_root_io_filemerger_simplek_default_compr_deflevel](https://lcgapp-services.cern.ch/root-jenkins/job/root-pullrequests-build/102392/testReport/projectroot.roottest.root.io/filemerger/roottest_root_io_filemerger_simplek_default_compr_,MatchSource.ISSUE_COMMENT,root-project,root,v6-32-06,https://github.com/root-project/root/pull/6854#issuecomment-731628909:239,test,tests,239,https://root.cern,https://github.com/root-project/root/pull/6854#issuecomment-731628909,3,['test'],"['testReport', 'tests']"
Testability,Build failed on ROOT-fedora30/cxx14.; Running on root-fedora30-1.cern.ch:/build/workspace/root-pullrequests-build; [See console output](https://lcgapp-services.cern.ch/root-jenkins/job/root-pullrequests-build/102512/console).; ### Failing tests:; - [projectroot.bindings.pyroot.pythonizations.test.pyunittests_pyroot_import_load_libs](https://lcgapp-services.cern.ch/root-jenkins/job/root-pullrequests-build/102512/testReport/projectroot.bindings.pyroot.pythonizations/test/pyunittests_pyroot_import_load_libs/); - [projectroot.core.dictgen.test.gtest_core_dictgen_test_dictgen_base](https://lcgapp-services.cern.ch/root-jenkins/job/root-pullrequests-build/102512/testReport/projectroot.core.dictgen/test/gtest_core_dictgen_test_dictgen_base/); - [projectroot.core.meta.test.gtest_core_meta_test_testTClass](https://lcgapp-services.cern.ch/root-jenkins/job/root-pullrequests-build/102512/testReport/projectroot.core.meta/test/gtest_core_meta_test_testTClass/); - [projectroot.core.metacling.test.gtest_core_metacling_test_TClingTest](https://lcgapp-services.cern.ch/root-jenkins/job/root-pullrequests-build/102512/testReport/projectroot.core.metacling/test/gtest_core_metacling_test_TClingTest/); - [projectroot.roottest.scripts.roottest_scripts_utils](https://lcgapp-services.cern.ch/root-jenkins/job/root-pullrequests-build/102512/testReport/projectroot.roottest/scripts/roottest_scripts_utils/); - [projectroot.roottest.cling.const.roottest_cling_const_run2](https://lcgapp-services.cern.ch/root-jenkins/job/root-pullrequests-build/102512/testReport/projectroot.roottest.cling/const/roottest_cling_const_run2/); - [projectroot.roottest.cling.const.roottest_cling_const_constCharTest](https://lcgapp-services.cern.ch/root-jenkins/job/root-pullrequests-build/102512/testReport/projectroot.roottest.cling/const/roottest_cling_const_constCharTest/); - [projectroot.roottest.cling.dict.roottest_cling_dict_rundefaultargs_compiled](https://lcgapp-services.cern.ch/root-jenkins/job/root-pullrequests-build,MatchSource.ISSUE_COMMENT,root-project,root,v6-32-06,https://github.com/root-project/root/pull/6850#issuecomment-732269731:239,test,tests,239,https://root.cern,https://github.com/root-project/root/pull/6850#issuecomment-732269731,11,['test'],"['test', 'testReport', 'tests']"
Testability,Build failed on ROOT-fedora30/cxx14.; Running on root-fedora30-1.cern.ch:/build/workspace/root-pullrequests-build; [See console output](https://lcgapp-services.cern.ch/root-jenkins/job/root-pullrequests-build/102582/console).; ### Failing tests:; - [projectroot.roottest.python.pythonizations.roottest_python_pythonizations_pythonizations](https://lcgapp-services.cern.ch/root-jenkins/job/root-pullrequests-build/102582/testReport/projectroot.roottest.python/pythonizations/roottest_python_pythonizations_pythonizations/); - [projectroot.roottest.python.pythonizations.roottest_python_pythonizations_smartptr](https://lcgapp-services.cern.ch/root-jenkins/job/root-pullrequests-build/102582/testReport/projectroot.roottest.python/pythonizations/roottest_python_pythonizations_smartptr/); - [projectroot.roottest.python.stl.roottest_python_stl_stl](https://lcgapp-services.cern.ch/root-jenkins/job/root-pullrequests-build/102582/testReport/projectroot.roottest.python/stl/roottest_python_stl_stl/); - [projectroot.roottest.root.io.emulated.roottest_root_io_emulated_make](https://lcgapp-services.cern.ch/root-jenkins/job/root-pullrequests-build/102582/testReport/projectroot.roottest.root.io/emulated/roottest_root_io_emulated_make/); - [projectroot.roottest.root.tree.fastcloning.roottest_root_tree_fastcloning_execCheckClusterRange](https://lcgapp-services.cern.ch/root-jenkins/job/root-pullrequests-build/102582/testReport/projectroot.roottest.root.tree/fastcloning/roottest_root_tree_fastcloning_execCheckClusterRange/),MatchSource.ISSUE_COMMENT,root-project,root,v6-32-06,https://github.com/root-project/root/pull/6873#issuecomment-732489204:239,test,tests,239,https://root.cern,https://github.com/root-project/root/pull/6873#issuecomment-732489204,6,['test'],"['testReport', 'tests']"
Testability,Build failed on ROOT-fedora30/cxx14.; Running on root-fedora30-1.cern.ch:/build/workspace/root-pullrequests-build; [See console output](https://lcgapp-services.cern.ch/root-jenkins/job/root-pullrequests-build/102589/console).; ### Failing tests:; - [projectroot.roottest.root.meta.tclass.issue-6840.roottest_root_meta_tclass_issue_6840_emulatePairsTest](https://lcgapp-services.cern.ch/root-jenkins/job/root-pullrequests-build/102589/testReport/projectroot.roottest.root.meta.tclass/issue-6840/roottest_root_meta_tclass_issue_6840_emulatePairsTest/),MatchSource.ISSUE_COMMENT,root-project,root,v6-32-06,https://github.com/root-project/root/pull/6854#issuecomment-732508560:239,test,tests,239,https://root.cern,https://github.com/root-project/root/pull/6854#issuecomment-732508560,2,['test'],"['testReport', 'tests']"
Testability,"Build failed on ROOT-fedora30/cxx14.; Running on root-fedora30-1.cern.ch:/build/workspace/root-pullrequests-build; [See console output](https://lcgapp-services.cern.ch/root-jenkins/job/root-pullrequests-build/102673/console).; ### Warnings:; - [2020-11-24T19:45:37.150Z] /build/workspace/root-pullrequests-build/root/core/meta/src/TClass.cxx:734:14: warning: ‘char* strncat(char*, const char*, size_t)’ specified bound 1024 equals destination size [-Wstringop-overflow=] . ### Failing tests:; - [projectroot.roottest.root.io.newClassDef.roottest_root_io_newClassDef_make](https://lcgapp-services.cern.ch/root-jenkins/job/root-pullrequests-build/102673/testReport/projectroot.roottest.root.io/newClassDef/roottest_root_io_newClassDef_make/)",MatchSource.ISSUE_COMMENT,root-project,root,v6-32-06,https://github.com/root-project/root/pull/6854#issuecomment-733211499:485,test,tests,485,https://root.cern,https://github.com/root-project/root/pull/6854#issuecomment-733211499,2,['test'],"['testReport', 'tests']"
Testability,Build failed on ROOT-fedora30/cxx14.; Running on root-fedora30-1.cern.ch:/build/workspace/root-pullrequests-build; [See console output](https://lcgapp-services.cern.ch/root-jenkins/job/root-pullrequests-build/102687/console).; ### Failing tests:; - [projectroot.roottest.python.pythonizations.roottest_python_pythonizations_pythonizations](https://lcgapp-services.cern.ch/root-jenkins/job/root-pullrequests-build/102687/testReport/projectroot.roottest.python/pythonizations/roottest_python_pythonizations_pythonizations/); - [projectroot.roottest.python.pythonizations.roottest_python_pythonizations_smartptr](https://lcgapp-services.cern.ch/root-jenkins/job/root-pullrequests-build/102687/testReport/projectroot.roottest.python/pythonizations/roottest_python_pythonizations_smartptr/); - [projectroot.roottest.python.stl.roottest_python_stl_stl](https://lcgapp-services.cern.ch/root-jenkins/job/root-pullrequests-build/102687/testReport/projectroot.roottest.python/stl/roottest_python_stl_stl/),MatchSource.ISSUE_COMMENT,root-project,root,v6-32-06,https://github.com/root-project/root/pull/6873#issuecomment-733251489:239,test,tests,239,https://root.cern,https://github.com/root-project/root/pull/6873#issuecomment-733251489,4,['test'],"['testReport', 'tests']"
Testability,Build failed on ROOT-fedora30/cxx14.; Running on root-fedora30-1.cern.ch:/build/workspace/root-pullrequests-build; [See console output](https://lcgapp-services.cern.ch/root-jenkins/job/root-pullrequests-build/102750/console).; ### Failing tests:; - [projectroot.roottest.python.pythonizations.roottest_python_pythonizations_pythonizations](https://lcgapp-services.cern.ch/root-jenkins/job/root-pullrequests-build/102750/testReport/projectroot.roottest.python/pythonizations/roottest_python_pythonizations_pythonizations/); - [projectroot.roottest.python.pythonizations.roottest_python_pythonizations_smartptr](https://lcgapp-services.cern.ch/root-jenkins/job/root-pullrequests-build/102750/testReport/projectroot.roottest.python/pythonizations/roottest_python_pythonizations_smartptr/); - [projectroot.roottest.python.stl.roottest_python_stl_stl](https://lcgapp-services.cern.ch/root-jenkins/job/root-pullrequests-build/102750/testReport/projectroot.roottest.python/stl/roottest_python_stl_stl/),MatchSource.ISSUE_COMMENT,root-project,root,v6-32-06,https://github.com/root-project/root/pull/6877#issuecomment-733754462:239,test,tests,239,https://root.cern,https://github.com/root-project/root/pull/6877#issuecomment-733754462,4,['test'],"['testReport', 'tests']"
Testability,Build failed on ROOT-fedora30/cxx14.; Running on root-fedora30-1.cern.ch:/build/workspace/root-pullrequests-build; [See console output](https://lcgapp-services.cern.ch/root-jenkins/job/root-pullrequests-build/102794/console).; ### Failing tests:; - [projectroot.roottest.root.io.filemerger.roottest_root_io_filemerger_simple_default_compr_level9_datageneration](https://lcgapp-services.cern.ch/root-jenkins/job/root-pullrequests-build/102794/testReport/projectroot.roottest.root.io/filemerger/roottest_root_io_filemerger_simple_default_compr_level9_datageneration/); - [projectroot.roottest.root.io.filemerger.roottest_root_io_filemerger_simple_default_compr_level9](https://lcgapp-services.cern.ch/root-jenkins/job/root-pullrequests-build/102794/testReport/projectroot.roottest.root.io/filemerger/roottest_root_io_filemerger_simple_default_compr_level9/); - [projectroot.roottest.root.io.filemerger.roottest_root_io_filemerger_simple_lzma_compr_level9](https://lcgapp-services.cern.ch/root-jenkins/job/root-pullrequests-build/102794/testReport/projectroot.roottest.root.io/filemerger/roottest_root_io_filemerger_simple_lzma_compr_level9/); - [projectroot.roottest.root.io.filemerger.roottest_root_io_filemerger_simple_lz4_compr_level9](https://lcgapp-services.cern.ch/root-jenkins/job/root-pullrequests-build/102794/testReport/projectroot.roottest.root.io/filemerger/roottest_root_io_filemerger_simple_lz4_compr_level9/); - [projectroot.roottest.root.io.filemerger.roottest_root_io_filemerger_simplex2_default_compr_level9](https://lcgapp-services.cern.ch/root-jenkins/job/root-pullrequests-build/102794/testReport/projectroot.roottest.root.io/filemerger/roottest_root_io_filemerger_simplex2_default_compr_level9/); - [projectroot.roottest.root.io.filemerger.roottest_root_io_filemerger_simplek_default_compr_deflevel](https://lcgapp-services.cern.ch/root-jenkins/job/root-pullrequests-build/102794/testReport/projectroot.roottest.root.io/filemerger/roottest_root_io_filemerger_simplek_default_compr_,MatchSource.ISSUE_COMMENT,root-project,root,v6-32-06,https://github.com/root-project/root/pull/6880#issuecomment-733873342:239,test,tests,239,https://root.cern,https://github.com/root-project/root/pull/6880#issuecomment-733873342,3,['test'],"['testReport', 'tests']"
Testability,Build failed on ROOT-fedora30/cxx14.; Running on root-fedora30-1.cern.ch:/build/workspace/root-pullrequests-build; [See console output](https://lcgapp-services.cern.ch/root-jenkins/job/root-pullrequests-build/102831/console).; ### Failing tests:; - [projectroot.tree.dataframe.test.gtest_tree_dataframe_test_datasource_ntuple](https://lcgapp-services.cern.ch/root-jenkins/job/root-pullrequests-build/102831/testReport/projectroot.tree.dataframe/test/gtest_tree_dataframe_test_datasource_ntuple/),MatchSource.ISSUE_COMMENT,root-project,root,v6-32-06,https://github.com/root-project/root/pull/6700#issuecomment-734153998:239,test,tests,239,https://root.cern,https://github.com/root-project/root/pull/6700#issuecomment-734153998,4,['test'],"['test', 'testReport', 'tests']"
Testability,Build failed on ROOT-fedora30/cxx14.; Running on root-fedora30-1.cern.ch:/build/workspace/root-pullrequests-build; [See console output](https://lcgapp-services.cern.ch/root-jenkins/job/root-pullrequests-build/102838/console).; ### Failing tests:; - [projectroot.roottest.root.meta.autoloading.roottest_root_meta_autoloading_exectypeDefAutoloading_auto](https://lcgapp-services.cern.ch/root-jenkins/job/root-pullrequests-build/102838/testReport/projectroot.roottest.root.meta/autoloading/roottest_root_meta_autoloading_exectypeDefAutoloading_auto/); - [projectroot.roottest.root.meta.dictSelection.roottest_root_meta_dictSelection_execAtlasTest](https://lcgapp-services.cern.ch/root-jenkins/job/root-pullrequests-build/102838/testReport/projectroot.roottest.root.meta/dictSelection/roottest_root_meta_dictSelection_execAtlasTest/),MatchSource.ISSUE_COMMENT,root-project,root,v6-32-06,https://github.com/root-project/root/pull/6880#issuecomment-734214625:239,test,tests,239,https://root.cern,https://github.com/root-project/root/pull/6880#issuecomment-734214625,3,['test'],"['testReport', 'tests']"
Testability,Build failed on ROOT-fedora30/cxx14.; Running on root-fedora30-1.cern.ch:/build/workspace/root-pullrequests-build; [See console output](https://lcgapp-services.cern.ch/root-jenkins/job/root-pullrequests-build/102852/console).; ### Failing tests:; - [projectroot.roottest.root.meta.autoloading.roottest_root_meta_autoloading_exectypeDefAutoloading_auto](https://lcgapp-services.cern.ch/root-jenkins/job/root-pullrequests-build/102852/testReport/projectroot.roottest.root.meta/autoloading/roottest_root_meta_autoloading_exectypeDefAutoloading_auto/),MatchSource.ISSUE_COMMENT,root-project,root,v6-32-06,https://github.com/root-project/root/pull/6880#issuecomment-734234317:239,test,tests,239,https://root.cern,https://github.com/root-project/root/pull/6880#issuecomment-734234317,2,['test'],"['testReport', 'tests']"
Testability,Build failed on ROOT-fedora30/cxx14.; Running on root-fedora30-1.cern.ch:/build/workspace/root-pullrequests-build; [See console output](https://lcgapp-services.cern.ch/root-jenkins/job/root-pullrequests-build/102887/console).; ### Failing tests:; - [projectroot.roottest.root.multicore.roottest_root_multicore_threadExecutor_build](https://lcgapp-services.cern.ch/root-jenkins/job/root-pullrequests-build/102887/testReport/projectroot.roottest.root/multicore/roottest_root_multicore_threadExecutor_build/); - [projectroot.roottest.root.multicore.roottest_root_multicore_threadExecutor](https://lcgapp-services.cern.ch/root-jenkins/job/root-pullrequests-build/102887/testReport/projectroot.roottest.root/multicore/roottest_root_multicore_threadExecutor/),MatchSource.ISSUE_COMMENT,root-project,root,v6-32-06,https://github.com/root-project/root/pull/6327#issuecomment-734334313:239,test,tests,239,https://root.cern,https://github.com/root-project/root/pull/6327#issuecomment-734334313,3,['test'],"['testReport', 'tests']"
Testability,Build failed on ROOT-fedora30/cxx14.; Running on root-fedora30-1.cern.ch:/build/workspace/root-pullrequests-build; [See console output](https://lcgapp-services.cern.ch/root-jenkins/job/root-pullrequests-build/102915/console).; ### Failing tests:; - [projectroot.roottest.root.multicore.roottest_root_multicore_threadExecutor_build](https://lcgapp-services.cern.ch/root-jenkins/job/root-pullrequests-build/102915/testReport/projectroot.roottest.root/multicore/roottest_root_multicore_threadExecutor_build/); - [projectroot.roottest.root.multicore.roottest_root_multicore_threadExecutor](https://lcgapp-services.cern.ch/root-jenkins/job/root-pullrequests-build/102915/testReport/projectroot.roottest.root/multicore/roottest_root_multicore_threadExecutor/),MatchSource.ISSUE_COMMENT,root-project,root,v6-32-06,https://github.com/root-project/root/pull/6327#issuecomment-734357569:239,test,tests,239,https://root.cern,https://github.com/root-project/root/pull/6327#issuecomment-734357569,3,['test'],"['testReport', 'tests']"
Testability,Build failed on ROOT-fedora30/cxx14.; Running on root-fedora30-1.cern.ch:/build/workspace/root-pullrequests-build; [See console output](https://lcgapp-services.cern.ch/root-jenkins/job/root-pullrequests-build/102985/console).; ### Failing tests:; - [projectroot.math.genetic.test.genetic_GAMinTutorial](https://lcgapp-services.cern.ch/root-jenkins/job/root-pullrequests-build/102985/testReport/projectroot.math.genetic/test/genetic_GAMinTutorial/); - [projectroot.math.mathcore.test.mathcore_testFit](https://lcgapp-services.cern.ch/root-jenkins/job/root-pullrequests-build/102985/testReport/projectroot.math.mathcore/test/mathcore_testFit/); - [projectroot.math.mathcore.test.mathcore_testBinnedFitExecPolicy](https://lcgapp-services.cern.ch/root-jenkins/job/root-pullrequests-build/102985/testReport/projectroot.math.mathcore/test/mathcore_testBinnedFitExecPolicy/); - [projectroot.math.mathcore.test.mathcore_testLogLExecPolicy](https://lcgapp-services.cern.ch/root-jenkins/job/root-pullrequests-build/102985/testReport/projectroot.math.mathcore/test/mathcore_testLogLExecPolicy/); - [projectroot.math.mathcore.test.mathcore_testGraphFit](https://lcgapp-services.cern.ch/root-jenkins/job/root-pullrequests-build/102985/testReport/projectroot.math.mathcore/test/mathcore_testGraphFit/); - [projectroot.math.minuit2.test.minuit2_testMinimizer](https://lcgapp-services.cern.ch/root-jenkins/job/root-pullrequests-build/102985/testReport/projectroot.math.minuit2/test/minuit2_testMinimizer/); - [projectroot.test.test_stressHistFactory_interpreted](https://lcgapp-services.cern.ch/root-jenkins/job/root-pullrequests-build/102985/testReport/projectroot/test/test_stressHistFactory_interpreted/); - [projectroot.test.test_stresshistofit_interpreted](https://lcgapp-services.cern.ch/root-jenkins/job/root-pullrequests-build/102985/testReport/projectroot/test/test_stresshistofit_interpreted/); - [projectroot.roottest.root.roofitstats.gtesttest_root_roofitstats_stabilityTests](https://lcgapp-services.cern,MatchSource.ISSUE_COMMENT,root-project,root,v6-32-06,https://github.com/root-project/root/pull/6705#issuecomment-735847861:239,test,tests,239,https://root.cern,https://github.com/root-project/root/pull/6705#issuecomment-735847861,12,['test'],"['test', 'testReport', 'tests']"
Testability,Build failed on ROOT-fedora30/cxx14.; Running on root-fedora30-1.cern.ch:/build/workspace/root-pullrequests-build; [See console output](https://lcgapp-services.cern.ch/root-jenkins/job/root-pullrequests-build/103273/console).; ### Failing tests:; - [projectroot.roottest.cling.autoauto.roottest_cling_autoauto_ROOT8442](https://lcgapp-services.cern.ch/root-jenkins/job/root-pullrequests-build/103273/testReport/projectroot.roottest.cling/autoauto/roottest_cling_autoauto_ROOT8442/); - [projectroot.roottest.cling.function.roottest_cling_function_runstaticfunc](https://lcgapp-services.cern.ch/root-jenkins/job/root-pullrequests-build/103273/testReport/projectroot.roottest.cling/function/roottest_cling_function_runstaticfunc/); - [projectroot.roottest.cling.specialobj.roottest_cling_specialobj_runf02](https://lcgapp-services.cern.ch/root-jenkins/job/root-pullrequests-build/103273/testReport/projectroot.roottest.cling/specialobj/roottest_cling_specialobj_runf02/); - [projectroot.roottest.cling.specialobj.roottest_cling_specialobj_unhappy](https://lcgapp-services.cern.ch/root-jenkins/job/root-pullrequests-build/103273/testReport/projectroot.roottest.cling/specialobj/roottest_cling_specialobj_unhappy/); - [projectroot.roottest.root.rint.roottest_root_rint_TabCom](https://lcgapp-services.cern.ch/root-jenkins/job/root-pullrequests-build/103273/testReport/projectroot.roottest.root/rint/roottest_root_rint_TabCom/),MatchSource.ISSUE_COMMENT,root-project,root,v6-32-06,https://github.com/root-project/root/pull/6707#issuecomment-738671658:239,test,tests,239,https://root.cern,https://github.com/root-project/root/pull/6707#issuecomment-738671658,6,['test'],"['testReport', 'tests']"
Testability,Build failed on ROOT-fedora30/cxx14.; Running on root-fedora30-1.cern.ch:/build/workspace/root-pullrequests-build; [See console output](https://lcgapp-services.cern.ch/root-jenkins/job/root-pullrequests-build/103315/console).; ### Failing tests:; - [projectroot.tree.dataframe.test.gtest_tree_dataframe_test_dataframe_concurrency](https://lcgapp-services.cern.ch/root-jenkins/job/root-pullrequests-build/103315/testReport/projectroot.tree.dataframe/test/gtest_tree_dataframe_test_dataframe_concurrency/),MatchSource.ISSUE_COMMENT,root-project,root,v6-32-06,https://github.com/root-project/root/pull/6875#issuecomment-738851106:239,test,tests,239,https://root.cern,https://github.com/root-project/root/pull/6875#issuecomment-738851106,4,['test'],"['test', 'testReport', 'tests']"
Testability,Build failed on ROOT-fedora30/cxx14.; Running on root-fedora30-1.cern.ch:/build/workspace/root-pullrequests-build; [See console output](https://lcgapp-services.cern.ch/root-jenkins/job/root-pullrequests-build/103908/console).; ### Failing tests:; - [projectroot.roottest.root.meta.tclass.issue-6767.roottest_root_meta_tclass_issue_6767_reproducer](https://lcgapp-services.cern.ch/root-jenkins/job/root-pullrequests-build/103908/testReport/projectroot.roottest.root.meta.tclass/issue-6767/roottest_root_meta_tclass_issue_6767_reproducer/); - [projectroot.roottest.root.meta.tclass.issue-6840.roottest_root_meta_tclass_issue_6840_emulatePairsTest](https://lcgapp-services.cern.ch/root-jenkins/job/root-pullrequests-build/103908/testReport/projectroot.roottest.root.meta.tclass/issue-6840/roottest_root_meta_tclass_issue_6840_emulatePairsTest/),MatchSource.ISSUE_COMMENT,root-project,root,v6-32-06,https://github.com/root-project/root/pull/6880#issuecomment-745408186:239,test,tests,239,https://root.cern,https://github.com/root-project/root/pull/6880#issuecomment-745408186,3,['test'],"['testReport', 'tests']"
Testability,Build failed on ROOT-fedora30/cxx14.; Running on root-fedora30-1.cern.ch:/build/workspace/root-pullrequests-build; [See console output](https://lcgapp-services.cern.ch/root-jenkins/job/root-pullrequests-build/103913/console).; ### Failing tests:; - [projectroot.roottest.python.pickle.roottest_python_pickle_write](https://lcgapp-services.cern.ch/root-jenkins/job/root-pullrequests-build/103913/testReport/projectroot.roottest.python/pickle/roottest_python_pickle_write/); - [projectroot.bindings.pyroot.pythonizations.test.pyunittests_pyroot_pyz_tdirectory_attrsyntax](https://lcgapp-services.cern.ch/root-jenkins/job/root-pullrequests-build/103913/testReport/projectroot.bindings.pyroot.pythonizations/test/pyunittests_pyroot_pyz_tdirectory_attrsyntax/); - [projectroot.bindings.pyroot.pythonizations.test.pyunittests_pyroot_pyz_tdirectoryfile_attrsyntax_get](https://lcgapp-services.cern.ch/root-jenkins/job/root-pullrequests-build/103913/testReport/projectroot.bindings.pyroot.pythonizations/test/pyunittests_pyroot_pyz_tdirectoryfile_attrsyntax_get/); - [projectroot.bindings.pyroot.pythonizations.test.pyunittests_pyroot_pyz_ttree_asmatrix](https://lcgapp-services.cern.ch/root-jenkins/job/root-pullrequests-build/103913/testReport/projectroot.bindings.pyroot.pythonizations/test/pyunittests_pyroot_pyz_ttree_asmatrix/); - [projectroot.bindings.pyroot.pythonizations.test.pyunittests_pyroot_pyz_rdataframe_asnumpy](https://lcgapp-services.cern.ch/root-jenkins/job/root-pullrequests-build/103913/testReport/projectroot.bindings.pyroot.pythonizations/test/pyunittests_pyroot_pyz_rdataframe_asnumpy/); - [projectroot.core.thread.test.gtest_core_thread_test_corethreadtestUnit](https://lcgapp-services.cern.ch/root-jenkins/job/root-pullrequests-build/103913/testReport/projectroot.core.thread/test/gtest_core_thread_test_corethreadtestUnit/); - [projectroot.core.thread.test.gtest_core_thread_test_testTThreadedObject](https://lcgapp-services.cern.ch/root-jenkins/job/root-pullrequests-build/103913/,MatchSource.ISSUE_COMMENT,root-project,root,v6-32-06,https://github.com/root-project/root/pull/6952#issuecomment-745541633:239,test,tests,239,https://root.cern,https://github.com/root-project/root/pull/6952#issuecomment-745541633,7,['test'],"['test', 'testReport', 'tests']"
Testability,Build failed on ROOT-fedora30/cxx14.; Running on root-fedora30-1.cern.ch:/build/workspace/root-pullrequests-build; [See console output](https://lcgapp-services.cern.ch/root-jenkins/job/root-pullrequests-build/104164/console).; ### Failing tests:; - [projectroot.tree.dataframe.test.gtest_tree_dataframe_test_dataframe_simple](https://lcgapp-services.cern.ch/root-jenkins/job/root-pullrequests-build/104164/testReport/projectroot.tree.dataframe/test/gtest_tree_dataframe_test_dataframe_simple/); - [projectroot.roottest.root.tree.chain.roottest_root_tree_chain_make](https://lcgapp-services.cern.ch/root-jenkins/job/root-pullrequests-build/104164/testReport/projectroot.roottest.root.tree/chain/roottest_root_tree_chain_make/); - [projectroot.roottest.root.tree.friend.roottest_root_tree_friend_make](https://lcgapp-services.cern.ch/root-jenkins/job/root-pullrequests-build/104164/testReport/projectroot.roottest.root.tree/friend/roottest_root_tree_friend_make/),MatchSource.ISSUE_COMMENT,root-project,root,v6-32-06,https://github.com/root-project/root/pull/6821#issuecomment-749152364:239,test,tests,239,https://root.cern,https://github.com/root-project/root/pull/6821#issuecomment-749152364,6,['test'],"['test', 'testReport', 'tests']"
Testability,Build failed on ROOT-fedora30/cxx14.; Running on root-fedora30-1.cern.ch:/build/workspace/root-pullrequests-build; [See console output](https://lcgapp-services.cern.ch/root-jenkins/job/root-pullrequests-build/104326/console).; ### Failing tests:; - [projectroot.tree.ntuple.v7.test.gtest_tree_ntuple_v7_test_ntuple_extended](https://lcgapp-services.cern.ch/root-jenkins/job/root-pullrequests-build/104326/testReport/projectroot.tree.ntuple.v7/test/gtest_tree_ntuple_v7_test_ntuple_extended/),MatchSource.ISSUE_COMMENT,root-project,root,v6-32-06,https://github.com/root-project/root/pull/6989#issuecomment-754715694:239,test,tests,239,https://root.cern,https://github.com/root-project/root/pull/6989#issuecomment-754715694,4,['test'],"['test', 'testReport', 'tests']"
Testability,Build failed on ROOT-fedora30/cxx14.; Running on root-fedora30-1.cern.ch:/build/workspace/root-pullrequests-build; [See console output](https://lcgapp-services.cern.ch/root-jenkins/job/root-pullrequests-build/104382/console).; ### Failing tests:; - [projectroot.roottest.root.multicore.roottest_root_multicore_tp_process_imt](https://lcgapp-services.cern.ch/root-jenkins/job/root-pullrequests-build/104382/testReport/projectroot.roottest.root/multicore/roottest_root_multicore_tp_process_imt/),MatchSource.ISSUE_COMMENT,root-project,root,v6-32-06,https://github.com/root-project/root/pull/6995#issuecomment-755268685:239,test,tests,239,https://root.cern,https://github.com/root-project/root/pull/6995#issuecomment-755268685,2,['test'],"['testReport', 'tests']"
Testability,Build failed on ROOT-fedora30/cxx14.; Running on root-fedora30-1.cern.ch:/build/workspace/root-pullrequests-build; [See console output](https://lcgapp-services.cern.ch/root-jenkins/job/root-pullrequests-build/104439/console).; ### Failing tests:; - [projectroot.tree.ntuple.v7.test.gtest_tree_ntuple_v7_test_ntuple_extended](https://lcgapp-services.cern.ch/root-jenkins/job/root-pullrequests-build/104439/testReport/projectroot.tree.ntuple.v7/test/gtest_tree_ntuple_v7_test_ntuple_extended/),MatchSource.ISSUE_COMMENT,root-project,root,v6-32-06,https://github.com/root-project/root/pull/6814#issuecomment-756230553:239,test,tests,239,https://root.cern,https://github.com/root-project/root/pull/6814#issuecomment-756230553,4,['test'],"['test', 'testReport', 'tests']"
Testability,Build failed on ROOT-fedora30/cxx14.; Running on root-fedora30-1.cern.ch:/build/workspace/root-pullrequests-build; [See console output](https://lcgapp-services.cern.ch/root-jenkins/job/root-pullrequests-build/104481/console).; ### Failing tests:; - [projectroot.tree.ntuple.v7.test.gtest_tree_ntuple_v7_test_ntuple_extended](https://lcgapp-services.cern.ch/root-jenkins/job/root-pullrequests-build/104481/testReport/projectroot.tree.ntuple.v7/test/gtest_tree_ntuple_v7_test_ntuple_extended/),MatchSource.ISSUE_COMMENT,root-project,root,v6-32-06,https://github.com/root-project/root/pull/6828#issuecomment-757812422:239,test,tests,239,https://root.cern,https://github.com/root-project/root/pull/6828#issuecomment-757812422,4,['test'],"['test', 'testReport', 'tests']"
Testability,Build failed on ROOT-fedora30/cxx14.; Running on root-fedora30-1.cern.ch:/build/workspace/root-pullrequests-build; [See console output](https://lcgapp-services.cern.ch/root-jenkins/job/root-pullrequests-build/104622/console).; ### Failing tests:; - [projectroot.core.rint.test.gtest_core_rint_test_TTabComTests](https://lcgapp-services.cern.ch/root-jenkins/job/root-pullrequests-build/104622/testReport/projectroot.core.rint/test/gtest_core_rint_test_TTabComTests/),MatchSource.ISSUE_COMMENT,root-project,root,v6-32-06,https://github.com/root-project/root/pull/7028#issuecomment-758717596:239,test,tests,239,https://root.cern,https://github.com/root-project/root/pull/7028#issuecomment-758717596,4,['test'],"['test', 'testReport', 'tests']"
Testability,Build failed on ROOT-fedora30/cxx14.; Running on root-fedora30-1.cern.ch:/build/workspace/root-pullrequests-build; [See console output](https://lcgapp-services.cern.ch/root-jenkins/job/root-pullrequests-build/104665/console).; ### Failing tests:; - [projectroot.core.rint.test.gtest_core_rint_test_TTabComTests](https://lcgapp-services.cern.ch/root-jenkins/job/root-pullrequests-build/104665/testReport/projectroot.core.rint/test/gtest_core_rint_test_TTabComTests/),MatchSource.ISSUE_COMMENT,root-project,root,v6-32-06,https://github.com/root-project/root/pull/7020#issuecomment-759405527:239,test,tests,239,https://root.cern,https://github.com/root-project/root/pull/7020#issuecomment-759405527,4,['test'],"['test', 'testReport', 'tests']"
Testability,Build failed on ROOT-fedora30/cxx14.; Running on root-fedora30-1.cern.ch:/build/workspace/root-pullrequests-build; [See console output](https://lcgapp-services.cern.ch/root-jenkins/job/root-pullrequests-build/104723/console).; ### Failing tests:; - [projectroot.core.rint.test.gtest_core_rint_test_TTabComTests](https://lcgapp-services.cern.ch/root-jenkins/job/root-pullrequests-build/104723/testReport/projectroot.core.rint/test/gtest_core_rint_test_TTabComTests/),MatchSource.ISSUE_COMMENT,root-project,root,v6-32-06,https://github.com/root-project/root/pull/7035#issuecomment-759571749:239,test,tests,239,https://root.cern,https://github.com/root-project/root/pull/7035#issuecomment-759571749,4,['test'],"['test', 'testReport', 'tests']"
Testability,Build failed on ROOT-fedora30/cxx14.; Running on root-fedora30-1.cern.ch:/build/workspace/root-pullrequests-build; [See console output](https://lcgapp-services.cern.ch/root-jenkins/job/root-pullrequests-build/104779/console).; ### Failing tests:; - [projectroot.bindings.pyroot.pythonizations.test.pyunittests_pyroot_import_load_libs](https://lcgapp-services.cern.ch/root-jenkins/job/root-pullrequests-build/104779/testReport/projectroot.bindings.pyroot.pythonizations/test/pyunittests_pyroot_import_load_libs/); - [projectroot.core.rint.test.gtest_core_rint_test_TTabComTests](https://lcgapp-services.cern.ch/root-jenkins/job/root-pullrequests-build/104779/testReport/projectroot.core.rint/test/gtest_core_rint_test_TTabComTests/); - [projectroot.roottest.root.tree.fastcloning.roottest_root_tree_fastcloning_execCheckClusterRange](https://lcgapp-services.cern.ch/root-jenkins/job/root-pullrequests-build/104779/testReport/projectroot.roottest.root.tree/fastcloning/roottest_root_tree_fastcloning_execCheckClusterRange/),MatchSource.ISSUE_COMMENT,root-project,root,v6-32-06,https://github.com/root-project/root/pull/7040#issuecomment-760135389:239,test,tests,239,https://root.cern,https://github.com/root-project/root/pull/7040#issuecomment-760135389,8,['test'],"['test', 'testReport', 'tests']"
Testability,Build failed on ROOT-fedora30/cxx14.; Running on root-fedora30-1.cern.ch:/build/workspace/root-pullrequests-build; [See console output](https://lcgapp-services.cern.ch/root-jenkins/job/root-pullrequests-build/104884/console).; ### Failing tests:; - [projectroot.core.rint.test.gtest_core_rint_test_TTabComTests](https://lcgapp-services.cern.ch/root-jenkins/job/root-pullrequests-build/104884/testReport/projectroot.core.rint/test/gtest_core_rint_test_TTabComTests/); - [projectroot.roottest.root.tree.fastcloning.roottest_root_tree_fastcloning_execCheckClusterRange](https://lcgapp-services.cern.ch/root-jenkins/job/root-pullrequests-build/104884/testReport/projectroot.roottest.root.tree/fastcloning/roottest_root_tree_fastcloning_execCheckClusterRange/),MatchSource.ISSUE_COMMENT,root-project,root,v6-32-06,https://github.com/root-project/root/pull/7048#issuecomment-761022979:239,test,tests,239,https://root.cern,https://github.com/root-project/root/pull/7048#issuecomment-761022979,5,['test'],"['test', 'testReport', 'tests']"
Testability,Build failed on ROOT-fedora30/cxx14.; Running on root-fedora30-1.cern.ch:/build/workspace/root-pullrequests-build; [See console output](https://lcgapp-services.cern.ch/root-jenkins/job/root-pullrequests-build/104901/console).; ### Failing tests:; - [projectroot.bindings.pyroot.pythonizations.test.pyunittests_pyroot_import_load_libs](https://lcgapp-services.cern.ch/root-jenkins/job/root-pullrequests-build/104901/testReport/projectroot.bindings.pyroot.pythonizations/test/pyunittests_pyroot_import_load_libs/); - [projectroot.core.rint.test.gtest_core_rint_test_TTabComTests](https://lcgapp-services.cern.ch/root-jenkins/job/root-pullrequests-build/104901/testReport/projectroot.core.rint/test/gtest_core_rint_test_TTabComTests/); - [projectroot.roottest.root.tree.fastcloning.roottest_root_tree_fastcloning_execCheckClusterRange](https://lcgapp-services.cern.ch/root-jenkins/job/root-pullrequests-build/104901/testReport/projectroot.roottest.root.tree/fastcloning/roottest_root_tree_fastcloning_execCheckClusterRange/),MatchSource.ISSUE_COMMENT,root-project,root,v6-32-06,https://github.com/root-project/root/pull/7049#issuecomment-761040907:239,test,tests,239,https://root.cern,https://github.com/root-project/root/pull/7049#issuecomment-761040907,8,['test'],"['test', 'testReport', 'tests']"
Testability,Build failed on ROOT-fedora30/cxx14.; Running on root-fedora30-1.cern.ch:/build/workspace/root-pullrequests-build; [See console output](https://lcgapp-services.cern.ch/root-jenkins/job/root-pullrequests-build/104925/console).; ### Failing tests:; - [projectroot.core.rint.test.gtest_core_rint_test_TTabComTests](https://lcgapp-services.cern.ch/root-jenkins/job/root-pullrequests-build/104925/testReport/projectroot.core.rint/test/gtest_core_rint_test_TTabComTests/); - [projectroot.roottest.root.tree.fastcloning.roottest_root_tree_fastcloning_execCheckClusterRange](https://lcgapp-services.cern.ch/root-jenkins/job/root-pullrequests-build/104925/testReport/projectroot.roottest.root.tree/fastcloning/roottest_root_tree_fastcloning_execCheckClusterRange/),MatchSource.ISSUE_COMMENT,root-project,root,v6-32-06,https://github.com/root-project/root/pull/7046#issuecomment-762122881:239,test,tests,239,https://root.cern,https://github.com/root-project/root/pull/7046#issuecomment-762122881,5,['test'],"['test', 'testReport', 'tests']"
Testability,Build failed on ROOT-fedora30/cxx14.; Running on root-fedora30-1.cern.ch:/build/workspace/root-pullrequests-build; [See console output](https://lcgapp-services.cern.ch/root-jenkins/job/root-pullrequests-build/104965/console).; ### Failing tests:; - [projectroot.core.rint.test.gtest_core_rint_test_TTabComTests](https://lcgapp-services.cern.ch/root-jenkins/job/root-pullrequests-build/104965/testReport/projectroot.core.rint/test/gtest_core_rint_test_TTabComTests/); - [projectroot.roottest.root.tree.fastcloning.roottest_root_tree_fastcloning_execCheckClusterRange](https://lcgapp-services.cern.ch/root-jenkins/job/root-pullrequests-build/104965/testReport/projectroot.roottest.root.tree/fastcloning/roottest_root_tree_fastcloning_execCheckClusterRange/),MatchSource.ISSUE_COMMENT,root-project,root,v6-32-06,https://github.com/root-project/root/pull/7057#issuecomment-762170097:239,test,tests,239,https://root.cern,https://github.com/root-project/root/pull/7057#issuecomment-762170097,5,['test'],"['test', 'testReport', 'tests']"
Testability,Build failed on ROOT-fedora30/cxx14.; Running on root-fedora30-1.cern.ch:/build/workspace/root-pullrequests-build; [See console output](https://lcgapp-services.cern.ch/root-jenkins/job/root-pullrequests-build/104989/console).; ### Failing tests:; - [projectroot.core.rint.test.gtest_core_rint_test_TTabComTests](https://lcgapp-services.cern.ch/root-jenkins/job/root-pullrequests-build/104989/testReport/projectroot.core.rint/test/gtest_core_rint_test_TTabComTests/); - [projectroot.roottest.root.tree.fastcloning.roottest_root_tree_fastcloning_execCheckClusterRange](https://lcgapp-services.cern.ch/root-jenkins/job/root-pullrequests-build/104989/testReport/projectroot.roottest.root.tree/fastcloning/roottest_root_tree_fastcloning_execCheckClusterRange/),MatchSource.ISSUE_COMMENT,root-project,root,v6-32-06,https://github.com/root-project/root/pull/7035#issuecomment-762266135:239,test,tests,239,https://root.cern,https://github.com/root-project/root/pull/7035#issuecomment-762266135,5,['test'],"['test', 'testReport', 'tests']"
Testability,Build failed on ROOT-fedora30/cxx14.; Running on root-fedora30-1.cern.ch:/build/workspace/root-pullrequests-build; [See console output](https://lcgapp-services.cern.ch/root-jenkins/job/root-pullrequests-build/104998/console).; ### Failing tests:; - [projectroot.core.rint.test.gtest_core_rint_test_TTabComTests](https://lcgapp-services.cern.ch/root-jenkins/job/root-pullrequests-build/104998/testReport/projectroot.core.rint/test/gtest_core_rint_test_TTabComTests/); - [projectroot.roottest.root.tree.fastcloning.roottest_root_tree_fastcloning_execCheckClusterRange](https://lcgapp-services.cern.ch/root-jenkins/job/root-pullrequests-build/104998/testReport/projectroot.roottest.root.tree/fastcloning/roottest_root_tree_fastcloning_execCheckClusterRange/),MatchSource.ISSUE_COMMENT,root-project,root,v6-32-06,https://github.com/root-project/root/pull/7060#issuecomment-762512235:239,test,tests,239,https://root.cern,https://github.com/root-project/root/pull/7060#issuecomment-762512235,5,['test'],"['test', 'testReport', 'tests']"
Testability,Build failed on ROOT-fedora30/cxx14.; Running on root-fedora30-1.cern.ch:/build/workspace/root-pullrequests-build; [See console output](https://lcgapp-services.cern.ch/root-jenkins/job/root-pullrequests-build/105006/console).; ### Failing tests:; - [projectroot.roottest.root.tree.fastcloning.roottest_root_tree_fastcloning_execCheckClusterRange](https://lcgapp-services.cern.ch/root-jenkins/job/root-pullrequests-build/105006/testReport/projectroot.roottest.root.tree/fastcloning/roottest_root_tree_fastcloning_execCheckClusterRange/),MatchSource.ISSUE_COMMENT,root-project,root,v6-32-06,https://github.com/root-project/root/pull/7061#issuecomment-762718913:239,test,tests,239,https://root.cern,https://github.com/root-project/root/pull/7061#issuecomment-762718913,2,['test'],"['testReport', 'tests']"
Testability,Build failed on ROOT-fedora30/cxx14.; Running on root-fedora30-1.cern.ch:/build/workspace/root-pullrequests-build; [See console output](https://lcgapp-services.cern.ch/root-jenkins/job/root-pullrequests-build/105022/console).; ### Failing tests:; - [projectroot.roottest.root.tree.fastcloning.roottest_root_tree_fastcloning_execCheckClusterRange](https://lcgapp-services.cern.ch/root-jenkins/job/root-pullrequests-build/105022/testReport/projectroot.roottest.root.tree/fastcloning/roottest_root_tree_fastcloning_execCheckClusterRange/),MatchSource.ISSUE_COMMENT,root-project,root,v6-32-06,https://github.com/root-project/root/pull/7062#issuecomment-762750563:239,test,tests,239,https://root.cern,https://github.com/root-project/root/pull/7062#issuecomment-762750563,2,['test'],"['testReport', 'tests']"
Testability,Build failed on ROOT-fedora30/cxx14.; Running on root-fedora30-1.cern.ch:/build/workspace/root-pullrequests-build; [See console output](https://lcgapp-services.cern.ch/root-jenkins/job/root-pullrequests-build/105568/console).; ### Failing tests:; - [projectroot.hist.hist.test.gtest_hist_hist_test_testTKDE](https://lcgapp-services.cern.ch/root-jenkins/job/root-pullrequests-build/105568/testReport/projectroot.hist.hist/test/gtest_hist_hist_test_testTKDE/),MatchSource.ISSUE_COMMENT,root-project,root,v6-32-06,https://github.com/root-project/root/pull/7096#issuecomment-768539569:239,test,tests,239,https://root.cern,https://github.com/root-project/root/pull/7096#issuecomment-768539569,4,['test'],"['test', 'testReport', 'tests']"
Testability,Build failed on ROOT-fedora30/cxx14.; Running on root-fedora30-1.cern.ch:/build/workspace/root-pullrequests-build; [See console output](https://lcgapp-services.cern.ch/root-jenkins/job/root-pullrequests-build/105633/console).; ### Failing tests:; - [projectroot.roottest.root.multicore.roottest_root_multicore_tp_process_imt](https://lcgapp-services.cern.ch/root-jenkins/job/root-pullrequests-build/105633/testReport/projectroot.roottest.root/multicore/roottest_root_multicore_tp_process_imt/),MatchSource.ISSUE_COMMENT,root-project,root,v6-32-06,https://github.com/root-project/root/pull/7106#issuecomment-769751112:239,test,tests,239,https://root.cern,https://github.com/root-project/root/pull/7106#issuecomment-769751112,2,['test'],"['testReport', 'tests']"
Testability,Build failed on ROOT-fedora30/cxx14.; Running on root-fedora30-1.cern.ch:/build/workspace/root-pullrequests-build; [See console output](https://lcgapp-services.cern.ch/root-jenkins/job/root-pullrequests-build/105737/console).; ### Failing tests:; - [projectroot.roottest.root.meta.evolution.roottest_root_meta_evolution_execMixedBaseClass_v1](https://lcgapp-services.cern.ch/root-jenkins/job/root-pullrequests-build/105737/testReport/projectroot.roottest.root.meta/evolution/roottest_root_meta_evolution_execMixedBaseClass_v1/); - [projectroot.roottest.root.meta.evolution.roottest_root_meta_evolution_execMixedBaseClass_v2](https://lcgapp-services.cern.ch/root-jenkins/job/root-pullrequests-build/105737/testReport/projectroot.roottest.root.meta/evolution/roottest_root_meta_evolution_execMixedBaseClass_v2/); - [projectroot.roottest.root.tree.fastcloning.roottest_root_tree_fastcloning_make_CloneTree](https://lcgapp-services.cern.ch/root-jenkins/job/root-pullrequests-build/105737/testReport/projectroot.roottest.root.tree/fastcloning/roottest_root_tree_fastcloning_make_CloneTree/); - [projectroot.tree.dataframe.test.gtest_tree_dataframe_test_dataframe_snapshot](https://lcgapp-services.cern.ch/root-jenkins/job/root-pullrequests-build/105737/testReport/projectroot.tree.dataframe/test/gtest_tree_dataframe_test_dataframe_snapshot/); - [projectroot.roottest.root.meta.evolution.roottest_root_meta_evolution_mixedBase_merge1](https://lcgapp-services.cern.ch/root-jenkins/job/root-pullrequests-build/105737/testReport/projectroot.roottest.root.meta/evolution/roottest_root_meta_evolution_mixedBase_merge1/); - [projectroot.roottest.root.meta.evolution.roottest_root_meta_evolution_mixedBase_merge2](https://lcgapp-services.cern.ch/root-jenkins/job/root-pullrequests-build/105737/testReport/projectroot.roottest.root.meta/evolution/roottest_root_meta_evolution_mixedBase_merge2/); - [projectroot.roottest.root.meta.roottest_root_meta_drawing](https://lcgapp-services.cern.ch/root-jenkins/job/root-pu,MatchSource.ISSUE_COMMENT,root-project,root,v6-32-06,https://github.com/root-project/root/pull/7119#issuecomment-771042415:239,test,tests,239,https://root.cern,https://github.com/root-project/root/pull/7119#issuecomment-771042415,4,['test'],"['testReport', 'tests']"
Testability,Build failed on ROOT-fedora30/cxx14.; Running on root-fedora30-1.cern.ch:/build/workspace/root-pullrequests-build; [See console output](https://lcgapp-services.cern.ch/root-jenkins/job/root-pullrequests-build/105753/console).; ### Failing tests:; - [projectroot.roottest.root.meta.evolution.roottest_root_meta_evolution_execMixedBaseClass_v2](https://lcgapp-services.cern.ch/root-jenkins/job/root-pullrequests-build/105753/testReport/projectroot.roottest.root.meta/evolution/roottest_root_meta_evolution_execMixedBaseClass_v2/); - [projectroot.roottest.root.meta.evolution.roottest_root_meta_evolution_mixedBase_merge2](https://lcgapp-services.cern.ch/root-jenkins/job/root-pullrequests-build/105753/testReport/projectroot.roottest.root.meta/evolution/roottest_root_meta_evolution_mixedBase_merge2/); - [projectroot.roottest.root.meta.evolution.roottest_root_meta_evolution_mixedBase_merge1](https://lcgapp-services.cern.ch/root-jenkins/job/root-pullrequests-build/105753/testReport/projectroot.roottest.root.meta/evolution/roottest_root_meta_evolution_mixedBase_merge1/); - [projectroot.roottest.root.tree.cloning.roottest_root_tree_cloning_deepClass](https://lcgapp-services.cern.ch/root-jenkins/job/root-pullrequests-build/105753/testReport/projectroot.roottest.root.tree/cloning/roottest_root_tree_cloning_deepClass/); - [projectroot.roottest.root.tree.fastcloning.roottest_root_tree_fastcloning_make_CloneTree](https://lcgapp-services.cern.ch/root-jenkins/job/root-pullrequests-build/105753/testReport/projectroot.roottest.root.tree/fastcloning/roottest_root_tree_fastcloning_make_CloneTree/); - [projectroot.roottest.root.tree.fastcloning.roottest_root_tree_fastcloning_runcloneChain](https://lcgapp-services.cern.ch/root-jenkins/job/root-pullrequests-build/105753/testReport/projectroot.roottest.root.tree/fastcloning/roottest_root_tree_fastcloning_runcloneChain/),MatchSource.ISSUE_COMMENT,root-project,root,v6-32-06,https://github.com/root-project/root/pull/7119#issuecomment-771456913:239,test,tests,239,https://root.cern,https://github.com/root-project/root/pull/7119#issuecomment-771456913,7,['test'],"['testReport', 'tests']"
Testability,Build failed on ROOT-fedora30/cxx14.; Running on root-fedora30-1.cern.ch:/build/workspace/root-pullrequests-build; [See console output](https://lcgapp-services.cern.ch/root-jenkins/job/root-pullrequests-build/106186/console).; ### Failing tests:; - [projectroot.tree.ntuple.v7.test.gtest_tree_ntuple_v7_test_ntuple_extended](https://lcgapp-services.cern.ch/root-jenkins/job/root-pullrequests-build/106186/testReport/projectroot.tree.ntuple.v7/test/gtest_tree_ntuple_v7_test_ntuple_extended/),MatchSource.ISSUE_COMMENT,root-project,root,v6-32-06,https://github.com/root-project/root/pull/7152#issuecomment-775361022:239,test,tests,239,https://root.cern,https://github.com/root-project/root/pull/7152#issuecomment-775361022,4,['test'],"['test', 'testReport', 'tests']"
Testability,Build failed on ROOT-fedora30/cxx14.; Running on root-fedora30-1.cern.ch:/build/workspace/root-pullrequests-build; [See console output](https://lcgapp-services.cern.ch/root-jenkins/job/root-pullrequests-build/106386/console).; ### Warnings:; - [2021-02-11T08:22:38.382Z] /build/workspace/root-pullrequests-build/root/interpreter/cling/lib/Interpreter/ValuePrinter.cpp:484:65: warning: type qualifiers ignored on cast result type [-Wignored-qualifiers] ; - [2021-02-11T08:22:38.382Z] /build/workspace/root-pullrequests-build/root/interpreter/cling/lib/Interpreter/ValuePrinter.cpp:486:63: warning: type qualifiers ignored on cast result type [-Wignored-qualifiers] ; - [2021-02-11T08:26:12.398Z] /build/workspace/root-pullrequests-build/root/interpreter/cling/lib/Utils/PlatformPosix.cpp:73:44: warning: type qualifiers ignored on cast result type [-Wignored-qualifiers] . ### Failing tests:; - [projectroot.roottest.root.io.stdarray.roottest_root_io_stdarray_modelReadDictTXMLFile](https://lcgapp-services.cern.ch/root-jenkins/job/root-pullrequests-build/106386/testReport/projectroot.roottest.root.io/stdarray/roottest_root_io_stdarray_modelReadDictTXMLFile/); - [projectroot.bindings.pyroot.pythonizations.test.pyunittests_pyroot_pyz_rdataframe_asnumpy](https://lcgapp-services.cern.ch/root-jenkins/job/root-pullrequests-build/106386/testReport/projectroot.bindings.pyroot.pythonizations/test/pyunittests_pyroot_pyz_rdataframe_asnumpy/); - [projectroot.roottest.root.io.stdarray.roottest_root_io_stdarray_modelReadDictTFile](https://lcgapp-services.cern.ch/root-jenkins/job/root-pullrequests-build/106386/testReport/projectroot.roottest.root.io/stdarray/roottest_root_io_stdarray_modelReadDictTFile/); - [projectroot.roottest.root.io.stdarray.roottest_root_io_stdarray_modelReadDict2TFile](https://lcgapp-services.cern.ch/root-jenkins/job/root-pullrequests-build/106386/testReport/projectroot.roottest.root.io/stdarray/roottest_root_io_stdarray_modelReadDict2TFile/); - [projectroot.roottest.root.io,MatchSource.ISSUE_COMMENT,root-project,root,v6-32-06,https://github.com/root-project/root/pull/6385#issuecomment-777285027:884,test,tests,884,https://root.cern,https://github.com/root-project/root/pull/6385#issuecomment-777285027,1,['test'],['tests']
Testability,Build failed on ROOT-fedora30/cxx14.; Running on root-fedora30-1.cern.ch:/build/workspace/root-pullrequests-build; [See console output](https://lcgapp-services.cern.ch/root-jenkins/job/root-pullrequests-build/106458/console).; ### Errors:; - [2021-02-11T17:52:31.264Z] FAILED: core/base/test/CMakeFiles/CoreBaseTests.dir/TStringTest.cxx.o ; - [2021-02-11T17:52:31.570Z] /build/workspace/root-pullrequests-build/root/core/base/test/TStringTest.cxx:10:21: error: ‘n’ was not declared in this scope; did you mean ‘yn’?,MatchSource.ISSUE_COMMENT,root-project,root,v6-32-06,https://github.com/root-project/root/pull/7132#issuecomment-777675911:287,test,test,287,https://root.cern,https://github.com/root-project/root/pull/7132#issuecomment-777675911,2,['test'],['test']
Testability,"Build failed on ROOT-fedora30/cxx14.; Running on root-fedora30-1.cern.ch:/build/workspace/root-pullrequests-build; [See console output](https://lcgapp-services.cern.ch/root-jenkins/job/root-pullrequests-build/106530/console).; ### Errors:; - [2021-02-12T10:07:22.144Z] FAILED: core/base/test/CMakeFiles/CoreBaseTests.dir/TStringTest.cxx.o ; - [2021-02-12T10:07:22.446Z] /build/workspace/root-pullrequests-build/root/core/base/test/TStringTest.cxx:11:4: error: no matching function for call to ‘CmpHelperSTREQ(const char [3], const char [2], const char [1], TString*&)’",MatchSource.ISSUE_COMMENT,root-project,root,v6-32-06,https://github.com/root-project/root/pull/7132#issuecomment-778101750:287,test,test,287,https://root.cern,https://github.com/root-project/root/pull/7132#issuecomment-778101750,2,['test'],['test']
Testability,Build failed on ROOT-fedora30/cxx14.; Running on root-fedora30-1.cern.ch:/build/workspace/root-pullrequests-build; [See console output](https://lcgapp-services.cern.ch/root-jenkins/job/root-pullrequests-build/106634/console).; ### Failing tests:; - [projectroot.roofit.histfactory.test.gtest_roofit_histfactory_test_testHistFactory](https://lcgapp-services.cern.ch/root-jenkins/job/root-pullrequests-build/106634/testReport/projectroot.roofit.histfactory/test/gtest_roofit_histfactory_test_testHistFactory/); - [projectroot.roofit.roofit.test.gtest_roofit_roofit_test_testRooJohnson](https://lcgapp-services.cern.ch/root-jenkins/job/root-pullrequests-build/106634/testReport/projectroot.roofit.roofit/test/gtest_roofit_roofit_test_testRooJohnson/); - [projectroot.roofit.roofit.test.gtest_roofit_roofit_test_testRooExponential](https://lcgapp-services.cern.ch/root-jenkins/job/root-pullrequests-build/106634/testReport/projectroot.roofit.roofit/test/gtest_roofit_roofit_test_testRooExponential/); - [projectroot.roofit.roofitcore.test.gtest_roofit_roofitcore_test_testRooWrapperPdf](https://lcgapp-services.cern.ch/root-jenkins/job/root-pullrequests-build/106634/testReport/projectroot.roofit.roofitcore/test/gtest_roofit_roofitcore_test_testRooWrapperPdf/); - [projectroot.roofit.roofitcore.test.gtest_roofit_roofitcore_test_testRooAbsPdf](https://lcgapp-services.cern.ch/root-jenkins/job/root-pullrequests-build/106634/testReport/projectroot.roofit.roofitcore/test/gtest_roofit_roofitcore_test_testRooAbsPdf/); - [projectroot.roofit.roofitcore.test.gtest_roofit_roofitcore_test_testRooProductPdf](https://lcgapp-services.cern.ch/root-jenkins/job/root-pullrequests-build/106634/testReport/projectroot.roofit.roofitcore/test/gtest_roofit_roofitcore_test_testRooProductPdf/); - [projectroot.roofit.roofitcore.test.gtest_roofit_roofitcore_test_testTestStatistics](https://lcgapp-services.cern.ch/root-jenkins/job/root-pullrequests-build/106634/testReport/projectroot.roofit.roofitcore/test/gtest_roofit_,MatchSource.ISSUE_COMMENT,root-project,root,v6-32-06,https://github.com/root-project/root/pull/7198#issuecomment-778302362:239,test,tests,239,https://root.cern,https://github.com/root-project/root/pull/7198#issuecomment-778302362,10,['test'],"['test', 'testReport', 'tests']"
Testability,Build failed on ROOT-fedora30/cxx14.; Running on root-fedora30-1.cern.ch:/build/workspace/root-pullrequests-build; [See console output](https://lcgapp-services.cern.ch/root-jenkins/job/root-pullrequests-build/114861/console).; ### Warnings:; - [2021-04-19T13:28:40.075Z] /build/workspace/root-pullrequests-build/root/tree/dataframe/src/RDFUtils.cxx:208:16: warning: declaration of ‘leaf’ shadows a previous local [-Wshadow] . ### Failing tests:; - [projectroot.tree.dataframe.test.gtest_tree_dataframe_test_dataframe_interface](https://lcgapp-services.cern.ch/root-jenkins/job/root-pullrequests-build/114861/testReport/projectroot.tree.dataframe/test/gtest_tree_dataframe_test_dataframe_interface/),MatchSource.ISSUE_COMMENT,root-project,root,v6-32-06,https://github.com/root-project/root/pull/7919#issuecomment-822479089:438,test,tests,438,https://root.cern,https://github.com/root-project/root/pull/7919#issuecomment-822479089,4,['test'],"['test', 'testReport', 'tests']"
Testability,Build failed on ROOT-fedora30/cxx14.; Running on root-fedora30-1.cern.ch:/build/workspace/root-pullrequests-build; [See console output](https://lcgapp-services.cern.ch/root-jenkins/job/root-pullrequests-build/96716/console).; ### Warnings:; - [2020-09-24T21:56:34.882Z] /build/workspace/root-pullrequests-build/root/io/io/src/TGenCollectionProxy.cxx:391:21: warning: unused variable ‘enumTable’ [-Wunused-variable] . ### Failing tests:; - [projectroot.roottest.root.io.cpp11Containers.roottest_root_io_cpp11Containers_forwardList](https://lcgapp-services.cern.ch/root-jenkins/job/root-pullrequests-build/96716/testReport/projectroot.roottest.root.io/cpp11Containers/roottest_root_io_cpp11Containers_forwardList/); - [projectroot.tree.treeplayer.test.gtest_tree_treeplayer_test_treetreeplayertestUnit](https://lcgapp-services.cern.ch/root-jenkins/job/root-pullrequests-build/96716/testReport/projectroot.tree.treeplayer/test/gtest_tree_treeplayer_test_treetreeplayertestUnit/); - [projectroot.roottest.root.io.emulated.roottest_root_io_emulated_make](https://lcgapp-services.cern.ch/root-jenkins/job/root-pullrequests-build/96716/testReport/projectroot.roottest.root.io/emulated/roottest_root_io_emulated_make/); - [projectroot.roottest.root.io.tclass.roottest_root_io_tclass_make](https://lcgapp-services.cern.ch/root-jenkins/job/root-pullrequests-build/96716/testReport/projectroot.roottest.root.io/tclass/roottest_root_io_tclass_make/); - [projectroot.roottest.root.io.uniquePointer.roottest_root_io_uniquePointer_aclicDataMemberSelection](https://lcgapp-services.cern.ch/root-jenkins/job/root-pullrequests-build/96716/testReport/projectroot.roottest.root.io/uniquePointer/roottest_root_io_uniquePointer_aclicDataMemberSelection/); - [projectroot.roottest.root.meta.evolution.roottest_root_meta_evolution_execCheckSum](https://lcgapp-services.cern.ch/root-jenkins/job/root-pullrequests-build/96716/testReport/projectroot.roottest.root.meta/evolution/roottest_root_meta_evolution_execCheckSum/); - [p,MatchSource.ISSUE_COMMENT,root-project,root,v6-32-06,https://github.com/root-project/root/pull/6445#issuecomment-698616890:429,test,tests,429,https://root.cern,https://github.com/root-project/root/pull/6445#issuecomment-698616890,5,['test'],"['test', 'testReport', 'tests']"
Testability,Build failed on ROOT-fedora30/cxx14.; Running on root-fedora30-1.cern.ch:/build/workspace/root-pullrequests-build; [See console output](https://lcgapp-services.cern.ch/root-jenkins/job/root-pullrequests-build/96733/console).; ### Failing tests:; - [projectroot.roottest.root.io.emulated.roottest_root_io_emulated_make](https://lcgapp-services.cern.ch/root-jenkins/job/root-pullrequests-build/96733/testReport/projectroot.roottest.root.io/emulated/roottest_root_io_emulated_make/),MatchSource.ISSUE_COMMENT,root-project,root,v6-32-06,https://github.com/root-project/root/pull/6445#issuecomment-698685654:238,test,tests,238,https://root.cern,https://github.com/root-project/root/pull/6445#issuecomment-698685654,2,['test'],"['testReport', 'tests']"
Testability,Build failed on ROOT-fedora30/cxx14.; Running on root-fedora30-1.cern.ch:/build/workspace/root-pullrequests-build; [See console output](https://lcgapp-services.cern.ch/root-jenkins/job/root-pullrequests-build/96949/console).; ### Failing tests:; - [projectroot.roottest.root.io.emulated.roottest_root_io_emulated_make](https://lcgapp-services.cern.ch/root-jenkins/job/root-pullrequests-build/96949/testReport/projectroot.roottest.root.io/emulated/roottest_root_io_emulated_make/); - [projectroot.roottest.root.meta.ROOT-7462.roottest_root_meta_ROOT_7462_make](https://lcgapp-services.cern.ch/root-jenkins/job/root-pullrequests-build/96949/testReport/projectroot.roottest.root.meta/ROOT-7462/roottest_root_meta_ROOT_7462_make/); - [projectroot.roottest.root.tree.fastcloning.roottest_root_tree_fastcloning_execCheckClusterRange](https://lcgapp-services.cern.ch/root-jenkins/job/root-pullrequests-build/96949/testReport/projectroot.roottest.root.tree/fastcloning/roottest_root_tree_fastcloning_execCheckClusterRange/),MatchSource.ISSUE_COMMENT,root-project,root,v6-32-06,https://github.com/root-project/root/pull/6445#issuecomment-699273419:238,test,tests,238,https://root.cern,https://github.com/root-project/root/pull/6445#issuecomment-699273419,4,['test'],"['testReport', 'tests']"
Testability,Build failed on ROOT-fedora30/cxx14.; Running on root-fedora30-1.cern.ch:/build/workspace/root-pullrequests-build; [See console output](https://lcgapp-services.cern.ch/root-jenkins/job/root-pullrequests-build/96957/console).; ### Failing tests:; - [projectroot.roottest.root.meta.autoloading.headerParsingOnDemand.roottest_root_meta_autoloading_headerParsingOnDemand_libno_autoparse_v10_build](https://lcgapp-services.cern.ch/root-jenkins/job/root-pullrequests-build/96957/testReport/projectroot.roottest.root.meta.autoloading/headerParsingOnDemand/roottest_root_meta_autoloading_headerParsingOnDemand_libno_autoparse_v10_build/); - [projectroot.roottest.root.meta.autoloading.headerParsingOnDemand.roottest_root_meta_autoloading_headerParsingOnDemand_no_autoparse_write](https://lcgapp-services.cern.ch/root-jenkins/job/root-pullrequests-build/96957/testReport/projectroot.roottest.root.meta.autoloading/headerParsingOnDemand/roottest_root_meta_autoloading_headerParsingOnDemand_no_autoparse_write/); - [projectroot.roottest.root.meta.autoloading.headerParsingOnDemand.roottest_root_meta_autoloading_headerParsingOnDemand_libno_autoparse_v11_build](https://lcgapp-services.cern.ch/root-jenkins/job/root-pullrequests-build/96957/testReport/projectroot.roottest.root.meta.autoloading/headerParsingOnDemand/roottest_root_meta_autoloading_headerParsingOnDemand_libno_autoparse_v11_build/); - [projectroot.roottest.root.meta.autoloading.headerParsingOnDemand.roottest_root_meta_autoloading_headerParsingOnDemand_no_autoparse_read](https://lcgapp-services.cern.ch/root-jenkins/job/root-pullrequests-build/96957/testReport/projectroot.roottest.root.meta.autoloading/headerParsingOnDemand/roottest_root_meta_autoloading_headerParsingOnDemand_no_autoparse_read/); - [projectroot.roottest.root.io.emulated.roottest_root_io_emulated_make](https://lcgapp-services.cern.ch/root-jenkins/job/root-pullrequests-build/96957/testReport/projectroot.roottest.root.io/emulated/roottest_root_io_emulated_make/); - [project,MatchSource.ISSUE_COMMENT,root-project,root,v6-32-06,https://github.com/root-project/root/pull/6445#issuecomment-699324253:238,test,tests,238,https://root.cern,https://github.com/root-project/root/pull/6445#issuecomment-699324253,3,['test'],"['testReport', 'tests']"
Testability,Build failed on ROOT-fedora30/cxx14.; Running on root-fedora30-1.cern.ch:/build/workspace/root-pullrequests-build; [See console output](https://lcgapp-services.cern.ch/root-jenkins/job/root-pullrequests-build/97038/console).; ### Errors:; - [2020-09-27T10:11:44.652Z] FAILED: tree/tree/test/G__SillyStruct.cxx tree/tree/test/SillyStruct.pcm ; - [2020-09-27T10:11:44.652Z] input_line_1:1:2: fatal error: module file '/build/workspace/root-pullrequests-build/build/tree/tree/test/libc.pcm' not found: module file not found ; - [2020-09-27T10:11:44.652Z] &lt;&lt;&lt; cling interactive line includer &gt;&gt;&gt;: fatal error: module file '/build/workspace/root-pullrequests-build/build/tree/tree/test/libc.pcm' not found: module file not found ; - [2020-09-27T10:11:44.652Z] FAILED: tree/ntuple/v7/test/G__CustomStruct.cxx tree/ntuple/v7/test/CustomStruct.pcm ; - [2020-09-27T10:11:44.913Z] input_line_1:1:2: fatal error: module file '/build/workspace/root-pullrequests-build/build/tree/ntuple/v7/test/libc.pcm' not found: module file not found ; - [2020-09-27T10:11:44.913Z] &lt;&lt;&lt; cling interactive line includer &gt;&gt;&gt;: fatal error: module file '/build/workspace/root-pullrequests-build/build/tree/ntuple/v7/test/libc.pcm' not found: module file not found . ### Warnings:; - [2020-09-27T10:09:50.770Z] /build/workspace/root-pullrequests-build/root/interpreter/cling/lib/Utils/PlatformPosix.cpp:73:44: warning: type qualifiers ignored on cast result type [-Wignored-qualifiers] ; - [2020-09-27T10:10:00.219Z] /build/workspace/root-pullrequests-build/root/interpreter/llvm/src/tools/clang/include/clang/AST/DeclOpenMP.h:97:1: warning: multi-line comment [-Wcomment] ; - [2020-09-27T10:10:05.030Z] /build/workspace/root-pullrequests-build/root/interpreter/llvm/src/include/llvm/Pass.h:105:16: warning: ‘virtual bool llvm::Pass::doInitialization(llvm::Module&)’ was hidden [-Woverloaded-virtual] ; - [2020-09-27T10:10:05.030Z] /build/workspace/root-pullrequests-build/root/interpreter/llvm/sr,MatchSource.ISSUE_COMMENT,root-project,root,v6-32-06,https://github.com/root-project/root/pull/6385#issuecomment-699615010:286,test,test,286,https://root.cern,https://github.com/root-project/root/pull/6385#issuecomment-699615010,7,['test'],['test']
Testability,Build failed on ROOT-fedora30/cxx14.; Running on root-fedora30-1.cern.ch:/build/workspace/root-pullrequests-build; [See console output](https://lcgapp-services.cern.ch/root-jenkins/job/root-pullrequests-build/97046/console).; ### Errors:; - [2020-09-27T10:37:34.532Z] FAILED: tree/ntuple/v7/test/G__CustomStruct.cxx tree/ntuple/v7/test/CustomStruct.pcm ; - [2020-09-27T10:37:34.793Z] input_line_1:1:2: fatal error: module file '/build/workspace/root-pullrequests-build/build/tree/ntuple/v7/test/libc.pcm' not found: module file not found ; - [2020-09-27T10:37:34.793Z] &lt;&lt;&lt; cling interactive line includer &gt;&gt;&gt;: fatal error: module file '/build/workspace/root-pullrequests-build/build/tree/ntuple/v7/test/libc.pcm' not found: module file not found ; - [2020-09-27T10:37:35.055Z] FAILED: tree/tree/test/G__SillyStruct.cxx tree/tree/test/SillyStruct.pcm ; - [2020-09-27T10:37:35.055Z] input_line_1:1:2: fatal error: module file '/build/workspace/root-pullrequests-build/build/tree/tree/test/libc.pcm' not found: module file not found ; - [2020-09-27T10:37:35.055Z] &lt;&lt;&lt; cling interactive line includer &gt;&gt;&gt;: fatal error: module file '/build/workspace/root-pullrequests-build/build/tree/tree/test/libc.pcm' not found: module file not found . ### Warnings:; - [2020-09-27T10:32:30.248Z] /build/workspace/root-pullrequests-build/root/interpreter/cling/lib/Utils/PlatformPosix.cpp:73:44: warning: type qualifiers ignored on cast result type [-Wignored-qualifiers] ; - [2020-09-27T10:35:57.183Z] /build/workspace/root-pullrequests-build/root/interpreter/llvm/src/include/llvm/Pass.h:105:16: warning: ‘virtual bool llvm::Pass::doInitialization(llvm::Module&)’ was hidden [-Woverloaded-virtual] ; - [2020-09-27T10:35:57.183Z] /build/workspace/root-pullrequests-build/root/interpreter/llvm/src/include/llvm/Transforms/IPO/Inliner.h:39:8: warning: by ‘virtual bool llvm::LegacyInlinerBase::doInitialization(llvm::CallGraph&)’ [-Woverloaded-virtual] ; - [2020-09-27T10:35:57.629Z] ,MatchSource.ISSUE_COMMENT,root-project,root,v6-32-06,https://github.com/root-project/root/pull/6385#issuecomment-699617654:291,test,test,291,https://root.cern,https://github.com/root-project/root/pull/6385#issuecomment-699617654,7,['test'],['test']
Testability,Build failed on ROOT-fedora30/cxx14.; Running on root-fedora30-1.cern.ch:/build/workspace/root-pullrequests-build; [See console output](https://lcgapp-services.cern.ch/root-jenkins/job/root-pullrequests-build/97054/console).; ### Errors:; - [2020-09-27T10:50:35.766Z] FAILED: tree/ntuple/v7/test/G__CustomStruct.cxx tree/ntuple/v7/test/CustomStruct.pcm ; - [2020-09-27T10:50:35.766Z] input_line_1:1:2: fatal error: module file '/build/workspace/root-pullrequests-build/build/tree/ntuple/v7/test/libc.pcm' not found: module file not found ; - [2020-09-27T10:50:35.766Z] &lt;&lt;&lt; cling interactive line includer &gt;&gt;&gt;: fatal error: module file '/build/workspace/root-pullrequests-build/build/tree/ntuple/v7/test/libc.pcm' not found: module file not found ; - [2020-09-27T10:50:35.766Z] FAILED: tree/tree/test/G__SillyStruct.cxx tree/tree/test/SillyStruct.pcm ; - [2020-09-27T10:50:36.025Z] input_line_1:1:2: fatal error: module file '/build/workspace/root-pullrequests-build/build/tree/tree/test/libc.pcm' not found: module file not found ; - [2020-09-27T10:50:36.025Z] &lt;&lt;&lt; cling interactive line includer &gt;&gt;&gt;: fatal error: module file '/build/workspace/root-pullrequests-build/build/tree/tree/test/libc.pcm' not found: module file not found . ### Warnings:; - [2020-09-27T10:43:01.497Z] /build/workspace/root-pullrequests-build/root/interpreter/cling/lib/Utils/PlatformPosix.cpp:73:44: warning: type qualifiers ignored on cast result type [-Wignored-qualifiers] ; - [2020-09-27T10:48:24.113Z] /build/workspace/root-pullrequests-build/root/interpreter/llvm/src/include/llvm/Pass.h:105:16: warning: ‘virtual bool llvm::Pass::doInitialization(llvm::Module&)’ was hidden [-Woverloaded-virtual] ; - [2020-09-27T10:48:24.113Z] /build/workspace/root-pullrequests-build/root/interpreter/llvm/src/include/llvm/Transforms/IPO/Inliner.h:39:8: warning: by ‘virtual bool llvm::LegacyInlinerBase::doInitialization(llvm::CallGraph&)’ [-Woverloaded-virtual] ; - [2020-09-27T10:48:41.699Z] ,MatchSource.ISSUE_COMMENT,root-project,root,v6-32-06,https://github.com/root-project/root/pull/6385#issuecomment-699618970:291,test,test,291,https://root.cern,https://github.com/root-project/root/pull/6385#issuecomment-699618970,7,['test'],['test']
Testability,Build failed on ROOT-fedora30/cxx14.; Running on root-fedora30-1.cern.ch:/build/workspace/root-pullrequests-build; [See console output](https://lcgapp-services.cern.ch/root-jenkins/job/root-pullrequests-build/97102/console).; ### Failing tests:; - [projectroot.core.metacling.test.gtest_core_metacling_test_TClingTest](https://lcgapp-services.cern.ch/root-jenkins/job/root-pullrequests-build/97102/testReport/projectroot.core.metacling/test/gtest_core_metacling_test_TClingTest/); - [projectroot.roottest.root.meta.ROOT-7462.roottest_root_meta_ROOT_7462_make](https://lcgapp-services.cern.ch/root-jenkins/job/root-pullrequests-build/97102/testReport/projectroot.roottest.root.meta/ROOT-7462/roottest_root_meta_ROOT_7462_make/),MatchSource.ISSUE_COMMENT,root-project,root,v6-32-06,https://github.com/root-project/root/pull/6377#issuecomment-699986035:238,test,tests,238,https://root.cern,https://github.com/root-project/root/pull/6377#issuecomment-699986035,5,['test'],"['test', 'testReport', 'tests']"
Testability,Build failed on ROOT-fedora30/cxx14.; Running on root-fedora30-1.cern.ch:/build/workspace/root-pullrequests-build; [See console output](https://lcgapp-services.cern.ch/root-jenkins/job/root-pullrequests-build/97215/console).; ### Failing tests:; - [projectroot.roottest.root.tree.fastcloning.roottest_root_tree_fastcloning_execCheckClusterRange](https://lcgapp-services.cern.ch/root-jenkins/job/root-pullrequests-build/97215/testReport/projectroot.roottest.root.tree/fastcloning/roottest_root_tree_fastcloning_execCheckClusterRange/); - [projectroot.roottest.root.meta.autoloading.headerParsingOnDemand.roottest_root_meta_autoloading_headerParsingOnDemand_libno_autoparse_v10_build](https://lcgapp-services.cern.ch/root-jenkins/job/root-pullrequests-build/97215/testReport/projectroot.roottest.root.meta.autoloading/headerParsingOnDemand/roottest_root_meta_autoloading_headerParsingOnDemand_libno_autoparse_v10_build/); - [projectroot.roottest.root.meta.autoloading.headerParsingOnDemand.roottest_root_meta_autoloading_headerParsingOnDemand_no_autoparse_write](https://lcgapp-services.cern.ch/root-jenkins/job/root-pullrequests-build/97215/testReport/projectroot.roottest.root.meta.autoloading/headerParsingOnDemand/roottest_root_meta_autoloading_headerParsingOnDemand_no_autoparse_write/); - [projectroot.roottest.root.meta.autoloading.headerParsingOnDemand.roottest_root_meta_autoloading_headerParsingOnDemand_libno_autoparse_v11_build](https://lcgapp-services.cern.ch/root-jenkins/job/root-pullrequests-build/97215/testReport/projectroot.roottest.root.meta.autoloading/headerParsingOnDemand/roottest_root_meta_autoloading_headerParsingOnDemand_libno_autoparse_v11_build/); - [projectroot.roottest.root.meta.autoloading.headerParsingOnDemand.roottest_root_meta_autoloading_headerParsingOnDemand_no_autoparse_read](https://lcgapp-services.cern.ch/root-jenkins/job/root-pullrequests-build/97215/testReport/projectroot.roottest.root.meta.autoloading/headerParsingOnDemand/roottest_root_meta_autoloading,MatchSource.ISSUE_COMMENT,root-project,root,v6-32-06,https://github.com/root-project/root/pull/6445#issuecomment-700288738:238,test,tests,238,https://root.cern,https://github.com/root-project/root/pull/6445#issuecomment-700288738,3,['test'],"['testReport', 'tests']"
Testability,Build failed on ROOT-fedora30/cxx14.; Running on root-fedora30-1.cern.ch:/build/workspace/root-pullrequests-build; [See console output](https://lcgapp-services.cern.ch/root-jenkins/job/root-pullrequests-build/97223/console).; ### Failing tests:; - [projectroot.roottest.root.meta.autoloading.headerParsingOnDemand.roottest_root_meta_autoloading_headerParsingOnDemand_libno_autoparse_v10_build](https://lcgapp-services.cern.ch/root-jenkins/job/root-pullrequests-build/97223/testReport/projectroot.roottest.root.meta.autoloading/headerParsingOnDemand/roottest_root_meta_autoloading_headerParsingOnDemand_libno_autoparse_v10_build/); - [projectroot.roottest.root.meta.autoloading.headerParsingOnDemand.roottest_root_meta_autoloading_headerParsingOnDemand_no_autoparse_write](https://lcgapp-services.cern.ch/root-jenkins/job/root-pullrequests-build/97223/testReport/projectroot.roottest.root.meta.autoloading/headerParsingOnDemand/roottest_root_meta_autoloading_headerParsingOnDemand_no_autoparse_write/); - [projectroot.roottest.root.meta.autoloading.headerParsingOnDemand.roottest_root_meta_autoloading_headerParsingOnDemand_libno_autoparse_v11_build](https://lcgapp-services.cern.ch/root-jenkins/job/root-pullrequests-build/97223/testReport/projectroot.roottest.root.meta.autoloading/headerParsingOnDemand/roottest_root_meta_autoloading_headerParsingOnDemand_libno_autoparse_v11_build/); - [projectroot.roottest.root.meta.autoloading.headerParsingOnDemand.roottest_root_meta_autoloading_headerParsingOnDemand_no_autoparse_read](https://lcgapp-services.cern.ch/root-jenkins/job/root-pullrequests-build/97223/testReport/projectroot.roottest.root.meta.autoloading/headerParsingOnDemand/roottest_root_meta_autoloading_headerParsingOnDemand_no_autoparse_read/); - [projectroot.roottest.root.tree.fastcloning.roottest_root_tree_fastcloning_execCheckClusterRange](https://lcgapp-services.cern.ch/root-jenkins/job/root-pullrequests-build/97223/testReport/projectroot.roottest.root.tree/fastcloning/roottest_roo,MatchSource.ISSUE_COMMENT,root-project,root,v6-32-06,https://github.com/root-project/root/pull/6445#issuecomment-700306917:238,test,tests,238,https://root.cern,https://github.com/root-project/root/pull/6445#issuecomment-700306917,3,['test'],"['testReport', 'tests']"
Testability,Build failed on ROOT-fedora30/cxx14.; Running on root-fedora30-1.cern.ch:/build/workspace/root-pullrequests-build; [See console output](https://lcgapp-services.cern.ch/root-jenkins/job/root-pullrequests-build/97368/console).; ### Failing tests:; - [projectroot.roottest.root.meta.autoloading.headerParsingOnDemand.roottest_root_meta_autoloading_headerParsingOnDemand_no_autoparse_read](https://lcgapp-services.cern.ch/root-jenkins/job/root-pullrequests-build/97368/testReport/projectroot.roottest.root.meta.autoloading/headerParsingOnDemand/roottest_root_meta_autoloading_headerParsingOnDemand_no_autoparse_read/); - [projectroot.roottest.root.tree.fastcloning.roottest_root_tree_fastcloning_execCheckClusterRange](https://lcgapp-services.cern.ch/root-jenkins/job/root-pullrequests-build/97368/testReport/projectroot.roottest.root.tree/fastcloning/roottest_root_tree_fastcloning_execCheckClusterRange/),MatchSource.ISSUE_COMMENT,root-project,root,v6-32-06,https://github.com/root-project/root/pull/6445#issuecomment-700896918:238,test,tests,238,https://root.cern,https://github.com/root-project/root/pull/6445#issuecomment-700896918,3,['test'],"['testReport', 'tests']"
Testability,Build failed on ROOT-fedora30/cxx14.; Running on root-fedora30-1.cern.ch:/build/workspace/root-pullrequests-build; [See console output](https://lcgapp-services.cern.ch/root-jenkins/job/root-pullrequests-build/97376/console).; ### Failing tests:; - [projectroot.roottest.root.meta.autoloading.headerParsingOnDemand.roottest_root_meta_autoloading_headerParsingOnDemand_no_autoparse_read](https://lcgapp-services.cern.ch/root-jenkins/job/root-pullrequests-build/97376/testReport/projectroot.roottest.root.meta.autoloading/headerParsingOnDemand/roottest_root_meta_autoloading_headerParsingOnDemand_no_autoparse_read/),MatchSource.ISSUE_COMMENT,root-project,root,v6-32-06,https://github.com/root-project/root/pull/6445#issuecomment-700934218:238,test,tests,238,https://root.cern,https://github.com/root-project/root/pull/6445#issuecomment-700934218,2,['test'],"['testReport', 'tests']"
Testability,Build failed on ROOT-fedora30/cxx14.; Running on root-fedora30-1.cern.ch:/build/workspace/root-pullrequests-build; [See console output](https://lcgapp-services.cern.ch/root-jenkins/job/root-pullrequests-build/97488/console).; ### Failing tests:; - [projectroot.roottest.root.multicore.roottest_root_multicore_processExecutorH1Test](https://lcgapp-services.cern.ch/root-jenkins/job/root-pullrequests-build/97488/testReport/projectroot.roottest.root/multicore/roottest_root_multicore_processExecutorH1Test/),MatchSource.ISSUE_COMMENT,root-project,root,v6-32-06,https://github.com/root-project/root/pull/6519#issuecomment-701614673:238,test,tests,238,https://root.cern,https://github.com/root-project/root/pull/6519#issuecomment-701614673,2,['test'],"['testReport', 'tests']"
Testability,Build failed on ROOT-fedora30/cxx14.; Running on root-fedora30-1.cern.ch:/build/workspace/root-pullrequests-build; [See console output](https://lcgapp-services.cern.ch/root-jenkins/job/root-pullrequests-build/97712/console).; ### Failing tests:; - [projectroot.bindings.pyroot.pythonizations.test.pyunittests_pyroot_import_load_libs](https://lcgapp-services.cern.ch/root-jenkins/job/root-pullrequests-build/97712/testReport/projectroot.bindings.pyroot.pythonizations/test/pyunittests_pyroot_import_load_libs/),MatchSource.ISSUE_COMMENT,root-project,root,v6-32-06,https://github.com/root-project/root/pull/6532#issuecomment-702198446:238,test,tests,238,https://root.cern,https://github.com/root-project/root/pull/6532#issuecomment-702198446,4,['test'],"['test', 'testReport', 'tests']"
Testability,Build failed on ROOT-fedora30/cxx14.; Running on root-fedora30-1.cern.ch:/build/workspace/root-pullrequests-build; [See console output](https://lcgapp-services.cern.ch/root-jenkins/job/root-pullrequests-build/98640/console).; ### Errors:; - [2020-10-09T13:01:46.155Z] FAILED: net/davix/test/CMakeFiles/RRawFileDavix.dir/RRawFileDavix.cxx.o ; - [2020-10-09T13:01:46.155Z] /build/workspace/root-pullrequests-build/root/net/davix/inc/ROOT/RRawFileDavix.hxx:15:10: fatal error: ROOT/RRawFile.hxx: No such file or directory,MatchSource.ISSUE_COMMENT,root-project,root,v6-32-06,https://github.com/root-project/root/pull/6532#issuecomment-706167375:286,test,test,286,https://root.cern,https://github.com/root-project/root/pull/6532#issuecomment-706167375,1,['test'],['test']
Testability,Build failed on ROOT-fedora30/cxx14.; Running on root-fedora30-1.cern.ch:/build/workspace/root-pullrequests-build; [See console output](https://lcgapp-services.cern.ch/root-jenkins/job/root-pullrequests-build/98664/console).; ### Errors:; - [2020-10-09T13:30:36.487Z] FAILED: net/davix/test/CMakeFiles/RRawFileDavix.dir/RRawFileDavix.cxx.o ; - [2020-10-09T13:30:36.751Z] /build/workspace/root-pullrequests-build/root/net/davix/inc/ROOT/RRawFileDavix.hxx:15:10: fatal error: ROOT/RRawFile.hxx: No such file or directory,MatchSource.ISSUE_COMMENT,root-project,root,v6-32-06,https://github.com/root-project/root/pull/6532#issuecomment-706181869:286,test,test,286,https://root.cern,https://github.com/root-project/root/pull/6532#issuecomment-706181869,1,['test'],['test']
Testability,Build failed on ROOT-fedora30/cxx14.; Running on root-fedora30-1.cern.ch:/build/workspace/root-pullrequests-build; [See console output](https://lcgapp-services.cern.ch/root-jenkins/job/root-pullrequests-build/98889/console).; ### Failing tests:; - [projectroot.roottest.root.meta.ROOT-7462.roottest_root_meta_ROOT_7462_make](https://lcgapp-services.cern.ch/root-jenkins/job/root-pullrequests-build/98889/testReport/projectroot.roottest.root.meta/ROOT-7462/roottest_root_meta_ROOT_7462_make/),MatchSource.ISSUE_COMMENT,root-project,root,v6-32-06,https://github.com/root-project/root/pull/6622#issuecomment-707261147:238,test,tests,238,https://root.cern,https://github.com/root-project/root/pull/6622#issuecomment-707261147,2,['test'],"['testReport', 'tests']"
Testability,Build failed on ROOT-fedora30/cxx14.; Running on root-fedora30-1.cern.ch:/build/workspace/root-pullrequests-build; [See console output](https://lcgapp-services.cern.ch/root-jenkins/job/root-pullrequests-build/99042/console).; ### Warnings:; - [2020-10-14T11:04:43.746Z] /build/workspace/root-pullrequests-build/root/roofit/roofitcore/test/testNumericIntAndRooRealBinding.cxx:52:42: warning: declaration of ‘b’ shadows a previous local [-Wshadow] ; - [2020-10-14T11:04:43.746Z] /build/workspace/root-pullrequests-build/root/roofit/roofitcore/test/testNumericIntAndRooRealBinding.cxx:52:42: warning: declaration of ‘a’ shadows a previous local [-Wshadow] ; - [2020-10-14T11:04:43.746Z] /build/workspace/root-pullrequests-build/root/roofit/roofitcore/test/testNumericIntAndRooRealBinding.cxx:115:62: warning: declaration of ‘d’ shadows a previous local [-Wshadow] ; - [2020-10-14T11:04:43.746Z] /build/workspace/root-pullrequests-build/root/roofit/roofitcore/test/testNumericIntAndRooRealBinding.cxx:115:62: warning: declaration of ‘c’ shadows a previous local [-Wshadow] ; - [2020-10-14T11:04:43.746Z] /build/workspace/root-pullrequests-build/root/roofit/roofitcore/test/testNumericIntAndRooRealBinding.cxx:115:62: warning: declaration of ‘b’ shadows a previous local [-Wshadow] ; - [2020-10-14T11:04:43.746Z] /build/workspace/root-pullrequests-build/root/roofit/roofitcore/test/testNumericIntAndRooRealBinding.cxx:115:62: warning: declaration of ‘a’ shadows a previous local [-Wshadow] ; - [2020-10-14T11:04:43.746Z] /build/workspace/root-pullrequests-build/root/roofit/roofitcore/test/testNumericIntAndRooRealBinding.cxx:180:56: warning: declaration of ‘x’ shadows a previous local [-Wshadow] ; - [2020-10-14T11:04:43.746Z] /build/workspace/root-pullrequests-build/root/roofit/roofitcore/test/testNumericIntAndRooRealBinding.cxx:270:24: warning: declaration of ‘a’ shadows a previous local [-Wshadow] ; - [2020-10-14T11:04:43.746Z] /build/workspace/root-pullrequests-build/root/roofit/roofitcore/test/,MatchSource.ISSUE_COMMENT,root-project,root,v6-32-06,https://github.com/root-project/root/pull/6632#issuecomment-708343588:334,test,test,334,https://root.cern,https://github.com/root-project/root/pull/6632#issuecomment-708343588,8,['test'],"['test', 'testNumericIntAndRooRealBinding']"
Testability,Build failed on ROOT-fedora30/cxx14.; Running on root-fedora30-1.cern.ch:/build/workspace/root-pullrequests-build; [See console output](https://lcgapp-services.cern.ch/root-jenkins/job/root-pullrequests-build/99082/console).; ### Failing tests:; - [projectroot.roottest.root.io.emulated.roottest_root_io_emulated_make](https://lcgapp-services.cern.ch/root-jenkins/job/root-pullrequests-build/99082/testReport/projectroot.roottest.root.io/emulated/roottest_root_io_emulated_make/); - [projectroot.roottest.root.tree.fastcloning.roottest_root_tree_fastcloning_execCheckClusterRange](https://lcgapp-services.cern.ch/root-jenkins/job/root-pullrequests-build/99082/testReport/projectroot.roottest.root.tree/fastcloning/roottest_root_tree_fastcloning_execCheckClusterRange/),MatchSource.ISSUE_COMMENT,root-project,root,v6-32-06,https://github.com/root-project/root/pull/6639#issuecomment-708471022:238,test,tests,238,https://root.cern,https://github.com/root-project/root/pull/6639#issuecomment-708471022,3,['test'],"['testReport', 'tests']"
Testability,Build failed on ROOT-fedora30/cxx14.; Running on root-fedora30-1.cern.ch:/build/workspace/root-pullrequests-build; [See console output](https://lcgapp-services.cern.ch/root-jenkins/job/root-pullrequests-build/99194/console).; ### Failing tests:; - [projectroot.test.test_stressIOPlugins_xroot](https://lcgapp-services.cern.ch/root-jenkins/job/root-pullrequests-build/99194/testReport/projectroot/test/test_stressIOPlugins_xroot/); - [projectroot.tree.treeplayer.test.gtest_tree_treeplayer_test_treeprocessormt_remotefiles](https://lcgapp-services.cern.ch/root-jenkins/job/root-pullrequests-build/99194/testReport/projectroot.tree.treeplayer/test/gtest_tree_treeplayer_test_treeprocessormt_remotefiles/),MatchSource.ISSUE_COMMENT,root-project,root,v6-32-06,https://github.com/root-project/root/pull/6634#issuecomment-709403842:238,test,tests,238,https://root.cern,https://github.com/root-project/root/pull/6634#issuecomment-709403842,7,['test'],"['test', 'testReport', 'tests']"
Testability,Build failed on ROOT-fedora30/cxx14.; Running on root-fedora30-1.cern.ch:/build/workspace/root-pullrequests-build; [See console output](https://lcgapp-services.cern.ch/root-jenkins/job/root-pullrequests-build/99202/console).; ### Warnings:; - [2020-10-15T17:37:43.763Z] /build/workspace/root-pullrequests-build/root/roofit/roofitcore/src/RooVectorDataStore.cxx:1441:12: warning: declaration of ‘result’ shadows a previous local [-Wshadow] ; - [2020-10-15T17:37:43.763Z] /build/workspace/root-pullrequests-build/root/roofit/roofitcore/src/RooVectorDataStore.cxx:1441:12: warning: variable ‘result’ set but not used [-Wunused-but-set-variable] ; - [2020-10-15T17:37:45.593Z] /build/workspace/root-pullrequests-build/root/roofit/roofitcore/test/testNumericIntAndRooRealBinding.cxx:52:42: warning: declaration of ‘b’ shadows a previous local [-Wshadow] ; - [2020-10-15T17:37:45.593Z] /build/workspace/root-pullrequests-build/root/roofit/roofitcore/test/testNumericIntAndRooRealBinding.cxx:52:42: warning: declaration of ‘a’ shadows a previous local [-Wshadow] ; - [2020-10-15T17:37:45.593Z] /build/workspace/root-pullrequests-build/root/roofit/roofitcore/test/testNumericIntAndRooRealBinding.cxx:115:62: warning: declaration of ‘d’ shadows a previous local [-Wshadow] ; - [2020-10-15T17:37:45.593Z] /build/workspace/root-pullrequests-build/root/roofit/roofitcore/test/testNumericIntAndRooRealBinding.cxx:115:62: warning: declaration of ‘c’ shadows a previous local [-Wshadow] ; - [2020-10-15T17:37:45.594Z] /build/workspace/root-pullrequests-build/root/roofit/roofitcore/test/testNumericIntAndRooRealBinding.cxx:115:62: warning: declaration of ‘b’ shadows a previous local [-Wshadow] ; - [2020-10-15T17:37:45.594Z] /build/workspace/root-pullrequests-build/root/roofit/roofitcore/test/testNumericIntAndRooRealBinding.cxx:115:62: warning: declaration of ‘a’ shadows a previous local [-Wshadow] ; - [2020-10-15T17:37:45.594Z] /build/workspace/root-pullrequests-build/root/roofit/roofitcore/test/testNumericIn,MatchSource.ISSUE_COMMENT,root-project,root,v6-32-06,https://github.com/root-project/root/pull/6632#issuecomment-709492972:737,test,test,737,https://root.cern,https://github.com/root-project/root/pull/6632#issuecomment-709492972,4,['test'],"['test', 'testNumericIntAndRooRealBinding']"
Testability,Build failed on ROOT-fedora30/cxx14.; Running on root-fedora30-1.cern.ch:/build/workspace/root-pullrequests-build; [See console output](https://lcgapp-services.cern.ch/root-jenkins/job/root-pullrequests-build/99395/console).; ### Failing tests:; - [projectroot.test.test_stressroofit_interpreted](https://lcgapp-services.cern.ch/root-jenkins/job/root-pullrequests-build/99395/testReport/projectroot/test/test_stressroofit_interpreted/); - [projectroot.test.test_stressHistFactory_interpreted](https://lcgapp-services.cern.ch/root-jenkins/job/root-pullrequests-build/99395/testReport/projectroot/test/test_stressHistFactory_interpreted/); - [projectroot.test.test_stressroostats_interpreted](https://lcgapp-services.cern.ch/root-jenkins/job/root-pullrequests-build/99395/testReport/projectroot/test/test_stressroostats_interpreted/); - [projectroot.bindings.pyroot.pythonizations.test.pyunittests_pyroot_pyz_rooabscollection_len](https://lcgapp-services.cern.ch/root-jenkins/job/root-pullrequests-build/99395/testReport/projectroot.bindings.pyroot.pythonizations/test/pyunittests_pyroot_pyz_rooabscollection_len/); - [projectroot.bindings.pyroot.pythonizations.test.pyunittests_pyroot_pyz_rooworkspace](https://lcgapp-services.cern.ch/root-jenkins/job/root-pullrequests-build/99395/testReport/projectroot.bindings.pyroot.pythonizations/test/pyunittests_pyroot_pyz_rooworkspace/); - [projectroot.bindings.pyroot.pythonizations.test.pyunittests_pyroot_pyz_roodatahist_ploton](https://lcgapp-services.cern.ch/root-jenkins/job/root-pullrequests-build/99395/testReport/projectroot.bindings.pyroot.pythonizations/test/pyunittests_pyroot_pyz_roodatahist_ploton/); - [projectroot.roofit.histfactory.test.gtest_roofit_histfactory_test_testHistFactory](https://lcgapp-services.cern.ch/root-jenkins/job/root-pullrequests-build/99395/testReport/projectroot.roofit.histfactory/test/gtest_roofit_histfactory_test_testHistFactory/); - [projectroot.roofit.roofit.test.gtest_roofit_roofit_test_testRooGaussian](https://,MatchSource.ISSUE_COMMENT,root-project,root,v6-32-06,https://github.com/root-project/root/pull/6665#issuecomment-712195476:238,test,tests,238,https://root.cern,https://github.com/root-project/root/pull/6665#issuecomment-712195476,12,['test'],"['test', 'testReport', 'tests']"
Testability,Build failed on ROOT-fedora30/cxx14.; Running on root-fedora30-1.cern.ch:/build/workspace/root-pullrequests-build; [See console output](https://lcgapp-services.cern.ch/root-jenkins/job/root-pullrequests-build/99676/console).; ### Failing tests:; - [projectroot.test.test_stressmathcore_interpreted](https://lcgapp-services.cern.ch/root-jenkins/job/root-pullrequests-build/99676/testReport/projectroot/test/test_stressmathcore_interpreted/); - [projectroot.roottest.root.meta.MakeProject.roottest_root_meta_MakeProject_stltest](https://lcgapp-services.cern.ch/root-jenkins/job/root-pullrequests-build/99676/testReport/projectroot.roottest.root.meta/MakeProject/roottest_root_meta_MakeProject_stltest/); - [projectroot.roottest.root.meta.MakeProject.roottest_root_meta_MakeProject_foreign](https://lcgapp-services.cern.ch/root-jenkins/job/root-pullrequests-build/99676/testReport/projectroot.roottest.root.meta/MakeProject/roottest_root_meta_MakeProject_foreign/); - [projectroot.roottest.root.meta.ROOT-7462.roottest_root_meta_ROOT_7462_make](https://lcgapp-services.cern.ch/root-jenkins/job/root-pullrequests-build/99676/testReport/projectroot.roottest.root.meta/ROOT-7462/roottest_root_meta_ROOT_7462_make/); - [projectroot.roottest.root.treeformula.schemaEvolution.roottest_root_treeformula_schemaEvolution_make](https://lcgapp-services.cern.ch/root-jenkins/job/root-pullrequests-build/99676/testReport/projectroot.roottest.root.treeformula/schemaEvolution/roottest_root_treeformula_schemaEvolution_make/),MatchSource.ISSUE_COMMENT,root-project,root,v6-32-06,https://github.com/root-project/root/pull/6680#issuecomment-713845386:238,test,tests,238,https://root.cern,https://github.com/root-project/root/pull/6680#issuecomment-713845386,8,['test'],"['test', 'testReport', 'tests']"
Testability,Build failed on ROOT-fedora30/cxx14.; Running on root-fedora30-1.cern.ch:/build/workspace/root-pullrequests-build; [See console output](https://lcgapp-services.cern.ch/root-jenkins/job/root-pullrequests-build/99684/console).; ### Failing tests:; - [projectroot.test.test_stressmathcore_interpreted](https://lcgapp-services.cern.ch/root-jenkins/job/root-pullrequests-build/99684/testReport/projectroot/test/test_stressmathcore_interpreted/),MatchSource.ISSUE_COMMENT,root-project,root,v6-32-06,https://github.com/root-project/root/pull/6680#issuecomment-713923035:238,test,tests,238,https://root.cern,https://github.com/root-project/root/pull/6680#issuecomment-713923035,4,['test'],"['test', 'testReport', 'tests']"
Testability,Build failed on ROOT-fedora30/cxx14.; Running on root-fedora30-1.cern.ch:/build/workspace/root-pullrequests-build; [See console output](https://lcgapp-services.cern.ch/root-jenkins/job/root-pullrequests-build/99815/console).; ### Failing tests:; - [projectroot.roofit.roofitcore.test.gtest_roofit_roofitcore_test_testRooNLLVar](https://lcgapp-services.cern.ch/root-jenkins/job/root-pullrequests-build/99815/testReport/projectroot.roofit.roofitcore/test/gtest_roofit_roofitcore_test_testRooNLLVar/),MatchSource.ISSUE_COMMENT,root-project,root,v6-32-06,https://github.com/root-project/root/pull/6694#issuecomment-714566957:238,test,tests,238,https://root.cern,https://github.com/root-project/root/pull/6694#issuecomment-714566957,4,['test'],"['test', 'testReport', 'tests']"
Testability,"Build failed on ROOT-fedora30/cxx14.; Running on root-fedora30-1.cern.ch:/build/workspace/root-pullrequests-build; [See console output](https://lcgapp-services.cern.ch/root-jenkins/job/root-pullrequests-build/99871/console).; ### Warnings:; - [2020-10-22T17:36:25.479Z] /build/workspace/root-pullrequests-build/root/core/meta/src/TProtoClass.cxx:264:68: warning: format ‘%ld’ expects argument of type ‘long int’, but argument 5 has type ‘Int_t’ {aka ‘int’} [-Wformat=] ; - [2020-10-22T17:36:25.479Z] /build/workspace/root-pullrequests-build/root/core/meta/src/TProtoClass.cxx:264:124: warning: format ‘%ld’ expects argument of type ‘long int’, but argument 6 has type ‘Int_t’ {aka ‘int’} [-Wformat=] . ### Failing tests:; - [projectroot.test.test_stressmathcore_interpreted](https://lcgapp-services.cern.ch/root-jenkins/job/root-pullrequests-build/99871/testReport/projectroot/test/test_stressmathcore_interpreted/); - [projectroot.roottest.root.meta.MakeProject.roottest_root_meta_MakeProject_stltest](https://lcgapp-services.cern.ch/root-jenkins/job/root-pullrequests-build/99871/testReport/projectroot.roottest.root.meta/MakeProject/roottest_root_meta_MakeProject_stltest/)",MatchSource.ISSUE_COMMENT,root-project,root,v6-32-06,https://github.com/root-project/root/pull/6680#issuecomment-714659497:714,test,tests,714,https://root.cern,https://github.com/root-project/root/pull/6680#issuecomment-714659497,5,['test'],"['test', 'testReport', 'tests']"
Testability,Build failed on ROOT-fedora30/cxx14.; Running on root-fedora30-1.cern.ch:/build/workspace/root-pullrequests-build; [See console output](https://lcgapp-services.cern.ch/root-jenkins/job/root-pullrequests-build/99887/console).; ### Failing tests:; - [projectroot.test.test_stressmathcore_interpreted](https://lcgapp-services.cern.ch/root-jenkins/job/root-pullrequests-build/99887/testReport/projectroot/test/test_stressmathcore_interpreted/); - [projectroot.roottest.root.meta.MakeProject.roottest_root_meta_MakeProject_stltest](https://lcgapp-services.cern.ch/root-jenkins/job/root-pullrequests-build/99887/testReport/projectroot.roottest.root.meta/MakeProject/roottest_root_meta_MakeProject_stltest/),MatchSource.ISSUE_COMMENT,root-project,root,v6-32-06,https://github.com/root-project/root/pull/6680#issuecomment-714710954:238,test,tests,238,https://root.cern,https://github.com/root-project/root/pull/6680#issuecomment-714710954,5,['test'],"['test', 'testReport', 'tests']"
Testability,Build failed on ROOT-fedora30/cxx14.; Running on root-fedora30-1.cern.ch:/build/workspace/root-pullrequests-build; [See console output](https://lcgapp-services.cern.ch/root-jenkins/job/root-pullrequests-build/99903/console).; ### Failing tests:; - [projectroot.test.test_stressmathcore_interpreted](https://lcgapp-services.cern.ch/root-jenkins/job/root-pullrequests-build/99903/testReport/projectroot/test/test_stressmathcore_interpreted/); - [projectroot.roottest.root.meta.MakeProject.roottest_root_meta_MakeProject_stltest](https://lcgapp-services.cern.ch/root-jenkins/job/root-pullrequests-build/99903/testReport/projectroot.roottest.root.meta/MakeProject/roottest_root_meta_MakeProject_stltest/); - [projectroot.roottest.root.meta.tclass.roottest_root_meta_tclass_datamemberload](https://lcgapp-services.cern.ch/root-jenkins/job/root-pullrequests-build/99903/testReport/projectroot.roottest.root.meta/tclass/roottest_root_meta_tclass_datamemberload/),MatchSource.ISSUE_COMMENT,root-project,root,v6-32-06,https://github.com/root-project/root/pull/6680#issuecomment-714738211:238,test,tests,238,https://root.cern,https://github.com/root-project/root/pull/6680#issuecomment-714738211,6,['test'],"['test', 'testReport', 'tests']"
Testability,Build failed on ROOT-fedora30/cxx14.; Running on root-fedora30-1.cern.ch:/build/workspace/root-pullrequests-build; [See console output](https://lcgapp-services.cern.ch/root-jenkins/job/root-pullrequests-build/99911/console).; ### Failing tests:; - [projectroot.test.test_stressmathcore_interpreted](https://lcgapp-services.cern.ch/root-jenkins/job/root-pullrequests-build/99911/testReport/projectroot/test/test_stressmathcore_interpreted/),MatchSource.ISSUE_COMMENT,root-project,root,v6-32-06,https://github.com/root-project/root/pull/6680#issuecomment-714778875:238,test,tests,238,https://root.cern,https://github.com/root-project/root/pull/6680#issuecomment-714778875,4,['test'],"['test', 'testReport', 'tests']"
Testability,Build failed on ROOT-fedora30/cxx14.; Running on root-fedora30-1.cern.ch:/build/workspace/root-pullrequests-build; [See console output](https://lcgapp-services.cern.ch/root-jenkins/job/root-pullrequests-build/99999/console).; ### Failing tests:; - [projectroot.roottest.python.pythonizations.roottest_python_pythonizations_pythonizations](https://lcgapp-services.cern.ch/root-jenkins/job/root-pullrequests-build/99999/testReport/projectroot.roottest.python/pythonizations/roottest_python_pythonizations_pythonizations/); - [projectroot.roottest.python.pythonizations.roottest_python_pythonizations_smartptr](https://lcgapp-services.cern.ch/root-jenkins/job/root-pullrequests-build/99999/testReport/projectroot.roottest.python/pythonizations/roottest_python_pythonizations_smartptr/); - [projectroot.roottest.python.stl.roottest_python_stl_stl](https://lcgapp-services.cern.ch/root-jenkins/job/root-pullrequests-build/99999/testReport/projectroot.roottest.python/stl/roottest_python_stl_stl/),MatchSource.ISSUE_COMMENT,root-project,root,v6-32-06,https://github.com/root-project/root/pull/6699#issuecomment-715319084:238,test,tests,238,https://root.cern,https://github.com/root-project/root/pull/6699#issuecomment-715319084,4,['test'],"['testReport', 'tests']"
Testability,Build failed on ROOT-fedora30/cxx14.; Running on root-fedora30-2.cern.ch:/home/sftnight/build/workspace/root-pullrequests-build; [See cdash](http://cdash.cern.ch/index.php?project=ROOT&filtercount=1&field1=buildname/string&compare1=65&value1=PR-4058-ROOT-fedora30-cxx14&date=2020-09-14).; [See console output](https://lcgapp-services.cern.ch/root-jenkins/job/root-pullrequests-build/95760/console).; ### Failing tests:; - [projectroot.roottest.root.io.filemerger.roottest_root_io_filemerger_simple_default_compr_level9_datageneration](https://lcgapp-services.cern.ch/root-jenkins/job/root-pullrequests-build/95760/testReport/projectroot.roottest.root.io/filemerger/roottest_root_io_filemerger_simple_default_compr_level9_datageneration/); - [projectroot.roottest.root.io.filemerger.roottest_root_io_filemerger_simplex2_default_compr_level9](https://lcgapp-services.cern.ch/root-jenkins/job/root-pullrequests-build/95760/testReport/projectroot.roottest.root.io/filemerger/roottest_root_io_filemerger_simplex2_default_compr_level9/); - [projectroot.roottest.root.io.filemerger.roottest_root_io_filemerger_simplek_default_compr_deflevel](https://lcgapp-services.cern.ch/root-jenkins/job/root-pullrequests-build/95760/testReport/projectroot.roottest.root.io/filemerger/roottest_root_io_filemerger_simplek_default_compr_deflevel/); - [projectroot.roottest.root.io.filemerger.roottest_root_io_filemerger_simplek_lzma_compr_level9](https://lcgapp-services.cern.ch/root-jenkins/job/root-pullrequests-build/95760/testReport/projectroot.roottest.root.io/filemerger/roottest_root_io_filemerger_simplek_lzma_compr_level9/); - [projectroot.roottest.root.io.filemerger.roottest_root_io_filemerger_simplek_lz4_compr_level4](https://lcgapp-services.cern.ch/root-jenkins/job/root-pullrequests-build/95760/testReport/projectroot.roottest.root.io/filemerger/roottest_root_io_filemerger_simplek_lz4_compr_level4/); - [projectroot.roottest.root.io.filemerger.roottest_root_io_filemerger_simple_zlib_compr_level9_datagenera,MatchSource.ISSUE_COMMENT,root-project,root,v6-32-06,https://github.com/root-project/root/pull/4058#issuecomment-692145870:412,test,tests,412,https://root.cern,https://github.com/root-project/root/pull/4058#issuecomment-692145870,3,['test'],"['testReport', 'tests']"
Testability,Build failed on ROOT-fedora30/cxx14.; Running on root-fedora30-2.cern.ch:/home/sftnight/build/workspace/root-pullrequests-build; [See cdash](http://cdash.cern.ch/index.php?project=ROOT&filtercount=1&field1=buildname/string&compare1=65&value1=PR-4717-ROOT-fedora30-cxx14&date=2020-04-29).; [See console output](https://lcgapp-services.cern.ch/root-jenkins/job/root-pullrequests-build/79370/console).; ### Failing tests:; - [projectroot.bindings.pyroot_experimental.pythonizations.test.pyunittests_pyroot_numbadeclare](https://lcgapp-services.cern.ch/root-jenkins/job/root-pullrequests-build/79370/testReport/projectroot.bindings.pyroot_experimental.pythonizations/test/pyunittests_pyroot_numbadeclare/); - [projectroot.roottest.root.math.unuran.roottest_root_math_unuran_unuranMulti2D](https://lcgapp-services.cern.ch/root-jenkins/job/root-pullrequests-build/79370/testReport/projectroot.roottest.root.math/unuran/roottest_root_math_unuran_unuranMulti2D/),MatchSource.ISSUE_COMMENT,root-project,root,v6-32-06,https://github.com/root-project/root/pull/4717#issuecomment-621319778:412,test,tests,412,https://root.cern,https://github.com/root-project/root/pull/4717#issuecomment-621319778,5,['test'],"['test', 'testReport', 'tests']"
Testability,Build failed on ROOT-fedora30/cxx14.; Running on root-fedora30-2.cern.ch:/home/sftnight/build/workspace/root-pullrequests-build; [See cdash](http://cdash.cern.ch/index.php?project=ROOT&filtercount=1&field1=buildname/string&compare1=65&value1=PR-4717-ROOT-fedora30-cxx14&date=2020-05-01).; [See console output](https://lcgapp-services.cern.ch/root-jenkins/job/root-pullrequests-build/79853/console).; ### Failing tests:; - [projectroot.roottest.root.io.stdarray.roottest_root_io_stdarray_colWiseRead_22](https://lcgapp-services.cern.ch/root-jenkins/job/root-pullrequests-build/79853/testReport/projectroot.roottest.root.io/stdarray/roottest_root_io_stdarray_colWiseRead_22/),MatchSource.ISSUE_COMMENT,root-project,root,v6-32-06,https://github.com/root-project/root/pull/4717#issuecomment-622515677:412,test,tests,412,https://root.cern,https://github.com/root-project/root/pull/4717#issuecomment-622515677,2,['test'],"['testReport', 'tests']"
Testability,Build failed on ROOT-fedora30/cxx14.; Running on root-fedora30-2.cern.ch:/home/sftnight/build/workspace/root-pullrequests-build; [See cdash](http://cdash.cern.ch/index.php?project=ROOT&filtercount=1&field1=buildname/string&compare1=65&value1=PR-4717-ROOT-fedora30-cxx14&date=2020-05-02).; [See console output](https://lcgapp-services.cern.ch/root-jenkins/job/root-pullrequests-build/79869/console).; ### Failing tests:; - [projectroot.roottest.root.meta.evolution.roottest_root_meta_evolution_execMixedBaseClass_v1](https://lcgapp-services.cern.ch/root-jenkins/job/root-pullrequests-build/79869/testReport/projectroot.roottest.root.meta/evolution/roottest_root_meta_evolution_execMixedBaseClass_v1/); - [projectroot.roottest.root.meta.evolution.roottest_root_meta_evolution_execMixedBaseClass_v2](https://lcgapp-services.cern.ch/root-jenkins/job/root-pullrequests-build/79869/testReport/projectroot.roottest.root.meta/evolution/roottest_root_meta_evolution_execMixedBaseClass_v2/); - [projectroot.roottest.root.dataframe.roottest_root_dataframe_test_snapshot](https://lcgapp-services.cern.ch/root-jenkins/job/root-pullrequests-build/79869/testReport/projectroot.roottest.root/dataframe/roottest_root_dataframe_test_snapshot/); - [projectroot.roottest.root.math.smatrix.roottest_root_math_smatrix_testInversion](https://lcgapp-services.cern.ch/root-jenkins/job/root-pullrequests-build/79869/testReport/projectroot.roottest.root.math/smatrix/roottest_root_math_smatrix_testInversion/); - [projectroot.roottest.root.meta.evolution.roottest_root_meta_evolution_mixedBase_merge1](https://lcgapp-services.cern.ch/root-jenkins/job/root-pullrequests-build/79869/testReport/projectroot.roottest.root.meta/evolution/roottest_root_meta_evolution_mixedBase_merge1/); - [projectroot.roottest.root.meta.evolution.roottest_root_meta_evolution_mixedBase_merge2](https://lcgapp-services.cern.ch/root-jenkins/job/root-pullrequests-build/79869/testReport/projectroot.roottest.root.meta/evolution/roottest_root_meta_evolu,MatchSource.ISSUE_COMMENT,root-project,root,v6-32-06,https://github.com/root-project/root/pull/4717#issuecomment-622924675:412,test,tests,412,https://root.cern,https://github.com/root-project/root/pull/4717#issuecomment-622924675,3,['test'],"['testReport', 'tests']"
Testability,Build failed on ROOT-fedora30/cxx14.; Running on root-fedora30-2.cern.ch:/home/sftnight/build/workspace/root-pullrequests-build; [See cdash](http://cdash.cern.ch/index.php?project=ROOT&filtercount=1&field1=buildname/string&compare1=65&value1=PR-4717-ROOT-fedora30-cxx14&date=2020-05-03).; [See console output](https://lcgapp-services.cern.ch/root-jenkins/job/root-pullrequests-build/79949/console).; ### Failing tests:; - [projectroot.roottest.root.io.stdarray.roottest_root_io_stdarray_colWiseWrite_1](https://lcgapp-services.cern.ch/root-jenkins/job/root-pullrequests-build/79949/testReport/projectroot.roottest.root.io/stdarray/roottest_root_io_stdarray_colWiseWrite_1/); - [projectroot.roottest.python.basic.roottest_python_basic_datatype](https://lcgapp-services.cern.ch/root-jenkins/job/root-pullrequests-build/79949/testReport/projectroot.roottest.python/basic/roottest_python_basic_datatype/); - [projectroot.roottest.root.io.stdarray.roottest_root_io_stdarray_colWiseRead_11](https://lcgapp-services.cern.ch/root-jenkins/job/root-pullrequests-build/79949/testReport/projectroot.roottest.root.io/stdarray/roottest_root_io_stdarray_colWiseRead_11/); - [projectroot.roottest.root.io.stdarray.roottest_root_io_stdarray_colWiseRead_12](https://lcgapp-services.cern.ch/root-jenkins/job/root-pullrequests-build/79949/testReport/projectroot.roottest.root.io/stdarray/roottest_root_io_stdarray_colWiseRead_12/),MatchSource.ISSUE_COMMENT,root-project,root,v6-32-06,https://github.com/root-project/root/pull/4717#issuecomment-623085693:412,test,tests,412,https://root.cern,https://github.com/root-project/root/pull/4717#issuecomment-623085693,5,['test'],"['testReport', 'tests']"
Testability,Build failed on ROOT-fedora30/cxx14.; Running on root-fedora30-2.cern.ch:/home/sftnight/build/workspace/root-pullrequests-build; [See cdash](http://cdash.cern.ch/index.php?project=ROOT&filtercount=1&field1=buildname/string&compare1=65&value1=PR-4717-ROOT-fedora30-cxx14&date=2020-05-03).; [See console output](https://lcgapp-services.cern.ch/root-jenkins/job/root-pullrequests-build/79973/console).; ### Failing tests:; - [projectroot.roottest.root.math.smatrix.roottest_root_math_smatrix_testKalman](https://lcgapp-services.cern.ch/root-jenkins/job/root-pullrequests-build/79973/testReport/projectroot.roottest.root.math/smatrix/roottest_root_math_smatrix_testKalman/),MatchSource.ISSUE_COMMENT,root-project,root,v6-32-06,https://github.com/root-project/root/pull/4717#issuecomment-623090637:412,test,tests,412,https://root.cern,https://github.com/root-project/root/pull/4717#issuecomment-623090637,2,['test'],"['testReport', 'tests']"
Testability,Build failed on ROOT-fedora30/cxx14.; Running on root-fedora30-2.cern.ch:/home/sftnight/build/workspace/root-pullrequests-build; [See cdash](http://cdash.cern.ch/index.php?project=ROOT&filtercount=1&field1=buildname/string&compare1=65&value1=PR-4717-ROOT-fedora30-cxx14&date=2020-05-04).; [See console output](https://lcgapp-services.cern.ch/root-jenkins/job/root-pullrequests-build/80029/console).; ### Failing tests:; - [projectroot.roottest.root.io.uniquePointer.roottest_root_io_uniquePointer_writeUniqPtrColls](https://lcgapp-services.cern.ch/root-jenkins/job/root-pullrequests-build/80029/testReport/projectroot.roottest.root.io/uniquePointer/roottest_root_io_uniquePointer_writeUniqPtrColls/); - [projectroot.roottest.root.io.uniquePointer.roottest_root_io_uniquePointer_readUniqPtrColls](https://lcgapp-services.cern.ch/root-jenkins/job/root-pullrequests-build/80029/testReport/projectroot.roottest.root.io/uniquePointer/roottest_root_io_uniquePointer_readUniqPtrColls/); - [projectroot.tree.treeplayer.test.gtest_tree_treeplayer_test_treeprocessormt](https://lcgapp-services.cern.ch/root-jenkins/job/root-pullrequests-build/80029/testReport/projectroot.tree.treeplayer/test/gtest_tree_treeplayer_test_treeprocessormt/); - [projectroot.roottest.root.io.uniquePointer.roottest_root_io_uniquePointer_crossReadPtrColls](https://lcgapp-services.cern.ch/root-jenkins/job/root-pullrequests-build/80029/testReport/projectroot.roottest.root.io/uniquePointer/roottest_root_io_uniquePointer_crossReadPtrColls/),MatchSource.ISSUE_COMMENT,root-project,root,v6-32-06,https://github.com/root-project/root/pull/4717#issuecomment-623331932:412,test,tests,412,https://root.cern,https://github.com/root-project/root/pull/4717#issuecomment-623331932,7,['test'],"['test', 'testReport', 'tests']"
Testability,Build failed on ROOT-fedora30/cxx14.; Running on root-fedora30-2.cern.ch:/home/sftnight/build/workspace/root-pullrequests-build; [See cdash](http://cdash.cern.ch/index.php?project=ROOT&filtercount=1&field1=buildname/string&compare1=65&value1=PR-4717-ROOT-fedora30-cxx14&date=2020-05-05).; [See console output](https://lcgapp-services.cern.ch/root-jenkins/job/root-pullrequests-build/80599/console).; ### Failing tests:; - [projectroot.test.test_stressgraphics_interpreted](https://lcgapp-services.cern.ch/root-jenkins/job/root-pullrequests-build/80599/testReport/projectroot/test/test_stressgraphics_interpreted/); - [projectroot.test.test_stresshistofit_interpreted](https://lcgapp-services.cern.ch/root-jenkins/job/root-pullrequests-build/80599/testReport/projectroot/test/test_stresshistofit_interpreted/); - [projectroot.roottest.cling.functionTemplate.roottest_cling_functionTemplate_testcint](https://lcgapp-services.cern.ch/root-jenkins/job/root-pullrequests-build/80599/testReport/projectroot.roottest.cling/functionTemplate/roottest_cling_functionTemplate_testcint/); - [projectroot.roottest.python.basic.roottest_python_basic_operator](https://lcgapp-services.cern.ch/root-jenkins/job/root-pullrequests-build/80599/testReport/projectroot.roottest.python/basic/roottest_python_basic_operator/); - [projectroot.roottest.python.basic.roottest_python_basic_basic](https://lcgapp-services.cern.ch/root-jenkins/job/root-pullrequests-build/80599/testReport/projectroot.roottest.python/basic/roottest_python_basic_basic/); - [projectroot.roottest.python.cpp.roottest_python_cpp_cpp11](https://lcgapp-services.cern.ch/root-jenkins/job/root-pullrequests-build/80599/testReport/projectroot.roottest.python/cpp/roottest_python_cpp_cpp11/); - [projectroot.roottest.python.cpp.roottest_python_cpp_advanced](https://lcgapp-services.cern.ch/root-jenkins/job/root-pullrequests-build/80599/testReport/projectroot.roottest.python/cpp/roottest_python_cpp_advanced/); - [projectroot.roottest.python.cpp.roottest_,MatchSource.ISSUE_COMMENT,root-project,root,v6-32-06,https://github.com/root-project/root/pull/4717#issuecomment-624307314:412,test,tests,412,https://root.cern,https://github.com/root-project/root/pull/4717#issuecomment-624307314,8,['test'],"['test', 'testReport', 'tests']"
Testability,Build failed on ROOT-fedora30/cxx14.; Running on root-fedora30-2.cern.ch:/home/sftnight/build/workspace/root-pullrequests-build; [See cdash](http://cdash.cern.ch/index.php?project=ROOT&filtercount=1&field1=buildname/string&compare1=65&value1=PR-4717-ROOT-fedora30-cxx14&date=2020-05-05).; [See console output](https://lcgapp-services.cern.ch/root-jenkins/job/root-pullrequests-build/80607/console).; ### Failing tests:; - [projectroot.roottest.root.io.filemerger.roottest_root_io_filemerger_execMergeMulti](https://lcgapp-services.cern.ch/root-jenkins/job/root-pullrequests-build/80607/testReport/projectroot.roottest.root.io/filemerger/roottest_root_io_filemerger_execMergeMulti/); - [projectroot.roottest.root.meta.evolution.roottest_root_meta_evolution_execBaseClass_v1](https://lcgapp-services.cern.ch/root-jenkins/job/root-pullrequests-build/80607/testReport/projectroot.roottest.root.meta/evolution/roottest_root_meta_evolution_execBaseClass_v1/); - [projectroot.roottest.root.meta.evolution.roottest_root_meta_evolution_execMixedBaseClass_v1](https://lcgapp-services.cern.ch/root-jenkins/job/root-pullrequests-build/80607/testReport/projectroot.roottest.root.meta/evolution/roottest_root_meta_evolution_execMixedBaseClass_v1/); - [projectroot.roottest.root.io.complex.roottest_root_io_complex_writecomplex](https://lcgapp-services.cern.ch/root-jenkins/job/root-pullrequests-build/80607/testReport/projectroot.roottest.root.io/complex/roottest_root_io_complex_writecomplex/); - [projectroot.roottest.root.io.stdarray.roottest_root_io_stdarray_modelReadDictTXMLFile](https://lcgapp-services.cern.ch/root-jenkins/job/root-pullrequests-build/80607/testReport/projectroot.roottest.root.io/stdarray/roottest_root_io_stdarray_modelReadDictTXMLFile/); - [projectroot.roottest.root.io.transient.roottest_root_io_transient_execOld](https://lcgapp-services.cern.ch/root-jenkins/job/root-pullrequests-build/80607/testReport/projectroot.roottest.root.io/transient/roottest_root_io_transient_execOld/); - [pr,MatchSource.ISSUE_COMMENT,root-project,root,v6-32-06,https://github.com/root-project/root/pull/4717#issuecomment-624324253:412,test,tests,412,https://root.cern,https://github.com/root-project/root/pull/4717#issuecomment-624324253,3,['test'],"['testReport', 'tests']"
Testability,Build failed on ROOT-fedora30/cxx14.; Running on root-fedora30-2.cern.ch:/home/sftnight/build/workspace/root-pullrequests-build; [See cdash](http://cdash.cern.ch/index.php?project=ROOT&filtercount=1&field1=buildname/string&compare1=65&value1=PR-5094-ROOT-fedora30-cxx14&date=2020-05-14).; [See console output](https://lcgapp-services.cern.ch/root-jenkins/job/root-pullrequests-build/82116/console).; ### Failing tests:; - [projectroot.roofit.roofit.test.gtest_roofit_roofit_test_testRooGaussian](https://lcgapp-services.cern.ch/root-jenkins/job/root-pullrequests-build/82116/testReport/projectroot.roofit.roofit/test/gtest_roofit_roofit_test_testRooGaussian/); - [projectroot.roofit.roofit.test.gtest_roofit_roofit_test_testRooPoisson](https://lcgapp-services.cern.ch/root-jenkins/job/root-pullrequests-build/82116/testReport/projectroot.roofit.roofit/test/gtest_roofit_roofit_test_testRooPoisson/); - [projectroot.bindings.pyroot_experimental.pythonizations.test.pyunittests_pyroot_numbadeclare](https://lcgapp-services.cern.ch/root-jenkins/job/root-pullrequests-build/82116/testReport/projectroot.bindings.pyroot_experimental.pythonizations/test/pyunittests_pyroot_numbadeclare/); - [projectroot.roofit.roofit.test.gtest_roofit_roofit_test_testRooBernstein](https://lcgapp-services.cern.ch/root-jenkins/job/root-pullrequests-build/82116/testReport/projectroot.roofit.roofit/test/gtest_roofit_roofit_test_testRooBernstein/); - [projectroot.roofit.roofit.test.gtest_roofit_roofit_test_testRooExponential](https://lcgapp-services.cern.ch/root-jenkins/job/root-pullrequests-build/82116/testReport/projectroot.roofit.roofit/test/gtest_roofit_roofit_test_testRooExponential/); - [projectroot.roofit.roofitcore.test.gtest_roofit_roofitcore_test_testRooWrapperPdf](https://lcgapp-services.cern.ch/root-jenkins/job/root-pullrequests-build/82116/testReport/projectroot.roofit.roofitcore/test/gtest_roofit_roofitcore_test_testRooWrapperPdf/); - [projectroot.roofit.roostats.test.gtest_roofit_roostats_test_test,MatchSource.ISSUE_COMMENT,root-project,root,v6-32-06,https://github.com/root-project/root/pull/5094#issuecomment-628642779:412,test,tests,412,https://root.cern,https://github.com/root-project/root/pull/5094#issuecomment-628642779,8,['test'],"['test', 'testReport', 'tests']"
Testability,Build failed on ROOT-fedora30/cxx14.; Running on root-fedora30-2.cern.ch:/home/sftnight/build/workspace/root-pullrequests-build; [See cdash](http://cdash.cern.ch/index.php?project=ROOT&filtercount=1&field1=buildname/string&compare1=65&value1=PR-5094-ROOT-fedora30-cxx14&date=2020-05-14).; [See console output](https://lcgapp-services.cern.ch/root-jenkins/job/root-pullrequests-build/82125/console).; ### Failing tests:; - [projectroot.roofit.roofit.test.gtest_roofit_roofit_test_testRooGaussian](https://lcgapp-services.cern.ch/root-jenkins/job/root-pullrequests-build/82125/testReport/projectroot.roofit.roofit/test/gtest_roofit_roofit_test_testRooGaussian/); - [projectroot.roofit.roofit.test.gtest_roofit_roofit_test_testRooPoisson](https://lcgapp-services.cern.ch/root-jenkins/job/root-pullrequests-build/82125/testReport/projectroot.roofit.roofit/test/gtest_roofit_roofit_test_testRooPoisson/); - [projectroot.roofit.roofit.test.gtest_roofit_roofit_test_testRooBernstein](https://lcgapp-services.cern.ch/root-jenkins/job/root-pullrequests-build/82125/testReport/projectroot.roofit.roofit/test/gtest_roofit_roofit_test_testRooBernstein/); - [projectroot.roofit.roofit.test.gtest_roofit_roofit_test_testRooExponential](https://lcgapp-services.cern.ch/root-jenkins/job/root-pullrequests-build/82125/testReport/projectroot.roofit.roofit/test/gtest_roofit_roofit_test_testRooExponential/); - [projectroot.bindings.pyroot_experimental.pythonizations.test.pyunittests_pyroot_pyz_ttree_asmatrix](https://lcgapp-services.cern.ch/root-jenkins/job/root-pullrequests-build/82125/testReport/projectroot.bindings.pyroot_experimental.pythonizations/test/pyunittests_pyroot_pyz_ttree_asmatrix/); - [projectroot.roofit.roofitcore.test.gtest_roofit_roofitcore_test_testRooWrapperPdf](https://lcgapp-services.cern.ch/root-jenkins/job/root-pullrequests-build/82125/testReport/projectroot.roofit.roofitcore/test/gtest_roofit_roofitcore_test_testRooWrapperPdf/); - [projectroot.roofit.roostats.test.gtest_roofit_roosta,MatchSource.ISSUE_COMMENT,root-project,root,v6-32-06,https://github.com/root-project/root/pull/5094#issuecomment-628669769:412,test,tests,412,https://root.cern,https://github.com/root-project/root/pull/5094#issuecomment-628669769,8,['test'],"['test', 'testReport', 'tests']"
Testability,Build failed on ROOT-fedora30/cxx14.; Running on root-fedora30-2.cern.ch:/home/sftnight/build/workspace/root-pullrequests-build; [See cdash](http://cdash.cern.ch/index.php?project=ROOT&filtercount=1&field1=buildname/string&compare1=65&value1=PR-5094-ROOT-fedora30-cxx14&date=2020-05-14).; [See console output](https://lcgapp-services.cern.ch/root-jenkins/job/root-pullrequests-build/82157/console).; ### Failing tests:; - [projectroot.test.test_stressmathcore_interpreted](https://lcgapp-services.cern.ch/root-jenkins/job/root-pullrequests-build/82157/testReport/projectroot/test/test_stressmathcore_interpreted/); - [projectroot.bindings.pyroot_experimental.pythonizations.test.pyunittests_pyroot_pyz_ttree_asmatrix](https://lcgapp-services.cern.ch/root-jenkins/job/root-pullrequests-build/82157/testReport/projectroot.bindings.pyroot_experimental.pythonizations/test/pyunittests_pyroot_pyz_ttree_asmatrix/); - [projectroot.tree.dataframe.test.gtest_tree_dataframe_test_dataframe_simple](https://lcgapp-services.cern.ch/root-jenkins/job/root-pullrequests-build/82157/testReport/projectroot.tree.dataframe/test/gtest_tree_dataframe_test_dataframe_simple/); - [projectroot.tree.dataframe.test.gtest_tree_dataframe_test_dataframe_histomodels](https://lcgapp-services.cern.ch/root-jenkins/job/root-pullrequests-build/82157/testReport/projectroot.tree.dataframe/test/gtest_tree_dataframe_test_dataframe_histomodels/); - [projectroot.tree.ntuple.v7.test.gtest_tree__v7_test_ntuple](https://lcgapp-services.cern.ch/root-jenkins/job/root-pullrequests-build/82157/testReport/projectroot.tree.ntuple.v7/test/gtest_tree__v7_test_ntuple/); - [projectroot.roottest.root.dataframe.roottest_root_dataframe_test_chainZombieFile](https://lcgapp-services.cern.ch/root-jenkins/job/root-pullrequests-build/82157/testReport/projectroot.roottest.root/dataframe/roottest_root_dataframe_test_chainZombieFile/); - [projectroot.roottest.root.dataframe.roottest_root_dataframe_test_snapshotNFiles](https://lcgapp-services.cern.,MatchSource.ISSUE_COMMENT,root-project,root,v6-32-06,https://github.com/root-project/root/pull/5094#issuecomment-628779319:412,test,tests,412,https://root.cern,https://github.com/root-project/root/pull/5094#issuecomment-628779319,8,['test'],"['test', 'testReport', 'tests']"
Testability,Build failed on ROOT-fedora30/cxx14.; Running on root-fedora30-2.cern.ch:/home/sftnight/build/workspace/root-pullrequests-build; [See cdash](http://cdash.cern.ch/index.php?project=ROOT&filtercount=1&field1=buildname/string&compare1=65&value1=PR-5094-ROOT-fedora30-cxx14&date=2020-05-17).; [See console output](https://lcgapp-services.cern.ch/root-jenkins/job/root-pullrequests-build/82546/console).; ### Errors:; - [2020-05-17T05:59:27.675Z] 1030/2068 Test #933: tutorial-v7-concurrentfill.cxx ....................................................................***Failed Error regular expression found in output. Regex=[: error:] 4.34 sec . ### Failing tests:; - [projectroot.runtutorials.tutorial_dataframe_df012_DefinesAndFiltersAsStrings](https://lcgapp-services.cern.ch/root-jenkins/job/root-pullrequests-build/82546/testReport/projectroot/runtutorials/tutorial_dataframe_df012_DefinesAndFiltersAsStrings/); - [projectroot.runtutorials.tutorial_dataframe_df007_snapshot](https://lcgapp-services.cern.ch/root-jenkins/job/root-pullrequests-build/82546/testReport/projectroot/runtutorials/tutorial_dataframe_df007_snapshot/); - [projectroot.runtutorials.tutorial_dataframe_df025_RNode](https://lcgapp-services.cern.ch/root-jenkins/job/root-pullrequests-build/82546/testReport/projectroot/runtutorials/tutorial_dataframe_df025_RNode/); - [projectroot.runtutorials.tutorial_multicore_imt101_parTreeProcessing](https://lcgapp-services.cern.ch/root-jenkins/job/root-pullrequests-build/82546/testReport/projectroot/runtutorials/tutorial_multicore_imt101_parTreeProcessing/); - [projectroot.runtutorials.tutorial_roostats_StandardFrequentistDiscovery](https://lcgapp-services.cern.ch/root-jenkins/job/root-pullrequests-build/82546/testReport/projectroot/runtutorials/tutorial_roostats_StandardFrequentistDiscovery/); - [projectroot.runtutorials.tutorial_roostats_StandardBayesianMCMCDemo](https://lcgapp-services.cern.ch/root-jenkins/job/root-pullrequests-build/82546/testReport/projectroot/runtutorials/t,MatchSource.ISSUE_COMMENT,root-project,root,v6-32-06,https://github.com/root-project/root/pull/5094#issuecomment-629750857:452,Test,Test,452,https://root.cern,https://github.com/root-project/root/pull/5094#issuecomment-629750857,3,"['Test', 'test']","['Test', 'testReport', 'tests']"
Testability,Build failed on ROOT-fedora30/cxx14.; Running on root-fedora30-2.cern.ch:/home/sftnight/build/workspace/root-pullrequests-build; [See cdash](http://cdash.cern.ch/index.php?project=ROOT&filtercount=1&field1=buildname/string&compare1=65&value1=PR-5094-ROOT-fedora30-cxx14&date=2020-05-18).; [See console output](https://lcgapp-services.cern.ch/root-jenkins/job/root-pullrequests-build/82562/console).; ### Failing tests:; - [projectroot.bindings.pyroot_experimental.pythonizations.test.pyunittests_pyroot_pyz_ttree_asmatrix](https://lcgapp-services.cern.ch/root-jenkins/job/root-pullrequests-build/82562/testReport/projectroot.bindings.pyroot_experimental.pythonizations/test/pyunittests_pyroot_pyz_ttree_asmatrix/); - [projectroot.roofit.roofitcore.test.gtest_roofit_roofitcore_test_testProxiesAndCategories](https://lcgapp-services.cern.ch/root-jenkins/job/root-pullrequests-build/82562/testReport/projectroot.roofit.roofitcore/test/gtest_roofit_roofitcore_test_testProxiesAndCategories/); - [projectroot.test.test_stressmathcore_interpreted](https://lcgapp-services.cern.ch/root-jenkins/job/root-pullrequests-build/82562/testReport/projectroot/test/test_stressmathcore_interpreted/); - [projectroot.tree.dataframe.test.gtest_tree_dataframe_test_dataframe_simple](https://lcgapp-services.cern.ch/root-jenkins/job/root-pullrequests-build/82562/testReport/projectroot.tree.dataframe/test/gtest_tree_dataframe_test_dataframe_simple/); - [projectroot.tree.dataframe.test.gtest_tree_dataframe_test_dataframe_histomodels](https://lcgapp-services.cern.ch/root-jenkins/job/root-pullrequests-build/82562/testReport/projectroot.tree.dataframe/test/gtest_tree_dataframe_test_dataframe_histomodels/); - [projectroot.tree.ntuple.v7.test.gtest_tree__v7_test_ntuple](https://lcgapp-services.cern.ch/root-jenkins/job/root-pullrequests-build/82562/testReport/projectroot.tree.ntuple.v7/test/gtest_tree__v7_test_ntuple/); - [projectroot.roottest.root.dataframe.roottest_root_dataframe_test_snapshotNFiles](https://lcgap,MatchSource.ISSUE_COMMENT,root-project,root,v6-32-06,https://github.com/root-project/root/pull/5094#issuecomment-629990719:412,test,tests,412,https://root.cern,https://github.com/root-project/root/pull/5094#issuecomment-629990719,7,['test'],"['test', 'testReport', 'tests']"
Testability,Build failed on ROOT-fedora30/cxx14.; Running on root-fedora30-2.cern.ch:/home/sftnight/build/workspace/root-pullrequests-build; [See cdash](http://cdash.cern.ch/index.php?project=ROOT&filtercount=1&field1=buildname/string&compare1=65&value1=PR-5094-ROOT-fedora30-cxx14&date=2020-05-22).; [See console output](https://lcgapp-services.cern.ch/root-jenkins/job/root-pullrequests-build/83123/console).; ### Failing tests:; - [projectroot.bindings.pyroot_experimental.pythonizations.test.pyunittests_pyroot_pyz_ttree_asmatrix](https://lcgapp-services.cern.ch/root-jenkins/job/root-pullrequests-build/83123/testReport/projectroot.bindings.pyroot_experimental.pythonizations/test/pyunittests_pyroot_pyz_ttree_asmatrix/); - [projectroot.test.test_stressmathcore_interpreted](https://lcgapp-services.cern.ch/root-jenkins/job/root-pullrequests-build/83123/testReport/projectroot/test/test_stressmathcore_interpreted/); - [projectroot.tree.dataframe.test.gtest_tree_dataframe_test_dataframe_simple](https://lcgapp-services.cern.ch/root-jenkins/job/root-pullrequests-build/83123/testReport/projectroot.tree.dataframe/test/gtest_tree_dataframe_test_dataframe_simple/); - [projectroot.tree.dataframe.test.gtest_tree_dataframe_test_dataframe_histomodels](https://lcgapp-services.cern.ch/root-jenkins/job/root-pullrequests-build/83123/testReport/projectroot.tree.dataframe/test/gtest_tree_dataframe_test_dataframe_histomodels/); - [projectroot.tree.ntuple.v7.test.gtest_tree__v7_test_ntuple](https://lcgapp-services.cern.ch/root-jenkins/job/root-pullrequests-build/83123/testReport/projectroot.tree.ntuple.v7/test/gtest_tree__v7_test_ntuple/); - [projectroot.roottest.root.dataframe.roottest_root_dataframe_test_snapshotNFiles](https://lcgapp-services.cern.ch/root-jenkins/job/root-pullrequests-build/83123/testReport/projectroot.roottest.root/dataframe/roottest_root_dataframe_test_snapshotNFiles/); - [projectroot.roottest.root.dataframe.roottest_root_dataframe_test_chainZombieFile](https://lcgapp-services.cern.c,MatchSource.ISSUE_COMMENT,root-project,root,v6-32-06,https://github.com/root-project/root/pull/5094#issuecomment-632544138:412,test,tests,412,https://root.cern,https://github.com/root-project/root/pull/5094#issuecomment-632544138,8,['test'],"['test', 'testReport', 'tests']"
Testability,Build failed on ROOT-fedora30/cxx14.; Running on root-fedora30-2.cern.ch:/home/sftnight/build/workspace/root-pullrequests-build; [See cdash](http://cdash.cern.ch/index.php?project=ROOT&filtercount=1&field1=buildname/string&compare1=65&value1=PR-5094-ROOT-fedora30-cxx14&date=2020-05-25).; [See console output](https://lcgapp-services.cern.ch/root-jenkins/job/root-pullrequests-build/83486/console).; ### Failing tests:; - [projectroot.bindings.pyroot_experimental.pythonizations.test.pyunittests_pyroot_pyz_ttree_asmatrix](https://lcgapp-services.cern.ch/root-jenkins/job/root-pullrequests-build/83486/testReport/projectroot.bindings.pyroot_experimental.pythonizations/test/pyunittests_pyroot_pyz_ttree_asmatrix/); - [projectroot.roofit.roofitcore.test.gtest_roofit_roofitcore_test_testProxiesAndCategories](https://lcgapp-services.cern.ch/root-jenkins/job/root-pullrequests-build/83486/testReport/projectroot.roofit.roofitcore/test/gtest_roofit_roofitcore_test_testProxiesAndCategories/); - [projectroot.test.test_stressmathcore_interpreted](https://lcgapp-services.cern.ch/root-jenkins/job/root-pullrequests-build/83486/testReport/projectroot/test/test_stressmathcore_interpreted/); - [projectroot.tree.dataframe.test.gtest_tree_dataframe_test_dataframe_simple](https://lcgapp-services.cern.ch/root-jenkins/job/root-pullrequests-build/83486/testReport/projectroot.tree.dataframe/test/gtest_tree_dataframe_test_dataframe_simple/); - [projectroot.tree.dataframe.test.gtest_tree_dataframe_test_dataframe_histomodels](https://lcgapp-services.cern.ch/root-jenkins/job/root-pullrequests-build/83486/testReport/projectroot.tree.dataframe/test/gtest_tree_dataframe_test_dataframe_histomodels/); - [projectroot.tree.ntuple.v7.test.gtest_tree__v7_test_ntuple](https://lcgapp-services.cern.ch/root-jenkins/job/root-pullrequests-build/83486/testReport/projectroot.tree.ntuple.v7/test/gtest_tree__v7_test_ntuple/); - [projectroot.roottest.root.dataframe.roottest_root_dataframe_test_snapshotNFiles](https://lcgap,MatchSource.ISSUE_COMMENT,root-project,root,v6-32-06,https://github.com/root-project/root/pull/5094#issuecomment-633683210:412,test,tests,412,https://root.cern,https://github.com/root-project/root/pull/5094#issuecomment-633683210,7,['test'],"['test', 'testReport', 'tests']"
Testability,Build failed on ROOT-fedora30/cxx14.; Running on root-fedora30-2.cern.ch:/home/sftnight/build/workspace/root-pullrequests-build; [See cdash](http://cdash.cern.ch/index.php?project=ROOT&filtercount=1&field1=buildname/string&compare1=65&value1=PR-5094-ROOT-fedora30-cxx14&date=2020-05-27).; [See console output](https://lcgapp-services.cern.ch/root-jenkins/job/root-pullrequests-build/83799/console).; ### Failing tests:; - [projectroot.bindings.pyroot_experimental.pythonizations.test.pyunittests_pyroot_pyz_ttree_asmatrix](https://lcgapp-services.cern.ch/root-jenkins/job/root-pullrequests-build/83799/testReport/projectroot.bindings.pyroot_experimental.pythonizations/test/pyunittests_pyroot_pyz_ttree_asmatrix/); - [projectroot.roofit.roofitcore.test.gtest_roofit_roofitcore_test_testProxiesAndCategories](https://lcgapp-services.cern.ch/root-jenkins/job/root-pullrequests-build/83799/testReport/projectroot.roofit.roofitcore/test/gtest_roofit_roofitcore_test_testProxiesAndCategories/); - [projectroot.test.test_stressmathcore_interpreted](https://lcgapp-services.cern.ch/root-jenkins/job/root-pullrequests-build/83799/testReport/projectroot/test/test_stressmathcore_interpreted/); - [projectroot.tree.dataframe.test.gtest_tree_dataframe_test_dataframe_simple](https://lcgapp-services.cern.ch/root-jenkins/job/root-pullrequests-build/83799/testReport/projectroot.tree.dataframe/test/gtest_tree_dataframe_test_dataframe_simple/); - [projectroot.tree.dataframe.test.gtest_tree_dataframe_test_dataframe_histomodels](https://lcgapp-services.cern.ch/root-jenkins/job/root-pullrequests-build/83799/testReport/projectroot.tree.dataframe/test/gtest_tree_dataframe_test_dataframe_histomodels/); - [projectroot.tree.ntuple.v7.test.gtest_tree__v7_test_ntuple](https://lcgapp-services.cern.ch/root-jenkins/job/root-pullrequests-build/83799/testReport/projectroot.tree.ntuple.v7/test/gtest_tree__v7_test_ntuple/); - [projectroot.roottest.root.dataframe.roottest_root_dataframe_test_snapshotNFiles](https://lcgap,MatchSource.ISSUE_COMMENT,root-project,root,v6-32-06,https://github.com/root-project/root/pull/5094#issuecomment-634795269:412,test,tests,412,https://root.cern,https://github.com/root-project/root/pull/5094#issuecomment-634795269,7,['test'],"['test', 'testReport', 'tests']"
Testability,Build failed on ROOT-fedora30/cxx14.; Running on root-fedora30-2.cern.ch:/home/sftnight/build/workspace/root-pullrequests-build; [See cdash](http://cdash.cern.ch/index.php?project=ROOT&filtercount=1&field1=buildname/string&compare1=65&value1=PR-5094-ROOT-fedora30-cxx14&date=2020-05-29).; [See console output](https://lcgapp-services.cern.ch/root-jenkins/job/root-pullrequests-build/84322/console).; ### Failing tests:; - [projectroot.roofit.roofitcore.test.gtest_roofit_roofitcore_test_testProxiesAndCategories](https://lcgapp-services.cern.ch/root-jenkins/job/root-pullrequests-build/84322/testReport/projectroot.roofit.roofitcore/test/gtest_roofit_roofitcore_test_testProxiesAndCategories/); - [projectroot.bindings.pyroot_experimental.pythonizations.test.pyunittests_pyroot_pyz_ttree_asmatrix](https://lcgapp-services.cern.ch/root-jenkins/job/root-pullrequests-build/84322/testReport/projectroot.bindings.pyroot_experimental.pythonizations/test/pyunittests_pyroot_pyz_ttree_asmatrix/); - [projectroot.test.test_stressmathcore_interpreted](https://lcgapp-services.cern.ch/root-jenkins/job/root-pullrequests-build/84322/testReport/projectroot/test/test_stressmathcore_interpreted/); - [projectroot.tree.dataframe.test.gtest_tree_dataframe_test_dataframe_histomodels](https://lcgapp-services.cern.ch/root-jenkins/job/root-pullrequests-build/84322/testReport/projectroot.tree.dataframe/test/gtest_tree_dataframe_test_dataframe_histomodels/); - [projectroot.tree.ntuple.v7.test.gtest_tree_ntuple_v7_test_ntuple_rdf](https://lcgapp-services.cern.ch/root-jenkins/job/root-pullrequests-build/84322/testReport/projectroot.tree.ntuple.v7/test/gtest_tree_ntuple_v7_test_ntuple_rdf/); - [projectroot.roottest.root.dataframe.roottest_root_dataframe_test_chainZombieFile](https://lcgapp-services.cern.ch/root-jenkins/job/root-pullrequests-build/84322/testReport/projectroot.roottest.root/dataframe/roottest_root_dataframe_test_chainZombieFile/); - [projectroot.roottest.root.hist.roottest_root_hist_mergeTH2Poly,MatchSource.ISSUE_COMMENT,root-project,root,v6-32-06,https://github.com/root-project/root/pull/5094#issuecomment-636153998:412,test,tests,412,https://root.cern,https://github.com/root-project/root/pull/5094#issuecomment-636153998,7,['test'],"['test', 'testReport', 'tests']"
Testability,Build failed on ROOT-fedora30/cxx14.; Running on root-fedora30-2.cern.ch:/home/sftnight/build/workspace/root-pullrequests-build; [See cdash](http://cdash.cern.ch/index.php?project=ROOT&filtercount=1&field1=buildname/string&compare1=65&value1=PR-5094-ROOT-fedora30-cxx14&date=2020-05-29).; [See console output](https://lcgapp-services.cern.ch/root-jenkins/job/root-pullrequests-build/84330/console).; ### Failing tests:; - [projectroot.test.test_stresshistofit_interpreted](https://lcgapp-services.cern.ch/root-jenkins/job/root-pullrequests-build/84330/testReport/projectroot/test/test_stresshistofit_interpreted/),MatchSource.ISSUE_COMMENT,root-project,root,v6-32-06,https://github.com/root-project/root/pull/5094#issuecomment-636175773:412,test,tests,412,https://root.cern,https://github.com/root-project/root/pull/5094#issuecomment-636175773,4,['test'],"['test', 'testReport', 'tests']"
Testability,Build failed on ROOT-fedora30/cxx14.; Running on root-fedora30-2.cern.ch:/home/sftnight/build/workspace/root-pullrequests-build; [See cdash](http://cdash.cern.ch/index.php?project=ROOT&filtercount=1&field1=buildname/string&compare1=65&value1=PR-5094-ROOT-fedora30-cxx14&date=2020-05-30).; [See console output](https://lcgapp-services.cern.ch/root-jenkins/job/root-pullrequests-build/84346/console).; ### Failing tests:; - [projectroot.test.test_stressmathcore_interpreted](https://lcgapp-services.cern.ch/root-jenkins/job/root-pullrequests-build/84346/testReport/projectroot/test/test_stressmathcore_interpreted/); - [projectroot.roottest.root.collection.roottest_root_collection_arrayViewBasic](https://lcgapp-services.cern.ch/root-jenkins/job/root-pullrequests-build/84346/testReport/projectroot.roottest.root/collection/roottest_root_collection_arrayViewBasic/); - [projectroot.test.test_stresshistofit_interpreted](https://lcgapp-services.cern.ch/root-jenkins/job/root-pullrequests-build/84346/testReport/projectroot/test/test_stresshistofit_interpreted/); - [projectroot.roottest.root.meta.callfunc.roottest_root_meta_callfunc_execResolveAt_auto](https://lcgapp-services.cern.ch/root-jenkins/job/root-pullrequests-build/84346/testReport/projectroot.roottest.root.meta/callfunc/roottest_root_meta_callfunc_execResolveAt_auto/); - [projectroot.roottest.root.meta.cmsUnload.roottest_root_meta_cmsUnload_make](https://lcgapp-services.cern.ch/root-jenkins/job/root-pullrequests-build/84346/testReport/projectroot.roottest.root.meta/cmsUnload/roottest_root_meta_cmsUnload_make/); - [projectroot.roottest.root.tree.cloning.roottest_root_tree_cloning_treeCloneTest](https://lcgapp-services.cern.ch/root-jenkins/job/root-pullrequests-build/84346/testReport/projectroot.roottest.root.tree/cloning/roottest_root_tree_cloning_treeCloneTest/); - [projectroot.roottest.root.tree.selector.roottest_root_tree_selector_make](https://lcgapp-services.cern.ch/root-jenkins/job/root-pullrequests-build/84346/testRepor,MatchSource.ISSUE_COMMENT,root-project,root,v6-32-06,https://github.com/root-project/root/pull/5094#issuecomment-636282904:412,test,tests,412,https://root.cern,https://github.com/root-project/root/pull/5094#issuecomment-636282904,6,['test'],"['test', 'testReport', 'tests']"
Testability,Build failed on ROOT-fedora30/cxx14.; Running on root-fedora30-2.cern.ch:/home/sftnight/build/workspace/root-pullrequests-build; [See cdash](http://cdash.cern.ch/index.php?project=ROOT&filtercount=1&field1=buildname/string&compare1=65&value1=PR-5094-ROOT-fedora30-cxx14&date=2020-06-03).; [See console output](https://lcgapp-services.cern.ch/root-jenkins/job/root-pullrequests-build/84827/console).; ### Failing tests:; - [projectroot.test.test_stresshistofit_interpreted](https://lcgapp-services.cern.ch/root-jenkins/job/root-pullrequests-build/84827/testReport/projectroot/test/test_stresshistofit_interpreted/); - [projectroot.roottest.cling.threading.roottest_cling_threading_clinglock_staticinit](https://lcgapp-services.cern.ch/root-jenkins/job/root-pullrequests-build/84827/testReport/projectroot.roottest.cling/threading/roottest_cling_threading_clinglock_staticinit/); - [projectroot.roottest.root.hist.roottest_root_hist_assertSparseToTHn](https://lcgapp-services.cern.ch/root-jenkins/job/root-pullrequests-build/84827/testReport/projectroot.roottest.root/hist/roottest_root_hist_assertSparseToTHn/); - [projectroot.roottest.root.meta.roottest_root_meta_execTypedefList_auto](https://lcgapp-services.cern.ch/root-jenkins/job/root-pullrequests-build/84827/testReport/projectroot.roottest.root/meta/roottest_root_meta_execTypedefList_auto/); - [projectroot.roottest.root.meta.callfunc.roottest_root_meta_callfunc_execResolveAt_auto](https://lcgapp-services.cern.ch/root-jenkins/job/root-pullrequests-build/84827/testReport/projectroot.roottest.root.meta/callfunc/roottest_root_meta_callfunc_execResolveAt_auto/); - [projectroot.roottest.root.tree.cloning.roottest_root_tree_cloning_treeCloneTest](https://lcgapp-services.cern.ch/root-jenkins/job/root-pullrequests-build/84827/testReport/projectroot.roottest.root.tree/cloning/roottest_root_tree_cloning_treeCloneTest/); - [projectroot.roottest.root.tree.selector.roottest_root_tree_selector_make](https://lcgapp-services.cern.ch/root-jenkins/j,MatchSource.ISSUE_COMMENT,root-project,root,v6-32-06,https://github.com/root-project/root/pull/5094#issuecomment-638136972:412,test,tests,412,https://root.cern,https://github.com/root-project/root/pull/5094#issuecomment-638136972,5,['test'],"['test', 'testReport', 'tests']"
Testability,Build failed on ROOT-fedora30/cxx14.; Running on root-fedora30-2.cern.ch:/home/sftnight/build/workspace/root-pullrequests-build; [See cdash](http://cdash.cern.ch/index.php?project=ROOT&filtercount=1&field1=buildname/string&compare1=65&value1=PR-5094-ROOT-fedora30-cxx14&date=2020-06-03).; [See console output](https://lcgapp-services.cern.ch/root-jenkins/job/root-pullrequests-build/84915/console).; ### Warnings:; - [2020-06-03T15:44:15.204Z] /home/sftnight/build/workspace/root-pullrequests-build/root/core/metacling/src/TCling.cxx:1151:36: warning: unused variable ‘FE’ [-Wunused-variable] . ### Failing tests:; - [projectroot.test.test_stressmathcore_interpreted](https://lcgapp-services.cern.ch/root-jenkins/job/root-pullrequests-build/84915/testReport/projectroot/test/test_stressmathcore_interpreted/); - [projectroot.tree.dataframe.test.gtest_tree_dataframe_test_dataframe_display](https://lcgapp-services.cern.ch/root-jenkins/job/root-pullrequests-build/84915/testReport/projectroot.tree.dataframe/test/gtest_tree_dataframe_test_dataframe_display/); - [projectroot.roottest.python.JupyROOT.roottest_python_JupyROOT_cppcompleter_doctest](https://lcgapp-services.cern.ch/root-jenkins/job/root-pullrequests-build/84915/testReport/projectroot.roottest.python/JupyROOT/roottest_python_JupyROOT_cppcompleter_doctest/); - [projectroot.test.test_stresshistofit_interpreted](https://lcgapp-services.cern.ch/root-jenkins/job/root-pullrequests-build/84915/testReport/projectroot/test/test_stresshistofit_interpreted/); - [projectroot.roottest.root.io.uniquePointer.roottest_root_io_uniquePointer_simpleWriteRead](https://lcgapp-services.cern.ch/root-jenkins/job/root-pullrequests-build/84915/testReport/projectroot.roottest.root.io/uniquePointer/roottest_root_io_uniquePointer_simpleWriteRead/); - [projectroot.roottest.root.io.uniquePointer.roottest_root_io_uniquePointer_simpleRead](https://lcgapp-services.cern.ch/root-jenkins/job/root-pullrequests-build/84915/testReport/projectroot.roottest.root.io,MatchSource.ISSUE_COMMENT,root-project,root,v6-32-06,https://github.com/root-project/root/pull/5094#issuecomment-638291209:607,test,tests,607,https://root.cern,https://github.com/root-project/root/pull/5094#issuecomment-638291209,6,['test'],"['test', 'testReport', 'tests']"
Testability,Build failed on ROOT-fedora30/cxx14.; Running on root-fedora30-2.cern.ch:/home/sftnight/build/workspace/root-pullrequests-build; [See cdash](http://cdash.cern.ch/index.php?project=ROOT&filtercount=1&field1=buildname/string&compare1=65&value1=PR-5094-ROOT-fedora30-cxx14&date=2020-06-03).; [See console output](https://lcgapp-services.cern.ch/root-jenkins/job/root-pullrequests-build/84931/console).; ### Errors:; - [2020-06-03T16:24:17.637Z] 492/2079 Test #376: tutorial-dataframe-df018_customActions ............................................................***Failed Error regular expression found in output. Regex=[: error:] 3.86 sec ; - [2020-06-03T16:24:23.874Z] 507/2079 Test #382: tutorial-dataframe-df024_Display ..................................................................***Failed Error regular expression found in output. Regex=[: error:] 6.35 sec ; - [2020-06-03T16:25:14.648Z] 785/2079 Test #674: tutorial-math-quasirandom .........................................................................***Failed Error regular expression found in output. Regex=[: error:] 0.88 sec ; - [2020-06-03T16:25:15.661Z] 795/2079 Test #682: tutorial-multicore-imt001_parBranchProcessing .....................................................***Failed Error regular expression found in output. Regex=[: error:] 0.98 sec ; - [2020-06-03T16:25:22.888Z] 811/2079 Test #708: tutorial-roofit-rf105_funcbinding .................................................................***Failed Error regular expression found in output. Regex=[: error:] 1.08 sec ; - [2020-06-03T16:26:39.548Z] 976/2079 Test #879: tutorial-tmva-tmva003_RReader .....................................................................***Failed Error regular expression found in output. Regex=[: error:] 3.00 sec ; - [2020-06-03T16:26:40.348Z] 977/2079 Test #880: tutorial-tmva-tmva004_RStandardScaler .............................................................***Failed Error regular expression found in output. Regex=[: error:] 2.0,MatchSource.ISSUE_COMMENT,root-project,root,v6-32-06,https://github.com/root-project/root/pull/5094#issuecomment-638318301:451,Test,Test,451,https://root.cern,https://github.com/root-project/root/pull/5094#issuecomment-638318301,3,['Test'],['Test']
Testability,Build failed on ROOT-fedora30/cxx14.; Running on root-fedora30-2.cern.ch:/home/sftnight/build/workspace/root-pullrequests-build; [See cdash](http://cdash.cern.ch/index.php?project=ROOT&filtercount=1&field1=buildname/string&compare1=65&value1=PR-5094-ROOT-fedora30-cxx14&date=2020-06-03).; [See console output](https://lcgapp-services.cern.ch/root-jenkins/job/root-pullrequests-build/84939/console).; ### Failing tests:; - [projectroot.bindings.pyroot_experimental.pythonizations.test.pyunittests_pyroot_numbadeclare](https://lcgapp-services.cern.ch/root-jenkins/job/root-pullrequests-build/84939/testReport/projectroot.bindings.pyroot_experimental.pythonizations/test/pyunittests_pyroot_numbadeclare/); - [projectroot.test.test_stressmathcore_interpreted](https://lcgapp-services.cern.ch/root-jenkins/job/root-pullrequests-build/84939/testReport/projectroot/test/test_stressmathcore_interpreted/); - [projectroot.roottest.python.JupyROOT.roottest_python_JupyROOT_cppcompleter_doctest](https://lcgapp-services.cern.ch/root-jenkins/job/root-pullrequests-build/84939/testReport/projectroot.roottest.python/JupyROOT/roottest_python_JupyROOT_cppcompleter_doctest/); - [projectroot.test.test_stresshistofit_interpreted](https://lcgapp-services.cern.ch/root-jenkins/job/root-pullrequests-build/84939/testReport/projectroot/test/test_stresshistofit_interpreted/),MatchSource.ISSUE_COMMENT,root-project,root,v6-32-06,https://github.com/root-project/root/pull/5094#issuecomment-638332655:412,test,tests,412,https://root.cern,https://github.com/root-project/root/pull/5094#issuecomment-638332655,11,['test'],"['test', 'testReport', 'tests']"
Testability,Build failed on ROOT-fedora30/cxx14.; Running on root-fedora30-2.cern.ch:/home/sftnight/build/workspace/root-pullrequests-build; [See cdash](http://cdash.cern.ch/index.php?project=ROOT&filtercount=1&field1=buildname/string&compare1=65&value1=PR-5094-ROOT-fedora30-cxx14&date=2020-06-04).; [See console output](https://lcgapp-services.cern.ch/root-jenkins/job/root-pullrequests-build/85075/console).; ### Failing tests:; - [projectroot.roottest.python.JupyROOT.roottest_python_JupyROOT_cppcompleter_doctest](https://lcgapp-services.cern.ch/root-jenkins/job/root-pullrequests-build/85075/testReport/projectroot.roottest.python/JupyROOT/roottest_python_JupyROOT_cppcompleter_doctest/); - [projectroot.roottest.root.hist.roottest_root_hist_mergeTH2Poly](https://lcgapp-services.cern.ch/root-jenkins/job/root-pullrequests-build/85075/testReport/projectroot.roottest.root/hist/roottest_root_hist_mergeTH2Poly/); - [projectroot.test.test_stresshistofit_interpreted](https://lcgapp-services.cern.ch/root-jenkins/job/root-pullrequests-build/85075/testReport/projectroot/test/test_stresshistofit_interpreted/); - [projectroot.roottest.root.io.uniquePointer.roottest_root_io_uniquePointer_checkNamesForIO](https://lcgapp-services.cern.ch/root-jenkins/job/root-pullrequests-build/85075/testReport/projectroot.roottest.root.io/uniquePointer/roottest_root_io_uniquePointer_checkNamesForIO/),MatchSource.ISSUE_COMMENT,root-project,root,v6-32-06,https://github.com/root-project/root/pull/5094#issuecomment-638923038:412,test,tests,412,https://root.cern,https://github.com/root-project/root/pull/5094#issuecomment-638923038,7,['test'],"['test', 'testReport', 'tests']"
Testability,Build failed on ROOT-fedora30/cxx14.; Running on root-fedora30-2.cern.ch:/home/sftnight/build/workspace/root-pullrequests-build; [See cdash](http://cdash.cern.ch/index.php?project=ROOT&filtercount=1&field1=buildname/string&compare1=65&value1=PR-5094-ROOT-fedora30-cxx14&date=2020-06-04).; [See console output](https://lcgapp-services.cern.ch/root-jenkins/job/root-pullrequests-build/85140/console).; ### Errors:; - [2020-06-04T18:17:42.097Z] 814/2079 Test #708: tutorial-roofit-rf105_funcbinding .................................................................***Failed Error regular expression found in output. Regex=[: error:] 1.08 sec ; - [2020-06-04T18:19:44.495Z] 1041/2079 Test #943: tutorial-v7-concurrentfill.cxx ....................................................................***Failed Error regular expression found in output. Regex=[: error:] 6.55 sec . ### Failing tests:; - [projectroot.runtutorials.tutorial_multicore_mp101_fillNtuples](https://lcgapp-services.cern.ch/root-jenkins/job/root-pullrequests-build/85140/testReport/projectroot/runtutorials/tutorial_multicore_mp101_fillNtuples/); - [projectroot.runtutorials.tutorial_cont_cnt001_basictseq](https://lcgapp-services.cern.ch/root-jenkins/job/root-pullrequests-build/85140/testReport/projectroot/runtutorials/tutorial_cont_cnt001_basictseq/); - [projectroot.runtutorials.tutorial_fitsio_FITS_tutorial3](https://lcgapp-services.cern.ch/root-jenkins/job/root-pullrequests-build/85140/testReport/projectroot/runtutorials/tutorial_fitsio_FITS_tutorial3/); - [projectroot.runtutorials.tutorial_multicore_mp102_readNtuplesFillHistosAndFit](https://lcgapp-services.cern.ch/root-jenkins/job/root-pullrequests-build/85140/testReport/projectroot/runtutorials/tutorial_multicore_mp102_readNtuplesFillHistosAndFit/); - [projectroot.runtutorials.tutorial_roofit_rf105_funcbinding](https://lcgapp-services.cern.ch/root-jenkins/job/root-pullrequests-build/85140/testReport/projectroot/runtutorials/tutorial_roofit_rf105_funcbinding/); - [p,MatchSource.ISSUE_COMMENT,root-project,root,v6-32-06,https://github.com/root-project/root/pull/5094#issuecomment-639041976:451,Test,Test,451,https://root.cern,https://github.com/root-project/root/pull/5094#issuecomment-639041976,3,"['Test', 'test']","['Test', 'tests']"
Testability,Build failed on ROOT-fedora30/cxx14.; Running on root-fedora30-2.cern.ch:/home/sftnight/build/workspace/root-pullrequests-build; [See cdash](http://cdash.cern.ch/index.php?project=ROOT&filtercount=1&field1=buildname/string&compare1=65&value1=PR-5094-ROOT-fedora30-cxx14&date=2020-06-04).; [See console output](https://lcgapp-services.cern.ch/root-jenkins/job/root-pullrequests-build/85236/console).; ### Failing tests:; - [projectroot.test.test_stressmathcore_interpreted](https://lcgapp-services.cern.ch/root-jenkins/job/root-pullrequests-build/85236/testReport/projectroot/test/test_stressmathcore_interpreted/); - [projectroot.roottest.python.JupyROOT.roottest_python_JupyROOT_cppcompleter_doctest](https://lcgapp-services.cern.ch/root-jenkins/job/root-pullrequests-build/85236/testReport/projectroot.roottest.python/JupyROOT/roottest_python_JupyROOT_cppcompleter_doctest/); - [projectroot.roottest.root.hist.formula.roottest_root_hist_formula_runstring](https://lcgapp-services.cern.ch/root-jenkins/job/root-pullrequests-build/85236/testReport/projectroot.roottest.root.hist/formula/roottest_root_hist_formula_runstring/); - [projectroot.test.test_stresshistofit_interpreted](https://lcgapp-services.cern.ch/root-jenkins/job/root-pullrequests-build/85236/testReport/projectroot/test/test_stresshistofit_interpreted/); - [projectroot.roottest.root.meta.loadAllLibs.roottest_root_meta_loadAllLibs_LoadAllLibs](https://lcgapp-services.cern.ch/root-jenkins/job/root-pullrequests-build/85236/testReport/projectroot.roottest.root.meta/loadAllLibs/roottest_root_meta_loadAllLibs_LoadAllLibs/); - [projectroot.roottest.root.meta.cmsUnload.roottest_root_meta_cmsUnload_make](https://lcgapp-services.cern.ch/root-jenkins/job/root-pullrequests-build/85236/testReport/projectroot.roottest.root.meta/cmsUnload/roottest_root_meta_cmsUnload_make/),MatchSource.ISSUE_COMMENT,root-project,root,v6-32-06,https://github.com/root-project/root/pull/5094#issuecomment-639137136:412,test,tests,412,https://root.cern,https://github.com/root-project/root/pull/5094#issuecomment-639137136,11,['test'],"['test', 'testReport', 'tests']"
Testability,Build failed on ROOT-fedora30/cxx14.; Running on root-fedora30-2.cern.ch:/home/sftnight/build/workspace/root-pullrequests-build; [See cdash](http://cdash.cern.ch/index.php?project=ROOT&filtercount=1&field1=buildname/string&compare1=65&value1=PR-5094-ROOT-fedora30-cxx14&date=2020-06-05).; [See console output](https://lcgapp-services.cern.ch/root-jenkins/job/root-pullrequests-build/85422/console).; ### Failing tests:; - [projectroot.bindings.pyroot.pythonizations.test.pyunittests_pyroot_numbadeclare](https://lcgapp-services.cern.ch/root-jenkins/job/root-pullrequests-build/85422/testReport/projectroot.bindings.pyroot.pythonizations/test/pyunittests_pyroot_numbadeclare/); - [projectroot.test.test_stressmathcore_interpreted](https://lcgapp-services.cern.ch/root-jenkins/job/root-pullrequests-build/85422/testReport/projectroot/test/test_stressmathcore_interpreted/); - [projectroot.roottest.python.JupyROOT.roottest_python_JupyROOT_cppcompleter_doctest](https://lcgapp-services.cern.ch/root-jenkins/job/root-pullrequests-build/85422/testReport/projectroot.roottest.python/JupyROOT/roottest_python_JupyROOT_cppcompleter_doctest/),MatchSource.ISSUE_COMMENT,root-project,root,v6-32-06,https://github.com/root-project/root/pull/5094#issuecomment-639488935:412,test,tests,412,https://root.cern,https://github.com/root-project/root/pull/5094#issuecomment-639488935,8,['test'],"['test', 'testReport', 'tests']"
Testability,Build failed on ROOT-fedora30/cxx14.; Running on root-fedora30-2.cern.ch:/home/sftnight/build/workspace/root-pullrequests-build; [See cdash](http://cdash.cern.ch/index.php?project=ROOT&filtercount=1&field1=buildname/string&compare1=65&value1=PR-5094-ROOT-fedora30-cxx14&date=2020-06-08).; [See console output](https://lcgapp-services.cern.ch/root-jenkins/job/root-pullrequests-build/85779/console).; ### Failing tests:; - [projectroot.bindings.pyroot.pythonizations.test.pyunittests_pyroot_numbadeclare](https://lcgapp-services.cern.ch/root-jenkins/job/root-pullrequests-build/85779/testReport/projectroot.bindings.pyroot.pythonizations/test/pyunittests_pyroot_numbadeclare/); - [projectroot.roottest.python.JupyROOT.roottest_python_JupyROOT_cppcompleter_doctest](https://lcgapp-services.cern.ch/root-jenkins/job/root-pullrequests-build/85779/testReport/projectroot.roottest.python/JupyROOT/roottest_python_JupyROOT_cppcompleter_doctest/),MatchSource.ISSUE_COMMENT,root-project,root,v6-32-06,https://github.com/root-project/root/pull/5094#issuecomment-640401310:412,test,tests,412,https://root.cern,https://github.com/root-project/root/pull/5094#issuecomment-640401310,5,['test'],"['test', 'testReport', 'tests']"
Testability,Build failed on ROOT-fedora30/cxx14.; Running on root-fedora30-2.cern.ch:/home/sftnight/build/workspace/root-pullrequests-build; [See cdash](http://cdash.cern.ch/index.php?project=ROOT&filtercount=1&field1=buildname/string&compare1=65&value1=PR-5094-ROOT-fedora30-cxx14&date=2020-06-09).; [See console output](https://lcgapp-services.cern.ch/root-jenkins/job/root-pullrequests-build/86080/console).; ### Failing tests:; - [projectroot.roottest.root.collection.roottest_root_collection_runtbits_auto](https://lcgapp-services.cern.ch/root-jenkins/job/root-pullrequests-build/86080/testReport/projectroot.roottest.root/collection/roottest_root_collection_runtbits_auto/); - [projectroot.roottest.root.hist.roottest_root_hist_mergeTH2Poly](https://lcgapp-services.cern.ch/root-jenkins/job/root-pullrequests-build/86080/testReport/projectroot.roottest.root/hist/roottest_root_hist_mergeTH2Poly/); - [projectroot.roottest.python.JupyROOT.roottest_python_JupyROOT_ROOT_kernel_notebook](https://lcgapp-services.cern.ch/root-jenkins/job/root-pullrequests-build/86080/testReport/projectroot.roottest.python/JupyROOT/roottest_python_JupyROOT_ROOT_kernel_notebook/); - [projectroot.roottest.python.JupyROOT.roottest_python_JupyROOT_cppcompleter_doctest](https://lcgapp-services.cern.ch/root-jenkins/job/root-pullrequests-build/86080/testReport/projectroot.roottest.python/JupyROOT/roottest_python_JupyROOT_cppcompleter_doctest/),MatchSource.ISSUE_COMMENT,root-project,root,v6-32-06,https://github.com/root-project/root/pull/5094#issuecomment-641288799:412,test,tests,412,https://root.cern,https://github.com/root-project/root/pull/5094#issuecomment-641288799,5,['test'],"['testReport', 'tests']"
Testability,Build failed on ROOT-fedora30/cxx14.; Running on root-fedora30-2.cern.ch:/home/sftnight/build/workspace/root-pullrequests-build; [See cdash](http://cdash.cern.ch/index.php?project=ROOT&filtercount=1&field1=buildname/string&compare1=65&value1=PR-5094-ROOT-fedora30-cxx14&date=2020-06-09).; [See console output](https://lcgapp-services.cern.ch/root-jenkins/job/root-pullrequests-build/86178/console).; ### Failing tests:; - [projectroot.roottest.root.meta.callfunc.roottest_root_meta_callfunc_execResolveAt_auto](https://lcgapp-services.cern.ch/root-jenkins/job/root-pullrequests-build/86178/testReport/projectroot.roottest.root.meta/callfunc/roottest_root_meta_callfunc_execResolveAt_auto/); - [projectroot.roottest.root.tree.reader.roottest_root_tree_reader_make](https://lcgapp-services.cern.ch/root-jenkins/job/root-pullrequests-build/86178/testReport/projectroot.roottest.root.tree/reader/roottest_root_tree_reader_make/),MatchSource.ISSUE_COMMENT,root-project,root,v6-32-06,https://github.com/root-project/root/pull/5094#issuecomment-641528080:412,test,tests,412,https://root.cern,https://github.com/root-project/root/pull/5094#issuecomment-641528080,3,['test'],"['testReport', 'tests']"
Testability,Build failed on ROOT-fedora30/cxx14.; Running on root-fedora30-2.cern.ch:/home/sftnight/build/workspace/root-pullrequests-build; [See cdash](http://cdash.cern.ch/index.php?project=ROOT&filtercount=1&field1=buildname/string&compare1=65&value1=PR-5094-ROOT-fedora30-cxx14&date=2020-06-09).; [See console output](https://lcgapp-services.cern.ch/root-jenkins/job/root-pullrequests-build/86186/console).; ### Failing tests:; - [projectroot.roottest.python.JupyROOT.roottest_python_JupyROOT_cppcompleter_doctest](https://lcgapp-services.cern.ch/root-jenkins/job/root-pullrequests-build/86186/testReport/projectroot.roottest.python/JupyROOT/roottest_python_JupyROOT_cppcompleter_doctest/); - [projectroot.roottest.root.meta.callfunc.roottest_root_meta_callfunc_execResolveAt_auto](https://lcgapp-services.cern.ch/root-jenkins/job/root-pullrequests-build/86186/testReport/projectroot.roottest.root.meta/callfunc/roottest_root_meta_callfunc_execResolveAt_auto/),MatchSource.ISSUE_COMMENT,root-project,root,v6-32-06,https://github.com/root-project/root/pull/5094#issuecomment-641544860:412,test,tests,412,https://root.cern,https://github.com/root-project/root/pull/5094#issuecomment-641544860,3,['test'],"['testReport', 'tests']"
Testability,Build failed on ROOT-fedora30/cxx14.; Running on root-fedora30-2.cern.ch:/home/sftnight/build/workspace/root-pullrequests-build; [See cdash](http://cdash.cern.ch/index.php?project=ROOT&filtercount=1&field1=buildname/string&compare1=65&value1=PR-5094-ROOT-fedora30-cxx14&date=2020-06-10).; [See console output](https://lcgapp-services.cern.ch/root-jenkins/job/root-pullrequests-build/86330/console).; ### Errors:; - [2020-06-10T20:12:14.742Z] 822/2084 Test #716: tutorial-roofit-rf105_funcbinding .................................................................***Failed Error regular expression found in output. Regex=[: error:] 1.01 sec ; - [2020-06-10T20:13:26.836Z] 979/2084 Test #881: tutorial-tmva-TMVA_CNN_Classification .............................................................***Failed Error regular expression found in output. Regex=[: error:] 1.77 sec . ### Failing tests:; - [projectroot.runtutorials.tutorial_tmva_TMVA_CNN_Classification](https://lcgapp-services.cern.ch/root-jenkins/job/root-pullrequests-build/86330/testReport/projectroot/runtutorials/tutorial_tmva_TMVA_CNN_Classification/); - [projectroot.roottest.root.io.uniquePointer.roottest_root_io_uniquePointer_simpleRead](https://lcgapp-services.cern.ch/root-jenkins/job/root-pullrequests-build/86330/testReport/projectroot.roottest.root.io/uniquePointer/roottest_root_io_uniquePointer_simpleRead/); - [projectroot.roottest.root.multicore.roottest_root_multicore_tsenums](https://lcgapp-services.cern.ch/root-jenkins/job/root-pullrequests-build/86330/testReport/projectroot.roottest.root/multicore/roottest_root_multicore_tsenums/); - [projectroot.runtutorials.tutorial_roofit_rf105_funcbinding](https://lcgapp-services.cern.ch/root-jenkins/job/root-pullrequests-build/86330/testReport/projectroot/runtutorials/tutorial_roofit_rf105_funcbinding/); - [projectroot.runtutorials.tutorial_tmva_envelope_classification](https://lcgapp-services.cern.ch/root-jenkins/job/root-pullrequests-build/86330/testReport/projectroot/runtu,MatchSource.ISSUE_COMMENT,root-project,root,v6-32-06,https://github.com/root-project/root/pull/5094#issuecomment-642243261:451,Test,Test,451,https://root.cern,https://github.com/root-project/root/pull/5094#issuecomment-642243261,3,"['Test', 'test']","['Test', 'tests']"
Testability,Build failed on ROOT-fedora30/cxx14.; Running on root-fedora30-2.cern.ch:/home/sftnight/build/workspace/root-pullrequests-build; [See cdash](http://cdash.cern.ch/index.php?project=ROOT&filtercount=1&field1=buildname/string&compare1=65&value1=PR-5094-ROOT-fedora30-cxx14&date=2020-06-11).; [See console output](https://lcgapp-services.cern.ch/root-jenkins/job/root-pullrequests-build/86346/console).; ### Errors:; - [2020-06-10T22:18:23.212Z] 487/2084 Test #371: tutorial-dataframe-df003_profiles .................................................................***Failed Error regular expression found in output. Regex=[: error:] 4.44 sec ; - [2020-06-10T22:18:23.819Z] 488/2084 Test #373: tutorial-dataframe-df005_fillAnyObject ............................................................***Failed Error regular expression found in output. Regex=[: error:] 4.43 sec ; - [2020-06-10T22:18:23.819Z] 489/2084 Test #372: tutorial-dataframe-df004_cutFlowReport ............................................................***Failed Error regular expression found in output. Regex=[: error:] 4.86 sec ; - [2020-06-10T22:18:24.871Z] 490/2084 Test #374: tutorial-dataframe-df006_ranges ...................................................................***Failed Error regular expression found in output. Regex=[: error:] 4.90 sec ; - [2020-06-10T22:18:25.973Z] 491/2084 Test #376: tutorial-dataframe-df008_createDataSetFromScratch .................................................***Failed Error regular expression found in output. Regex=[: error:] 3.11 sec ; - [2020-06-10T22:18:29.731Z] 493/2084 Test #377: tutorial-dataframe-df009_FromScratchVSTTree .......................................................***Failed Error regular expression found in output. Regex=[: error:] 6.50 sec ; - [2020-06-10T22:18:29.731Z] 494/2084 Test #375: tutorial-dataframe-df007_snapshot .................................................................***Failed Error regular expression found in output. Regex=[: error:] 7.5,MatchSource.ISSUE_COMMENT,root-project,root,v6-32-06,https://github.com/root-project/root/pull/5094#issuecomment-642304262:451,Test,Test,451,https://root.cern,https://github.com/root-project/root/pull/5094#issuecomment-642304262,3,['Test'],['Test']
Testability,Build failed on ROOT-fedora30/cxx14.; Running on root-fedora30-2.cern.ch:/home/sftnight/build/workspace/root-pullrequests-build; [See cdash](http://cdash.cern.ch/index.php?project=ROOT&filtercount=1&field1=buildname/string&compare1=65&value1=PR-5094-ROOT-fedora30-cxx14&date=2020-06-12).; [See console output](https://lcgapp-services.cern.ch/root-jenkins/job/root-pullrequests-build/86726/console).; ### Failing tests:; - [projectroot.roottest.python.pickle.roottest_python_pickle_write](https://lcgapp-services.cern.ch/root-jenkins/job/root-pullrequests-build/86726/testReport/projectroot.roottest.python/pickle/roottest_python_pickle_write/); - [projectroot.roottest.python.pickle.roottest_python_pickle_read](https://lcgapp-services.cern.ch/root-jenkins/job/root-pullrequests-build/86726/testReport/projectroot.roottest.python/pickle/roottest_python_pickle_read/); - [projectroot.test.test_stresshistofit_interpreted](https://lcgapp-services.cern.ch/root-jenkins/job/root-pullrequests-build/86726/testReport/projectroot/test/test_stresshistofit_interpreted/),MatchSource.ISSUE_COMMENT,root-project,root,v6-32-06,https://github.com/root-project/root/pull/5094#issuecomment-643448906:412,test,tests,412,https://root.cern,https://github.com/root-project/root/pull/5094#issuecomment-643448906,6,['test'],"['test', 'testReport', 'tests']"
Testability,Build failed on ROOT-fedora30/cxx14.; Running on root-fedora30-2.cern.ch:/home/sftnight/build/workspace/root-pullrequests-build; [See cdash](http://cdash.cern.ch/index.php?project=ROOT&filtercount=1&field1=buildname/string&compare1=65&value1=PR-5094-ROOT-fedora30-cxx14&date=2020-06-12).; [See console output](https://lcgapp-services.cern.ch/root-jenkins/job/root-pullrequests-build/86750/console).; ### Failing tests:; - [projectroot.test.test_stresstmva_interpreted](https://lcgapp-services.cern.ch/root-jenkins/job/root-pullrequests-build/86750/testReport/projectroot/test/test_stresstmva_interpreted/); - [projectroot.runtutorials.tutorial_tmva_tmva003_RReader](https://lcgapp-services.cern.ch/root-jenkins/job/root-pullrequests-build/86750/testReport/projectroot/runtutorials/tutorial_tmva_tmva003_RReader/); - [projectroot.roottest.cling.reflex.roottest_cling_reflex_make](https://lcgapp-services.cern.ch/root-jenkins/job/root-pullrequests-build/86750/testReport/projectroot.roottest.cling/reflex/roottest_cling_reflex_make/); - [projectroot.roottest.python.ttree.roottest_python_ttree_ttree](https://lcgapp-services.cern.ch/root-jenkins/job/root-pullrequests-build/86750/testReport/projectroot.roottest.python/ttree/roottest_python_ttree_ttree/); - [projectroot.runtutorials.tutorial_tmva_envelope_classification](https://lcgapp-services.cern.ch/root-jenkins/job/root-pullrequests-build/86750/testReport/projectroot/runtutorials/tutorial_tmva_envelope_classification/); - [projectroot.test.test_stresshistofit_interpreted](https://lcgapp-services.cern.ch/root-jenkins/job/root-pullrequests-build/86750/testReport/projectroot/test/test_stresshistofit_interpreted/),MatchSource.ISSUE_COMMENT,root-project,root,v6-32-06,https://github.com/root-project/root/pull/5094#issuecomment-643466081:412,test,tests,412,https://root.cern,https://github.com/root-project/root/pull/5094#issuecomment-643466081,11,['test'],"['test', 'testReport', 'tests']"
Testability,Build failed on ROOT-fedora30/cxx14.; Running on root-fedora30-2.cern.ch:/home/sftnight/build/workspace/root-pullrequests-build; [See cdash](http://cdash.cern.ch/index.php?project=ROOT&filtercount=1&field1=buildname/string&compare1=65&value1=PR-5159-ROOT-fedora30-cxx14&date=2020-05-14).; [See console output](https://lcgapp-services.cern.ch/root-jenkins/job/root-pullrequests-build/82050/console).; ### Failing tests:; - [projectroot.roottest.python.JupyROOT.roottest_python_JupyROOT_ROOT_kernel_notebook](https://lcgapp-services.cern.ch/root-jenkins/job/root-pullrequests-build/82050/testReport/projectroot.roottest.python/JupyROOT/roottest_python_JupyROOT_ROOT_kernel_notebook/),MatchSource.ISSUE_COMMENT,root-project,root,v6-32-06,https://github.com/root-project/root/pull/5159#issuecomment-628553546:412,test,tests,412,https://root.cern,https://github.com/root-project/root/pull/5159#issuecomment-628553546,2,['test'],"['testReport', 'tests']"
Testability,Build failed on ROOT-fedora30/cxx14.; Running on root-fedora30-2.cern.ch:/home/sftnight/build/workspace/root-pullrequests-build; [See cdash](http://cdash.cern.ch/index.php?project=ROOT&filtercount=1&field1=buildname/string&compare1=65&value1=PR-5175-ROOT-fedora30-cxx14&date=2020-04-29).; [See console output](https://lcgapp-services.cern.ch/root-jenkins/job/root-pullrequests-build/79442/console).; ### Failing tests:; - [projectroot.bindings.pyroot_experimental.pythonizations.test.pyunittests_pyroot_numbadeclare](https://lcgapp-services.cern.ch/root-jenkins/job/root-pullrequests-build/79442/testReport/projectroot.bindings.pyroot_experimental.pythonizations/test/pyunittests_pyroot_numbadeclare/),MatchSource.ISSUE_COMMENT,root-project,root,v6-32-06,https://github.com/root-project/root/pull/5175#issuecomment-621376580:412,test,tests,412,https://root.cern,https://github.com/root-project/root/pull/5175#issuecomment-621376580,4,['test'],"['test', 'testReport', 'tests']"
Testability,Build failed on ROOT-fedora30/cxx14.; Running on root-fedora30-2.cern.ch:/home/sftnight/build/workspace/root-pullrequests-build; [See cdash](http://cdash.cern.ch/index.php?project=ROOT&filtercount=1&field1=buildname/string&compare1=65&value1=PR-5219-ROOT-fedora30-cxx14&date=2020-04-29).; [See console output](https://lcgapp-services.cern.ch/root-jenkins/job/root-pullrequests-build/79466/console).; ### Warnings:; - [2020-04-29T18:44:16.296Z] /home/sftnight/build/workspace/root-pullrequests-build/root/roofit/roofitcore/src/RooCategory.cxx:491:123: warning: declaration of ‘const std::vector&lt;int&gt;& b’ shadows a parameter [-Wshadow] ; - [2020-04-29T18:44:16.296Z] /home/sftnight/build/workspace/root-pullrequests-build/root/roofit/roofitcore/src/RooCategory.cxx:491:123: warning: declaration of ‘const std::vector&lt;int&gt;& a’ shadows a parameter [-Wshadow] . ### Failing tests:; - [projectroot.bindings.pyroot_experimental.pythonizations.test.pyunittests_pyroot_numbadeclare](https://lcgapp-services.cern.ch/root-jenkins/job/root-pullrequests-build/79466/testReport/projectroot.bindings.pyroot_experimental.pythonizations/test/pyunittests_pyroot_numbadeclare/),MatchSource.ISSUE_COMMENT,root-project,root,v6-32-06,https://github.com/root-project/root/pull/5219#issuecomment-621399752:881,test,tests,881,https://root.cern,https://github.com/root-project/root/pull/5219#issuecomment-621399752,4,['test'],"['test', 'testReport', 'tests']"
Testability,Build failed on ROOT-fedora30/cxx14.; Running on root-fedora30-2.cern.ch:/home/sftnight/build/workspace/root-pullrequests-build; [See cdash](http://cdash.cern.ch/index.php?project=ROOT&filtercount=1&field1=buildname/string&compare1=65&value1=PR-5228-ROOT-fedora30-cxx14&date=2020-04-30).; [See console output](https://lcgapp-services.cern.ch/root-jenkins/job/root-pullrequests-build/79603/console).; ### Failing tests:; - [projectroot.bindings.pyroot_experimental.pythonizations.test.pyunittests_pyroot_numbadeclare](https://lcgapp-services.cern.ch/root-jenkins/job/root-pullrequests-build/79603/testReport/projectroot.bindings.pyroot_experimental.pythonizations/test/pyunittests_pyroot_numbadeclare/),MatchSource.ISSUE_COMMENT,root-project,root,v6-32-06,https://github.com/root-project/root/pull/5228#issuecomment-621741687:412,test,tests,412,https://root.cern,https://github.com/root-project/root/pull/5228#issuecomment-621741687,4,['test'],"['test', 'testReport', 'tests']"
Testability,Build failed on ROOT-fedora30/cxx14.; Running on root-fedora30-2.cern.ch:/home/sftnight/build/workspace/root-pullrequests-build; [See cdash](http://cdash.cern.ch/index.php?project=ROOT&filtercount=1&field1=buildname/string&compare1=65&value1=PR-5340-ROOT-fedora30-cxx14&date=2020-04-29).; [See console output](https://lcgapp-services.cern.ch/root-jenkins/job/root-pullrequests-build/79458/console).; ### Failing tests:; - [projectroot.bindings.pyroot_experimental.pythonizations.test.pyunittests_pyroot_numbadeclare](https://lcgapp-services.cern.ch/root-jenkins/job/root-pullrequests-build/79458/testReport/projectroot.bindings.pyroot_experimental.pythonizations/test/pyunittests_pyroot_numbadeclare/),MatchSource.ISSUE_COMMENT,root-project,root,v6-32-06,https://github.com/root-project/root/pull/5340#issuecomment-621392047:412,test,tests,412,https://root.cern,https://github.com/root-project/root/pull/5340#issuecomment-621392047,4,['test'],"['test', 'testReport', 'tests']"
Testability,Build failed on ROOT-fedora30/cxx14.; Running on root-fedora30-2.cern.ch:/home/sftnight/build/workspace/root-pullrequests-build; [See cdash](http://cdash.cern.ch/index.php?project=ROOT&filtercount=1&field1=buildname/string&compare1=65&value1=PR-5377-ROOT-fedora30-cxx14&date=2020-05-20).; [See console output](https://lcgapp-services.cern.ch/root-jenkins/job/root-pullrequests-build/83065/console).; ### Failing tests:; - [projectroot.tree.ntuple.v7.test.gtest_tree__v7_test_ntuple](https://lcgapp-services.cern.ch/root-jenkins/job/root-pullrequests-build/83065/testReport/projectroot.tree.ntuple.v7/test/gtest_tree__v7_test_ntuple/); - [projectroot.tree.ntuple.v7.test.gtest_tree_ntuple_v7_test_ntuple_cluster](https://lcgapp-services.cern.ch/root-jenkins/job/root-pullrequests-build/83065/testReport/projectroot.tree.ntuple.v7/test/gtest_tree_ntuple_v7_test_ntuple_cluster/),MatchSource.ISSUE_COMMENT,root-project,root,v6-32-06,https://github.com/root-project/root/pull/5377#issuecomment-631692956:412,test,tests,412,https://root.cern,https://github.com/root-project/root/pull/5377#issuecomment-631692956,7,['test'],"['test', 'testReport', 'tests']"
Testability,Build failed on ROOT-fedora30/cxx14.; Running on root-fedora30-2.cern.ch:/home/sftnight/build/workspace/root-pullrequests-build; [See cdash](http://cdash.cern.ch/index.php?project=ROOT&filtercount=1&field1=buildname/string&compare1=65&value1=PR-5420-ROOT-fedora30-cxx14&date=2020-05-10).; [See console output](https://lcgapp-services.cern.ch/root-jenkins/job/root-pullrequests-build/81475/console).; ### Failing tests:; - [projectroot.roottest.root.tree.chain.roottest_root_tree_chain_make](https://lcgapp-services.cern.ch/root-jenkins/job/root-pullrequests-build/81475/testReport/projectroot.roottest.root.tree/chain/roottest_root_tree_chain_make/); - [projectroot.roottest.root.meta.autoloading.headerParsingOnDemand.roottest_root_meta_autoloading_headerParsingOnDemand_runscopedEnums](https://lcgapp-services.cern.ch/root-jenkins/job/root-pullrequests-build/81475/testReport/projectroot.roottest.root.meta.autoloading/headerParsingOnDemand/roottest_root_meta_autoloading_headerParsingOnDemand_runscopedEnums/),MatchSource.ISSUE_COMMENT,root-project,root,v6-32-06,https://github.com/root-project/root/pull/5420#issuecomment-626287831:412,test,tests,412,https://root.cern,https://github.com/root-project/root/pull/5420#issuecomment-626287831,3,['test'],"['testReport', 'tests']"
Testability,Build failed on ROOT-fedora30/cxx14.; Running on root-fedora30-2.cern.ch:/home/sftnight/build/workspace/root-pullrequests-build; [See cdash](http://cdash.cern.ch/index.php?project=ROOT&filtercount=1&field1=buildname/string&compare1=65&value1=PR-5420-ROOT-fedora30-cxx14&date=2020-05-22).; [See console output](https://lcgapp-services.cern.ch/root-jenkins/job/root-pullrequests-build/83139/console).; ### Failing tests:; - [projectroot.roottest.root.tree.chain.roottest_root_tree_chain_make](https://lcgapp-services.cern.ch/root-jenkins/job/root-pullrequests-build/83139/testReport/projectroot.roottest.root.tree/chain/roottest_root_tree_chain_make/); - [projectroot.roottest.root.meta.autoloading.headerParsingOnDemand.roottest_root_meta_autoloading_headerParsingOnDemand_runscopedEnums](https://lcgapp-services.cern.ch/root-jenkins/job/root-pullrequests-build/83139/testReport/projectroot.roottest.root.meta.autoloading/headerParsingOnDemand/roottest_root_meta_autoloading_headerParsingOnDemand_runscopedEnums/),MatchSource.ISSUE_COMMENT,root-project,root,v6-32-06,https://github.com/root-project/root/pull/5420#issuecomment-632557411:412,test,tests,412,https://root.cern,https://github.com/root-project/root/pull/5420#issuecomment-632557411,3,['test'],"['testReport', 'tests']"
Testability,Build failed on ROOT-fedora30/cxx14.; Running on root-fedora30-2.cern.ch:/home/sftnight/build/workspace/root-pullrequests-build; [See cdash](http://cdash.cern.ch/index.php?project=ROOT&filtercount=1&field1=buildname/string&compare1=65&value1=PR-5430-ROOT-fedora30-cxx14&date=2020-05-20).; [See console output](https://lcgapp-services.cern.ch/root-jenkins/job/root-pullrequests-build/83025/console).; ### Failing tests:; - [projectroot.tree.dataframe.test.pyunittests_dataframe_histograms](https://lcgapp-services.cern.ch/root-jenkins/job/root-pullrequests-build/83025/testReport/projectroot.tree.dataframe/test/pyunittests_dataframe_histograms/); - [projectroot.tree.dataframe.test.pyunittests_dataframe_misc](https://lcgapp-services.cern.ch/root-jenkins/job/root-pullrequests-build/83025/testReport/projectroot.tree.dataframe/test/pyunittests_dataframe_misc/); - [projectroot.roottest.root.html.roottest_root_html_runMakeIndex](https://lcgapp-services.cern.ch/root-jenkins/job/root-pullrequests-build/83025/testReport/projectroot.roottest.root/html/roottest_root_html_runMakeIndex/); - [projectroot.roottest.root.meta.method.roottest_root_meta_method_execTemplate_auto](https://lcgapp-services.cern.ch/root-jenkins/job/root-pullrequests-build/83025/testReport/projectroot.roottest.root.meta/method/roottest_root_meta_method_execTemplate_auto/); - [projectroot.roottest.root.meta.unit.roottest_root_meta_unit_unittests](https://lcgapp-services.cern.ch/root-jenkins/job/root-pullrequests-build/83025/testReport/projectroot.roottest.root.meta/unit/roottest_root_meta_unit_unittests/),MatchSource.ISSUE_COMMENT,root-project,root,v6-32-06,https://github.com/root-project/root/pull/5430#issuecomment-631521174:412,test,tests,412,https://root.cern,https://github.com/root-project/root/pull/5430#issuecomment-631521174,10,['test'],"['test', 'testReport', 'tests']"
Testability,Build failed on ROOT-fedora30/cxx14.; Running on root-fedora30-2.cern.ch:/home/sftnight/build/workspace/root-pullrequests-build; [See cdash](http://cdash.cern.ch/index.php?project=ROOT&filtercount=1&field1=buildname/string&compare1=65&value1=PR-5443-ROOT-fedora30-cxx14&date=2020-04-29).; [See console output](https://lcgapp-services.cern.ch/root-jenkins/job/root-pullrequests-build/79298/console).; ### Failing tests:; - [projectroot.bindings.pyroot_experimental.pythonizations.test.pyunittests_pyroot_numbadeclare](https://lcgapp-services.cern.ch/root-jenkins/job/root-pullrequests-build/79298/testReport/projectroot.bindings.pyroot_experimental.pythonizations/test/pyunittests_pyroot_numbadeclare/),MatchSource.ISSUE_COMMENT,root-project,root,v6-32-06,https://github.com/root-project/root/pull/5443#issuecomment-621209666:412,test,tests,412,https://root.cern,https://github.com/root-project/root/pull/5443#issuecomment-621209666,4,['test'],"['test', 'testReport', 'tests']"
Testability,Build failed on ROOT-fedora30/cxx14.; Running on root-fedora30-2.cern.ch:/home/sftnight/build/workspace/root-pullrequests-build; [See cdash](http://cdash.cern.ch/index.php?project=ROOT&filtercount=1&field1=buildname/string&compare1=65&value1=PR-5458-ROOT-fedora30-cxx14&date=2020-04-30).; [See console output](https://lcgapp-services.cern.ch/root-jenkins/job/root-pullrequests-build/79579/console).; ### Failing tests:; - [projectroot.bindings.pyroot_experimental.pythonizations.test.pyunittests_pyroot_numbadeclare](https://lcgapp-services.cern.ch/root-jenkins/job/root-pullrequests-build/79579/testReport/projectroot.bindings.pyroot_experimental.pythonizations/test/pyunittests_pyroot_numbadeclare/),MatchSource.ISSUE_COMMENT,root-project,root,v6-32-06,https://github.com/root-project/root/pull/5458#issuecomment-621728733:412,test,tests,412,https://root.cern,https://github.com/root-project/root/pull/5458#issuecomment-621728733,4,['test'],"['test', 'testReport', 'tests']"
Testability,Build failed on ROOT-fedora30/cxx14.; Running on root-fedora30-2.cern.ch:/home/sftnight/build/workspace/root-pullrequests-build; [See cdash](http://cdash.cern.ch/index.php?project=ROOT&filtercount=1&field1=buildname/string&compare1=65&value1=PR-5474-ROOT-fedora30-cxx14&date=2020-04-29).; [See console output](https://lcgapp-services.cern.ch/root-jenkins/job/root-pullrequests-build/79266/console).; ### Failing tests:; - [projectroot.bindings.pyroot_experimental.pythonizations.test.pyunittests_pyroot_numbadeclare](https://lcgapp-services.cern.ch/root-jenkins/job/root-pullrequests-build/79266/testReport/projectroot.bindings.pyroot_experimental.pythonizations/test/pyunittests_pyroot_numbadeclare/),MatchSource.ISSUE_COMMENT,root-project,root,v6-32-06,https://github.com/root-project/root/pull/5474#issuecomment-621183580:412,test,tests,412,https://root.cern,https://github.com/root-project/root/pull/5474#issuecomment-621183580,4,['test'],"['test', 'testReport', 'tests']"
Testability,Build failed on ROOT-fedora30/cxx14.; Running on root-fedora30-2.cern.ch:/home/sftnight/build/workspace/root-pullrequests-build; [See cdash](http://cdash.cern.ch/index.php?project=ROOT&filtercount=1&field1=buildname/string&compare1=65&value1=PR-5484-ROOT-fedora30-cxx14&date=2020-04-29).; [See console output](https://lcgapp-services.cern.ch/root-jenkins/job/root-pullrequests-build/79394/console).; ### Failing tests:; - [projectroot.bindings.pyroot_experimental.pythonizations.test.pyunittests_pyroot_numbadeclare](https://lcgapp-services.cern.ch/root-jenkins/job/root-pullrequests-build/79394/testReport/projectroot.bindings.pyroot_experimental.pythonizations/test/pyunittests_pyroot_numbadeclare/),MatchSource.ISSUE_COMMENT,root-project,root,v6-32-06,https://github.com/root-project/root/pull/5484#issuecomment-621335317:412,test,tests,412,https://root.cern,https://github.com/root-project/root/pull/5484#issuecomment-621335317,4,['test'],"['test', 'testReport', 'tests']"
Testability,Build failed on ROOT-fedora30/cxx14.; Running on root-fedora30-2.cern.ch:/home/sftnight/build/workspace/root-pullrequests-build; [See cdash](http://cdash.cern.ch/index.php?project=ROOT&filtercount=1&field1=buildname/string&compare1=65&value1=PR-5485-ROOT-fedora30-cxx14&date=2020-04-29).; [See console output](https://lcgapp-services.cern.ch/root-jenkins/job/root-pullrequests-build/79314/console).; ### Failing tests:; - [projectroot.bindings.pyroot_experimental.pythonizations.test.pyunittests_pyroot_numbadeclare](https://lcgapp-services.cern.ch/root-jenkins/job/root-pullrequests-build/79314/testReport/projectroot.bindings.pyroot_experimental.pythonizations/test/pyunittests_pyroot_numbadeclare/),MatchSource.ISSUE_COMMENT,root-project,root,v6-32-06,https://github.com/root-project/root/pull/5485#issuecomment-621219248:412,test,tests,412,https://root.cern,https://github.com/root-project/root/pull/5485#issuecomment-621219248,4,['test'],"['test', 'testReport', 'tests']"
Testability,Build failed on ROOT-fedora30/cxx14.; Running on root-fedora30-2.cern.ch:/home/sftnight/build/workspace/root-pullrequests-build; [See cdash](http://cdash.cern.ch/index.php?project=ROOT&filtercount=1&field1=buildname/string&compare1=65&value1=PR-5485-ROOT-fedora30-cxx14&date=2020-04-29).; [See console output](https://lcgapp-services.cern.ch/root-jenkins/job/root-pullrequests-build/79498/console).; ### Failing tests:; - [projectroot.bindings.pyroot_experimental.pythonizations.test.pyunittests_pyroot_numbadeclare](https://lcgapp-services.cern.ch/root-jenkins/job/root-pullrequests-build/79498/testReport/projectroot.bindings.pyroot_experimental.pythonizations/test/pyunittests_pyroot_numbadeclare/),MatchSource.ISSUE_COMMENT,root-project,root,v6-32-06,https://github.com/root-project/root/pull/5485#issuecomment-621427720:412,test,tests,412,https://root.cern,https://github.com/root-project/root/pull/5485#issuecomment-621427720,4,['test'],"['test', 'testReport', 'tests']"
Testability,Build failed on ROOT-fedora30/cxx14.; Running on root-fedora30-2.cern.ch:/home/sftnight/build/workspace/root-pullrequests-build; [See cdash](http://cdash.cern.ch/index.php?project=ROOT&filtercount=1&field1=buildname/string&compare1=65&value1=PR-5486-ROOT-fedora30-cxx14&date=2020-05-05).; [See console output](https://lcgapp-services.cern.ch/root-jenkins/job/root-pullrequests-build/80383/console).; ### Failing tests:; - [projectroot.tree.treeplayer.test.gtest_tree_treeplayer_test_treeprocessormt](https://lcgapp-services.cern.ch/root-jenkins/job/root-pullrequests-build/80383/testReport/projectroot.tree.treeplayer/test/gtest_tree_treeplayer_test_treeprocessormt/); - [projectroot.roottest.root.meta.autoloading.headerParsingOnDemand.roottest_root_meta_autoloading_headerParsingOnDemand_runscopedEnums](https://lcgapp-services.cern.ch/root-jenkins/job/root-pullrequests-build/80383/testReport/projectroot.roottest.root.meta.autoloading/headerParsingOnDemand/roottest_root_meta_autoloading_headerParsingOnDemand_runscopedEnums/),MatchSource.ISSUE_COMMENT,root-project,root,v6-32-06,https://github.com/root-project/root/pull/5486#issuecomment-623794391:412,test,tests,412,https://root.cern,https://github.com/root-project/root/pull/5486#issuecomment-623794391,5,['test'],"['test', 'testReport', 'tests']"
Testability,Build failed on ROOT-fedora30/cxx14.; Running on root-fedora30-2.cern.ch:/home/sftnight/build/workspace/root-pullrequests-build; [See cdash](http://cdash.cern.ch/index.php?project=ROOT&filtercount=1&field1=buildname/string&compare1=65&value1=PR-5487-ROOT-fedora30-cxx14&date=2020-04-29).; [See console output](https://lcgapp-services.cern.ch/root-jenkins/job/root-pullrequests-build/79257/console).; ### Failing tests:; - [projectroot.bindings.pyroot_experimental.pythonizations.test.pyunittests_pyroot_numbadeclare](https://lcgapp-services.cern.ch/root-jenkins/job/root-pullrequests-build/79257/testReport/projectroot.bindings.pyroot_experimental.pythonizations/test/pyunittests_pyroot_numbadeclare/),MatchSource.ISSUE_COMMENT,root-project,root,v6-32-06,https://github.com/root-project/root/pull/5487#issuecomment-621156703:412,test,tests,412,https://root.cern,https://github.com/root-project/root/pull/5487#issuecomment-621156703,4,['test'],"['test', 'testReport', 'tests']"
Testability,Build failed on ROOT-fedora30/cxx14.; Running on root-fedora30-2.cern.ch:/home/sftnight/build/workspace/root-pullrequests-build; [See cdash](http://cdash.cern.ch/index.php?project=ROOT&filtercount=1&field1=buildname/string&compare1=65&value1=PR-5488-ROOT-fedora30-cxx14&date=2020-04-29).; [See console output](https://lcgapp-services.cern.ch/root-jenkins/job/root-pullrequests-build/79330/console).; ### Failing tests:; - [projectroot.bindings.pyroot_experimental.pythonizations.test.pyunittests_pyroot_numbadeclare](https://lcgapp-services.cern.ch/root-jenkins/job/root-pullrequests-build/79330/testReport/projectroot.bindings.pyroot_experimental.pythonizations/test/pyunittests_pyroot_numbadeclare/),MatchSource.ISSUE_COMMENT,root-project,root,v6-32-06,https://github.com/root-project/root/pull/5488#issuecomment-621242533:412,test,tests,412,https://root.cern,https://github.com/root-project/root/pull/5488#issuecomment-621242533,4,['test'],"['test', 'testReport', 'tests']"
Testability,Build failed on ROOT-fedora30/cxx14.; Running on root-fedora30-2.cern.ch:/home/sftnight/build/workspace/root-pullrequests-build; [See cdash](http://cdash.cern.ch/index.php?project=ROOT&filtercount=1&field1=buildname/string&compare1=65&value1=PR-5488-ROOT-fedora30-cxx14&date=2020-04-29).; [See console output](https://lcgapp-services.cern.ch/root-jenkins/job/root-pullrequests-build/79450/console).; ### Failing tests:; - [projectroot.bindings.pyroot_experimental.pythonizations.test.pyunittests_pyroot_numbadeclare](https://lcgapp-services.cern.ch/root-jenkins/job/root-pullrequests-build/79450/testReport/projectroot.bindings.pyroot_experimental.pythonizations/test/pyunittests_pyroot_numbadeclare/),MatchSource.ISSUE_COMMENT,root-project,root,v6-32-06,https://github.com/root-project/root/pull/5488#issuecomment-621385167:412,test,tests,412,https://root.cern,https://github.com/root-project/root/pull/5488#issuecomment-621385167,4,['test'],"['test', 'testReport', 'tests']"
Testability,Build failed on ROOT-fedora30/cxx14.; Running on root-fedora30-2.cern.ch:/home/sftnight/build/workspace/root-pullrequests-build; [See cdash](http://cdash.cern.ch/index.php?project=ROOT&filtercount=1&field1=buildname/string&compare1=65&value1=PR-5489-ROOT-fedora30-cxx14&date=2020-04-29).; [See console output](https://lcgapp-services.cern.ch/root-jenkins/job/root-pullrequests-build/79282/console).; ### Failing tests:; - [projectroot.bindings.pyroot_experimental.pythonizations.test.pyunittests_pyroot_numbadeclare](https://lcgapp-services.cern.ch/root-jenkins/job/root-pullrequests-build/79282/testReport/projectroot.bindings.pyroot_experimental.pythonizations/test/pyunittests_pyroot_numbadeclare/),MatchSource.ISSUE_COMMENT,root-project,root,v6-32-06,https://github.com/root-project/root/pull/5489#issuecomment-621190836:412,test,tests,412,https://root.cern,https://github.com/root-project/root/pull/5489#issuecomment-621190836,4,['test'],"['test', 'testReport', 'tests']"
Testability,Build failed on ROOT-fedora30/cxx14.; Running on root-fedora30-2.cern.ch:/home/sftnight/build/workspace/root-pullrequests-build; [See cdash](http://cdash.cern.ch/index.php?project=ROOT&filtercount=1&field1=buildname/string&compare1=65&value1=PR-5490-ROOT-fedora30-cxx14&date=2020-04-29).; [See console output](https://lcgapp-services.cern.ch/root-jenkins/job/root-pullrequests-build/79290/console).; ### Failing tests:; - [projectroot.bindings.pyroot_experimental.pythonizations.test.pyunittests_pyroot_numbadeclare](https://lcgapp-services.cern.ch/root-jenkins/job/root-pullrequests-build/79290/testReport/projectroot.bindings.pyroot_experimental.pythonizations/test/pyunittests_pyroot_numbadeclare/),MatchSource.ISSUE_COMMENT,root-project,root,v6-32-06,https://github.com/root-project/root/pull/5490#issuecomment-621199679:412,test,tests,412,https://root.cern,https://github.com/root-project/root/pull/5490#issuecomment-621199679,4,['test'],"['test', 'testReport', 'tests']"
Testability,Build failed on ROOT-fedora30/cxx14.; Running on root-fedora30-2.cern.ch:/home/sftnight/build/workspace/root-pullrequests-build; [See cdash](http://cdash.cern.ch/index.php?project=ROOT&filtercount=1&field1=buildname/string&compare1=65&value1=PR-5491-ROOT-fedora30-cxx14&date=2020-04-29).; [See console output](https://lcgapp-services.cern.ch/root-jenkins/job/root-pullrequests-build/79338/console).; ### Failing tests:; - [projectroot.bindings.pyroot_experimental.pythonizations.test.pyunittests_pyroot_numbadeclare](https://lcgapp-services.cern.ch/root-jenkins/job/root-pullrequests-build/79338/testReport/projectroot.bindings.pyroot_experimental.pythonizations/test/pyunittests_pyroot_numbadeclare/),MatchSource.ISSUE_COMMENT,root-project,root,v6-32-06,https://github.com/root-project/root/pull/5491#issuecomment-621250851:412,test,tests,412,https://root.cern,https://github.com/root-project/root/pull/5491#issuecomment-621250851,4,['test'],"['test', 'testReport', 'tests']"
Testability,Build failed on ROOT-fedora30/cxx14.; Running on root-fedora30-2.cern.ch:/home/sftnight/build/workspace/root-pullrequests-build; [See cdash](http://cdash.cern.ch/index.php?project=ROOT&filtercount=1&field1=buildname/string&compare1=65&value1=PR-5494-ROOT-fedora30-cxx14&date=2020-04-29).; [See console output](https://lcgapp-services.cern.ch/root-jenkins/job/root-pullrequests-build/79354/console).; ### Failing tests:; - [projectroot.bindings.pyroot_experimental.pythonizations.test.pyunittests_pyroot_numbadeclare](https://lcgapp-services.cern.ch/root-jenkins/job/root-pullrequests-build/79354/testReport/projectroot.bindings.pyroot_experimental.pythonizations/test/pyunittests_pyroot_numbadeclare/),MatchSource.ISSUE_COMMENT,root-project,root,v6-32-06,https://github.com/root-project/root/pull/5494#issuecomment-621286381:412,test,tests,412,https://root.cern,https://github.com/root-project/root/pull/5494#issuecomment-621286381,4,['test'],"['test', 'testReport', 'tests']"
Testability,Build failed on ROOT-fedora30/cxx14.; Running on root-fedora30-2.cern.ch:/home/sftnight/build/workspace/root-pullrequests-build; [See cdash](http://cdash.cern.ch/index.php?project=ROOT&filtercount=1&field1=buildname/string&compare1=65&value1=PR-5495-ROOT-fedora30-cxx14&date=2020-04-29).; [See console output](https://lcgapp-services.cern.ch/root-jenkins/job/root-pullrequests-build/79362/console).; ### Failing tests:; - [projectroot.bindings.pyroot_experimental.pythonizations.test.pyunittests_pyroot_numbadeclare](https://lcgapp-services.cern.ch/root-jenkins/job/root-pullrequests-build/79362/testReport/projectroot.bindings.pyroot_experimental.pythonizations/test/pyunittests_pyroot_numbadeclare/),MatchSource.ISSUE_COMMENT,root-project,root,v6-32-06,https://github.com/root-project/root/pull/5495#issuecomment-621294503:412,test,tests,412,https://root.cern,https://github.com/root-project/root/pull/5495#issuecomment-621294503,4,['test'],"['test', 'testReport', 'tests']"
Testability,Build failed on ROOT-fedora30/cxx14.; Running on root-fedora30-2.cern.ch:/home/sftnight/build/workspace/root-pullrequests-build; [See cdash](http://cdash.cern.ch/index.php?project=ROOT&filtercount=1&field1=buildname/string&compare1=65&value1=PR-5496-ROOT-fedora30-cxx14&date=2020-04-29).; [See console output](https://lcgapp-services.cern.ch/root-jenkins/job/root-pullrequests-build/79402/console).; ### Failing tests:; - [projectroot.bindings.pyroot_experimental.pythonizations.test.pyunittests_pyroot_numbadeclare](https://lcgapp-services.cern.ch/root-jenkins/job/root-pullrequests-build/79402/testReport/projectroot.bindings.pyroot_experimental.pythonizations/test/pyunittests_pyroot_numbadeclare/),MatchSource.ISSUE_COMMENT,root-project,root,v6-32-06,https://github.com/root-project/root/pull/5496#issuecomment-621342421:412,test,tests,412,https://root.cern,https://github.com/root-project/root/pull/5496#issuecomment-621342421,4,['test'],"['test', 'testReport', 'tests']"
Testability,Build failed on ROOT-fedora30/cxx14.; Running on root-fedora30-2.cern.ch:/home/sftnight/build/workspace/root-pullrequests-build; [See cdash](http://cdash.cern.ch/index.php?project=ROOT&filtercount=1&field1=buildname/string&compare1=65&value1=PR-5496-ROOT-fedora30-cxx14&date=2020-04-30).; [See console output](https://lcgapp-services.cern.ch/root-jenkins/job/root-pullrequests-build/79506/console).; ### Failing tests:; - [projectroot.bindings.pyroot_experimental.pythonizations.test.pyunittests_pyroot_numbadeclare](https://lcgapp-services.cern.ch/root-jenkins/job/root-pullrequests-build/79506/testReport/projectroot.bindings.pyroot_experimental.pythonizations/test/pyunittests_pyroot_numbadeclare/),MatchSource.ISSUE_COMMENT,root-project,root,v6-32-06,https://github.com/root-project/root/pull/5496#issuecomment-621656705:412,test,tests,412,https://root.cern,https://github.com/root-project/root/pull/5496#issuecomment-621656705,4,['test'],"['test', 'testReport', 'tests']"
Testability,Build failed on ROOT-fedora30/cxx14.; Running on root-fedora30-2.cern.ch:/home/sftnight/build/workspace/root-pullrequests-build; [See cdash](http://cdash.cern.ch/index.php?project=ROOT&filtercount=1&field1=buildname/string&compare1=65&value1=PR-5496-ROOT-fedora30-cxx14&date=2020-04-30).; [See console output](https://lcgapp-services.cern.ch/root-jenkins/job/root-pullrequests-build/79628/console).; ### Failing tests:; - [projectroot.bindings.pyroot_experimental.pythonizations.test.pyunittests_pyroot_numbadeclare](https://lcgapp-services.cern.ch/root-jenkins/job/root-pullrequests-build/79628/testReport/projectroot.bindings.pyroot_experimental.pythonizations/test/pyunittests_pyroot_numbadeclare/),MatchSource.ISSUE_COMMENT,root-project,root,v6-32-06,https://github.com/root-project/root/pull/5496#issuecomment-621761680:412,test,tests,412,https://root.cern,https://github.com/root-project/root/pull/5496#issuecomment-621761680,4,['test'],"['test', 'testReport', 'tests']"
Testability,Build failed on ROOT-fedora30/cxx14.; Running on root-fedora30-2.cern.ch:/home/sftnight/build/workspace/root-pullrequests-build; [See cdash](http://cdash.cern.ch/index.php?project=ROOT&filtercount=1&field1=buildname/string&compare1=65&value1=PR-5497-ROOT-fedora30-cxx14&date=2020-04-29).; [See console output](https://lcgapp-services.cern.ch/root-jenkins/job/root-pullrequests-build/79386/console).; ### Failing tests:; - [projectroot.bindings.pyroot_experimental.pythonizations.test.pyunittests_pyroot_numbadeclare](https://lcgapp-services.cern.ch/root-jenkins/job/root-pullrequests-build/79386/testReport/projectroot.bindings.pyroot_experimental.pythonizations/test/pyunittests_pyroot_numbadeclare/),MatchSource.ISSUE_COMMENT,root-project,root,v6-32-06,https://github.com/root-project/root/pull/5497#issuecomment-621327933:412,test,tests,412,https://root.cern,https://github.com/root-project/root/pull/5497#issuecomment-621327933,4,['test'],"['test', 'testReport', 'tests']"
Testability,Build failed on ROOT-fedora30/cxx14.; Running on root-fedora30-2.cern.ch:/home/sftnight/build/workspace/root-pullrequests-build; [See cdash](http://cdash.cern.ch/index.php?project=ROOT&filtercount=1&field1=buildname/string&compare1=65&value1=PR-5498-ROOT-fedora30-cxx14&date=2020-04-29).; [See console output](https://lcgapp-services.cern.ch/root-jenkins/job/root-pullrequests-build/79410/console).; ### Failing tests:; - [projectroot.bindings.pyroot_experimental.pythonizations.test.pyunittests_pyroot_numbadeclare](https://lcgapp-services.cern.ch/root-jenkins/job/root-pullrequests-build/79410/testReport/projectroot.bindings.pyroot_experimental.pythonizations/test/pyunittests_pyroot_numbadeclare/),MatchSource.ISSUE_COMMENT,root-project,root,v6-32-06,https://github.com/root-project/root/pull/5498#issuecomment-621356497:412,test,tests,412,https://root.cern,https://github.com/root-project/root/pull/5498#issuecomment-621356497,4,['test'],"['test', 'testReport', 'tests']"
Testability,Build failed on ROOT-fedora30/cxx14.; Running on root-fedora30-2.cern.ch:/home/sftnight/build/workspace/root-pullrequests-build; [See cdash](http://cdash.cern.ch/index.php?project=ROOT&filtercount=1&field1=buildname/string&compare1=65&value1=PR-5499-ROOT-fedora30-cxx14&date=2020-04-29).; [See console output](https://lcgapp-services.cern.ch/root-jenkins/job/root-pullrequests-build/79418/console).; ### Failing tests:; - [projectroot.bindings.pyroot_experimental.pythonizations.test.pyunittests_pyroot_numbadeclare](https://lcgapp-services.cern.ch/root-jenkins/job/root-pullrequests-build/79418/testReport/projectroot.bindings.pyroot_experimental.pythonizations/test/pyunittests_pyroot_numbadeclare/),MatchSource.ISSUE_COMMENT,root-project,root,v6-32-06,https://github.com/root-project/root/pull/5499#issuecomment-621363247:412,test,tests,412,https://root.cern,https://github.com/root-project/root/pull/5499#issuecomment-621363247,4,['test'],"['test', 'testReport', 'tests']"
Testability,Build failed on ROOT-fedora30/cxx14.; Running on root-fedora30-2.cern.ch:/home/sftnight/build/workspace/root-pullrequests-build; [See cdash](http://cdash.cern.ch/index.php?project=ROOT&filtercount=1&field1=buildname/string&compare1=65&value1=PR-5500-ROOT-fedora30-cxx14&date=2020-04-29).; [See console output](https://lcgapp-services.cern.ch/root-jenkins/job/root-pullrequests-build/79426/console).; ### Failing tests:; - [projectroot.bindings.pyroot_experimental.pythonizations.test.pyunittests_pyroot_numbadeclare](https://lcgapp-services.cern.ch/root-jenkins/job/root-pullrequests-build/79426/testReport/projectroot.bindings.pyroot_experimental.pythonizations/test/pyunittests_pyroot_numbadeclare/),MatchSource.ISSUE_COMMENT,root-project,root,v6-32-06,https://github.com/root-project/root/pull/5500#issuecomment-621369986:412,test,tests,412,https://root.cern,https://github.com/root-project/root/pull/5500#issuecomment-621369986,4,['test'],"['test', 'testReport', 'tests']"
Testability,Build failed on ROOT-fedora30/cxx14.; Running on root-fedora30-2.cern.ch:/home/sftnight/build/workspace/root-pullrequests-build; [See cdash](http://cdash.cern.ch/index.php?project=ROOT&filtercount=1&field1=buildname/string&compare1=65&value1=PR-5500-ROOT-fedora30-cxx14&date=2020-04-30).; [See console output](https://lcgapp-services.cern.ch/root-jenkins/job/root-pullrequests-build/79514/console).; ### Failing tests:; - [projectroot.bindings.pyroot_experimental.pythonizations.test.pyunittests_pyroot_numbadeclare](https://lcgapp-services.cern.ch/root-jenkins/job/root-pullrequests-build/79514/testReport/projectroot.bindings.pyroot_experimental.pythonizations/test/pyunittests_pyroot_numbadeclare/),MatchSource.ISSUE_COMMENT,root-project,root,v6-32-06,https://github.com/root-project/root/pull/5500#issuecomment-621681385:412,test,tests,412,https://root.cern,https://github.com/root-project/root/pull/5500#issuecomment-621681385,4,['test'],"['test', 'testReport', 'tests']"
Testability,Build failed on ROOT-fedora30/cxx14.; Running on root-fedora30-2.cern.ch:/home/sftnight/build/workspace/root-pullrequests-build; [See cdash](http://cdash.cern.ch/index.php?project=ROOT&filtercount=1&field1=buildname/string&compare1=65&value1=PR-5501-ROOT-fedora30-cxx14&date=2020-04-29).; [See console output](https://lcgapp-services.cern.ch/root-jenkins/job/root-pullrequests-build/79474/console).; ### Failing tests:; - [projectroot.bindings.pyroot_experimental.pythonizations.test.pyunittests_pyroot_numbadeclare](https://lcgapp-services.cern.ch/root-jenkins/job/root-pullrequests-build/79474/testReport/projectroot.bindings.pyroot_experimental.pythonizations/test/pyunittests_pyroot_numbadeclare/),MatchSource.ISSUE_COMMENT,root-project,root,v6-32-06,https://github.com/root-project/root/pull/5501#issuecomment-621406838:412,test,tests,412,https://root.cern,https://github.com/root-project/root/pull/5501#issuecomment-621406838,4,['test'],"['test', 'testReport', 'tests']"
Testability,Build failed on ROOT-fedora30/cxx14.; Running on root-fedora30-2.cern.ch:/home/sftnight/build/workspace/root-pullrequests-build; [See cdash](http://cdash.cern.ch/index.php?project=ROOT&filtercount=1&field1=buildname/string&compare1=65&value1=PR-5502-ROOT-fedora30-cxx14&date=2020-04-29).; [See console output](https://lcgapp-services.cern.ch/root-jenkins/job/root-pullrequests-build/79490/console).; ### Failing tests:; - [projectroot.bindings.pyroot_experimental.pythonizations.test.pyunittests_pyroot_numbadeclare](https://lcgapp-services.cern.ch/root-jenkins/job/root-pullrequests-build/79490/testReport/projectroot.bindings.pyroot_experimental.pythonizations/test/pyunittests_pyroot_numbadeclare/),MatchSource.ISSUE_COMMENT,root-project,root,v6-32-06,https://github.com/root-project/root/pull/5502#issuecomment-621413551:412,test,tests,412,https://root.cern,https://github.com/root-project/root/pull/5502#issuecomment-621413551,4,['test'],"['test', 'testReport', 'tests']"
Testability,Build failed on ROOT-fedora30/cxx14.; Running on root-fedora30-2.cern.ch:/home/sftnight/build/workspace/root-pullrequests-build; [See cdash](http://cdash.cern.ch/index.php?project=ROOT&filtercount=1&field1=buildname/string&compare1=65&value1=PR-5504-ROOT-fedora30-cxx14&date=2020-04-30).; [See console output](https://lcgapp-services.cern.ch/root-jenkins/job/root-pullrequests-build/79530/console).; ### Failing tests:; - [projectroot.bindings.pyroot_experimental.pythonizations.test.pyunittests_pyroot_numbadeclare](https://lcgapp-services.cern.ch/root-jenkins/job/root-pullrequests-build/79530/testReport/projectroot.bindings.pyroot_experimental.pythonizations/test/pyunittests_pyroot_numbadeclare/),MatchSource.ISSUE_COMMENT,root-project,root,v6-32-06,https://github.com/root-project/root/pull/5504#issuecomment-621703165:412,test,tests,412,https://root.cern,https://github.com/root-project/root/pull/5504#issuecomment-621703165,4,['test'],"['test', 'testReport', 'tests']"
Testability,Build failed on ROOT-fedora30/cxx14.; Running on root-fedora30-2.cern.ch:/home/sftnight/build/workspace/root-pullrequests-build; [See cdash](http://cdash.cern.ch/index.php?project=ROOT&filtercount=1&field1=buildname/string&compare1=65&value1=PR-5507-ROOT-fedora30-cxx14&date=2020-04-30).; [See console output](https://lcgapp-services.cern.ch/root-jenkins/job/root-pullrequests-build/79547/console).; ### Failing tests:; - [projectroot.bindings.pyroot_experimental.pythonizations.test.pyunittests_pyroot_numbadeclare](https://lcgapp-services.cern.ch/root-jenkins/job/root-pullrequests-build/79547/testReport/projectroot.bindings.pyroot_experimental.pythonizations/test/pyunittests_pyroot_numbadeclare/),MatchSource.ISSUE_COMMENT,root-project,root,v6-32-06,https://github.com/root-project/root/pull/5507#issuecomment-621710031:412,test,tests,412,https://root.cern,https://github.com/root-project/root/pull/5507#issuecomment-621710031,4,['test'],"['test', 'testReport', 'tests']"
Testability,Build failed on ROOT-fedora30/cxx14.; Running on root-fedora30-2.cern.ch:/home/sftnight/build/workspace/root-pullrequests-build; [See cdash](http://cdash.cern.ch/index.php?project=ROOT&filtercount=1&field1=buildname/string&compare1=65&value1=PR-5507-ROOT-fedora30-cxx14&date=2020-05-04).; [See console output](https://lcgapp-services.cern.ch/root-jenkins/job/root-pullrequests-build/80085/console).; ### Failing tests:; - [projectroot.roottest.python.basic.roottest_python_basic_datatype](https://lcgapp-services.cern.ch/root-jenkins/job/root-pullrequests-build/80085/testReport/projectroot.roottest.python/basic/roottest_python_basic_datatype/),MatchSource.ISSUE_COMMENT,root-project,root,v6-32-06,https://github.com/root-project/root/pull/5507#issuecomment-623378179:412,test,tests,412,https://root.cern,https://github.com/root-project/root/pull/5507#issuecomment-623378179,2,['test'],"['testReport', 'tests']"
Testability,Build failed on ROOT-fedora30/cxx14.; Running on root-fedora30-2.cern.ch:/home/sftnight/build/workspace/root-pullrequests-build; [See cdash](http://cdash.cern.ch/index.php?project=ROOT&filtercount=1&field1=buildname/string&compare1=65&value1=PR-5507-ROOT-fedora30-cxx14&date=2020-05-04).; [See console output](https://lcgapp-services.cern.ch/root-jenkins/job/root-pullrequests-build/80118/console).; ### Failing tests:; - [projectroot.roottest.python.basic.roottest_python_basic_datatype](https://lcgapp-services.cern.ch/root-jenkins/job/root-pullrequests-build/80118/testReport/projectroot.roottest.python/basic/roottest_python_basic_datatype/),MatchSource.ISSUE_COMMENT,root-project,root,v6-32-06,https://github.com/root-project/root/pull/5507#issuecomment-623416634:412,test,tests,412,https://root.cern,https://github.com/root-project/root/pull/5507#issuecomment-623416634,2,['test'],"['testReport', 'tests']"
Testability,Build failed on ROOT-fedora30/cxx14.; Running on root-fedora30-2.cern.ch:/home/sftnight/build/workspace/root-pullrequests-build; [See cdash](http://cdash.cern.ch/index.php?project=ROOT&filtercount=1&field1=buildname/string&compare1=65&value1=PR-5508-ROOT-fedora30-cxx14&date=2020-04-30).; [See console output](https://lcgapp-services.cern.ch/root-jenkins/job/root-pullrequests-build/79555/console).; ### Failing tests:; - [projectroot.bindings.pyroot_experimental.pythonizations.test.pyunittests_pyroot_numbadeclare](https://lcgapp-services.cern.ch/root-jenkins/job/root-pullrequests-build/79555/testReport/projectroot.bindings.pyroot_experimental.pythonizations/test/pyunittests_pyroot_numbadeclare/),MatchSource.ISSUE_COMMENT,root-project,root,v6-32-06,https://github.com/root-project/root/pull/5508#issuecomment-621716379:412,test,tests,412,https://root.cern,https://github.com/root-project/root/pull/5508#issuecomment-621716379,4,['test'],"['test', 'testReport', 'tests']"
Testability,Build failed on ROOT-fedora30/cxx14.; Running on root-fedora30-2.cern.ch:/home/sftnight/build/workspace/root-pullrequests-build; [See cdash](http://cdash.cern.ch/index.php?project=ROOT&filtercount=1&field1=buildname/string&compare1=65&value1=PR-5509-ROOT-fedora30-cxx14&date=2020-04-30).; [See console output](https://lcgapp-services.cern.ch/root-jenkins/job/root-pullrequests-build/79571/console).; ### Failing tests:; - [projectroot.bindings.pyroot_experimental.pythonizations.test.pyunittests_pyroot_numbadeclare](https://lcgapp-services.cern.ch/root-jenkins/job/root-pullrequests-build/79571/testReport/projectroot.bindings.pyroot_experimental.pythonizations/test/pyunittests_pyroot_numbadeclare/),MatchSource.ISSUE_COMMENT,root-project,root,v6-32-06,https://github.com/root-project/root/pull/5509#issuecomment-621722631:412,test,tests,412,https://root.cern,https://github.com/root-project/root/pull/5509#issuecomment-621722631,4,['test'],"['test', 'testReport', 'tests']"
Testability,Build failed on ROOT-fedora30/cxx14.; Running on root-fedora30-2.cern.ch:/home/sftnight/build/workspace/root-pullrequests-build; [See cdash](http://cdash.cern.ch/index.php?project=ROOT&filtercount=1&field1=buildname/string&compare1=65&value1=PR-5512-ROOT-fedora30-cxx14&date=2020-04-30).; [See console output](https://lcgapp-services.cern.ch/root-jenkins/job/root-pullrequests-build/79636/console).; ### Failing tests:; - [projectroot.bindings.pyroot_experimental.pythonizations.test.pyunittests_pyroot_numbadeclare](https://lcgapp-services.cern.ch/root-jenkins/job/root-pullrequests-build/79636/testReport/projectroot.bindings.pyroot_experimental.pythonizations/test/pyunittests_pyroot_numbadeclare/),MatchSource.ISSUE_COMMENT,root-project,root,v6-32-06,https://github.com/root-project/root/pull/5512#issuecomment-621767296:412,test,tests,412,https://root.cern,https://github.com/root-project/root/pull/5512#issuecomment-621767296,4,['test'],"['test', 'testReport', 'tests']"
Testability,"Build failed on ROOT-fedora30/cxx14.; Running on root-fedora30-2.cern.ch:/home/sftnight/build/workspace/root-pullrequests-build; [See cdash](http://cdash.cern.ch/index.php?project=ROOT&filtercount=1&field1=buildname/string&compare1=65&value1=PR-5516-ROOT-fedora30-cxx14&date=2020-04-30).; [See console output](https://lcgapp-services.cern.ch/root-jenkins/job/root-pullrequests-build/79741/console).; ### Warnings:; - [2020-04-30T14:19:08.568Z] /home/sftnight/build/workspace/root-pullrequests-build/root/tree/dataframe/test/datasource_root.cxx:38:34: warning: ‘ROOT::RDF::RRootDS::RRootDS(std::string_view, std::string_view)’ is deprecated: will be removed in ROOT v6.24: RRootDS will be removed from the public namespace. Please use standard RDataFrame constructors and interfaces instead [-Wdeprecated-declarations] ; - [2020-04-30T14:19:08.568Z] /home/sftnight/build/workspace/root-pullrequests-build/root/tree/dataframe/test/datasource_root.cxx:56:34: warning: ‘ROOT::RDF::RRootDS::RRootDS(std::string_view, std::string_view)’ is deprecated: will be removed in ROOT v6.24: RRootDS will be removed from the public namespace. Please use standard RDataFrame constructors and interfaces instead [-Wdeprecated-declarations] ; - [2020-04-30T14:19:08.568Z] /home/sftnight/build/workspace/root-pullrequests-build/root/tree/dataframe/test/datasource_root.cxx:74:34: warning: ‘ROOT::RDF::RRootDS::RRootDS(std::string_view, std::string_view)’ is deprecated: will be removed in ROOT v6.24: RRootDS will be removed from the public namespace. Please use standard RDataFrame constructors and interfaces instead [-Wdeprecated-declarations] ; - [2020-04-30T14:19:08.568Z] /home/sftnight/build/workspace/root-pullrequests-build/root/tree/dataframe/test/datasource_root.cxx:94:34: warning: ‘ROOT::RDF::RRootDS::RRootDS(std::string_view, std::string_view)’ is deprecated: will be removed in ROOT v6.24: RRootDS will be removed from the public namespace. Please use standard RDataFrame constructors and interfaces inst",MatchSource.ISSUE_COMMENT,root-project,root,v6-32-06,https://github.com/root-project/root/pull/5516#issuecomment-621890214:519,test,test,519,https://root.cern,https://github.com/root-project/root/pull/5516#issuecomment-621890214,2,['test'],['test']
Testability,Build failed on ROOT-fedora30/cxx14.; Running on root-fedora30-2.cern.ch:/home/sftnight/build/workspace/root-pullrequests-build; [See cdash](http://cdash.cern.ch/index.php?project=ROOT&filtercount=1&field1=buildname/string&compare1=65&value1=PR-5518-ROOT-fedora30-cxx14&date=2020-04-30).; [See console output](https://lcgapp-services.cern.ch/root-jenkins/job/root-pullrequests-build/79781/console).; ### Failing tests:; - [projectroot.runtutorials.tutorial_v7_simple.cxx](https://lcgapp-services.cern.ch/root-jenkins/job/root-pullrequests-build/79781/testReport/projectroot/runtutorials/tutorial_v7_simple_cxx/),MatchSource.ISSUE_COMMENT,root-project,root,v6-32-06,https://github.com/root-project/root/pull/5518#issuecomment-621964505:412,test,tests,412,https://root.cern,https://github.com/root-project/root/pull/5518#issuecomment-621964505,2,['test'],"['testReport', 'tests']"
Testability,Build failed on ROOT-fedora30/cxx14.; Running on root-fedora30-2.cern.ch:/home/sftnight/build/workspace/root-pullrequests-build; [See cdash](http://cdash.cern.ch/index.php?project=ROOT&filtercount=1&field1=buildname/string&compare1=65&value1=PR-5521-ROOT-fedora30-cxx14&date=2020-05-08).; [See console output](https://lcgapp-services.cern.ch/root-jenkins/job/root-pullrequests-build/81274/console).; ### Failing tests:; - [projectroot.roottest.python.cmdLineUtils.roottest_python_cmdLineUtils_SimpleRootrm1CheckOutput](https://lcgapp-services.cern.ch/root-jenkins/job/root-pullrequests-build/81274/testReport/projectroot.roottest.python/cmdLineUtils/roottest_python_cmdLineUtils_SimpleRootrm1CheckOutput/); - [projectroot.roottest.python.cmdLineUtils.roottest_python_cmdLineUtils_SimpleRootrm2CheckOutput](https://lcgapp-services.cern.ch/root-jenkins/job/root-pullrequests-build/81274/testReport/projectroot.roottest.python/cmdLineUtils/roottest_python_cmdLineUtils_SimpleRootrm2CheckOutput/); - [projectroot.roottest.python.cmdLineUtils.roottest_python_cmdLineUtils_SimpleRootrm3CheckOutput](https://lcgapp-services.cern.ch/root-jenkins/job/root-pullrequests-build/81274/testReport/projectroot.roottest.python/cmdLineUtils/roottest_python_cmdLineUtils_SimpleRootrm3CheckOutput/); - [projectroot.roottest.python.cmdLineUtils.roottest_python_cmdLineUtils_SimpleRootmkdir1CheckOutput](https://lcgapp-services.cern.ch/root-jenkins/job/root-pullrequests-build/81274/testReport/projectroot.roottest.python/cmdLineUtils/roottest_python_cmdLineUtils_SimpleRootmkdir1CheckOutput/); - [projectroot.roottest.python.cmdLineUtils.roottest_python_cmdLineUtils_SimpleRootmkdir2CheckOutput](https://lcgapp-services.cern.ch/root-jenkins/job/root-pullrequests-build/81274/testReport/projectroot.roottest.python/cmdLineUtils/roottest_python_cmdLineUtils_SimpleRootmkdir2CheckOutput/); - [projectroot.roottest.root.io.filemerger.roottest_root_io_filemerger_simplek_default_compr_deflevel](https://lcgapp-services.cern.ch,MatchSource.ISSUE_COMMENT,root-project,root,v6-32-06,https://github.com/root-project/root/pull/5521#issuecomment-625778919:412,test,tests,412,https://root.cern,https://github.com/root-project/root/pull/5521#issuecomment-625778919,3,['test'],"['testReport', 'tests']"
Testability,Build failed on ROOT-fedora30/cxx14.; Running on root-fedora30-2.cern.ch:/home/sftnight/build/workspace/root-pullrequests-build; [See cdash](http://cdash.cern.ch/index.php?project=ROOT&filtercount=1&field1=buildname/string&compare1=65&value1=PR-5521-ROOT-fedora30-cxx14&date=2020-05-09).; [See console output](https://lcgapp-services.cern.ch/root-jenkins/job/root-pullrequests-build/81451/console).; ### Failing tests:; - [projectroot.roottest.python.cmdLineUtils.roottest_python_cmdLineUtils_SimpleRootrm3CheckOutput](https://lcgapp-services.cern.ch/root-jenkins/job/root-pullrequests-build/81451/testReport/projectroot.roottest.python/cmdLineUtils/roottest_python_cmdLineUtils_SimpleRootrm3CheckOutput/); - [projectroot.roottest.python.cmdLineUtils.roottest_python_cmdLineUtils_SimpleRootmkdir1CheckOutput](https://lcgapp-services.cern.ch/root-jenkins/job/root-pullrequests-build/81451/testReport/projectroot.roottest.python/cmdLineUtils/roottest_python_cmdLineUtils_SimpleRootmkdir1CheckOutput/); - [projectroot.roottest.python.cmdLineUtils.roottest_python_cmdLineUtils_SimpleRootrm2CheckOutput](https://lcgapp-services.cern.ch/root-jenkins/job/root-pullrequests-build/81451/testReport/projectroot.roottest.python/cmdLineUtils/roottest_python_cmdLineUtils_SimpleRootrm2CheckOutput/); - [projectroot.roottest.python.cmdLineUtils.roottest_python_cmdLineUtils_SimpleRootmkdir2CheckOutput](https://lcgapp-services.cern.ch/root-jenkins/job/root-pullrequests-build/81451/testReport/projectroot.roottest.python/cmdLineUtils/roottest_python_cmdLineUtils_SimpleRootmkdir2CheckOutput/); - [projectroot.roottest.python.cmdLineUtils.roottest_python_cmdLineUtils_SimpleRootmkdir3CheckOutput](https://lcgapp-services.cern.ch/root-jenkins/job/root-pullrequests-build/81451/testReport/projectroot.roottest.python/cmdLineUtils/roottest_python_cmdLineUtils_SimpleRootmkdir3CheckOutput/); - [projectroot.roottest.root.io.filemerger.roottest_root_io_filemerger_simplek_default_compr_deflevel](https://lcgapp-services.c,MatchSource.ISSUE_COMMENT,root-project,root,v6-32-06,https://github.com/root-project/root/pull/5521#issuecomment-626222991:412,test,tests,412,https://root.cern,https://github.com/root-project/root/pull/5521#issuecomment-626222991,3,['test'],"['testReport', 'tests']"
Testability,Build failed on ROOT-fedora30/cxx14.; Running on root-fedora30-2.cern.ch:/home/sftnight/build/workspace/root-pullrequests-build; [See cdash](http://cdash.cern.ch/index.php?project=ROOT&filtercount=1&field1=buildname/string&compare1=65&value1=PR-5521-ROOT-fedora30-cxx14&date=2020-05-09).; [See console output](https://lcgapp-services.cern.ch/root-jenkins/job/root-pullrequests-build/81459/console).; ### Failing tests:; - [projectroot.test.test_check_invalidptr](https://lcgapp-services.cern.ch/root-jenkins/job/root-pullrequests-build/81459/testReport/projectroot/test/test_check_invalidptr/); - [projectroot.test.test_check_nullptr](https://lcgapp-services.cern.ch/root-jenkins/job/root-pullrequests-build/81459/testReport/projectroot/test/test_check_nullptr/); - [projectroot.test.test_event](https://lcgapp-services.cern.ch/root-jenkins/job/root-pullrequests-build/81459/testReport/projectroot/test/test_event/); - [projectroot.test.test_tcollex](https://lcgapp-services.cern.ch/root-jenkins/job/root-pullrequests-build/81459/testReport/projectroot/test/test_tcollex/); - [projectroot.test.test_minexam](https://lcgapp-services.cern.ch/root-jenkins/job/root-pullrequests-build/81459/testReport/projectroot/test/test_minexam/); - [projectroot.test.test_vvector](https://lcgapp-services.cern.ch/root-jenkins/job/root-pullrequests-build/81459/testReport/projectroot/test/test_vvector/); - [projectroot.test.test_vmatrix](https://lcgapp-services.cern.ch/root-jenkins/job/root-pullrequests-build/81459/testReport/projectroot/test/test_vmatrix/); - [projectroot.test.test_stressshapes_interpreted](https://lcgapp-services.cern.ch/root-jenkins/job/root-pullrequests-build/81459/testReport/projectroot/test/test_stressshapes_interpreted/); - [projectroot.test.test_stressgraphics_interpreted](https://lcgapp-services.cern.ch/root-jenkins/job/root-pullrequests-build/81459/testReport/projectroot/test/test_stressgraphics_interpreted/); - [projectroot.test.test_stressshapes](https://lcgapp-services.cern.ch,MatchSource.ISSUE_COMMENT,root-project,root,v6-32-06,https://github.com/root-project/root/pull/5521#issuecomment-626229951:412,test,tests,412,https://root.cern,https://github.com/root-project/root/pull/5521#issuecomment-626229951,11,['test'],"['test', 'testReport', 'tests']"
Testability,Build failed on ROOT-fedora30/cxx14.; Running on root-fedora30-2.cern.ch:/home/sftnight/build/workspace/root-pullrequests-build; [See cdash](http://cdash.cern.ch/index.php?project=ROOT&filtercount=1&field1=buildname/string&compare1=65&value1=PR-5521-ROOT-fedora30-cxx14&date=2020-05-09).; [See console output](https://lcgapp-services.cern.ch/root-jenkins/job/root-pullrequests-build/81467/console).; ### Failing tests:; - [projectroot.test.test_check_nullptr](https://lcgapp-services.cern.ch/root-jenkins/job/root-pullrequests-build/81467/testReport/projectroot/test/test_check_nullptr/); - [projectroot.test.test_check_invalidptr](https://lcgapp-services.cern.ch/root-jenkins/job/root-pullrequests-build/81467/testReport/projectroot/test/test_check_invalidptr/); - [projectroot.test.test_minexam](https://lcgapp-services.cern.ch/root-jenkins/job/root-pullrequests-build/81467/testReport/projectroot/test/test_minexam/); - [projectroot.test.test_tcollex](https://lcgapp-services.cern.ch/root-jenkins/job/root-pullrequests-build/81467/testReport/projectroot/test/test_tcollex/); - [projectroot.test.test_event](https://lcgapp-services.cern.ch/root-jenkins/job/root-pullrequests-build/81467/testReport/projectroot/test/test_event/); - [projectroot.test.test_vvector](https://lcgapp-services.cern.ch/root-jenkins/job/root-pullrequests-build/81467/testReport/projectroot/test/test_vvector/); - [projectroot.test.test_vmatrix](https://lcgapp-services.cern.ch/root-jenkins/job/root-pullrequests-build/81467/testReport/projectroot/test/test_vmatrix/); - [projectroot.test.test_stressshapes_interpreted](https://lcgapp-services.cern.ch/root-jenkins/job/root-pullrequests-build/81467/testReport/projectroot/test/test_stressshapes_interpreted/); - [projectroot.test.test_stressgraphics_interpreted](https://lcgapp-services.cern.ch/root-jenkins/job/root-pullrequests-build/81467/testReport/projectroot/test/test_stressgraphics_interpreted/); - [projectroot.test.test_stressshapes](https://lcgapp-services.cern.ch,MatchSource.ISSUE_COMMENT,root-project,root,v6-32-06,https://github.com/root-project/root/pull/5521#issuecomment-626232545:412,test,tests,412,https://root.cern,https://github.com/root-project/root/pull/5521#issuecomment-626232545,11,['test'],"['test', 'testReport', 'tests']"
Testability,Build failed on ROOT-fedora30/cxx14.; Running on root-fedora30-2.cern.ch:/home/sftnight/build/workspace/root-pullrequests-build; [See cdash](http://cdash.cern.ch/index.php?project=ROOT&filtercount=1&field1=buildname/string&compare1=65&value1=PR-5521-ROOT-fedora30-cxx14&date=2020-05-11).; [See console output](https://lcgapp-services.cern.ch/root-jenkins/job/root-pullrequests-build/81547/console).; ### Failing tests:; - [projectroot.test.test_check_nullptr](https://lcgapp-services.cern.ch/root-jenkins/job/root-pullrequests-build/81547/testReport/projectroot/test/test_check_nullptr/); - [projectroot.test.test_check_invalidptr](https://lcgapp-services.cern.ch/root-jenkins/job/root-pullrequests-build/81547/testReport/projectroot/test/test_check_invalidptr/); - [projectroot.test.test_tcollex](https://lcgapp-services.cern.ch/root-jenkins/job/root-pullrequests-build/81547/testReport/projectroot/test/test_tcollex/); - [projectroot.test.test_event](https://lcgapp-services.cern.ch/root-jenkins/job/root-pullrequests-build/81547/testReport/projectroot/test/test_event/); - [projectroot.test.test_minexam](https://lcgapp-services.cern.ch/root-jenkins/job/root-pullrequests-build/81547/testReport/projectroot/test/test_minexam/); - [projectroot.test.test_vvector](https://lcgapp-services.cern.ch/root-jenkins/job/root-pullrequests-build/81547/testReport/projectroot/test/test_vvector/); - [projectroot.test.test_stressshapes_interpreted](https://lcgapp-services.cern.ch/root-jenkins/job/root-pullrequests-build/81547/testReport/projectroot/test/test_stressshapes_interpreted/); - [projectroot.test.test_vmatrix](https://lcgapp-services.cern.ch/root-jenkins/job/root-pullrequests-build/81547/testReport/projectroot/test/test_vmatrix/); - [projectroot.test.test_stressgraphics_interpreted](https://lcgapp-services.cern.ch/root-jenkins/job/root-pullrequests-build/81547/testReport/projectroot/test/test_stressgraphics_interpreted/); - [projectroot.test.test_stresshistogram_interpreted](https://lcgapp-s,MatchSource.ISSUE_COMMENT,root-project,root,v6-32-06,https://github.com/root-project/root/pull/5521#issuecomment-626590173:412,test,tests,412,https://root.cern,https://github.com/root-project/root/pull/5521#issuecomment-626590173,11,['test'],"['test', 'testReport', 'tests']"
Testability,Build failed on ROOT-fedora30/cxx14.; Running on root-fedora30-2.cern.ch:/home/sftnight/build/workspace/root-pullrequests-build; [See cdash](http://cdash.cern.ch/index.php?project=ROOT&filtercount=1&field1=buildname/string&compare1=65&value1=PR-5521-ROOT-fedora30-cxx14&date=2020-05-12).; [See console output](https://lcgapp-services.cern.ch/root-jenkins/job/root-pullrequests-build/81750/console).; ### Failing tests:; - [projectroot.roottest.root.io.filemerger.roottest_root_io_filemerger_simplek_default_compr_deflevel](https://lcgapp-services.cern.ch/root-jenkins/job/root-pullrequests-build/81750/testReport/projectroot.roottest.root.io/filemerger/roottest_root_io_filemerger_simplek_default_compr_deflevel/); - [projectroot.roottest.root.io.filemerger.roottest_root_io_filemerger_simplek_lzma_compr_level9](https://lcgapp-services.cern.ch/root-jenkins/job/root-pullrequests-build/81750/testReport/projectroot.roottest.root.io/filemerger/roottest_root_io_filemerger_simplek_lzma_compr_level9/); - [projectroot.core.base.v7.test.gtest_core_base_v7_test_base_exception](https://lcgapp-services.cern.ch/root-jenkins/job/root-pullrequests-build/81750/testReport/projectroot.core.base.v7/test/gtest_core_base_v7_test_base_exception/); - [projectroot.graf2d.primitivesv7.test.gtest_graf2d_primitivesv7_test_graf2dprimitivesv7testUnit](https://lcgapp-services.cern.ch/root-jenkins/job/root-pullrequests-build/81750/testReport/projectroot.graf2d.primitivesv7/test/gtest_graf2d_primitivesv7_test_graf2dprimitivesv7testUnit/); - [projectroot.graf3d.eve7.test.gtest_graf3d_eve7_test_graf3deve7testUnit](https://lcgapp-services.cern.ch/root-jenkins/job/root-pullrequests-build/81750/testReport/projectroot.graf3d.eve7/test/gtest_graf3d_eve7_test_graf3deve7testUnit/); - [projectroot.hist.histdrawv7.test.gtest_hist_histdrawv7_test_histhistdrawv7testUnit](https://lcgapp-services.cern.ch/root-jenkins/job/root-pullrequests-build/81750/testReport/projectroot.hist.histdrawv7/test/gtest_hist_histdrawv7_test_his,MatchSource.ISSUE_COMMENT,root-project,root,v6-32-06,https://github.com/root-project/root/pull/5521#issuecomment-627285138:412,test,tests,412,https://root.cern,https://github.com/root-project/root/pull/5521#issuecomment-627285138,3,['test'],"['testReport', 'tests']"
Testability,Build failed on ROOT-fedora30/cxx14.; Running on root-fedora30-2.cern.ch:/home/sftnight/build/workspace/root-pullrequests-build; [See cdash](http://cdash.cern.ch/index.php?project=ROOT&filtercount=1&field1=buildname/string&compare1=65&value1=PR-5530-ROOT-fedora30-cxx14&date=2020-05-04).; [See console output](https://lcgapp-services.cern.ch/root-jenkins/job/root-pullrequests-build/80102/console).; ### Failing tests:; - [projectroot.roofit.roofit.test.gtest_roofit_roofit_test_testRooExponential](https://lcgapp-services.cern.ch/root-jenkins/job/root-pullrequests-build/80102/testReport/projectroot.roofit.roofit/test/gtest_roofit_roofit_test_testRooExponential/); - [projectroot.roofit.roofitcore.test.gtest_roofit_roofitcore_test_testWorkspace](https://lcgapp-services.cern.ch/root-jenkins/job/root-pullrequests-build/80102/testReport/projectroot.roofit.roofitcore/test/gtest_roofit_roofitcore_test_testWorkspace/); - [projectroot.roofit.roostats.test.gtest_roofit_roostats_test_testHypoTestInvResult](https://lcgapp-services.cern.ch/root-jenkins/job/root-pullrequests-build/80102/testReport/projectroot.roofit.roostats/test/gtest_roofit_roostats_test_testHypoTestInvResult/); - [projectroot.test.test_stressroofit_interpreted](https://lcgapp-services.cern.ch/root-jenkins/job/root-pullrequests-build/80102/testReport/projectroot/test/test_stressroofit_interpreted/); - [projectroot.test.test_stressHistFactory_interpreted](https://lcgapp-services.cern.ch/root-jenkins/job/root-pullrequests-build/80102/testReport/projectroot/test/test_stressHistFactory_interpreted/); - [projectroot.test.test_stressroostats_interpreted](https://lcgapp-services.cern.ch/root-jenkins/job/root-pullrequests-build/80102/testReport/projectroot/test/test_stressroostats_interpreted/); - [projectroot.roottest.python.pythonizations.roottest_python_pythonizations_pythonizations](https://lcgapp-services.cern.ch/root-jenkins/job/root-pullrequests-build/80102/testReport/projectroot.roottest.python/pythonizations/roottes,MatchSource.ISSUE_COMMENT,root-project,root,v6-32-06,https://github.com/root-project/root/pull/5530#issuecomment-623400611:412,test,tests,412,https://root.cern,https://github.com/root-project/root/pull/5530#issuecomment-623400611,8,['test'],"['test', 'testReport', 'tests']"
Testability,Build failed on ROOT-fedora30/cxx14.; Running on root-fedora30-2.cern.ch:/home/sftnight/build/workspace/root-pullrequests-build; [See cdash](http://cdash.cern.ch/index.php?project=ROOT&filtercount=1&field1=buildname/string&compare1=65&value1=PR-5535-ROOT-fedora30-cxx14&date=2020-05-07).; [See console output](https://lcgapp-services.cern.ch/root-jenkins/job/root-pullrequests-build/81065/console).; ### Failing tests:; - [projectroot.roottest.python.JupyROOT.roottest_python_JupyROOT_importROOT_notebook](https://lcgapp-services.cern.ch/root-jenkins/job/root-pullrequests-build/81065/testReport/projectroot.roottest.python/JupyROOT/roottest_python_JupyROOT_importROOT_notebook/); - [projectroot.roottest.python.JupyROOT.roottest_python_JupyROOT_simpleCppMagic_notebook](https://lcgapp-services.cern.ch/root-jenkins/job/root-pullrequests-build/81065/testReport/projectroot.roottest.python/JupyROOT/roottest_python_JupyROOT_simpleCppMagic_notebook/),MatchSource.ISSUE_COMMENT,root-project,root,v6-32-06,https://github.com/root-project/root/pull/5535#issuecomment-625369014:412,test,tests,412,https://root.cern,https://github.com/root-project/root/pull/5535#issuecomment-625369014,3,['test'],"['testReport', 'tests']"
Testability,Build failed on ROOT-fedora30/cxx14.; Running on root-fedora30-2.cern.ch:/home/sftnight/build/workspace/root-pullrequests-build; [See cdash](http://cdash.cern.ch/index.php?project=ROOT&filtercount=1&field1=buildname/string&compare1=65&value1=PR-5539-ROOT-fedora30-cxx14&date=2020-05-05).; [See console output](https://lcgapp-services.cern.ch/root-jenkins/job/root-pullrequests-build/80471/console).; ### Failing tests:; - [projectroot.tree.treeplayer.test.gtest_tree_treeplayer_test_treeprocessormt_remotefiles](https://lcgapp-services.cern.ch/root-jenkins/job/root-pullrequests-build/80471/testReport/projectroot.tree.treeplayer/test/gtest_tree_treeplayer_test_treeprocessormt_remotefiles/),MatchSource.ISSUE_COMMENT,root-project,root,v6-32-06,https://github.com/root-project/root/pull/5539#issuecomment-623979467:412,test,tests,412,https://root.cern,https://github.com/root-project/root/pull/5539#issuecomment-623979467,4,['test'],"['test', 'testReport', 'tests']"
Testability,Build failed on ROOT-fedora30/cxx14.; Running on root-fedora30-2.cern.ch:/home/sftnight/build/workspace/root-pullrequests-build; [See cdash](http://cdash.cern.ch/index.php?project=ROOT&filtercount=1&field1=buildname/string&compare1=65&value1=PR-5544-ROOT-fedora30-cxx14&date=2020-05-05).; [See console output](https://lcgapp-services.cern.ch/root-jenkins/job/root-pullrequests-build/80551/console).; ### Failing tests:; - [projectroot.bindings.pyroot_experimental.pythonizations.test.pyunittests_pyroot_pyz_rdataframe_makenumpy](https://lcgapp-services.cern.ch/root-jenkins/job/root-pullrequests-build/80551/testReport/projectroot.bindings.pyroot_experimental.pythonizations/test/pyunittests_pyroot_pyz_rdataframe_makenumpy/); - [projectroot.tree.dataframe.test.gtest_tree_dataframe_test_datasource_sqlite](https://lcgapp-services.cern.ch/root-jenkins/job/root-pullrequests-build/80551/testReport/projectroot.tree.dataframe/test/gtest_tree_dataframe_test_datasource_sqlite/); - [projectroot.tree.dataframe.test.gtest_tree_dataframe_test_dataframe_cache](https://lcgapp-services.cern.ch/root-jenkins/job/root-pullrequests-build/80551/testReport/projectroot.tree.dataframe/test/gtest_tree_dataframe_test_dataframe_cache/),MatchSource.ISSUE_COMMENT,root-project,root,v6-32-06,https://github.com/root-project/root/pull/5544#issuecomment-624138502:412,test,tests,412,https://root.cern,https://github.com/root-project/root/pull/5544#issuecomment-624138502,10,['test'],"['test', 'testReport', 'tests']"
Testability,Build failed on ROOT-fedora30/cxx14.; Running on root-fedora30-2.cern.ch:/home/sftnight/build/workspace/root-pullrequests-build; [See cdash](http://cdash.cern.ch/index.php?project=ROOT&filtercount=1&field1=buildname/string&compare1=65&value1=PR-5562-ROOT-fedora30-cxx14&date=2020-05-06).; [See console output](https://lcgapp-services.cern.ch/root-jenkins/job/root-pullrequests-build/80832/console).; ### Failing tests:; - [projectroot.tree.dataframe.test.gtest_tree_dataframe_test_dataframe_vecops](https://lcgapp-services.cern.ch/root-jenkins/job/root-pullrequests-build/80832/testReport/projectroot.tree.dataframe/test/gtest_tree_dataframe_test_dataframe_vecops/); - [projectroot.tree.dataframe.test.gtest_tree_dataframe_test_dataframe_simple](https://lcgapp-services.cern.ch/root-jenkins/job/root-pullrequests-build/80832/testReport/projectroot.tree.dataframe/test/gtest_tree_dataframe_test_dataframe_simple/); - [projectroot.tree.dataframe.test.pyunittests_dataframe_cache](https://lcgapp-services.cern.ch/root-jenkins/job/root-pullrequests-build/80832/testReport/projectroot.tree.dataframe/test/pyunittests_dataframe_cache/); - [projectroot.tree.dataframe.test.gtest_tree_dataframe_test_dataframe_cache](https://lcgapp-services.cern.ch/root-jenkins/job/root-pullrequests-build/80832/testReport/projectroot.tree.dataframe/test/gtest_tree_dataframe_test_dataframe_cache/); - [projectroot.tree.dataframe.test.gtest_tree_dataframe_test_dataframe_snapshot](https://lcgapp-services.cern.ch/root-jenkins/job/root-pullrequests-build/80832/testReport/projectroot.tree.dataframe/test/gtest_tree_dataframe_test_dataframe_snapshot/); - [projectroot.roottest.root.dataframe.roottest_root_dataframe_test_readTotemNtuple](https://lcgapp-services.cern.ch/root-jenkins/job/root-pullrequests-build/80832/testReport/projectroot.roottest.root/dataframe/roottest_root_dataframe_test_readTotemNtuple/); - [projectroot.roottest.root.dataframe.roottest_root_dataframe_test_stringfiltercolumn](https://lcgapp-services.cer,MatchSource.ISSUE_COMMENT,root-project,root,v6-32-06,https://github.com/root-project/root/pull/5562#issuecomment-624826367:412,test,tests,412,https://root.cern,https://github.com/root-project/root/pull/5562#issuecomment-624826367,8,['test'],"['test', 'testReport', 'tests']"
Testability,Build failed on ROOT-fedora30/cxx14.; Running on root-fedora30-2.cern.ch:/home/sftnight/build/workspace/root-pullrequests-build; [See cdash](http://cdash.cern.ch/index.php?project=ROOT&filtercount=1&field1=buildname/string&compare1=65&value1=PR-5566-ROOT-fedora30-cxx14&date=2020-05-07).; [See console output](https://lcgapp-services.cern.ch/root-jenkins/job/root-pullrequests-build/81001/console).; ### Failing tests:; - [projectroot.test.test_stressgraphics_interpreted](https://lcgapp-services.cern.ch/root-jenkins/job/root-pullrequests-build/81001/testReport/projectroot/test/test_stressgraphics_interpreted/); - [projectroot.roottest.python.JupyROOT.roottest_python_JupyROOT_importROOT_notebook](https://lcgapp-services.cern.ch/root-jenkins/job/root-pullrequests-build/81001/testReport/projectroot.roottest.python/JupyROOT/roottest_python_JupyROOT_importROOT_notebook/); - [projectroot.roottest.python.JupyROOT.roottest_python_JupyROOT_simpleCppMagic_notebook](https://lcgapp-services.cern.ch/root-jenkins/job/root-pullrequests-build/81001/testReport/projectroot.roottest.python/JupyROOT/roottest_python_JupyROOT_simpleCppMagic_notebook/),MatchSource.ISSUE_COMMENT,root-project,root,v6-32-06,https://github.com/root-project/root/pull/5566#issuecomment-625281618:412,test,tests,412,https://root.cern,https://github.com/root-project/root/pull/5566#issuecomment-625281618,6,['test'],"['test', 'testReport', 'tests']"
Testability,Build failed on ROOT-fedora30/cxx14.; Running on root-fedora30-2.cern.ch:/home/sftnight/build/workspace/root-pullrequests-build; [See cdash](http://cdash.cern.ch/index.php?project=ROOT&filtercount=1&field1=buildname/string&compare1=65&value1=PR-5568-ROOT-fedora30-cxx14&date=2020-05-07).; [See console output](https://lcgapp-services.cern.ch/root-jenkins/job/root-pullrequests-build/80945/console).; ### Failing tests:; - [projectroot.roottest.python.JupyROOT.roottest_python_JupyROOT_importROOT_notebook](https://lcgapp-services.cern.ch/root-jenkins/job/root-pullrequests-build/80945/testReport/projectroot.roottest.python/JupyROOT/roottest_python_JupyROOT_importROOT_notebook/); - [projectroot.roottest.python.JupyROOT.roottest_python_JupyROOT_ROOT_kernel_notebook](https://lcgapp-services.cern.ch/root-jenkins/job/root-pullrequests-build/80945/testReport/projectroot.roottest.python/JupyROOT/roottest_python_JupyROOT_ROOT_kernel_notebook/); - [projectroot.roottest.python.JupyROOT.roottest_python_JupyROOT_simpleCppMagic_notebook](https://lcgapp-services.cern.ch/root-jenkins/job/root-pullrequests-build/80945/testReport/projectroot.roottest.python/JupyROOT/roottest_python_JupyROOT_simpleCppMagic_notebook/),MatchSource.ISSUE_COMMENT,root-project,root,v6-32-06,https://github.com/root-project/root/pull/5568#issuecomment-625184006:412,test,tests,412,https://root.cern,https://github.com/root-project/root/pull/5568#issuecomment-625184006,4,['test'],"['testReport', 'tests']"
Testability,Build failed on ROOT-fedora30/cxx14.; Running on root-fedora30-2.cern.ch:/home/sftnight/build/workspace/root-pullrequests-build; [See cdash](http://cdash.cern.ch/index.php?project=ROOT&filtercount=1&field1=buildname/string&compare1=65&value1=PR-5568-ROOT-fedora30-cxx14&date=2020-05-07).; [See console output](https://lcgapp-services.cern.ch/root-jenkins/job/root-pullrequests-build/81033/console).; ### Failing tests:; - [projectroot.roottest.python.JupyROOT.roottest_python_JupyROOT_importROOT_notebook](https://lcgapp-services.cern.ch/root-jenkins/job/root-pullrequests-build/81033/testReport/projectroot.roottest.python/JupyROOT/roottest_python_JupyROOT_importROOT_notebook/); - [projectroot.roottest.python.JupyROOT.roottest_python_JupyROOT_simpleCppMagic_notebook](https://lcgapp-services.cern.ch/root-jenkins/job/root-pullrequests-build/81033/testReport/projectroot.roottest.python/JupyROOT/roottest_python_JupyROOT_simpleCppMagic_notebook/); - [projectroot.roottest.root.aclic.load.roottest_root_aclic_load_reload](https://lcgapp-services.cern.ch/root-jenkins/job/root-pullrequests-build/81033/testReport/projectroot.roottest.root.aclic/load/roottest_root_aclic_load_reload/),MatchSource.ISSUE_COMMENT,root-project,root,v6-32-06,https://github.com/root-project/root/pull/5568#issuecomment-625307651:412,test,tests,412,https://root.cern,https://github.com/root-project/root/pull/5568#issuecomment-625307651,4,['test'],"['testReport', 'tests']"
Testability,Build failed on ROOT-fedora30/cxx14.; Running on root-fedora30-2.cern.ch:/home/sftnight/build/workspace/root-pullrequests-build; [See cdash](http://cdash.cern.ch/index.php?project=ROOT&filtercount=1&field1=buildname/string&compare1=65&value1=PR-5569-ROOT-fedora30-cxx14&date=2020-05-07).; [See console output](https://lcgapp-services.cern.ch/root-jenkins/job/root-pullrequests-build/80953/console).; ### Failing tests:; - [projectroot.roottest.python.JupyROOT.roottest_python_JupyROOT_importROOT_notebook](https://lcgapp-services.cern.ch/root-jenkins/job/root-pullrequests-build/80953/testReport/projectroot.roottest.python/JupyROOT/roottest_python_JupyROOT_importROOT_notebook/); - [projectroot.roottest.python.JupyROOT.roottest_python_JupyROOT_simpleCppMagic_notebook](https://lcgapp-services.cern.ch/root-jenkins/job/root-pullrequests-build/80953/testReport/projectroot.roottest.python/JupyROOT/roottest_python_JupyROOT_simpleCppMagic_notebook/),MatchSource.ISSUE_COMMENT,root-project,root,v6-32-06,https://github.com/root-project/root/pull/5569#issuecomment-625201432:412,test,tests,412,https://root.cern,https://github.com/root-project/root/pull/5569#issuecomment-625201432,3,['test'],"['testReport', 'tests']"
Testability,Build failed on ROOT-fedora30/cxx14.; Running on root-fedora30-2.cern.ch:/home/sftnight/build/workspace/root-pullrequests-build; [See cdash](http://cdash.cern.ch/index.php?project=ROOT&filtercount=1&field1=buildname/string&compare1=65&value1=PR-5570-ROOT-fedora30-cxx14&date=2020-05-07).; [See console output](https://lcgapp-services.cern.ch/root-jenkins/job/root-pullrequests-build/80961/console).; ### Failing tests:; - [projectroot.roottest.python.JupyROOT.roottest_python_JupyROOT_importROOT_notebook](https://lcgapp-services.cern.ch/root-jenkins/job/root-pullrequests-build/80961/testReport/projectroot.roottest.python/JupyROOT/roottest_python_JupyROOT_importROOT_notebook/); - [projectroot.roottest.python.JupyROOT.roottest_python_JupyROOT_simpleCppMagic_notebook](https://lcgapp-services.cern.ch/root-jenkins/job/root-pullrequests-build/80961/testReport/projectroot.roottest.python/JupyROOT/roottest_python_JupyROOT_simpleCppMagic_notebook/),MatchSource.ISSUE_COMMENT,root-project,root,v6-32-06,https://github.com/root-project/root/pull/5570#issuecomment-625245782:412,test,tests,412,https://root.cern,https://github.com/root-project/root/pull/5570#issuecomment-625245782,3,['test'],"['testReport', 'tests']"
Testability,Build failed on ROOT-fedora30/cxx14.; Running on root-fedora30-2.cern.ch:/home/sftnight/build/workspace/root-pullrequests-build; [See cdash](http://cdash.cern.ch/index.php?project=ROOT&filtercount=1&field1=buildname/string&compare1=65&value1=PR-5570-ROOT-fedora30-cxx14&date=2020-05-07).; [See console output](https://lcgapp-services.cern.ch/root-jenkins/job/root-pullrequests-build/81009/console).; ### Failing tests:; - [projectroot.roottest.python.JupyROOT.roottest_python_JupyROOT_simpleCppMagic_notebook](https://lcgapp-services.cern.ch/root-jenkins/job/root-pullrequests-build/81009/testReport/projectroot.roottest.python/JupyROOT/roottest_python_JupyROOT_simpleCppMagic_notebook/); - [projectroot.roottest.python.JupyROOT.roottest_python_JupyROOT_importROOT_notebook](https://lcgapp-services.cern.ch/root-jenkins/job/root-pullrequests-build/81009/testReport/projectroot.roottest.python/JupyROOT/roottest_python_JupyROOT_importROOT_notebook/),MatchSource.ISSUE_COMMENT,root-project,root,v6-32-06,https://github.com/root-project/root/pull/5570#issuecomment-625289271:412,test,tests,412,https://root.cern,https://github.com/root-project/root/pull/5570#issuecomment-625289271,3,['test'],"['testReport', 'tests']"
Testability,Build failed on ROOT-fedora30/cxx14.; Running on root-fedora30-2.cern.ch:/home/sftnight/build/workspace/root-pullrequests-build; [See cdash](http://cdash.cern.ch/index.php?project=ROOT&filtercount=1&field1=buildname/string&compare1=65&value1=PR-5571-ROOT-fedora30-cxx14&date=2020-05-07).; [See console output](https://lcgapp-services.cern.ch/root-jenkins/job/root-pullrequests-build/80969/console).; ### Failing tests:; - [projectroot.roottest.python.JupyROOT.roottest_python_JupyROOT_importROOT_notebook](https://lcgapp-services.cern.ch/root-jenkins/job/root-pullrequests-build/80969/testReport/projectroot.roottest.python/JupyROOT/roottest_python_JupyROOT_importROOT_notebook/); - [projectroot.roottest.python.JupyROOT.roottest_python_JupyROOT_simpleCppMagic_notebook](https://lcgapp-services.cern.ch/root-jenkins/job/root-pullrequests-build/80969/testReport/projectroot.roottest.python/JupyROOT/roottest_python_JupyROOT_simpleCppMagic_notebook/),MatchSource.ISSUE_COMMENT,root-project,root,v6-32-06,https://github.com/root-project/root/pull/5571#issuecomment-625253154:412,test,tests,412,https://root.cern,https://github.com/root-project/root/pull/5571#issuecomment-625253154,3,['test'],"['testReport', 'tests']"
Testability,Build failed on ROOT-fedora30/cxx14.; Running on root-fedora30-2.cern.ch:/home/sftnight/build/workspace/root-pullrequests-build; [See cdash](http://cdash.cern.ch/index.php?project=ROOT&filtercount=1&field1=buildname/string&compare1=65&value1=PR-5571-ROOT-fedora30-cxx14&date=2020-05-07).; [See console output](https://lcgapp-services.cern.ch/root-jenkins/job/root-pullrequests-build/81041/console).; ### Failing tests:; - [projectroot.roottest.python.JupyROOT.roottest_python_JupyROOT_importROOT_notebook](https://lcgapp-services.cern.ch/root-jenkins/job/root-pullrequests-build/81041/testReport/projectroot.roottest.python/JupyROOT/roottest_python_JupyROOT_importROOT_notebook/); - [projectroot.roottest.python.JupyROOT.roottest_python_JupyROOT_simpleCppMagic_notebook](https://lcgapp-services.cern.ch/root-jenkins/job/root-pullrequests-build/81041/testReport/projectroot.roottest.python/JupyROOT/roottest_python_JupyROOT_simpleCppMagic_notebook/),MatchSource.ISSUE_COMMENT,root-project,root,v6-32-06,https://github.com/root-project/root/pull/5571#issuecomment-625315707:412,test,tests,412,https://root.cern,https://github.com/root-project/root/pull/5571#issuecomment-625315707,3,['test'],"['testReport', 'tests']"
Testability,Build failed on ROOT-fedora30/cxx14.; Running on root-fedora30-2.cern.ch:/home/sftnight/build/workspace/root-pullrequests-build; [See cdash](http://cdash.cern.ch/index.php?project=ROOT&filtercount=1&field1=buildname/string&compare1=65&value1=PR-5572-ROOT-fedora30-cxx14&date=2020-05-07).; [See console output](https://lcgapp-services.cern.ch/root-jenkins/job/root-pullrequests-build/80977/console).; ### Failing tests:; - [projectroot.roottest.python.JupyROOT.roottest_python_JupyROOT_importROOT_notebook](https://lcgapp-services.cern.ch/root-jenkins/job/root-pullrequests-build/80977/testReport/projectroot.roottest.python/JupyROOT/roottest_python_JupyROOT_importROOT_notebook/); - [projectroot.roottest.python.JupyROOT.roottest_python_JupyROOT_simpleCppMagic_notebook](https://lcgapp-services.cern.ch/root-jenkins/job/root-pullrequests-build/80977/testReport/projectroot.roottest.python/JupyROOT/roottest_python_JupyROOT_simpleCppMagic_notebook/); - [projectroot.roottest.root.io.uniquePointer.roottest_root_io_uniquePointer_readPtrColls](https://lcgapp-services.cern.ch/root-jenkins/job/root-pullrequests-build/80977/testReport/projectroot.roottest.root.io/uniquePointer/roottest_root_io_uniquePointer_readPtrColls/); - [projectroot.roottest.root.math.unuran.roottest_root_math_unuran_unuranSimple](https://lcgapp-services.cern.ch/root-jenkins/job/root-pullrequests-build/80977/testReport/projectroot.roottest.root.math/unuran/roottest_root_math_unuran_unuranSimple/),MatchSource.ISSUE_COMMENT,root-project,root,v6-32-06,https://github.com/root-project/root/pull/5572#issuecomment-625266496:412,test,tests,412,https://root.cern,https://github.com/root-project/root/pull/5572#issuecomment-625266496,5,['test'],"['testReport', 'tests']"
Testability,Build failed on ROOT-fedora30/cxx14.; Running on root-fedora30-2.cern.ch:/home/sftnight/build/workspace/root-pullrequests-build; [See cdash](http://cdash.cern.ch/index.php?project=ROOT&filtercount=1&field1=buildname/string&compare1=65&value1=PR-5573-ROOT-fedora30-cxx14&date=2020-05-07).; [See console output](https://lcgapp-services.cern.ch/root-jenkins/job/root-pullrequests-build/80985/console).; ### Failing tests:; - [projectroot.roottest.python.JupyROOT.roottest_python_JupyROOT_importROOT_notebook](https://lcgapp-services.cern.ch/root-jenkins/job/root-pullrequests-build/80985/testReport/projectroot.roottest.python/JupyROOT/roottest_python_JupyROOT_importROOT_notebook/); - [projectroot.roottest.python.JupyROOT.roottest_python_JupyROOT_simpleCppMagic_notebook](https://lcgapp-services.cern.ch/root-jenkins/job/root-pullrequests-build/80985/testReport/projectroot.roottest.python/JupyROOT/roottest_python_JupyROOT_simpleCppMagic_notebook/),MatchSource.ISSUE_COMMENT,root-project,root,v6-32-06,https://github.com/root-project/root/pull/5573#issuecomment-625273799:412,test,tests,412,https://root.cern,https://github.com/root-project/root/pull/5573#issuecomment-625273799,3,['test'],"['testReport', 'tests']"
Testability,Build failed on ROOT-fedora30/cxx14.; Running on root-fedora30-2.cern.ch:/home/sftnight/build/workspace/root-pullrequests-build; [See cdash](http://cdash.cern.ch/index.php?project=ROOT&filtercount=1&field1=buildname/string&compare1=65&value1=PR-5577-ROOT-fedora30-cxx14&date=2020-05-07).; [See console output](https://lcgapp-services.cern.ch/root-jenkins/job/root-pullrequests-build/81049/console).; ### Failing tests:; - [projectroot.roottest.python.JupyROOT.roottest_python_JupyROOT_importROOT_notebook](https://lcgapp-services.cern.ch/root-jenkins/job/root-pullrequests-build/81049/testReport/projectroot.roottest.python/JupyROOT/roottest_python_JupyROOT_importROOT_notebook/); - [projectroot.roottest.python.JupyROOT.roottest_python_JupyROOT_simpleCppMagic_notebook](https://lcgapp-services.cern.ch/root-jenkins/job/root-pullrequests-build/81049/testReport/projectroot.roottest.python/JupyROOT/roottest_python_JupyROOT_simpleCppMagic_notebook/),MatchSource.ISSUE_COMMENT,root-project,root,v6-32-06,https://github.com/root-project/root/pull/5577#issuecomment-625323650:412,test,tests,412,https://root.cern,https://github.com/root-project/root/pull/5577#issuecomment-625323650,3,['test'],"['testReport', 'tests']"
Testability,Build failed on ROOT-fedora30/cxx14.; Running on root-fedora30-2.cern.ch:/home/sftnight/build/workspace/root-pullrequests-build; [See cdash](http://cdash.cern.ch/index.php?project=ROOT&filtercount=1&field1=buildname/string&compare1=65&value1=PR-5577-ROOT-fedora30-cxx14&date=2020-05-07).; [See console output](https://lcgapp-services.cern.ch/root-jenkins/job/root-pullrequests-build/81082/console).; ### Failing tests:; - [projectroot.roottest.python.JupyROOT.roottest_python_JupyROOT_importROOT_notebook](https://lcgapp-services.cern.ch/root-jenkins/job/root-pullrequests-build/81082/testReport/projectroot.roottest.python/JupyROOT/roottest_python_JupyROOT_importROOT_notebook/); - [projectroot.roottest.python.JupyROOT.roottest_python_JupyROOT_simpleCppMagic_notebook](https://lcgapp-services.cern.ch/root-jenkins/job/root-pullrequests-build/81082/testReport/projectroot.roottest.python/JupyROOT/roottest_python_JupyROOT_simpleCppMagic_notebook/),MatchSource.ISSUE_COMMENT,root-project,root,v6-32-06,https://github.com/root-project/root/pull/5577#issuecomment-625409474:412,test,tests,412,https://root.cern,https://github.com/root-project/root/pull/5577#issuecomment-625409474,3,['test'],"['testReport', 'tests']"
Testability,Build failed on ROOT-fedora30/cxx14.; Running on root-fedora30-2.cern.ch:/home/sftnight/build/workspace/root-pullrequests-build; [See cdash](http://cdash.cern.ch/index.php?project=ROOT&filtercount=1&field1=buildname/string&compare1=65&value1=PR-5577-ROOT-fedora30-cxx14&date=2020-05-07).; [See console output](https://lcgapp-services.cern.ch/root-jenkins/job/root-pullrequests-build/81098/console).; ### Failing tests:; - [projectroot.roottest.python.JupyROOT.roottest_python_JupyROOT_simpleCppMagic_notebook](https://lcgapp-services.cern.ch/root-jenkins/job/root-pullrequests-build/81098/testReport/projectroot.roottest.python/JupyROOT/roottest_python_JupyROOT_simpleCppMagic_notebook/); - [projectroot.roottest.python.JupyROOT.roottest_python_JupyROOT_importROOT_notebook](https://lcgapp-services.cern.ch/root-jenkins/job/root-pullrequests-build/81098/testReport/projectroot.roottest.python/JupyROOT/roottest_python_JupyROOT_importROOT_notebook/),MatchSource.ISSUE_COMMENT,root-project,root,v6-32-06,https://github.com/root-project/root/pull/5577#issuecomment-625420573:412,test,tests,412,https://root.cern,https://github.com/root-project/root/pull/5577#issuecomment-625420573,3,['test'],"['testReport', 'tests']"
Testability,Build failed on ROOT-fedora30/cxx14.; Running on root-fedora30-2.cern.ch:/home/sftnight/build/workspace/root-pullrequests-build; [See cdash](http://cdash.cern.ch/index.php?project=ROOT&filtercount=1&field1=buildname/string&compare1=65&value1=PR-5577-ROOT-fedora30-cxx14&date=2020-05-07).; [See console output](https://lcgapp-services.cern.ch/root-jenkins/job/root-pullrequests-build/81122/console).; ### Failing tests:; - [projectroot.roottest.python.JupyROOT.roottest_python_JupyROOT_importROOT_notebook](https://lcgapp-services.cern.ch/root-jenkins/job/root-pullrequests-build/81122/testReport/projectroot.roottest.python/JupyROOT/roottest_python_JupyROOT_importROOT_notebook/); - [projectroot.roottest.python.JupyROOT.roottest_python_JupyROOT_simpleCppMagic_notebook](https://lcgapp-services.cern.ch/root-jenkins/job/root-pullrequests-build/81122/testReport/projectroot.roottest.python/JupyROOT/roottest_python_JupyROOT_simpleCppMagic_notebook/),MatchSource.ISSUE_COMMENT,root-project,root,v6-32-06,https://github.com/root-project/root/pull/5577#issuecomment-625443932:412,test,tests,412,https://root.cern,https://github.com/root-project/root/pull/5577#issuecomment-625443932,3,['test'],"['testReport', 'tests']"
Testability,Build failed on ROOT-fedora30/cxx14.; Running on root-fedora30-2.cern.ch:/home/sftnight/build/workspace/root-pullrequests-build; [See cdash](http://cdash.cern.ch/index.php?project=ROOT&filtercount=1&field1=buildname/string&compare1=65&value1=PR-5577-ROOT-fedora30-cxx14&date=2020-05-07).; [See console output](https://lcgapp-services.cern.ch/root-jenkins/job/root-pullrequests-build/81130/console).; ### Failing tests:; - [projectroot.roottest.python.JupyROOT.roottest_python_JupyROOT_simpleCppMagic_notebook](https://lcgapp-services.cern.ch/root-jenkins/job/root-pullrequests-build/81130/testReport/projectroot.roottest.python/JupyROOT/roottest_python_JupyROOT_simpleCppMagic_notebook/); - [projectroot.roottest.python.JupyROOT.roottest_python_JupyROOT_importROOT_notebook](https://lcgapp-services.cern.ch/root-jenkins/job/root-pullrequests-build/81130/testReport/projectroot.roottest.python/JupyROOT/roottest_python_JupyROOT_importROOT_notebook/),MatchSource.ISSUE_COMMENT,root-project,root,v6-32-06,https://github.com/root-project/root/pull/5577#issuecomment-625450896:412,test,tests,412,https://root.cern,https://github.com/root-project/root/pull/5577#issuecomment-625450896,3,['test'],"['testReport', 'tests']"
Testability,Build failed on ROOT-fedora30/cxx14.; Running on root-fedora30-2.cern.ch:/home/sftnight/build/workspace/root-pullrequests-build; [See cdash](http://cdash.cern.ch/index.php?project=ROOT&filtercount=1&field1=buildname/string&compare1=65&value1=PR-5577-ROOT-fedora30-cxx14&date=2020-05-07).; [See console output](https://lcgapp-services.cern.ch/root-jenkins/job/root-pullrequests-build/81162/console).; ### Failing tests:; - [projectroot.roottest.python.JupyROOT.roottest_python_JupyROOT_importROOT_notebook](https://lcgapp-services.cern.ch/root-jenkins/job/root-pullrequests-build/81162/testReport/projectroot.roottest.python/JupyROOT/roottest_python_JupyROOT_importROOT_notebook/); - [projectroot.roottest.python.JupyROOT.roottest_python_JupyROOT_simpleCppMagic_notebook](https://lcgapp-services.cern.ch/root-jenkins/job/root-pullrequests-build/81162/testReport/projectroot.roottest.python/JupyROOT/roottest_python_JupyROOT_simpleCppMagic_notebook/),MatchSource.ISSUE_COMMENT,root-project,root,v6-32-06,https://github.com/root-project/root/pull/5577#issuecomment-625475788:412,test,tests,412,https://root.cern,https://github.com/root-project/root/pull/5577#issuecomment-625475788,3,['test'],"['testReport', 'tests']"
Testability,Build failed on ROOT-fedora30/cxx14.; Running on root-fedora30-2.cern.ch:/home/sftnight/build/workspace/root-pullrequests-build; [See cdash](http://cdash.cern.ch/index.php?project=ROOT&filtercount=1&field1=buildname/string&compare1=65&value1=PR-5577-ROOT-fedora30-cxx14&date=2020-05-08).; [See console output](https://lcgapp-services.cern.ch/root-jenkins/job/root-pullrequests-build/81226/console).; ### Failing tests:; - [projectroot.roottest.python.JupyROOT.roottest_python_JupyROOT_simpleCppMagic_notebook](https://lcgapp-services.cern.ch/root-jenkins/job/root-pullrequests-build/81226/testReport/projectroot.roottest.python/JupyROOT/roottest_python_JupyROOT_simpleCppMagic_notebook/); - [projectroot.roottest.python.JupyROOT.roottest_python_JupyROOT_importROOT_notebook](https://lcgapp-services.cern.ch/root-jenkins/job/root-pullrequests-build/81226/testReport/projectroot.roottest.python/JupyROOT/roottest_python_JupyROOT_importROOT_notebook/),MatchSource.ISSUE_COMMENT,root-project,root,v6-32-06,https://github.com/root-project/root/pull/5577#issuecomment-625671277:412,test,tests,412,https://root.cern,https://github.com/root-project/root/pull/5577#issuecomment-625671277,3,['test'],"['testReport', 'tests']"
Testability,Build failed on ROOT-fedora30/cxx14.; Running on root-fedora30-2.cern.ch:/home/sftnight/build/workspace/root-pullrequests-build; [See cdash](http://cdash.cern.ch/index.php?project=ROOT&filtercount=1&field1=buildname/string&compare1=65&value1=PR-5578-ROOT-fedora30-cxx14&date=2020-05-07).; [See console output](https://lcgapp-services.cern.ch/root-jenkins/job/root-pullrequests-build/81057/console).; ### Failing tests:; - [projectroot.roottest.python.JupyROOT.roottest_python_JupyROOT_importROOT_notebook](https://lcgapp-services.cern.ch/root-jenkins/job/root-pullrequests-build/81057/testReport/projectroot.roottest.python/JupyROOT/roottest_python_JupyROOT_importROOT_notebook/); - [projectroot.roottest.python.JupyROOT.roottest_python_JupyROOT_simpleCppMagic_notebook](https://lcgapp-services.cern.ch/root-jenkins/job/root-pullrequests-build/81057/testReport/projectroot.roottest.python/JupyROOT/roottest_python_JupyROOT_simpleCppMagic_notebook/),MatchSource.ISSUE_COMMENT,root-project,root,v6-32-06,https://github.com/root-project/root/pull/5578#issuecomment-625331716:412,test,tests,412,https://root.cern,https://github.com/root-project/root/pull/5578#issuecomment-625331716,3,['test'],"['testReport', 'tests']"
Testability,Build failed on ROOT-fedora30/cxx14.; Running on root-fedora30-2.cern.ch:/home/sftnight/build/workspace/root-pullrequests-build; [See cdash](http://cdash.cern.ch/index.php?project=ROOT&filtercount=1&field1=buildname/string&compare1=65&value1=PR-5582-ROOT-fedora30-cxx14&date=2020-05-08).; [See console output](https://lcgapp-services.cern.ch/root-jenkins/job/root-pullrequests-build/81355/console).; ### Failing tests:; - [projectroot.math.mathcore.test.gtest_math_mathcore_test_GradientUnit](https://lcgapp-services.cern.ch/root-jenkins/job/root-pullrequests-build/81355/testReport/projectroot.math.mathcore/test/gtest_math_mathcore_test_GradientUnit/); - [projectroot.math.mathcore.test.gtest_math_mathcore_test_GradientFittingUnit](https://lcgapp-services.cern.ch/root-jenkins/job/root-pullrequests-build/81355/testReport/projectroot.math.mathcore/test/gtest_math_mathcore_test_GradientFittingUnit/); - [projectroot.tree.dataframe.test.gtest_tree_dataframe_test_dataframe_regression](https://lcgapp-services.cern.ch/root-jenkins/job/root-pullrequests-build/81355/testReport/projectroot.tree.dataframe/test/gtest_tree_dataframe_test_dataframe_regression/); - [projectroot.tree.treeplayer.test.gtest_tree_treeplayer_test_treeprocessormt_remotefiles](https://lcgapp-services.cern.ch/root-jenkins/job/root-pullrequests-build/81355/testReport/projectroot.tree.treeplayer/test/gtest_tree_treeplayer_test_treeprocessormt_remotefiles/); - [projectroot.tree.dataframe.test.gtest_tree_dataframe_test_dataframe_snapshot](https://lcgapp-services.cern.ch/root-jenkins/job/root-pullrequests-build/81355/testReport/projectroot.tree.dataframe/test/gtest_tree_dataframe_test_dataframe_snapshot/); - [projectroot.tree.treeplayer.test.gtest_tree_treeplayer_test_treeprocessormt](https://lcgapp-services.cern.ch/root-jenkins/job/root-pullrequests-build/81355/testReport/projectroot.tree.treeplayer/test/gtest_tree_treeplayer_test_treeprocessormt/); - [projectroot.tree.dataframe.test.gtest_tree_dataframe_test_datafram,MatchSource.ISSUE_COMMENT,root-project,root,v6-32-06,https://github.com/root-project/root/pull/5582#issuecomment-625870731:412,test,tests,412,https://root.cern,https://github.com/root-project/root/pull/5582#issuecomment-625870731,8,['test'],"['test', 'testReport', 'tests']"
Testability,Build failed on ROOT-fedora30/cxx14.; Running on root-fedora30-2.cern.ch:/home/sftnight/build/workspace/root-pullrequests-build; [See cdash](http://cdash.cern.ch/index.php?project=ROOT&filtercount=1&field1=buildname/string&compare1=65&value1=PR-5582-ROOT-fedora30-cxx14&date=2020-06-03).; [See console output](https://lcgapp-services.cern.ch/root-jenkins/job/root-pullrequests-build/84859/console).; ### Failing tests:; - [projectroot.tree.treeplayer.test.gtest_tree_treeplayer_test_treeprocessormt](https://lcgapp-services.cern.ch/root-jenkins/job/root-pullrequests-build/84859/testReport/projectroot.tree.treeplayer/test/gtest_tree_treeplayer_test_treeprocessormt/); - [projectroot.roottest.root.multicore.roottest_root_multicore_poolManager_build](https://lcgapp-services.cern.ch/root-jenkins/job/root-pullrequests-build/84859/testReport/projectroot.roottest.root/multicore/roottest_root_multicore_poolManager_build/); - [projectroot.roottest.root.multicore.roottest_root_multicore_poolManager](https://lcgapp-services.cern.ch/root-jenkins/job/root-pullrequests-build/84859/testReport/projectroot.roottest.root/multicore/roottest_root_multicore_poolManager/),MatchSource.ISSUE_COMMENT,root-project,root,v6-32-06,https://github.com/root-project/root/pull/5582#issuecomment-638194766:412,test,tests,412,https://root.cern,https://github.com/root-project/root/pull/5582#issuecomment-638194766,6,['test'],"['test', 'testReport', 'tests']"
Testability,Build failed on ROOT-fedora30/cxx14.; Running on root-fedora30-2.cern.ch:/home/sftnight/build/workspace/root-pullrequests-build; [See cdash](http://cdash.cern.ch/index.php?project=ROOT&filtercount=1&field1=buildname/string&compare1=65&value1=PR-5582-ROOT-fedora30-cxx14&date=2020-06-03).; [See console output](https://lcgapp-services.cern.ch/root-jenkins/job/root-pullrequests-build/84947/console).; ### Failing tests:; - [projectroot.roottest.root.multicore.roottest_root_multicore_poolManager_build](https://lcgapp-services.cern.ch/root-jenkins/job/root-pullrequests-build/84947/testReport/projectroot.roottest.root/multicore/roottest_root_multicore_poolManager_build/); - [projectroot.roottest.root.multicore.roottest_root_multicore_poolManager](https://lcgapp-services.cern.ch/root-jenkins/job/root-pullrequests-build/84947/testReport/projectroot.roottest.root/multicore/roottest_root_multicore_poolManager/),MatchSource.ISSUE_COMMENT,root-project,root,v6-32-06,https://github.com/root-project/root/pull/5582#issuecomment-638343029:412,test,tests,412,https://root.cern,https://github.com/root-project/root/pull/5582#issuecomment-638343029,3,['test'],"['testReport', 'tests']"
Testability,Build failed on ROOT-fedora30/cxx14.; Running on root-fedora30-2.cern.ch:/home/sftnight/build/workspace/root-pullrequests-build; [See cdash](http://cdash.cern.ch/index.php?project=ROOT&filtercount=1&field1=buildname/string&compare1=65&value1=PR-5582-ROOT-fedora30-cxx14&date=2020-06-04).; [See console output](https://lcgapp-services.cern.ch/root-jenkins/job/root-pullrequests-build/85003/console).; ### Failing tests:; - [projectroot.roottest.root.multicore.roottest_root_multicore_poolManager_build](https://lcgapp-services.cern.ch/root-jenkins/job/root-pullrequests-build/85003/testReport/projectroot.roottest.root/multicore/roottest_root_multicore_poolManager_build/); - [projectroot.roottest.root.multicore.roottest_root_multicore_poolManager](https://lcgapp-services.cern.ch/root-jenkins/job/root-pullrequests-build/85003/testReport/projectroot.roottest.root/multicore/roottest_root_multicore_poolManager/),MatchSource.ISSUE_COMMENT,root-project,root,v6-32-06,https://github.com/root-project/root/pull/5582#issuecomment-638768086:412,test,tests,412,https://root.cern,https://github.com/root-project/root/pull/5582#issuecomment-638768086,3,['test'],"['testReport', 'tests']"
Testability,Build failed on ROOT-fedora30/cxx14.; Running on root-fedora30-2.cern.ch:/home/sftnight/build/workspace/root-pullrequests-build; [See cdash](http://cdash.cern.ch/index.php?project=ROOT&filtercount=1&field1=buildname/string&compare1=65&value1=PR-5582-ROOT-fedora30-cxx14&date=2020-06-04).; [See console output](https://lcgapp-services.cern.ch/root-jenkins/job/root-pullrequests-build/85100/console).; ### Failing tests:; - [projectroot.roottest.root.multicore.roottest_root_multicore_poolManager_build](https://lcgapp-services.cern.ch/root-jenkins/job/root-pullrequests-build/85100/testReport/projectroot.roottest.root/multicore/roottest_root_multicore_poolManager_build/); - [projectroot.roottest.root.multicore.roottest_root_multicore_poolManager](https://lcgapp-services.cern.ch/root-jenkins/job/root-pullrequests-build/85100/testReport/projectroot.roottest.root/multicore/roottest_root_multicore_poolManager/),MatchSource.ISSUE_COMMENT,root-project,root,v6-32-06,https://github.com/root-project/root/pull/5582#issuecomment-638950854:412,test,tests,412,https://root.cern,https://github.com/root-project/root/pull/5582#issuecomment-638950854,3,['test'],"['testReport', 'tests']"
Testability,Build failed on ROOT-fedora30/cxx14.; Running on root-fedora30-2.cern.ch:/home/sftnight/build/workspace/root-pullrequests-build; [See cdash](http://cdash.cern.ch/index.php?project=ROOT&filtercount=1&field1=buildname/string&compare1=65&value1=PR-5582-ROOT-fedora30-cxx14&date=2020-06-08).; [See console output](https://lcgapp-services.cern.ch/root-jenkins/job/root-pullrequests-build/85917/console).; ### Failing tests:; - [projectroot.roottest.root.multicore.roottest_root_multicore_poolManager_build](https://lcgapp-services.cern.ch/root-jenkins/job/root-pullrequests-build/85917/testReport/projectroot.roottest.root/multicore/roottest_root_multicore_poolManager_build/); - [projectroot.roottest.root.multicore.roottest_root_multicore_poolManager](https://lcgapp-services.cern.ch/root-jenkins/job/root-pullrequests-build/85917/testReport/projectroot.roottest.root/multicore/roottest_root_multicore_poolManager/),MatchSource.ISSUE_COMMENT,root-project,root,v6-32-06,https://github.com/root-project/root/pull/5582#issuecomment-640777719:412,test,tests,412,https://root.cern,https://github.com/root-project/root/pull/5582#issuecomment-640777719,3,['test'],"['testReport', 'tests']"
Testability,Build failed on ROOT-fedora30/cxx14.; Running on root-fedora30-2.cern.ch:/home/sftnight/build/workspace/root-pullrequests-build; [See cdash](http://cdash.cern.ch/index.php?project=ROOT&filtercount=1&field1=buildname/string&compare1=65&value1=PR-5587-ROOT-fedora30-cxx14&date=2020-05-11).; [See console output](https://lcgapp-services.cern.ch/root-jenkins/job/root-pullrequests-build/81523/console).; ### Failing tests:; - [projectroot.bindings.pyroot_experimental.pythonizations.test.pyunittests_pyroot_numbadeclare](https://lcgapp-services.cern.ch/root-jenkins/job/root-pullrequests-build/81523/testReport/projectroot.bindings.pyroot_experimental.pythonizations/test/pyunittests_pyroot_numbadeclare/),MatchSource.ISSUE_COMMENT,root-project,root,v6-32-06,https://github.com/root-project/root/pull/5587#issuecomment-626562483:412,test,tests,412,https://root.cern,https://github.com/root-project/root/pull/5587#issuecomment-626562483,4,['test'],"['test', 'testReport', 'tests']"
Testability,Build failed on ROOT-fedora30/cxx14.; Running on root-fedora30-2.cern.ch:/home/sftnight/build/workspace/root-pullrequests-build; [See cdash](http://cdash.cern.ch/index.php?project=ROOT&filtercount=1&field1=buildname/string&compare1=65&value1=PR-5591-ROOT-fedora30-cxx14&date=2020-05-20).; [See console output](https://lcgapp-services.cern.ch/root-jenkins/job/root-pullrequests-build/82969/console).; ### Failing tests:; - [projectroot.core.base.v7.test.gtest_core_base_v7_test_base_exception](https://lcgapp-services.cern.ch/root-jenkins/job/root-pullrequests-build/82969/testReport/projectroot.core.base.v7/test/gtest_core_base_v7_test_base_exception/); - [projectroot.core.meta.test.gtest_core_meta_test_testStatusBitsChecker](https://lcgapp-services.cern.ch/root-jenkins/job/root-pullrequests-build/82969/testReport/projectroot.core.meta/test/gtest_core_meta_test_testStatusBitsChecker/); - [projectroot.hist.hist.test.gtest_hist_hist_test_testTHn](https://lcgapp-services.cern.ch/root-jenkins/job/root-pullrequests-build/82969/testReport/projectroot.hist.hist/test/gtest_hist_hist_test_testTHn/); - [projectroot.hist.hist.test.gtest_hist_hist_test_testTF1](https://lcgapp-services.cern.ch/root-jenkins/job/root-pullrequests-build/82969/testReport/projectroot.hist.hist/test/gtest_hist_hist_test_testTF1/); - [projectroot.math.mathcore.test.gtest_math_mathcore_test_stressMathCoreUnit](https://lcgapp-services.cern.ch/root-jenkins/job/root-pullrequests-build/82969/testReport/projectroot.math.mathcore/test/gtest_math_mathcore_test_stressMathCoreUnit/); - [projectroot.roofit.roofitcore.test.gtest_roofit_roofitcore_test_testProxiesAndCategories](https://lcgapp-services.cern.ch/root-jenkins/job/root-pullrequests-build/82969/testReport/projectroot.roofit.roofitcore/test/gtest_roofit_roofitcore_test_testProxiesAndCategories/); - [projectroot.tree.dataframe.test.gtest_tree_dataframe_test_datasource_sqlite](https://lcgapp-services.cern.ch/root-jenkins/job/root-pullrequests-build/82969/testReport,MatchSource.ISSUE_COMMENT,root-project,root,v6-32-06,https://github.com/root-project/root/pull/5591#issuecomment-631341701:412,test,tests,412,https://root.cern,https://github.com/root-project/root/pull/5591#issuecomment-631341701,8,['test'],"['test', 'testReport', 'tests']"
Testability,Build failed on ROOT-fedora30/cxx14.; Running on root-fedora30-2.cern.ch:/home/sftnight/build/workspace/root-pullrequests-build; [See cdash](http://cdash.cern.ch/index.php?project=ROOT&filtercount=1&field1=buildname/string&compare1=65&value1=PR-5593-ROOT-fedora30-cxx14&date=2020-05-11).; [See console output](https://lcgapp-services.cern.ch/root-jenkins/job/root-pullrequests-build/81629/console).; ### Failing tests:; - [projectroot.roottest.root.io.filemerger.roottest_root_io_filemerger_simple_lz4_compr_level1](https://lcgapp-services.cern.ch/root-jenkins/job/root-pullrequests-build/81629/testReport/projectroot.roottest.root.io/filemerger/roottest_root_io_filemerger_simple_lz4_compr_level1/); - [projectroot.roottest.root.tree.fastcloning.roottest_root_tree_fastcloning_execCheckClusterRange](https://lcgapp-services.cern.ch/root-jenkins/job/root-pullrequests-build/81629/testReport/projectroot.roottest.root.tree/fastcloning/roottest_root_tree_fastcloning_execCheckClusterRange/),MatchSource.ISSUE_COMMENT,root-project,root,v6-32-06,https://github.com/root-project/root/pull/5593#issuecomment-626757089:412,test,tests,412,https://root.cern,https://github.com/root-project/root/pull/5593#issuecomment-626757089,3,['test'],"['testReport', 'tests']"
Testability,Build failed on ROOT-fedora30/cxx14.; Running on root-fedora30-2.cern.ch:/home/sftnight/build/workspace/root-pullrequests-build; [See cdash](http://cdash.cern.ch/index.php?project=ROOT&filtercount=1&field1=buildname/string&compare1=65&value1=PR-5597-ROOT-fedora30-cxx14&date=2020-05-12).; [See console output](https://lcgapp-services.cern.ch/root-jenkins/job/root-pullrequests-build/81856/console).; ### Failing tests:; - [projectroot.runtutorials.tutorial_pyroot_h1draw_py](https://lcgapp-services.cern.ch/root-jenkins/job/root-pullrequests-build/81856/testReport/projectroot/runtutorials/tutorial_pyroot_h1draw_py/),MatchSource.ISSUE_COMMENT,root-project,root,v6-32-06,https://github.com/root-project/root/pull/5597#issuecomment-627502730:412,test,tests,412,https://root.cern,https://github.com/root-project/root/pull/5597#issuecomment-627502730,2,['test'],"['testReport', 'tests']"
Testability,Build failed on ROOT-fedora30/cxx14.; Running on root-fedora30-2.cern.ch:/home/sftnight/build/workspace/root-pullrequests-build; [See cdash](http://cdash.cern.ch/index.php?project=ROOT&filtercount=1&field1=buildname/string&compare1=65&value1=PR-5597-ROOT-fedora30-cxx14&date=2020-05-14).; [See console output](https://lcgapp-services.cern.ch/root-jenkins/job/root-pullrequests-build/82181/console).; ### Failing tests:; - [projectroot.roottest.root.io.filemerger.roottest_root_io_filemerger_simple_default_compr_level9_datageneration](https://lcgapp-services.cern.ch/root-jenkins/job/root-pullrequests-build/82181/testReport/projectroot.roottest.root.io/filemerger/roottest_root_io_filemerger_simple_default_compr_level9_datageneration/); - [projectroot.roottest.root.io.filemerger.roottest_root_io_filemerger_simple_default_compr_level9](https://lcgapp-services.cern.ch/root-jenkins/job/root-pullrequests-build/82181/testReport/projectroot.roottest.root.io/filemerger/roottest_root_io_filemerger_simple_default_compr_level9/); - [projectroot.roottest.root.io.filemerger.roottest_root_io_filemerger_simplex2_default_compr_level9](https://lcgapp-services.cern.ch/root-jenkins/job/root-pullrequests-build/82181/testReport/projectroot.roottest.root.io/filemerger/roottest_root_io_filemerger_simplex2_default_compr_level9/); - [projectroot.roottest.root.io.filemerger.roottest_root_io_filemerger_simple_lz4_compr_level9](https://lcgapp-services.cern.ch/root-jenkins/job/root-pullrequests-build/82181/testReport/projectroot.roottest.root.io/filemerger/roottest_root_io_filemerger_simple_lz4_compr_level9/); - [projectroot.roottest.root.io.filemerger.roottest_root_io_filemerger_simple_lzma_compr_level9](https://lcgapp-services.cern.ch/root-jenkins/job/root-pullrequests-build/82181/testReport/projectroot.roottest.root.io/filemerger/roottest_root_io_filemerger_simple_lzma_compr_level9/); - [projectroot.roottest.root.io.filemerger.roottest_root_io_filemerger_simplek_default_compr_deflevel](https://lcgap,MatchSource.ISSUE_COMMENT,root-project,root,v6-32-06,https://github.com/root-project/root/pull/5597#issuecomment-628800621:412,test,tests,412,https://root.cern,https://github.com/root-project/root/pull/5597#issuecomment-628800621,3,['test'],"['testReport', 'tests']"
Testability,Build failed on ROOT-fedora30/cxx14.; Running on root-fedora30-2.cern.ch:/home/sftnight/build/workspace/root-pullrequests-build; [See cdash](http://cdash.cern.ch/index.php?project=ROOT&filtercount=1&field1=buildname/string&compare1=65&value1=PR-5597-ROOT-fedora30-cxx14&date=2020-05-15).; [See console output](https://lcgapp-services.cern.ch/root-jenkins/job/root-pullrequests-build/82285/console).; ### Failing tests:; - [projectroot.runtutorials.tutorial_pyroot_h1draw_py](https://lcgapp-services.cern.ch/root-jenkins/job/root-pullrequests-build/82285/testReport/projectroot/runtutorials/tutorial_pyroot_h1draw_py/); - [projectroot.roottest.root.io.filemerger.roottest_root_io_filemerger_simple_default_compr_level9_datageneration](https://lcgapp-services.cern.ch/root-jenkins/job/root-pullrequests-build/82285/testReport/projectroot.roottest.root.io/filemerger/roottest_root_io_filemerger_simple_default_compr_level9_datageneration/); - [projectroot.roottest.root.io.filemerger.roottest_root_io_filemerger_simple_default_compr_level9](https://lcgapp-services.cern.ch/root-jenkins/job/root-pullrequests-build/82285/testReport/projectroot.roottest.root.io/filemerger/roottest_root_io_filemerger_simple_default_compr_level9/); - [projectroot.roottest.root.io.filemerger.roottest_root_io_filemerger_simplex2_default_compr_level9](https://lcgapp-services.cern.ch/root-jenkins/job/root-pullrequests-build/82285/testReport/projectroot.roottest.root.io/filemerger/roottest_root_io_filemerger_simplex2_default_compr_level9/); - [projectroot.roottest.root.io.filemerger.roottest_root_io_filemerger_simplek_default_compr_deflevel](https://lcgapp-services.cern.ch/root-jenkins/job/root-pullrequests-build/82285/testReport/projectroot.roottest.root.io/filemerger/roottest_root_io_filemerger_simplek_default_compr_deflevel/); - [projectroot.roottest.root.io.filemerger.roottest_root_io_filemerger_simplek_lzma_compr_level9](https://lcgapp-services.cern.ch/root-jenkins/job/root-pullrequests-build/82285/testRepor,MatchSource.ISSUE_COMMENT,root-project,root,v6-32-06,https://github.com/root-project/root/pull/5597#issuecomment-628931786:412,test,tests,412,https://root.cern,https://github.com/root-project/root/pull/5597#issuecomment-628931786,3,['test'],"['testReport', 'tests']"
Testability,Build failed on ROOT-fedora30/cxx14.; Running on root-fedora30-2.cern.ch:/home/sftnight/build/workspace/root-pullrequests-build; [See cdash](http://cdash.cern.ch/index.php?project=ROOT&filtercount=1&field1=buildname/string&compare1=65&value1=PR-5599-ROOT-fedora30-cxx14&date=2020-05-12).; [See console output](https://lcgapp-services.cern.ch/root-jenkins/job/root-pullrequests-build/81726/console).; ### Failing tests:; - [projectroot.roottest.root.roofitstats.roottest_root_roofitstats_RooDataSet_ASCII_in](https://lcgapp-services.cern.ch/root-jenkins/job/root-pullrequests-build/81726/testReport/projectroot.roottest.root/roofitstats/roottest_root_roofitstats_RooDataSet_ASCII_in/),MatchSource.ISSUE_COMMENT,root-project,root,v6-32-06,https://github.com/root-project/root/pull/5599#issuecomment-627234079:412,test,tests,412,https://root.cern,https://github.com/root-project/root/pull/5599#issuecomment-627234079,2,['test'],"['testReport', 'tests']"
Testability,Build failed on ROOT-fedora30/cxx14.; Running on root-fedora30-2.cern.ch:/home/sftnight/build/workspace/root-pullrequests-build; [See cdash](http://cdash.cern.ch/index.php?project=ROOT&filtercount=1&field1=buildname/string&compare1=65&value1=PR-5599-ROOT-fedora30-cxx14&date=2020-05-12).; [See console output](https://lcgapp-services.cern.ch/root-jenkins/job/root-pullrequests-build/81734/console).; ### Failing tests:; - [projectroot.roottest.root.roofitstats.roottest_root_roofitstats_RooDataSet_ASCII_in](https://lcgapp-services.cern.ch/root-jenkins/job/root-pullrequests-build/81734/testReport/projectroot.roottest.root/roofitstats/roottest_root_roofitstats_RooDataSet_ASCII_in/),MatchSource.ISSUE_COMMENT,root-project,root,v6-32-06,https://github.com/root-project/root/pull/5599#issuecomment-627241955:412,test,tests,412,https://root.cern,https://github.com/root-project/root/pull/5599#issuecomment-627241955,2,['test'],"['testReport', 'tests']"
Testability,Build failed on ROOT-fedora30/cxx14.; Running on root-fedora30-2.cern.ch:/home/sftnight/build/workspace/root-pullrequests-build; [See cdash](http://cdash.cern.ch/index.php?project=ROOT&filtercount=1&field1=buildname/string&compare1=65&value1=PR-5603-ROOT-fedora30-cxx14&date=2020-05-12).; [See console output](https://lcgapp-services.cern.ch/root-jenkins/job/root-pullrequests-build/81807/console).; ### Failing tests:; - [projectroot.tree.tree.test.gtest_tree_tree_test_testTTreeRegressions](https://lcgapp-services.cern.ch/root-jenkins/job/root-pullrequests-build/81807/testReport/projectroot.tree.tree/test/gtest_tree_tree_test_testTTreeRegressions/); - [projectroot.tree.treeplayer.test.gtest_tree_treeplayer_test_treetreeplayertestUnit](https://lcgapp-services.cern.ch/root-jenkins/job/root-pullrequests-build/81807/testReport/projectroot.tree.treeplayer/test/gtest_tree_treeplayer_test_treetreeplayertestUnit/); - [projectroot.tree.dataframe.test.gtest_tree_dataframe_test_dataframe_snapshot](https://lcgapp-services.cern.ch/root-jenkins/job/root-pullrequests-build/81807/testReport/projectroot.tree.dataframe/test/gtest_tree_dataframe_test_dataframe_snapshot/); - [projectroot.roottest.root.tree.reader.roottest_root_tree_reader_make](https://lcgapp-services.cern.ch/root-jenkins/job/root-pullrequests-build/81807/testReport/projectroot.roottest.root.tree/reader/roottest_root_tree_reader_make/); - [projectroot.roottest.root.tree.selectorreader.roottest_root_tree_selectorreader_make](https://lcgapp-services.cern.ch/root-jenkins/job/root-pullrequests-build/81807/testReport/projectroot.roottest.root.tree/selectorreader/roottest_root_tree_selectorreader_make/),MatchSource.ISSUE_COMMENT,root-project,root,v6-32-06,https://github.com/root-project/root/pull/5603#issuecomment-627386306:412,test,tests,412,https://root.cern,https://github.com/root-project/root/pull/5603#issuecomment-627386306,12,['test'],"['test', 'testReport', 'tests']"
Testability,Build failed on ROOT-fedora30/cxx14.; Running on root-fedora30-2.cern.ch:/home/sftnight/build/workspace/root-pullrequests-build; [See cdash](http://cdash.cern.ch/index.php?project=ROOT&filtercount=1&field1=buildname/string&compare1=65&value1=PR-5603-ROOT-fedora30-cxx14&date=2020-05-12).; [See console output](https://lcgapp-services.cern.ch/root-jenkins/job/root-pullrequests-build/81832/console).; ### Failing tests:; - [projectroot.tree.tree.test.gtest_tree_tree_test_testTTreeRegressions](https://lcgapp-services.cern.ch/root-jenkins/job/root-pullrequests-build/81832/testReport/projectroot.tree.tree/test/gtest_tree_tree_test_testTTreeRegressions/); - [projectroot.tree.treeplayer.test.gtest_tree_treeplayer_test_treetreeplayertestUnit](https://lcgapp-services.cern.ch/root-jenkins/job/root-pullrequests-build/81832/testReport/projectroot.tree.treeplayer/test/gtest_tree_treeplayer_test_treetreeplayertestUnit/); - [projectroot.tree.dataframe.test.gtest_tree_dataframe_test_dataframe_snapshot](https://lcgapp-services.cern.ch/root-jenkins/job/root-pullrequests-build/81832/testReport/projectroot.tree.dataframe/test/gtest_tree_dataframe_test_dataframe_snapshot/),MatchSource.ISSUE_COMMENT,root-project,root,v6-32-06,https://github.com/root-project/root/pull/5603#issuecomment-627445922:412,test,tests,412,https://root.cern,https://github.com/root-project/root/pull/5603#issuecomment-627445922,10,['test'],"['test', 'testReport', 'tests']"
Testability,Build failed on ROOT-fedora30/cxx14.; Running on root-fedora30-2.cern.ch:/home/sftnight/build/workspace/root-pullrequests-build; [See cdash](http://cdash.cern.ch/index.php?project=ROOT&filtercount=1&field1=buildname/string&compare1=65&value1=PR-5603-ROOT-fedora30-cxx14&date=2020-06-02).; [See console output](https://lcgapp-services.cern.ch/root-jenkins/job/root-pullrequests-build/84562/console).; ### Failing tests:; - [projectroot.tree.tree.test.gtest_tree_tree_test_testTTreeRegressions](https://lcgapp-services.cern.ch/root-jenkins/job/root-pullrequests-build/84562/testReport/projectroot.tree.tree/test/gtest_tree_tree_test_testTTreeRegressions/); - [projectroot.tree.treeplayer.test.gtest_tree_treeplayer_test_treetreeplayertestUnit](https://lcgapp-services.cern.ch/root-jenkins/job/root-pullrequests-build/84562/testReport/projectroot.tree.treeplayer/test/gtest_tree_treeplayer_test_treetreeplayertestUnit/); - [projectroot.tree.dataframe.test.gtest_tree_dataframe_test_dataframe_snapshot](https://lcgapp-services.cern.ch/root-jenkins/job/root-pullrequests-build/84562/testReport/projectroot.tree.dataframe/test/gtest_tree_dataframe_test_dataframe_snapshot/),MatchSource.ISSUE_COMMENT,root-project,root,v6-32-06,https://github.com/root-project/root/pull/5603#issuecomment-637420610:412,test,tests,412,https://root.cern,https://github.com/root-project/root/pull/5603#issuecomment-637420610,10,['test'],"['test', 'testReport', 'tests']"
Testability,Build failed on ROOT-fedora30/cxx14.; Running on root-fedora30-2.cern.ch:/home/sftnight/build/workspace/root-pullrequests-build; [See cdash](http://cdash.cern.ch/index.php?project=ROOT&filtercount=1&field1=buildname/string&compare1=65&value1=PR-5603-ROOT-fedora30-cxx14&date=2020-06-10).; [See console output](https://lcgapp-services.cern.ch/root-jenkins/job/root-pullrequests-build/86277/console).; ### Failing tests:; - [projectroot.tree.tree.test.gtest_tree_tree_test_testTTreeRegressions](https://lcgapp-services.cern.ch/root-jenkins/job/root-pullrequests-build/86277/testReport/projectroot.tree.tree/test/gtest_tree_tree_test_testTTreeRegressions/),MatchSource.ISSUE_COMMENT,root-project,root,v6-32-06,https://github.com/root-project/root/pull/5603#issuecomment-642127515:412,test,tests,412,https://root.cern,https://github.com/root-project/root/pull/5603#issuecomment-642127515,4,['test'],"['test', 'testReport', 'tests']"
Testability,Build failed on ROOT-fedora30/cxx14.; Running on root-fedora30-2.cern.ch:/home/sftnight/build/workspace/root-pullrequests-build; [See cdash](http://cdash.cern.ch/index.php?project=ROOT&filtercount=1&field1=buildname/string&compare1=65&value1=PR-5613-ROOT-fedora30-cxx14&date=2020-05-13).; [See console output](https://lcgapp-services.cern.ch/root-jenkins/job/root-pullrequests-build/81969/console).; ### Failing tests:; - [projectroot.roottest.root.meta.rootcling-modules.module-dep-order.roottest_root_meta_rootcling_modules_module_dep_order_cxxmodules_implicit_build_error](https://lcgapp-services.cern.ch/root-jenkins/job/root-pullrequests-build/81969/testReport/projectroot.roottest.root.meta.rootcling-modules/module-dep-order/roottest_root_meta_rootcling_modules_module_dep_order_cxxmodules_implicit_build_error/),MatchSource.ISSUE_COMMENT,root-project,root,v6-32-06,https://github.com/root-project/root/pull/5613#issuecomment-628223517:412,test,tests,412,https://root.cern,https://github.com/root-project/root/pull/5613#issuecomment-628223517,2,['test'],"['testReport', 'tests']"
Testability,Build failed on ROOT-fedora30/cxx14.; Running on root-fedora30-2.cern.ch:/home/sftnight/build/workspace/root-pullrequests-build; [See cdash](http://cdash.cern.ch/index.php?project=ROOT&filtercount=1&field1=buildname/string&compare1=65&value1=PR-5613-ROOT-fedora30-cxx14&date=2020-05-14).; [See console output](https://lcgapp-services.cern.ch/root-jenkins/job/root-pullrequests-build/82009/console).; ### Failing tests:; - [projectroot.roottest.root.meta.rootcling-modules.module-dep-order.roottest_root_meta_rootcling_modules_module_dep_order_cxxmodules_implicit_build_error](https://lcgapp-services.cern.ch/root-jenkins/job/root-pullrequests-build/82009/testReport/projectroot.roottest.root.meta.rootcling-modules/module-dep-order/roottest_root_meta_rootcling_modules_module_dep_order_cxxmodules_implicit_build_error/),MatchSource.ISSUE_COMMENT,root-project,root,v6-32-06,https://github.com/root-project/root/pull/5613#issuecomment-628508553:412,test,tests,412,https://root.cern,https://github.com/root-project/root/pull/5613#issuecomment-628508553,2,['test'],"['testReport', 'tests']"
Testability,"Build failed on ROOT-fedora30/cxx14.; Running on root-fedora30-2.cern.ch:/home/sftnight/build/workspace/root-pullrequests-build; [See cdash](http://cdash.cern.ch/index.php?project=ROOT&filtercount=1&field1=buildname/string&compare1=65&value1=PR-5615-ROOT-fedora30-cxx14&date=2020-05-14).; [See console output](https://lcgapp-services.cern.ch/root-jenkins/job/root-pullrequests-build/82058/console).; ### Warnings:; - [2020-05-14T11:00:37.189Z] include/tbb/concurrent_hash_map.h:124:51: warning: ‘void* memset(void*, int, size_t)’ clearing an object of type ‘class tbb::interface5::internal::hash_map_base’ with no trivial copy-assignment; use value-initialization instead [-Wclass-memaccess] ; - [2020-05-14T11:07:00.384Z] include/tbb/concurrent_hash_map.h:124:51: warning: ‘void* memset(void*, int, size_t)’ clearing an object of type ‘class tbb::interface5::internal::hash_map_base’ with no trivial copy-assignment; use value-initialization instead [-Wclass-memaccess] . ### Failing tests:; - [projectroot.roottest.root.meta.roottest_root_meta_expressiveErrorMessages](https://lcgapp-services.cern.ch/root-jenkins/job/root-pullrequests-build/82058/testReport/projectroot.roottest.root/meta/roottest_root_meta_expressiveErrorMessages/)",MatchSource.ISSUE_COMMENT,root-project,root,v6-32-06,https://github.com/root-project/root/pull/5615#issuecomment-628570271:985,test,tests,985,https://root.cern,https://github.com/root-project/root/pull/5615#issuecomment-628570271,4,['test'],"['testReport', 'tests']"
Testability,Build failed on ROOT-fedora30/cxx14.; Running on root-fedora30-2.cern.ch:/home/sftnight/build/workspace/root-pullrequests-build; [See cdash](http://cdash.cern.ch/index.php?project=ROOT&filtercount=1&field1=buildname/string&compare1=65&value1=PR-5617-ROOT-fedora30-cxx14&date=2020-05-14).; [See console output](https://lcgapp-services.cern.ch/root-jenkins/job/root-pullrequests-build/82107/console).; ### Failing tests:; - [projectroot.roottest.root.math.smatrix.roottest_root_math_smatrix_testKalman](https://lcgapp-services.cern.ch/root-jenkins/job/root-pullrequests-build/82107/testReport/projectroot.roottest.root.math/smatrix/roottest_root_math_smatrix_testKalman/),MatchSource.ISSUE_COMMENT,root-project,root,v6-32-06,https://github.com/root-project/root/pull/5617#issuecomment-628615922:412,test,tests,412,https://root.cern,https://github.com/root-project/root/pull/5617#issuecomment-628615922,2,['test'],"['testReport', 'tests']"
Testability,Build failed on ROOT-fedora30/cxx14.; Running on root-fedora30-2.cern.ch:/home/sftnight/build/workspace/root-pullrequests-build; [See cdash](http://cdash.cern.ch/index.php?project=ROOT&filtercount=1&field1=buildname/string&compare1=65&value1=PR-5632-ROOT-fedora30-cxx14&date=2020-05-18).; [See console output](https://lcgapp-services.cern.ch/root-jenkins/job/root-pullrequests-build/82634/console).; ### Failing tests:; - [projectroot.roottest.root.io.filemerger.roottest_root_io_filemerger_simple_zlib_compr_level6](https://lcgapp-services.cern.ch/root-jenkins/job/root-pullrequests-build/82634/testReport/projectroot.roottest.root.io/filemerger/roottest_root_io_filemerger_simple_zlib_compr_level6/); - [projectroot.roottest.root.io.filemerger.roottest_root_io_filemerger_simplex2_zlib_compr_level9](https://lcgapp-services.cern.ch/root-jenkins/job/root-pullrequests-build/82634/testReport/projectroot.roottest.root.io/filemerger/roottest_root_io_filemerger_simplex2_zlib_compr_level9/); - [projectroot.roottest.root.io.filemerger.roottest_root_io_filemerger_simple_lz4_compr_level1](https://lcgapp-services.cern.ch/root-jenkins/job/root-pullrequests-build/82634/testReport/projectroot.roottest.root.io/filemerger/roottest_root_io_filemerger_simple_lz4_compr_level1/); - [projectroot.roottest.root.io.filemerger.roottest_root_io_filemerger_simplef_default_compr_level9](https://lcgapp-services.cern.ch/root-jenkins/job/root-pullrequests-build/82634/testReport/projectroot.roottest.root.io/filemerger/roottest_root_io_filemerger_simplef_default_compr_level9/),MatchSource.ISSUE_COMMENT,root-project,root,v6-32-06,https://github.com/root-project/root/pull/5632#issuecomment-630205246:412,test,tests,412,https://root.cern,https://github.com/root-project/root/pull/5632#issuecomment-630205246,5,['test'],"['testReport', 'tests']"
Testability,Build failed on ROOT-fedora30/cxx14.; Running on root-fedora30-2.cern.ch:/home/sftnight/build/workspace/root-pullrequests-build; [See cdash](http://cdash.cern.ch/index.php?project=ROOT&filtercount=1&field1=buildname/string&compare1=65&value1=PR-5635-ROOT-fedora30-cxx14&date=2020-05-16).; [See console output](https://lcgapp-services.cern.ch/root-jenkins/job/root-pullrequests-build/82472/console).; ### Failing tests:; - [projectroot.roottest.root.io.filemerger.roottest_root_io_filemerger_simplex2_zlib_compr_level9](https://lcgapp-services.cern.ch/root-jenkins/job/root-pullrequests-build/82472/testReport/projectroot.roottest.root.io/filemerger/roottest_root_io_filemerger_simplex2_zlib_compr_level9/); - [projectroot.roottest.root.io.filemerger.roottest_root_io_filemerger_simple_zlib_compr_level6](https://lcgapp-services.cern.ch/root-jenkins/job/root-pullrequests-build/82472/testReport/projectroot.roottest.root.io/filemerger/roottest_root_io_filemerger_simple_zlib_compr_level6/); - [projectroot.roottest.root.io.filemerger.roottest_root_io_filemerger_simple_lz4_compr_level1](https://lcgapp-services.cern.ch/root-jenkins/job/root-pullrequests-build/82472/testReport/projectroot.roottest.root.io/filemerger/roottest_root_io_filemerger_simple_lz4_compr_level1/); - [projectroot.roottest.root.io.filemerger.roottest_root_io_filemerger_simplef_default_compr_level9](https://lcgapp-services.cern.ch/root-jenkins/job/root-pullrequests-build/82472/testReport/projectroot.roottest.root.io/filemerger/roottest_root_io_filemerger_simplef_default_compr_level9/); - [projectroot.roottest.cling.other.roottest_cling_other_runfileClose](https://lcgapp-services.cern.ch/root-jenkins/job/root-pullrequests-build/82472/testReport/projectroot.roottest.cling/other/roottest_cling_other_runfileClose/),MatchSource.ISSUE_COMMENT,root-project,root,v6-32-06,https://github.com/root-project/root/pull/5635#issuecomment-629582031:412,test,tests,412,https://root.cern,https://github.com/root-project/root/pull/5635#issuecomment-629582031,6,['test'],"['testReport', 'tests']"
Testability,Build failed on ROOT-fedora30/cxx14.; Running on root-fedora30-2.cern.ch:/home/sftnight/build/workspace/root-pullrequests-build; [See cdash](http://cdash.cern.ch/index.php?project=ROOT&filtercount=1&field1=buildname/string&compare1=65&value1=PR-5635-ROOT-fedora30-cxx14&date=2020-05-16).; [See console output](https://lcgapp-services.cern.ch/root-jenkins/job/root-pullrequests-build/82498/console).; ### Failing tests:; - [projectroot.roottest.root.io.filemerger.roottest_root_io_filemerger_simple_lz4_compr_level1](https://lcgapp-services.cern.ch/root-jenkins/job/root-pullrequests-build/82498/testReport/projectroot.roottest.root.io/filemerger/roottest_root_io_filemerger_simple_lz4_compr_level1/),MatchSource.ISSUE_COMMENT,root-project,root,v6-32-06,https://github.com/root-project/root/pull/5635#issuecomment-629644856:412,test,tests,412,https://root.cern,https://github.com/root-project/root/pull/5635#issuecomment-629644856,2,['test'],"['testReport', 'tests']"
Testability,Build failed on ROOT-fedora30/cxx14.; Running on root-fedora30-2.cern.ch:/home/sftnight/build/workspace/root-pullrequests-build; [See cdash](http://cdash.cern.ch/index.php?project=ROOT&filtercount=1&field1=buildname/string&compare1=65&value1=PR-5637-ROOT-fedora30-cxx14&date=2020-05-18).; [See console output](https://lcgapp-services.cern.ch/root-jenkins/job/root-pullrequests-build/82554/console).; ### Failing tests:; - [projectroot.roottest.root.io.filemerger.roottest_root_io_filemerger_simple_zlib_compr_level6](https://lcgapp-services.cern.ch/root-jenkins/job/root-pullrequests-build/82554/testReport/projectroot.roottest.root.io/filemerger/roottest_root_io_filemerger_simple_zlib_compr_level6/); - [projectroot.roottest.root.io.filemerger.roottest_root_io_filemerger_simplex2_zlib_compr_level9](https://lcgapp-services.cern.ch/root-jenkins/job/root-pullrequests-build/82554/testReport/projectroot.roottest.root.io/filemerger/roottest_root_io_filemerger_simplex2_zlib_compr_level9/); - [projectroot.roottest.root.io.filemerger.roottest_root_io_filemerger_simple_lz4_compr_level1](https://lcgapp-services.cern.ch/root-jenkins/job/root-pullrequests-build/82554/testReport/projectroot.roottest.root.io/filemerger/roottest_root_io_filemerger_simple_lz4_compr_level1/); - [projectroot.roottest.root.io.filemerger.roottest_root_io_filemerger_simplef_default_compr_level9](https://lcgapp-services.cern.ch/root-jenkins/job/root-pullrequests-build/82554/testReport/projectroot.roottest.root.io/filemerger/roottest_root_io_filemerger_simplef_default_compr_level9/),MatchSource.ISSUE_COMMENT,root-project,root,v6-32-06,https://github.com/root-project/root/pull/5637#issuecomment-629964521:412,test,tests,412,https://root.cern,https://github.com/root-project/root/pull/5637#issuecomment-629964521,5,['test'],"['testReport', 'tests']"
Testability,Build failed on ROOT-fedora30/cxx14.; Running on root-fedora30-2.cern.ch:/home/sftnight/build/workspace/root-pullrequests-build; [See cdash](http://cdash.cern.ch/index.php?project=ROOT&filtercount=1&field1=buildname/string&compare1=65&value1=PR-5638-ROOT-fedora30-cxx14&date=2020-05-18).; [See console output](https://lcgapp-services.cern.ch/root-jenkins/job/root-pullrequests-build/82570/console).; ### Failing tests:; - [projectroot.roottest.root.io.filemerger.roottest_root_io_filemerger_simple_zlib_compr_level6](https://lcgapp-services.cern.ch/root-jenkins/job/root-pullrequests-build/82570/testReport/projectroot.roottest.root.io/filemerger/roottest_root_io_filemerger_simple_zlib_compr_level6/); - [projectroot.roottest.root.io.filemerger.roottest_root_io_filemerger_simplex2_zlib_compr_level9](https://lcgapp-services.cern.ch/root-jenkins/job/root-pullrequests-build/82570/testReport/projectroot.roottest.root.io/filemerger/roottest_root_io_filemerger_simplex2_zlib_compr_level9/); - [projectroot.roottest.root.io.filemerger.roottest_root_io_filemerger_simple_lz4_compr_level1](https://lcgapp-services.cern.ch/root-jenkins/job/root-pullrequests-build/82570/testReport/projectroot.roottest.root.io/filemerger/roottest_root_io_filemerger_simple_lz4_compr_level1/); - [projectroot.roottest.root.io.filemerger.roottest_root_io_filemerger_simplef_default_compr_level9](https://lcgapp-services.cern.ch/root-jenkins/job/root-pullrequests-build/82570/testReport/projectroot.roottest.root.io/filemerger/roottest_root_io_filemerger_simplef_default_compr_level9/),MatchSource.ISSUE_COMMENT,root-project,root,v6-32-06,https://github.com/root-project/root/pull/5638#issuecomment-630023206:412,test,tests,412,https://root.cern,https://github.com/root-project/root/pull/5638#issuecomment-630023206,5,['test'],"['testReport', 'tests']"
Testability,Build failed on ROOT-fedora30/cxx14.; Running on root-fedora30-2.cern.ch:/home/sftnight/build/workspace/root-pullrequests-build; [See cdash](http://cdash.cern.ch/index.php?project=ROOT&filtercount=1&field1=buildname/string&compare1=65&value1=PR-5639-ROOT-fedora30-cxx14&date=2020-05-18).; [See console output](https://lcgapp-services.cern.ch/root-jenkins/job/root-pullrequests-build/82578/console).; ### Failing tests:; - [projectroot.roottest.root.io.filemerger.roottest_root_io_filemerger_simple_zlib_compr_level6](https://lcgapp-services.cern.ch/root-jenkins/job/root-pullrequests-build/82578/testReport/projectroot.roottest.root.io/filemerger/roottest_root_io_filemerger_simple_zlib_compr_level6/); - [projectroot.roottest.root.io.filemerger.roottest_root_io_filemerger_simplex2_zlib_compr_level9](https://lcgapp-services.cern.ch/root-jenkins/job/root-pullrequests-build/82578/testReport/projectroot.roottest.root.io/filemerger/roottest_root_io_filemerger_simplex2_zlib_compr_level9/); - [projectroot.roottest.root.io.filemerger.roottest_root_io_filemerger_simple_lz4_compr_level1](https://lcgapp-services.cern.ch/root-jenkins/job/root-pullrequests-build/82578/testReport/projectroot.roottest.root.io/filemerger/roottest_root_io_filemerger_simple_lz4_compr_level1/); - [projectroot.roottest.root.io.filemerger.roottest_root_io_filemerger_simplef_default_compr_level9](https://lcgapp-services.cern.ch/root-jenkins/job/root-pullrequests-build/82578/testReport/projectroot.roottest.root.io/filemerger/roottest_root_io_filemerger_simplef_default_compr_level9/),MatchSource.ISSUE_COMMENT,root-project,root,v6-32-06,https://github.com/root-project/root/pull/5639#issuecomment-630049245:412,test,tests,412,https://root.cern,https://github.com/root-project/root/pull/5639#issuecomment-630049245,5,['test'],"['testReport', 'tests']"
Testability,Build failed on ROOT-fedora30/cxx14.; Running on root-fedora30-2.cern.ch:/home/sftnight/build/workspace/root-pullrequests-build; [See cdash](http://cdash.cern.ch/index.php?project=ROOT&filtercount=1&field1=buildname/string&compare1=65&value1=PR-5640-ROOT-fedora30-cxx14&date=2020-05-18).; [See console output](https://lcgapp-services.cern.ch/root-jenkins/job/root-pullrequests-build/82586/console).; ### Failing tests:; - [projectroot.roottest.root.io.filemerger.roottest_root_io_filemerger_simple_zlib_compr_level6](https://lcgapp-services.cern.ch/root-jenkins/job/root-pullrequests-build/82586/testReport/projectroot.roottest.root.io/filemerger/roottest_root_io_filemerger_simple_zlib_compr_level6/); - [projectroot.roottest.root.io.filemerger.roottest_root_io_filemerger_simplex2_zlib_compr_level9](https://lcgapp-services.cern.ch/root-jenkins/job/root-pullrequests-build/82586/testReport/projectroot.roottest.root.io/filemerger/roottest_root_io_filemerger_simplex2_zlib_compr_level9/); - [projectroot.roottest.root.io.filemerger.roottest_root_io_filemerger_simple_lz4_compr_level1](https://lcgapp-services.cern.ch/root-jenkins/job/root-pullrequests-build/82586/testReport/projectroot.roottest.root.io/filemerger/roottest_root_io_filemerger_simple_lz4_compr_level1/); - [projectroot.roottest.root.io.filemerger.roottest_root_io_filemerger_simplef_default_compr_level9](https://lcgapp-services.cern.ch/root-jenkins/job/root-pullrequests-build/82586/testReport/projectroot.roottest.root.io/filemerger/roottest_root_io_filemerger_simplef_default_compr_level9/),MatchSource.ISSUE_COMMENT,root-project,root,v6-32-06,https://github.com/root-project/root/pull/5640#issuecomment-630057329:412,test,tests,412,https://root.cern,https://github.com/root-project/root/pull/5640#issuecomment-630057329,5,['test'],"['testReport', 'tests']"
Testability,Build failed on ROOT-fedora30/cxx14.; Running on root-fedora30-2.cern.ch:/home/sftnight/build/workspace/root-pullrequests-build; [See cdash](http://cdash.cern.ch/index.php?project=ROOT&filtercount=1&field1=buildname/string&compare1=65&value1=PR-5641-ROOT-fedora30-cxx14&date=2020-05-18).; [See console output](https://lcgapp-services.cern.ch/root-jenkins/job/root-pullrequests-build/82594/console).; ### Failing tests:; - [projectroot.roottest.root.io.filemerger.roottest_root_io_filemerger_simple_zlib_compr_level6](https://lcgapp-services.cern.ch/root-jenkins/job/root-pullrequests-build/82594/testReport/projectroot.roottest.root.io/filemerger/roottest_root_io_filemerger_simple_zlib_compr_level6/); - [projectroot.roottest.root.io.filemerger.roottest_root_io_filemerger_simplex2_zlib_compr_level9](https://lcgapp-services.cern.ch/root-jenkins/job/root-pullrequests-build/82594/testReport/projectroot.roottest.root.io/filemerger/roottest_root_io_filemerger_simplex2_zlib_compr_level9/); - [projectroot.roottest.root.io.filemerger.roottest_root_io_filemerger_simple_lz4_compr_level1](https://lcgapp-services.cern.ch/root-jenkins/job/root-pullrequests-build/82594/testReport/projectroot.roottest.root.io/filemerger/roottest_root_io_filemerger_simple_lz4_compr_level1/); - [projectroot.roottest.root.io.filemerger.roottest_root_io_filemerger_simplef_default_compr_level9](https://lcgapp-services.cern.ch/root-jenkins/job/root-pullrequests-build/82594/testReport/projectroot.roottest.root.io/filemerger/roottest_root_io_filemerger_simplef_default_compr_level9/),MatchSource.ISSUE_COMMENT,root-project,root,v6-32-06,https://github.com/root-project/root/pull/5641#issuecomment-630065208:412,test,tests,412,https://root.cern,https://github.com/root-project/root/pull/5641#issuecomment-630065208,5,['test'],"['testReport', 'tests']"
Testability,Build failed on ROOT-fedora30/cxx14.; Running on root-fedora30-2.cern.ch:/home/sftnight/build/workspace/root-pullrequests-build; [See cdash](http://cdash.cern.ch/index.php?project=ROOT&filtercount=1&field1=buildname/string&compare1=65&value1=PR-5642-ROOT-fedora30-cxx14&date=2020-05-18).; [See console output](https://lcgapp-services.cern.ch/root-jenkins/job/root-pullrequests-build/82610/console).; ### Failing tests:; - [projectroot.roottest.root.io.filemerger.roottest_root_io_filemerger_simple_zlib_compr_level6](https://lcgapp-services.cern.ch/root-jenkins/job/root-pullrequests-build/82610/testReport/projectroot.roottest.root.io/filemerger/roottest_root_io_filemerger_simple_zlib_compr_level6/); - [projectroot.roottest.root.io.filemerger.roottest_root_io_filemerger_simplex2_zlib_compr_level9](https://lcgapp-services.cern.ch/root-jenkins/job/root-pullrequests-build/82610/testReport/projectroot.roottest.root.io/filemerger/roottest_root_io_filemerger_simplex2_zlib_compr_level9/); - [projectroot.roottest.root.io.filemerger.roottest_root_io_filemerger_simple_lz4_compr_level1](https://lcgapp-services.cern.ch/root-jenkins/job/root-pullrequests-build/82610/testReport/projectroot.roottest.root.io/filemerger/roottest_root_io_filemerger_simple_lz4_compr_level1/); - [projectroot.roottest.root.io.filemerger.roottest_root_io_filemerger_simplef_default_compr_level9](https://lcgapp-services.cern.ch/root-jenkins/job/root-pullrequests-build/82610/testReport/projectroot.roottest.root.io/filemerger/roottest_root_io_filemerger_simplef_default_compr_level9/),MatchSource.ISSUE_COMMENT,root-project,root,v6-32-06,https://github.com/root-project/root/pull/5642#issuecomment-630100689:412,test,tests,412,https://root.cern,https://github.com/root-project/root/pull/5642#issuecomment-630100689,5,['test'],"['testReport', 'tests']"
Testability,Build failed on ROOT-fedora30/cxx14.; Running on root-fedora30-2.cern.ch:/home/sftnight/build/workspace/root-pullrequests-build; [See cdash](http://cdash.cern.ch/index.php?project=ROOT&filtercount=1&field1=buildname/string&compare1=65&value1=PR-5643-ROOT-fedora30-cxx14&date=2020-05-18).; [See console output](https://lcgapp-services.cern.ch/root-jenkins/job/root-pullrequests-build/82626/console).; ### Failing tests:; - [projectroot.roottest.root.io.filemerger.roottest_root_io_filemerger_simple_zlib_compr_level6](https://lcgapp-services.cern.ch/root-jenkins/job/root-pullrequests-build/82626/testReport/projectroot.roottest.root.io/filemerger/roottest_root_io_filemerger_simple_zlib_compr_level6/); - [projectroot.roottest.root.io.filemerger.roottest_root_io_filemerger_simplex2_zlib_compr_level9](https://lcgapp-services.cern.ch/root-jenkins/job/root-pullrequests-build/82626/testReport/projectroot.roottest.root.io/filemerger/roottest_root_io_filemerger_simplex2_zlib_compr_level9/); - [projectroot.roottest.root.io.filemerger.roottest_root_io_filemerger_simple_lz4_compr_level1](https://lcgapp-services.cern.ch/root-jenkins/job/root-pullrequests-build/82626/testReport/projectroot.roottest.root.io/filemerger/roottest_root_io_filemerger_simple_lz4_compr_level1/); - [projectroot.roottest.root.io.filemerger.roottest_root_io_filemerger_simplef_default_compr_level9](https://lcgapp-services.cern.ch/root-jenkins/job/root-pullrequests-build/82626/testReport/projectroot.roottest.root.io/filemerger/roottest_root_io_filemerger_simplef_default_compr_level9/),MatchSource.ISSUE_COMMENT,root-project,root,v6-32-06,https://github.com/root-project/root/pull/5643#issuecomment-630166103:412,test,tests,412,https://root.cern,https://github.com/root-project/root/pull/5643#issuecomment-630166103,5,['test'],"['testReport', 'tests']"
Testability,Build failed on ROOT-fedora30/cxx14.; Running on root-fedora30-2.cern.ch:/home/sftnight/build/workspace/root-pullrequests-build; [See cdash](http://cdash.cern.ch/index.php?project=ROOT&filtercount=1&field1=buildname/string&compare1=65&value1=PR-5643-ROOT-fedora30-cxx14&date=2020-05-22).; [See console output](https://lcgapp-services.cern.ch/root-jenkins/job/root-pullrequests-build/83147/console).; ### Failing tests:; - [projectroot.roottest.python.cmdLineUtils.roottest_python_cmdLineUtils_SimpleRootrm3PrepareInput](https://lcgapp-services.cern.ch/root-jenkins/job/root-pullrequests-build/83147/testReport/projectroot.roottest.python/cmdLineUtils/roottest_python_cmdLineUtils_SimpleRootrm3PrepareInput/); - [projectroot.roottest.python.cmdLineUtils.roottest_python_cmdLineUtils_SimpleRootrm2PrepareInput](https://lcgapp-services.cern.ch/root-jenkins/job/root-pullrequests-build/83147/testReport/projectroot.roottest.python/cmdLineUtils/roottest_python_cmdLineUtils_SimpleRootrm2PrepareInput/); - [projectroot.roottest.python.cmdLineUtils.roottest_python_cmdLineUtils_SimpleRootcp1PrepareInput](https://lcgapp-services.cern.ch/root-jenkins/job/root-pullrequests-build/83147/testReport/projectroot.roottest.python/cmdLineUtils/roottest_python_cmdLineUtils_SimpleRootcp1PrepareInput/); - [projectroot.roottest.python.cmdLineUtils.roottest_python_cmdLineUtils_SimpleRootmkdir1PrepareInput](https://lcgapp-services.cern.ch/root-jenkins/job/root-pullrequests-build/83147/testReport/projectroot.roottest.python/cmdLineUtils/roottest_python_cmdLineUtils_SimpleRootmkdir1PrepareInput/); - [projectroot.roottest.python.cmdLineUtils.roottest_python_cmdLineUtils_SimpleRootcp2PrepareInput](https://lcgapp-services.cern.ch/root-jenkins/job/root-pullrequests-build/83147/testReport/projectroot.roottest.python/cmdLineUtils/roottest_python_cmdLineUtils_SimpleRootcp2PrepareInput/); - [projectroot.roottest.python.cmdLineUtils.roottest_python_cmdLineUtils_SimpleRootmv1PrepareInput](https://lcgapp-services.cern.c,MatchSource.ISSUE_COMMENT,root-project,root,v6-32-06,https://github.com/root-project/root/pull/5643#issuecomment-632565061:412,test,tests,412,https://root.cern,https://github.com/root-project/root/pull/5643#issuecomment-632565061,3,['test'],"['testReport', 'tests']"
Testability,Build failed on ROOT-fedora30/cxx14.; Running on root-fedora30-2.cern.ch:/home/sftnight/build/workspace/root-pullrequests-build; [See cdash](http://cdash.cern.ch/index.php?project=ROOT&filtercount=1&field1=buildname/string&compare1=65&value1=PR-5645-ROOT-fedora30-cxx14&date=2020-05-18).; [See console output](https://lcgapp-services.cern.ch/root-jenkins/job/root-pullrequests-build/82651/console).; ### Failing tests:; - [projectroot.test.test_stressmathcore_interpreted](https://lcgapp-services.cern.ch/root-jenkins/job/root-pullrequests-build/82651/testReport/projectroot/test/test_stressmathcore_interpreted/); - [projectroot.roottest.root.treeformula.function.roottest_root_treeformula_function_make](https://lcgapp-services.cern.ch/root-jenkins/job/root-pullrequests-build/82651/testReport/projectroot.roottest.root.treeformula/function/roottest_root_treeformula_function_make/),MatchSource.ISSUE_COMMENT,root-project,root,v6-32-06,https://github.com/root-project/root/pull/5645#issuecomment-630271394:412,test,tests,412,https://root.cern,https://github.com/root-project/root/pull/5645#issuecomment-630271394,5,['test'],"['test', 'testReport', 'tests']"
Testability,Build failed on ROOT-fedora30/cxx14.; Running on root-fedora30-2.cern.ch:/home/sftnight/build/workspace/root-pullrequests-build; [See cdash](http://cdash.cern.ch/index.php?project=ROOT&filtercount=1&field1=buildname/string&compare1=65&value1=PR-5649-ROOT-fedora30-cxx14&date=2020-05-19).; [See console output](https://lcgapp-services.cern.ch/root-jenkins/job/root-pullrequests-build/82792/console).; ### Errors:; - [2020-05-19T12:36:44.281Z] FAILED: core/thread/test/CMakeFiles/testTThreadedObject.dir/testTThreadedObject.cxx.o ; - [2020-05-19T12:36:44.575Z] googletest-prefix/src/googletest/googletest/include/gtest/gtest.h:1527:11: error: no match for ‘operator==’ (operand types are ‘const unsigned int’ and ‘const ROOT::TNumSlots’) ; - [2020-05-19T12:36:44.575Z] FAILED: core/thread/test/CMakeFiles/corethreadtestUnit.dir/testTThreadedObject.cxx.o ; - [2020-05-19T12:36:44.867Z] googletest-prefix/src/googletest/googletest/include/gtest/gtest.h:1527:11: error: no match for ‘operator==’ (operand types are ‘const unsigned int’ and ‘const ROOT::TNumSlots’),MatchSource.ISSUE_COMMENT,root-project,root,v6-32-06,https://github.com/root-project/root/pull/5649#issuecomment-630789279:462,test,test,462,https://root.cern,https://github.com/root-project/root/pull/5649#issuecomment-630789279,5,['test'],"['test', 'testTThreadedObject']"
Testability,Build failed on ROOT-fedora30/cxx14.; Running on root-fedora30-2.cern.ch:/home/sftnight/build/workspace/root-pullrequests-build; [See cdash](http://cdash.cern.ch/index.php?project=ROOT&filtercount=1&field1=buildname/string&compare1=65&value1=PR-5650-ROOT-fedora30-cxx14&date=2020-05-19).; [See console output](https://lcgapp-services.cern.ch/root-jenkins/job/root-pullrequests-build/82800/console).; ### Errors:; - [2020-05-19T12:44:35.572Z] FAILED: core/thread/test/CMakeFiles/testTThreadedObject.dir/testTThreadedObject.cxx.o ; - [2020-05-19T12:44:35.572Z] googletest-prefix/src/googletest/googletest/include/gtest/gtest.h:1527:11: error: no match for ‘operator==’ (operand types are ‘const unsigned int’ and ‘const ROOT::TNumSlots’) ; - [2020-05-19T12:44:35.572Z] FAILED: core/thread/test/CMakeFiles/corethreadtestUnit.dir/testTThreadedObject.cxx.o ; - [2020-05-19T12:44:35.874Z] googletest-prefix/src/googletest/googletest/include/gtest/gtest.h:1527:11: error: no match for ‘operator==’ (operand types are ‘const unsigned int’ and ‘const ROOT::TNumSlots’),MatchSource.ISSUE_COMMENT,root-project,root,v6-32-06,https://github.com/root-project/root/pull/5650#issuecomment-630792900:462,test,test,462,https://root.cern,https://github.com/root-project/root/pull/5650#issuecomment-630792900,5,['test'],"['test', 'testTThreadedObject']"
Testability,Build failed on ROOT-fedora30/cxx14.; Running on root-fedora30-2.cern.ch:/home/sftnight/build/workspace/root-pullrequests-build; [See cdash](http://cdash.cern.ch/index.php?project=ROOT&filtercount=1&field1=buildname/string&compare1=65&value1=PR-5651-ROOT-fedora30-cxx14&date=2020-05-19).; [See console output](https://lcgapp-services.cern.ch/root-jenkins/job/root-pullrequests-build/82760/console).; ### Errors:; - [2020-05-19T10:25:13.107Z] FAILED: core/thread/test/CMakeFiles/testTThreadedObject.dir/testTThreadedObject.cxx.o ; - [2020-05-19T10:25:13.423Z] googletest-prefix/src/googletest/googletest/include/gtest/gtest.h:1527:11: error: no match for ‘operator==’ (operand types are ‘const unsigned int’ and ‘const ROOT::TNumSlots’) ; - [2020-05-19T10:25:13.423Z] FAILED: core/thread/test/CMakeFiles/corethreadtestUnit.dir/testTThreadedObject.cxx.o ; - [2020-05-19T10:25:13.731Z] googletest-prefix/src/googletest/googletest/include/gtest/gtest.h:1527:11: error: no match for ‘operator==’ (operand types are ‘const unsigned int’ and ‘const ROOT::TNumSlots’),MatchSource.ISSUE_COMMENT,root-project,root,v6-32-06,https://github.com/root-project/root/pull/5651#issuecomment-630730883:462,test,test,462,https://root.cern,https://github.com/root-project/root/pull/5651#issuecomment-630730883,5,['test'],"['test', 'testTThreadedObject']"
Testability,Build failed on ROOT-fedora30/cxx14.; Running on root-fedora30-2.cern.ch:/home/sftnight/build/workspace/root-pullrequests-build; [See cdash](http://cdash.cern.ch/index.php?project=ROOT&filtercount=1&field1=buildname/string&compare1=65&value1=PR-5651-ROOT-fedora30-cxx14&date=2020-05-19).; [See console output](https://lcgapp-services.cern.ch/root-jenkins/job/root-pullrequests-build/82856/console).; ### Errors:; - [2020-05-19T15:59:28.596Z] FAILED: core/thread/test/testTThreadedObject ; - [2020-05-19T15:59:28.596Z] collect2: error: ld returned 1 exit status ; - [2020-05-19T15:59:28.892Z] FAILED: core/thread/test/corethreadtestUnit ; - [2020-05-19T15:59:28.893Z] collect2: error: ld returned 1 exit status,MatchSource.ISSUE_COMMENT,root-project,root,v6-32-06,https://github.com/root-project/root/pull/5651#issuecomment-630916131:462,test,test,462,https://root.cern,https://github.com/root-project/root/pull/5651#issuecomment-630916131,3,['test'],"['test', 'testTThreadedObject']"
Testability,Build failed on ROOT-fedora30/cxx14.; Running on root-fedora30-2.cern.ch:/home/sftnight/build/workspace/root-pullrequests-build; [See cdash](http://cdash.cern.ch/index.php?project=ROOT&filtercount=1&field1=buildname/string&compare1=65&value1=PR-5652-ROOT-fedora30-cxx14&date=2020-05-19).; [See console output](https://lcgapp-services.cern.ch/root-jenkins/job/root-pullrequests-build/82768/console).; ### Errors:; - [2020-05-19T10:41:01.654Z] FAILED: core/thread/test/CMakeFiles/testTThreadedObject.dir/testTThreadedObject.cxx.o ; - [2020-05-19T10:41:01.922Z] googletest-prefix/src/googletest/googletest/include/gtest/gtest.h:1527:11: error: no match for ‘operator==’ (operand types are ‘const unsigned int’ and ‘const ROOT::TNumSlots’) ; - [2020-05-19T10:41:01.923Z] FAILED: core/thread/test/CMakeFiles/corethreadtestUnit.dir/testTThreadedObject.cxx.o ; - [2020-05-19T10:41:02.182Z] googletest-prefix/src/googletest/googletest/include/gtest/gtest.h:1527:11: error: no match for ‘operator==’ (operand types are ‘const unsigned int’ and ‘const ROOT::TNumSlots’),MatchSource.ISSUE_COMMENT,root-project,root,v6-32-06,https://github.com/root-project/root/pull/5652#issuecomment-630738124:462,test,test,462,https://root.cern,https://github.com/root-project/root/pull/5652#issuecomment-630738124,5,['test'],"['test', 'testTThreadedObject']"
Testability,Build failed on ROOT-fedora30/cxx14.; Running on root-fedora30-2.cern.ch:/home/sftnight/build/workspace/root-pullrequests-build; [See cdash](http://cdash.cern.ch/index.php?project=ROOT&filtercount=1&field1=buildname/string&compare1=65&value1=PR-5653-ROOT-fedora30-cxx14&date=2020-05-19).; [See console output](https://lcgapp-services.cern.ch/root-jenkins/job/root-pullrequests-build/82776/console).; ### Errors:; - [2020-05-19T11:47:17.887Z] FAILED: core/thread/test/CMakeFiles/testTThreadedObject.dir/testTThreadedObject.cxx.o ; - [2020-05-19T11:47:18.145Z] googletest-prefix/src/googletest/googletest/include/gtest/gtest.h:1527:11: error: no match for ‘operator==’ (operand types are ‘const unsigned int’ and ‘const ROOT::TNumSlots’) ; - [2020-05-19T11:47:18.405Z] FAILED: core/thread/test/CMakeFiles/corethreadtestUnit.dir/testTThreadedObject.cxx.o ; - [2020-05-19T11:47:18.666Z] googletest-prefix/src/googletest/googletest/include/gtest/gtest.h:1527:11: error: no match for ‘operator==’ (operand types are ‘const unsigned int’ and ‘const ROOT::TNumSlots’),MatchSource.ISSUE_COMMENT,root-project,root,v6-32-06,https://github.com/root-project/root/pull/5653#issuecomment-630766718:462,test,test,462,https://root.cern,https://github.com/root-project/root/pull/5653#issuecomment-630766718,5,['test'],"['test', 'testTThreadedObject']"
Testability,Build failed on ROOT-fedora30/cxx14.; Running on root-fedora30-2.cern.ch:/home/sftnight/build/workspace/root-pullrequests-build; [See cdash](http://cdash.cern.ch/index.php?project=ROOT&filtercount=1&field1=buildname/string&compare1=65&value1=PR-5653-ROOT-fedora30-cxx14&date=2020-05-19).; [See console output](https://lcgapp-services.cern.ch/root-jenkins/job/root-pullrequests-build/82840/console).; ### Errors:; - [2020-05-19T15:17:42.505Z] FAILED: core/thread/test/testTThreadedObject ; - [2020-05-19T15:17:42.505Z] collect2: error: ld returned 1 exit status ; - [2020-05-19T15:17:42.775Z] FAILED: core/thread/test/corethreadtestUnit ; - [2020-05-19T15:17:42.775Z] collect2: error: ld returned 1 exit status,MatchSource.ISSUE_COMMENT,root-project,root,v6-32-06,https://github.com/root-project/root/pull/5653#issuecomment-630891225:462,test,test,462,https://root.cern,https://github.com/root-project/root/pull/5653#issuecomment-630891225,3,['test'],"['test', 'testTThreadedObject']"
Testability,Build failed on ROOT-fedora30/cxx14.; Running on root-fedora30-2.cern.ch:/home/sftnight/build/workspace/root-pullrequests-build; [See cdash](http://cdash.cern.ch/index.php?project=ROOT&filtercount=1&field1=buildname/string&compare1=65&value1=PR-5654-ROOT-fedora30-cxx14&date=2020-05-19).; [See console output](https://lcgapp-services.cern.ch/root-jenkins/job/root-pullrequests-build/82784/console).; ### Errors:; - [2020-05-19T12:31:36.615Z] FAILED: core/thread/test/CMakeFiles/testTThreadedObject.dir/testTThreadedObject.cxx.o ; - [2020-05-19T12:31:37.009Z] googletest-prefix/src/googletest/googletest/include/gtest/gtest.h:1527:11: error: no match for ‘operator==’ (operand types are ‘const unsigned int’ and ‘const ROOT::TNumSlots’) ; - [2020-05-19T12:31:37.315Z] FAILED: core/thread/test/CMakeFiles/corethreadtestUnit.dir/testTThreadedObject.cxx.o ; - [2020-05-19T12:31:37.598Z] googletest-prefix/src/googletest/googletest/include/gtest/gtest.h:1527:11: error: no match for ‘operator==’ (operand types are ‘const unsigned int’ and ‘const ROOT::TNumSlots’),MatchSource.ISSUE_COMMENT,root-project,root,v6-32-06,https://github.com/root-project/root/pull/5654#issuecomment-630786862:462,test,test,462,https://root.cern,https://github.com/root-project/root/pull/5654#issuecomment-630786862,5,['test'],"['test', 'testTThreadedObject']"
Testability,Build failed on ROOT-fedora30/cxx14.; Running on root-fedora30-2.cern.ch:/home/sftnight/build/workspace/root-pullrequests-build; [See cdash](http://cdash.cern.ch/index.php?project=ROOT&filtercount=1&field1=buildname/string&compare1=65&value1=PR-5654-ROOT-fedora30-cxx14&date=2020-05-19).; [See console output](https://lcgapp-services.cern.ch/root-jenkins/job/root-pullrequests-build/82808/console).; ### Errors:; - [2020-05-19T13:28:47.116Z] FAILED: core/thread/test/testTThreadedObject ; - [2020-05-19T13:28:47.116Z] collect2: error: ld returned 1 exit status ; - [2020-05-19T13:28:47.116Z] FAILED: core/thread/test/corethreadtestUnit ; - [2020-05-19T13:28:47.385Z] collect2: error: ld returned 1 exit status,MatchSource.ISSUE_COMMENT,root-project,root,v6-32-06,https://github.com/root-project/root/pull/5654#issuecomment-630818726:462,test,test,462,https://root.cern,https://github.com/root-project/root/pull/5654#issuecomment-630818726,3,['test'],"['test', 'testTThreadedObject']"
Testability,Build failed on ROOT-fedora30/cxx14.; Running on root-fedora30-2.cern.ch:/home/sftnight/build/workspace/root-pullrequests-build; [See cdash](http://cdash.cern.ch/index.php?project=ROOT&filtercount=1&field1=buildname/string&compare1=65&value1=PR-5654-ROOT-fedora30-cxx14&date=2020-05-19).; [See console output](https://lcgapp-services.cern.ch/root-jenkins/job/root-pullrequests-build/82848/console).; ### Errors:; - [2020-05-19T15:21:01.720Z] FAILED: core/thread/test/testTThreadedObject ; - [2020-05-19T15:21:01.720Z] collect2: error: ld returned 1 exit status ; - [2020-05-19T15:21:01.720Z] FAILED: core/thread/test/corethreadtestUnit ; - [2020-05-19T15:21:01.720Z] collect2: error: ld returned 1 exit status,MatchSource.ISSUE_COMMENT,root-project,root,v6-32-06,https://github.com/root-project/root/pull/5654#issuecomment-630893138:462,test,test,462,https://root.cern,https://github.com/root-project/root/pull/5654#issuecomment-630893138,3,['test'],"['test', 'testTThreadedObject']"
Testability,Build failed on ROOT-fedora30/cxx14.; Running on root-fedora30-2.cern.ch:/home/sftnight/build/workspace/root-pullrequests-build; [See cdash](http://cdash.cern.ch/index.php?project=ROOT&filtercount=1&field1=buildname/string&compare1=65&value1=PR-5655-ROOT-fedora30-cxx14&date=2020-05-19).; [See console output](https://lcgapp-services.cern.ch/root-jenkins/job/root-pullrequests-build/82824/console).; ### Errors:; - [2020-05-19T14:10:34.796Z] FAILED: core/thread/test/testTThreadedObject ; - [2020-05-19T14:10:34.796Z] collect2: error: ld returned 1 exit status ; - [2020-05-19T14:10:35.054Z] FAILED: core/thread/test/corethreadtestUnit ; - [2020-05-19T14:10:35.054Z] collect2: error: ld returned 1 exit status,MatchSource.ISSUE_COMMENT,root-project,root,v6-32-06,https://github.com/root-project/root/pull/5655#issuecomment-630844878:462,test,test,462,https://root.cern,https://github.com/root-project/root/pull/5655#issuecomment-630844878,3,['test'],"['test', 'testTThreadedObject']"
Testability,Build failed on ROOT-fedora30/cxx14.; Running on root-fedora30-2.cern.ch:/home/sftnight/build/workspace/root-pullrequests-build; [See cdash](http://cdash.cern.ch/index.php?project=ROOT&filtercount=1&field1=buildname/string&compare1=65&value1=PR-5667-ROOT-fedora30-cxx14&date=2020-05-20).; [See console output](https://lcgapp-services.cern.ch/root-jenkins/job/root-pullrequests-build/83057/console).; ### Failing tests:; - [projectroot.roottest.root.multicore.roottest_root_multicore_tp_process_imt](https://lcgapp-services.cern.ch/root-jenkins/job/root-pullrequests-build/83057/testReport/projectroot.roottest.root/multicore/roottest_root_multicore_tp_process_imt/),MatchSource.ISSUE_COMMENT,root-project,root,v6-32-06,https://github.com/root-project/root/pull/5667#issuecomment-631602926:412,test,tests,412,https://root.cern,https://github.com/root-project/root/pull/5667#issuecomment-631602926,2,['test'],"['testReport', 'tests']"
Testability,Build failed on ROOT-fedora30/cxx14.; Running on root-fedora30-2.cern.ch:/home/sftnight/build/workspace/root-pullrequests-build; [See cdash](http://cdash.cern.ch/index.php?project=ROOT&filtercount=1&field1=buildname/string&compare1=65&value1=PR-5667-ROOT-fedora30-cxx14&date=2020-05-25).; [See console output](https://lcgapp-services.cern.ch/root-jenkins/job/root-pullrequests-build/83478/console).; ### Failing tests:; - [projectroot.roottest.root.multicore.roottest_root_multicore_tp_process_imt](https://lcgapp-services.cern.ch/root-jenkins/job/root-pullrequests-build/83478/testReport/projectroot.roottest.root/multicore/roottest_root_multicore_tp_process_imt/),MatchSource.ISSUE_COMMENT,root-project,root,v6-32-06,https://github.com/root-project/root/pull/5667#issuecomment-633678082:412,test,tests,412,https://root.cern,https://github.com/root-project/root/pull/5667#issuecomment-633678082,2,['test'],"['testReport', 'tests']"
Testability,Build failed on ROOT-fedora30/cxx14.; Running on root-fedora30-2.cern.ch:/home/sftnight/build/workspace/root-pullrequests-build; [See cdash](http://cdash.cern.ch/index.php?project=ROOT&filtercount=1&field1=buildname/string&compare1=65&value1=PR-5679-ROOT-fedora30-cxx14&date=2020-05-22).; [See console output](https://lcgapp-services.cern.ch/root-jenkins/job/root-pullrequests-build/83219/console).; ### Failing tests:; - [projectroot.tree.dataframe.test.gtest_tree_dataframe_test_dataframe_entrylist](https://lcgapp-services.cern.ch/root-jenkins/job/root-pullrequests-build/83219/testReport/projectroot.tree.dataframe/test/gtest_tree_dataframe_test_dataframe_entrylist/); - [projectroot.tree.dataframe.test.gtest_tree_dataframe_test_dataframe_regression](https://lcgapp-services.cern.ch/root-jenkins/job/root-pullrequests-build/83219/testReport/projectroot.tree.dataframe/test/gtest_tree_dataframe_test_dataframe_regression/),MatchSource.ISSUE_COMMENT,root-project,root,v6-32-06,https://github.com/root-project/root/pull/5679#issuecomment-632824768:412,test,tests,412,https://root.cern,https://github.com/root-project/root/pull/5679#issuecomment-632824768,7,['test'],"['test', 'testReport', 'tests']"
Testability,Build failed on ROOT-fedora30/cxx14.; Running on root-fedora30-2.cern.ch:/home/sftnight/build/workspace/root-pullrequests-build; [See cdash](http://cdash.cern.ch/index.php?project=ROOT&filtercount=1&field1=buildname/string&compare1=65&value1=PR-5682-ROOT-fedora30-cxx14&date=2020-05-24).; [See console output](https://lcgapp-services.cern.ch/root-jenkins/job/root-pullrequests-build/83284/console).; ### Failing tests:; - [projectroot.tree.dataframe.test.gtest_tree_dataframe_test_dataframe_entrylist](https://lcgapp-services.cern.ch/root-jenkins/job/root-pullrequests-build/83284/testReport/projectroot.tree.dataframe/test/gtest_tree_dataframe_test_dataframe_entrylist/); - [projectroot.tree.dataframe.test.gtest_tree_dataframe_test_dataframe_regression](https://lcgapp-services.cern.ch/root-jenkins/job/root-pullrequests-build/83284/testReport/projectroot.tree.dataframe/test/gtest_tree_dataframe_test_dataframe_regression/),MatchSource.ISSUE_COMMENT,root-project,root,v6-32-06,https://github.com/root-project/root/pull/5682#issuecomment-633268149:412,test,tests,412,https://root.cern,https://github.com/root-project/root/pull/5682#issuecomment-633268149,7,['test'],"['test', 'testReport', 'tests']"
Testability,"Build failed on ROOT-fedora30/cxx14.; Running on root-fedora30-2.cern.ch:/home/sftnight/build/workspace/root-pullrequests-build; [See cdash](http://cdash.cern.ch/index.php?project=ROOT&filtercount=1&field1=buildname/string&compare1=65&value1=PR-5692-ROOT-fedora30-cxx14&date=2020-05-25).; [See console output](https://lcgapp-services.cern.ch/root-jenkins/job/root-pullrequests-build/83389/console).; ### Warnings:; - [2020-05-25T10:19:25.159Z] include/tbb/concurrent_hash_map.h:124:51: warning: ‘void* memset(void*, int, size_t)’ clearing an object of type ‘class tbb::interface5::internal::hash_map_base’ with no trivial copy-assignment; use value-initialization instead [-Wclass-memaccess] ; - [2020-05-25T10:26:03.641Z] include/tbb/concurrent_hash_map.h:124:51: warning: ‘void* memset(void*, int, size_t)’ clearing an object of type ‘class tbb::interface5::internal::hash_map_base’ with no trivial copy-assignment; use value-initialization instead [-Wclass-memaccess] . ### Failing tests:; - [projectroot.roottest.cling.functionTemplate.roottest_cling_functionTemplate_testcint](https://lcgapp-services.cern.ch/root-jenkins/job/root-pullrequests-build/83389/testReport/projectroot.roottest.cling/functionTemplate/roottest_cling_functionTemplate_testcint/); - [projectroot.roottest.python.basic.roottest_python_basic_basic](https://lcgapp-services.cern.ch/root-jenkins/job/root-pullrequests-build/83389/testReport/projectroot.roottest.python/basic/roottest_python_basic_basic/); - [projectroot.roottest.python.basic.roottest_python_basic_datatype](https://lcgapp-services.cern.ch/root-jenkins/job/root-pullrequests-build/83389/testReport/projectroot.roottest.python/basic/roottest_python_basic_datatype/); - [projectroot.roottest.python.basic.roottest_python_basic_operator](https://lcgapp-services.cern.ch/root-jenkins/job/root-pullrequests-build/83389/testReport/projectroot.roottest.python/basic/roottest_python_basic_operator/); - [projectroot.roottest.python.basic.roottest_python_basic_overloa",MatchSource.ISSUE_COMMENT,root-project,root,v6-32-06,https://github.com/root-project/root/pull/5692#issuecomment-633509680:985,test,tests,985,https://root.cern,https://github.com/root-project/root/pull/5692#issuecomment-633509680,2,['test'],['tests']
Testability,"Build failed on ROOT-fedora30/cxx14.; Running on root-fedora30-2.cern.ch:/home/sftnight/build/workspace/root-pullrequests-build; [See cdash](http://cdash.cern.ch/index.php?project=ROOT&filtercount=1&field1=buildname/string&compare1=65&value1=PR-5692-ROOT-fedora30-cxx14&date=2020-05-25).; [See console output](https://lcgapp-services.cern.ch/root-jenkins/job/root-pullrequests-build/83430/console).; ### Warnings:; - [2020-05-25T13:06:41.453Z] include/tbb/concurrent_hash_map.h:124:51: warning: ‘void* memset(void*, int, size_t)’ clearing an object of type ‘class tbb::interface5::internal::hash_map_base’ with no trivial copy-assignment; use value-initialization instead [-Wclass-memaccess] ; - [2020-05-25T13:07:19.903Z] include/tbb/concurrent_hash_map.h:124:51: warning: ‘void* memset(void*, int, size_t)’ clearing an object of type ‘class tbb::interface5::internal::hash_map_base’ with no trivial copy-assignment; use value-initialization instead [-Wclass-memaccess] . ### Failing tests:; - [projectroot.roottest.root.io.tuple.roottest_root_io_tuple_make](https://lcgapp-services.cern.ch/root-jenkins/job/root-pullrequests-build/83430/testReport/projectroot.roottest.root.io/tuple/roottest_root_io_tuple_make/)",MatchSource.ISSUE_COMMENT,root-project,root,v6-32-06,https://github.com/root-project/root/pull/5692#issuecomment-633570667:985,test,tests,985,https://root.cern,https://github.com/root-project/root/pull/5692#issuecomment-633570667,4,['test'],"['testReport', 'tests']"
Testability,Build failed on ROOT-fedora30/cxx14.; Running on root-fedora30-2.cern.ch:/home/sftnight/build/workspace/root-pullrequests-build; [See cdash](http://cdash.cern.ch/index.php?project=ROOT&filtercount=1&field1=buildname/string&compare1=65&value1=PR-5711-ROOT-fedora30-cxx14&date=2020-05-26).; [See console output](https://lcgapp-services.cern.ch/root-jenkins/job/root-pullrequests-build/83671/console).; ### Failing tests:; - [projectroot.tmva.tmva.test.DNN.TMVA_DNN_MethodDL_SGD_Optimization_Cpu](https://lcgapp-services.cern.ch/root-jenkins/job/root-pullrequests-build/83671/testReport/projectroot.tmva.tmva.test/DNN/TMVA_DNN_MethodDL_SGD_Optimization_Cpu/); - [projectroot.tmva.tmva.test.DNN.TMVA_DNN_MethodDL_Adam_Optimization_Cpu](https://lcgapp-services.cern.ch/root-jenkins/job/root-pullrequests-build/83671/testReport/projectroot.tmva.tmva.test/DNN/TMVA_DNN_MethodDL_Adam_Optimization_Cpu/); - [projectroot.tmva.tmva.test.DNN.TMVA_DNN_MethodDL_RMSProp_Optimization_Cpu](https://lcgapp-services.cern.ch/root-jenkins/job/root-pullrequests-build/83671/testReport/projectroot.tmva.tmva.test/DNN/TMVA_DNN_MethodDL_RMSProp_Optimization_Cpu/); - [projectroot.tmva.tmva.test.DNN.TMVA_DNN_MethodDL_Adagrad_Optimization_Cpu](https://lcgapp-services.cern.ch/root-jenkins/job/root-pullrequests-build/83671/testReport/projectroot.tmva.tmva.test/DNN/TMVA_DNN_MethodDL_Adagrad_Optimization_Cpu/); - [projectroot.tmva.tmva.test.DNN.TMVA_DNN_MethodDL_Adadelta_Optimization_Cpu](https://lcgapp-services.cern.ch/root-jenkins/job/root-pullrequests-build/83671/testReport/projectroot.tmva.tmva.test/DNN/TMVA_DNN_MethodDL_Adadelta_Optimization_Cpu/); - [projectroot.tmva.tmva.test.DNN.TMVA_DNN_Regression_Cpu](https://lcgapp-services.cern.ch/root-jenkins/job/root-pullrequests-build/83671/testReport/projectroot.tmva.tmva.test/DNN/TMVA_DNN_Regression_Cpu/); - [projectroot.tmva.tmva.test.DNN.CNN.TMVA_DNN_CNN_MethodDL](https://lcgapp-services.cern.ch/root-jenkins/job/root-pullrequests-build/83671/testReport/projectroo,MatchSource.ISSUE_COMMENT,root-project,root,v6-32-06,https://github.com/root-project/root/pull/5711#issuecomment-634216181:412,test,tests,412,https://root.cern,https://github.com/root-project/root/pull/5711#issuecomment-634216181,8,['test'],"['test', 'testReport', 'tests']"
Testability,Build failed on ROOT-fedora30/cxx14.; Running on root-fedora30-2.cern.ch:/home/sftnight/build/workspace/root-pullrequests-build; [See cdash](http://cdash.cern.ch/index.php?project=ROOT&filtercount=1&field1=buildname/string&compare1=65&value1=PR-5715-ROOT-fedora30-cxx14&date=2020-05-27).; [See console output](https://lcgapp-services.cern.ch/root-jenkins/job/root-pullrequests-build/83751/console).; ### Errors:; - [2020-05-27T13:11:24.047Z] CMake Error at tree/dataframe/test/CMakeLists.txt:20 (add_library): ; - [2020-05-27T13:11:24.659Z] CMake Error at tree/dataframe/test/CMakeLists.txt:20 (add_library): ; - [2020-05-27T13:11:24.917Z] CMake Error at /home/sftnight/build/workspace/root-pullrequests-build/rootspi/jenkins/root-build.cmake:1005 (message):,MatchSource.ISSUE_COMMENT,root-project,root,v6-32-06,https://github.com/root-project/root/pull/5715#issuecomment-634649752:472,test,test,472,https://root.cern,https://github.com/root-project/root/pull/5715#issuecomment-634649752,2,['test'],['test']
Testability,"Build failed on ROOT-fedora30/cxx14.; Running on root-fedora30-2.cern.ch:/home/sftnight/build/workspace/root-pullrequests-build; [See cdash](http://cdash.cern.ch/index.php?project=ROOT&filtercount=1&field1=buildname/string&compare1=65&value1=PR-5716-ROOT-fedora30-cxx14&date=2020-05-27).; [See console output](https://lcgapp-services.cern.ch/root-jenkins/job/root-pullrequests-build/83727/console).; ### Errors:; - [2020-05-27T10:02:25.808Z] FAILED: tree/dataframe/test/dataframe_splitcoll_arrayview ; - [2020-05-27T10:02:25.808Z] collect2: error: ld returned 1 exit status . ### Warnings:; - [2020-05-27T09:53:43.857Z] include/tbb/concurrent_hash_map.h:124:51: warning: ‘void* memset(void*, int, size_t)’ clearing an object of type ‘class tbb::interface5::internal::hash_map_base’ with no trivial copy-assignment; use value-initialization instead [-Wclass-memaccess] ; - [2020-05-27T10:00:15.862Z] include/tbb/concurrent_hash_map.h:124:51: warning: ‘void* memset(void*, int, size_t)’ clearing an object of type ‘class tbb::interface5::internal::hash_map_base’ with no trivial copy-assignment; use value-initialization instead [-Wclass-memaccess]",MatchSource.ISSUE_COMMENT,root-project,root,v6-32-06,https://github.com/root-project/root/pull/5716#issuecomment-634560707:465,test,test,465,https://root.cern,https://github.com/root-project/root/pull/5716#issuecomment-634560707,2,['test'],['test']
Testability,Build failed on ROOT-fedora30/cxx14.; Running on root-fedora30-2.cern.ch:/home/sftnight/build/workspace/root-pullrequests-build; [See cdash](http://cdash.cern.ch/index.php?project=ROOT&filtercount=1&field1=buildname/string&compare1=65&value1=PR-5718-ROOT-fedora30-cxx14&date=2020-05-27).; [See console output](https://lcgapp-services.cern.ch/root-jenkins/job/root-pullrequests-build/83767/console).; ### Failing tests:; - [projectroot.test.test_stressroofit_interpreted](https://lcgapp-services.cern.ch/root-jenkins/job/root-pullrequests-build/83767/testReport/projectroot/test/test_stressroofit_interpreted/),MatchSource.ISSUE_COMMENT,root-project,root,v6-32-06,https://github.com/root-project/root/pull/5718#issuecomment-634706863:412,test,tests,412,https://root.cern,https://github.com/root-project/root/pull/5718#issuecomment-634706863,4,['test'],"['test', 'testReport', 'tests']"
Testability,Build failed on ROOT-fedora30/cxx14.; Running on root-fedora30-2.cern.ch:/home/sftnight/build/workspace/root-pullrequests-build; [See cdash](http://cdash.cern.ch/index.php?project=ROOT&filtercount=1&field1=buildname/string&compare1=65&value1=PR-5721-ROOT-fedora30-cxx14&date=2020-06-02).; [See console output](https://lcgapp-services.cern.ch/root-jenkins/job/root-pullrequests-build/84514/console).; ### Failing tests:; - [projectroot.test.test_bench](https://lcgapp-services.cern.ch/root-jenkins/job/root-pullrequests-build/84514/testReport/projectroot/test/test_bench/); - [projectroot.roottest.root.io.treeForeign.roottest_root_io_treeForeign_testForeignDraw](https://lcgapp-services.cern.ch/root-jenkins/job/root-pullrequests-build/84514/testReport/projectroot.roottest.root.io/treeForeign/roottest_root_io_treeForeign_testForeignDraw/); - [projectroot.roottest.root.tree.cloning.roottest_root_tree_cloning_exectrim](https://lcgapp-services.cern.ch/root-jenkins/job/root-pullrequests-build/84514/testReport/projectroot.roottest.root.tree/cloning/roottest_root_tree_cloning_exectrim/); - [projectroot.roottest.root.tree.reader.roottest_root_tree_reader_make](https://lcgapp-services.cern.ch/root-jenkins/job/root-pullrequests-build/84514/testReport/projectroot.roottest.root.tree/reader/roottest_root_tree_reader_make/); - [projectroot.roottest.root.tree.stl.roottest_root_tree_stl_make](https://lcgapp-services.cern.ch/root-jenkins/job/root-pullrequests-build/84514/testReport/projectroot.roottest.root.tree/stl/roottest_root_tree_stl_make/),MatchSource.ISSUE_COMMENT,root-project,root,v6-32-06,https://github.com/root-project/root/pull/5721#issuecomment-637233157:412,test,tests,412,https://root.cern,https://github.com/root-project/root/pull/5721#issuecomment-637233157,8,['test'],"['test', 'testReport', 'tests']"
Testability,Build failed on ROOT-fedora30/cxx14.; Running on root-fedora30-2.cern.ch:/home/sftnight/build/workspace/root-pullrequests-build; [See cdash](http://cdash.cern.ch/index.php?project=ROOT&filtercount=1&field1=buildname/string&compare1=65&value1=PR-5721-ROOT-fedora30-cxx14&date=2020-06-03).; [See console output](https://lcgapp-services.cern.ch/root-jenkins/job/root-pullrequests-build/84963/console).; ### Failing tests:; - [projectroot.roottest.root.io.treeForeign.roottest_root_io_treeForeign_testForeignDraw](https://lcgapp-services.cern.ch/root-jenkins/job/root-pullrequests-build/84963/testReport/projectroot.roottest.root.io/treeForeign/roottest_root_io_treeForeign_testForeignDraw/); - [projectroot.roottest.root.tree.cloning.roottest_root_tree_cloning_exectrim](https://lcgapp-services.cern.ch/root-jenkins/job/root-pullrequests-build/84963/testReport/projectroot.roottest.root.tree/cloning/roottest_root_tree_cloning_exectrim/),MatchSource.ISSUE_COMMENT,root-project,root,v6-32-06,https://github.com/root-project/root/pull/5721#issuecomment-638446592:412,test,tests,412,https://root.cern,https://github.com/root-project/root/pull/5721#issuecomment-638446592,3,['test'],"['testReport', 'tests']"
Testability,Build failed on ROOT-fedora30/cxx14.; Running on root-fedora30-2.cern.ch:/home/sftnight/build/workspace/root-pullrequests-build; [See cdash](http://cdash.cern.ch/index.php?project=ROOT&filtercount=1&field1=buildname/string&compare1=65&value1=PR-5721-ROOT-fedora30-cxx14&date=2020-06-05).; [See console output](https://lcgapp-services.cern.ch/root-jenkins/job/root-pullrequests-build/85252/console).; ### Failing tests:; - [projectroot.roottest.root.io.filemerger.roottest_root_io_filemerger_simple_default_compr_level9_datageneration](https://lcgapp-services.cern.ch/root-jenkins/job/root-pullrequests-build/85252/testReport/projectroot.roottest.root.io/filemerger/roottest_root_io_filemerger_simple_default_compr_level9_datageneration/); - [projectroot.roottest.root.io.filemerger.roottest_root_io_filemerger_simple_default_compr_level9](https://lcgapp-services.cern.ch/root-jenkins/job/root-pullrequests-build/85252/testReport/projectroot.roottest.root.io/filemerger/roottest_root_io_filemerger_simple_default_compr_level9/); - [projectroot.roottest.root.io.filemerger.roottest_root_io_filemerger_simplex2_default_compr_level9](https://lcgapp-services.cern.ch/root-jenkins/job/root-pullrequests-build/85252/testReport/projectroot.roottest.root.io/filemerger/roottest_root_io_filemerger_simplex2_default_compr_level9/); - [projectroot.roottest.root.io.filemerger.roottest_root_io_filemerger_simplek_default_compr_deflevel](https://lcgapp-services.cern.ch/root-jenkins/job/root-pullrequests-build/85252/testReport/projectroot.roottest.root.io/filemerger/roottest_root_io_filemerger_simplek_default_compr_deflevel/); - [projectroot.roottest.root.io.filemerger.roottest_root_io_filemerger_simplek_lzma_compr_level9](https://lcgapp-services.cern.ch/root-jenkins/job/root-pullrequests-build/85252/testReport/projectroot.roottest.root.io/filemerger/roottest_root_io_filemerger_simplek_lzma_compr_level9/); - [projectroot.roottest.root.io.filemerger.roottest_root_io_filemerger_simplek_lz4_compr_level4](htt,MatchSource.ISSUE_COMMENT,root-project,root,v6-32-06,https://github.com/root-project/root/pull/5721#issuecomment-639146373:412,test,tests,412,https://root.cern,https://github.com/root-project/root/pull/5721#issuecomment-639146373,3,['test'],"['testReport', 'tests']"
Testability,Build failed on ROOT-fedora30/cxx14.; Running on root-fedora30-2.cern.ch:/home/sftnight/build/workspace/root-pullrequests-build; [See cdash](http://cdash.cern.ch/index.php?project=ROOT&filtercount=1&field1=buildname/string&compare1=65&value1=PR-5721-ROOT-fedora30-cxx14&date=2020-06-06).; [See console output](https://lcgapp-services.cern.ch/root-jenkins/job/root-pullrequests-build/85600/console).; ### Failing tests:; - [projectroot.roottest.root.tree.cloning.roottest_root_tree_cloning_exectrim](https://lcgapp-services.cern.ch/root-jenkins/job/root-pullrequests-build/85600/testReport/projectroot.roottest.root.tree/cloning/roottest_root_tree_cloning_exectrim/),MatchSource.ISSUE_COMMENT,root-project,root,v6-32-06,https://github.com/root-project/root/pull/5721#issuecomment-639876364:412,test,tests,412,https://root.cern,https://github.com/root-project/root/pull/5721#issuecomment-639876364,2,['test'],"['testReport', 'tests']"
Testability,Build failed on ROOT-fedora30/cxx14.; Running on root-fedora30-2.cern.ch:/home/sftnight/build/workspace/root-pullrequests-build; [See cdash](http://cdash.cern.ch/index.php?project=ROOT&filtercount=1&field1=buildname/string&compare1=65&value1=PR-5721-ROOT-fedora30-cxx14&date=2020-06-07).; [See console output](https://lcgapp-services.cern.ch/root-jenkins/job/root-pullrequests-build/85739/console).; ### Failing tests:; - [projectroot.roottest.root.tree.branches.roottest_root_tree_branches_make](https://lcgapp-services.cern.ch/root-jenkins/job/root-pullrequests-build/85739/testReport/projectroot.roottest.root.tree/branches/roottest_root_tree_branches_make/),MatchSource.ISSUE_COMMENT,root-project,root,v6-32-06,https://github.com/root-project/root/pull/5721#issuecomment-640265357:412,test,tests,412,https://root.cern,https://github.com/root-project/root/pull/5721#issuecomment-640265357,2,['test'],"['testReport', 'tests']"
Testability,Build failed on ROOT-fedora30/cxx14.; Running on root-fedora30-2.cern.ch:/home/sftnight/build/workspace/root-pullrequests-build; [See cdash](http://cdash.cern.ch/index.php?project=ROOT&filtercount=1&field1=buildname/string&compare1=65&value1=PR-5752-ROOT-fedora30-cxx14&date=2020-06-01).; [See console output](https://lcgapp-services.cern.ch/root-jenkins/job/root-pullrequests-build/84442/console).; ### Failing tests:; - [projectroot.runtutorials.tutorial_tmva_envelope_classification](https://lcgapp-services.cern.ch/root-jenkins/job/root-pullrequests-build/84442/testReport/projectroot/runtutorials/tutorial_tmva_envelope_classification/),MatchSource.ISSUE_COMMENT,root-project,root,v6-32-06,https://github.com/root-project/root/pull/5752#issuecomment-636919850:412,test,tests,412,https://root.cern,https://github.com/root-project/root/pull/5752#issuecomment-636919850,2,['test'],"['testReport', 'tests']"
Testability,Build failed on ROOT-fedora30/cxx14.; Running on root-fedora30-2.cern.ch:/home/sftnight/build/workspace/root-pullrequests-build; [See cdash](http://cdash.cern.ch/index.php?project=ROOT&filtercount=1&field1=buildname/string&compare1=65&value1=PR-5755-ROOT-fedora30-cxx14&date=2020-05-31).; [See console output](https://lcgapp-services.cern.ch/root-jenkins/job/root-pullrequests-build/84402/console).; ### Errors:; - [2020-05-31T13:56:51.777Z] FAILED: tree/tree/test/ElementStructDict.cxx tree/tree/test/libElementStructDict_rdict.pcm tree/tree/test/libElementStructDict.rootmap ; - [2020-05-31T13:56:51.777Z] FAILED: tree/dataframe/test/TwoFloatsDict.cxx tree/dataframe/test/libTwoFloatsDict_rdict.pcm tree/dataframe/test/libTwoFloatsDict.rootmap ; - [2020-05-31T13:56:51.777Z] FAILED: bindings/tpython/G__ROOTTPython.cxx lib/ROOTTPython.pcm ; - [2020-05-31T13:56:51.777Z] FAILED: io/xmlparser/G__XMLParser.cxx lib/XMLParser.pcm ; - [2020-05-31T13:56:51.777Z] FAILED: tree/tree/test/G__SillyStruct.cxx tree/tree/test/SillyStruct.pcm ; - [2020-05-31T13:56:51.778Z] FAILED: tree/ntuple/v7/test/G__CustomStruct.cxx tree/ntuple/v7/test/CustomStruct.pcm ; - [2020-05-31T13:56:51.778Z] FAILED: io/xml/G__XMLIO.cxx lib/XMLIO.pcm ; - [2020-05-31T13:56:51.778Z] FAILED: net/net/G__Net.cxx lib/Net.pcm ; - [2020-05-31T13:56:51.778Z] FAILED: math/mathcore/G__MathCore.cxx lib/MathCore.pcm,MatchSource.ISSUE_COMMENT,root-project,root,v6-32-06,https://github.com/root-project/root/pull/5755#issuecomment-636474947:460,test,test,460,https://root.cern,https://github.com/root-project/root/pull/5755#issuecomment-636474947,10,['test'],['test']
Testability,Build failed on ROOT-fedora30/cxx14.; Running on root-fedora30-2.cern.ch:/home/sftnight/build/workspace/root-pullrequests-build; [See cdash](http://cdash.cern.ch/index.php?project=ROOT&filtercount=1&field1=buildname/string&compare1=65&value1=PR-5762-ROOT-fedora30-cxx14&date=2020-06-05).; [See console output](https://lcgapp-services.cern.ch/root-jenkins/job/root-pullrequests-build/85268/console).; ### Failing tests:; - [projectroot.tree.treeplayer.test.gtest_tree_treeplayer_test_treeprocessormt_remotefiles](https://lcgapp-services.cern.ch/root-jenkins/job/root-pullrequests-build/85268/testReport/projectroot.tree.treeplayer/test/gtest_tree_treeplayer_test_treeprocessormt_remotefiles/),MatchSource.ISSUE_COMMENT,root-project,root,v6-32-06,https://github.com/root-project/root/pull/5762#issuecomment-639179728:412,test,tests,412,https://root.cern,https://github.com/root-project/root/pull/5762#issuecomment-639179728,4,['test'],"['test', 'testReport', 'tests']"
Testability,Build failed on ROOT-fedora30/cxx14.; Running on root-fedora30-2.cern.ch:/home/sftnight/build/workspace/root-pullrequests-build; [See cdash](http://cdash.cern.ch/index.php?project=ROOT&filtercount=1&field1=buildname/string&compare1=65&value1=PR-5768-ROOT-fedora30-cxx14&date=2020-06-05).; [See console output](https://lcgapp-services.cern.ch/root-jenkins/job/root-pullrequests-build/85276/console).; ### Failing tests:; - [projectroot.tree.treeplayer.test.gtest_tree_treeplayer_test_treeprocessormt_remotefiles](https://lcgapp-services.cern.ch/root-jenkins/job/root-pullrequests-build/85276/testReport/projectroot.tree.treeplayer/test/gtest_tree_treeplayer_test_treeprocessormt_remotefiles/); - [projectroot.test.test_stressIOPlugins_xroot](https://lcgapp-services.cern.ch/root-jenkins/job/root-pullrequests-build/85276/testReport/projectroot/test/test_stressIOPlugins_xroot/),MatchSource.ISSUE_COMMENT,root-project,root,v6-32-06,https://github.com/root-project/root/pull/5768#issuecomment-639185461:412,test,tests,412,https://root.cern,https://github.com/root-project/root/pull/5768#issuecomment-639185461,7,['test'],"['test', 'testReport', 'tests']"
Testability,Build failed on ROOT-fedora30/cxx14.; Running on root-fedora30-2.cern.ch:/home/sftnight/build/workspace/root-pullrequests-build; [See cdash](http://cdash.cern.ch/index.php?project=ROOT&filtercount=1&field1=buildname/string&compare1=65&value1=PR-5772-ROOT-fedora30-cxx14&date=2020-06-03).; [See console output](https://lcgapp-services.cern.ch/root-jenkins/job/root-pullrequests-build/84835/console).; ### Failing tests:; - [projectroot.tree.dataframe.test.pyunittests_dataframe_cache](https://lcgapp-services.cern.ch/root-jenkins/job/root-pullrequests-build/84835/testReport/projectroot.tree.dataframe/test/pyunittests_dataframe_cache/),MatchSource.ISSUE_COMMENT,root-project,root,v6-32-06,https://github.com/root-project/root/pull/5772#issuecomment-638145383:412,test,tests,412,https://root.cern,https://github.com/root-project/root/pull/5772#issuecomment-638145383,4,['test'],"['test', 'testReport', 'tests']"
Testability,Build failed on ROOT-fedora30/cxx14.; Running on root-fedora30-2.cern.ch:/home/sftnight/build/workspace/root-pullrequests-build; [See cdash](http://cdash.cern.ch/index.php?project=ROOT&filtercount=1&field1=buildname/string&compare1=65&value1=PR-5793-ROOT-fedora30-cxx14&date=2020-06-05).; [See console output](https://lcgapp-services.cern.ch/root-jenkins/job/root-pullrequests-build/85260/console).; ### Failing tests:; - [projectroot.test.test_stressIOPlugins_xroot](https://lcgapp-services.cern.ch/root-jenkins/job/root-pullrequests-build/85260/testReport/projectroot/test/test_stressIOPlugins_xroot/); - [projectroot.tree.treeplayer.test.gtest_tree_treeplayer_test_treeprocessormt_remotefiles](https://lcgapp-services.cern.ch/root-jenkins/job/root-pullrequests-build/85260/testReport/projectroot.tree.treeplayer/test/gtest_tree_treeplayer_test_treeprocessormt_remotefiles/),MatchSource.ISSUE_COMMENT,root-project,root,v6-32-06,https://github.com/root-project/root/pull/5793#issuecomment-639168088:412,test,tests,412,https://root.cern,https://github.com/root-project/root/pull/5793#issuecomment-639168088,7,['test'],"['test', 'testReport', 'tests']"
Testability,Build failed on ROOT-fedora30/cxx14.; Running on root-fedora30-2.cern.ch:/home/sftnight/build/workspace/root-pullrequests-build; [See cdash](http://cdash.cern.ch/index.php?project=ROOT&filtercount=1&field1=buildname/string&compare1=65&value1=PR-5794-ROOT-fedora30-cxx14&date=2020-06-05).; [See console output](https://lcgapp-services.cern.ch/root-jenkins/job/root-pullrequests-build/85284/console).; ### Failing tests:; - [projectroot.tree.treeplayer.test.gtest_tree_treeplayer_test_treeprocessormt_remotefiles](https://lcgapp-services.cern.ch/root-jenkins/job/root-pullrequests-build/85284/testReport/projectroot.tree.treeplayer/test/gtest_tree_treeplayer_test_treeprocessormt_remotefiles/); - [projectroot.test.test_stressIOPlugins_xroot](https://lcgapp-services.cern.ch/root-jenkins/job/root-pullrequests-build/85284/testReport/projectroot/test/test_stressIOPlugins_xroot/),MatchSource.ISSUE_COMMENT,root-project,root,v6-32-06,https://github.com/root-project/root/pull/5794#issuecomment-639191711:412,test,tests,412,https://root.cern,https://github.com/root-project/root/pull/5794#issuecomment-639191711,7,['test'],"['test', 'testReport', 'tests']"
Testability,Build failed on ROOT-fedora30/cxx14.; Running on root-fedora30-2.cern.ch:/home/sftnight/build/workspace/root-pullrequests-build; [See cdash](http://cdash.cern.ch/index.php?project=ROOT&filtercount=1&field1=buildname/string&compare1=65&value1=PR-5806-ROOT-fedora30-cxx14&date=2020-06-05).; [See console output](https://lcgapp-services.cern.ch/root-jenkins/job/root-pullrequests-build/85576/console).; ### Failing tests:; - [projectroot.test.test_stressvector](https://lcgapp-services.cern.ch/root-jenkins/job/root-pullrequests-build/85576/testReport/projectroot/test/test_stressvector/); - [projectroot.test.test_stressshapes](https://lcgapp-services.cern.ch/root-jenkins/job/root-pullrequests-build/85576/testReport/projectroot/test/test_stressshapes/); - [projectroot.test.test_GenVector_Vc](https://lcgapp-services.cern.ch/root-jenkins/job/root-pullrequests-build/85576/testReport/projectroot/test/test_GenVector_Vc/); - [projectroot.test.test_stressHistFactory_interpreted](https://lcgapp-services.cern.ch/root-jenkins/job/root-pullrequests-build/85576/testReport/projectroot/test/test_stressHistFactory_interpreted/); - [projectroot.test.test_stressmathcore_interpreted](https://lcgapp-services.cern.ch/root-jenkins/job/root-pullrequests-build/85576/testReport/projectroot/test/test_stressmathcore_interpreted/); - [projectroot.test.test_stressroofit_interpreted](https://lcgapp-services.cern.ch/root-jenkins/job/root-pullrequests-build/85576/testReport/projectroot/test/test_stressroofit_interpreted/); - [projectroot.test.test_stressroostats_interpreted](https://lcgapp-services.cern.ch/root-jenkins/job/root-pullrequests-build/85576/testReport/projectroot/test/test_stressroostats_interpreted/); - [projectroot.roottest.python.cmdLineUtils.roottest_python_cmdLineUtils_TreeRootls1](https://lcgapp-services.cern.ch/root-jenkins/job/root-pullrequests-build/85576/testReport/projectroot.roottest.python/cmdLineUtils/roottest_python_cmdLineUtils_TreeRootls1/); - [projectroot.roottest.root.core.roo,MatchSource.ISSUE_COMMENT,root-project,root,v6-32-06,https://github.com/root-project/root/pull/5806#issuecomment-639773447:412,test,tests,412,https://root.cern,https://github.com/root-project/root/pull/5806#issuecomment-639773447,11,['test'],"['test', 'testReport', 'tests']"
Testability,Build failed on ROOT-fedora30/cxx14.; Running on root-fedora30-2.cern.ch:/home/sftnight/build/workspace/root-pullrequests-build; [See cdash](http://cdash.cern.ch/index.php?project=ROOT&filtercount=1&field1=buildname/string&compare1=65&value1=PR-5806-ROOT-fedora30-cxx14&date=2020-06-06).; [See console output](https://lcgapp-services.cern.ch/root-jenkins/job/root-pullrequests-build/85592/console).; ### Failing tests:; - [projectroot.roottest.root.io.filemerger.roottest_root_io_filemerger_execMergeMulti](https://lcgapp-services.cern.ch/root-jenkins/job/root-pullrequests-build/85592/testReport/projectroot.roottest.root.io/filemerger/roottest_root_io_filemerger_execMergeMulti/); - [projectroot.roottest.python.cmdLineUtils.roottest_python_cmdLineUtils_SimpleRootrm1CheckOutput](https://lcgapp-services.cern.ch/root-jenkins/job/root-pullrequests-build/85592/testReport/projectroot.roottest.python/cmdLineUtils/roottest_python_cmdLineUtils_SimpleRootrm1CheckOutput/); - [projectroot.roottest.python.cmdLineUtils.roottest_python_cmdLineUtils_SimpleRootrm2CheckOutput](https://lcgapp-services.cern.ch/root-jenkins/job/root-pullrequests-build/85592/testReport/projectroot.roottest.python/cmdLineUtils/roottest_python_cmdLineUtils_SimpleRootrm2CheckOutput/); - [projectroot.roottest.python.cmdLineUtils.roottest_python_cmdLineUtils_SimpleRootrm3CheckOutput](https://lcgapp-services.cern.ch/root-jenkins/job/root-pullrequests-build/85592/testReport/projectroot.roottest.python/cmdLineUtils/roottest_python_cmdLineUtils_SimpleRootrm3CheckOutput/); - [projectroot.roottest.python.cmdLineUtils.roottest_python_cmdLineUtils_SimpleRootmkdir1CheckOutput](https://lcgapp-services.cern.ch/root-jenkins/job/root-pullrequests-build/85592/testReport/projectroot.roottest.python/cmdLineUtils/roottest_python_cmdLineUtils_SimpleRootmkdir1CheckOutput/); - [projectroot.roottest.python.cmdLineUtils.roottest_python_cmdLineUtils_SimpleRootmkdir2CheckOutput](https://lcgapp-services.cern.ch/root-jenkins/job/root-pullrequ,MatchSource.ISSUE_COMMENT,root-project,root,v6-32-06,https://github.com/root-project/root/pull/5806#issuecomment-639865199:412,test,tests,412,https://root.cern,https://github.com/root-project/root/pull/5806#issuecomment-639865199,3,['test'],"['testReport', 'tests']"
Testability,Build failed on ROOT-fedora30/cxx14.; Running on root-fedora30-2.cern.ch:/home/sftnight/build/workspace/root-pullrequests-build; [See cdash](http://cdash.cern.ch/index.php?project=ROOT&filtercount=1&field1=buildname/string&compare1=65&value1=PR-5814-ROOT-fedora30-cxx14&date=2020-06-07).; [See console output](https://lcgapp-services.cern.ch/root-jenkins/job/root-pullrequests-build/85731/console).; ### Failing tests:; - [projectroot.test.test_stresshistogram_interpreted](https://lcgapp-services.cern.ch/root-jenkins/job/root-pullrequests-build/85731/testReport/projectroot/test/test_stresshistogram_interpreted/); - [projectroot.roottest.root.tree.reader.roottest_root_tree_reader_test_oddName](https://lcgapp-services.cern.ch/root-jenkins/job/root-pullrequests-build/85731/testReport/projectroot.roottest.root.tree/reader/roottest_root_tree_reader_test_oddName/),MatchSource.ISSUE_COMMENT,root-project,root,v6-32-06,https://github.com/root-project/root/pull/5814#issuecomment-640254802:412,test,tests,412,https://root.cern,https://github.com/root-project/root/pull/5814#issuecomment-640254802,5,['test'],"['test', 'testReport', 'tests']"
Testability,Build failed on ROOT-fedora30/cxx14.; Running on root-fedora30-2.cern.ch:/home/sftnight/build/workspace/root-pullrequests-build; [See cdash](http://cdash.cern.ch/index.php?project=ROOT&filtercount=1&field1=buildname/string&compare1=65&value1=PR-5817-ROOT-fedora30-cxx14&date=2020-06-08).; [See console output](https://lcgapp-services.cern.ch/root-jenkins/job/root-pullrequests-build/85796/console).; ### Failing tests:; - [projectroot.roottest.root.io.tuple.roottest_root_io_tuple_make](https://lcgapp-services.cern.ch/root-jenkins/job/root-pullrequests-build/85796/testReport/projectroot.roottest.root.io/tuple/roottest_root_io_tuple_make/),MatchSource.ISSUE_COMMENT,root-project,root,v6-32-06,https://github.com/root-project/root/pull/5817#issuecomment-640448991:412,test,tests,412,https://root.cern,https://github.com/root-project/root/pull/5817#issuecomment-640448991,2,['test'],"['testReport', 'tests']"
Testability,Build failed on ROOT-fedora30/cxx14.; Running on root-fedora30-2.cern.ch:/home/sftnight/build/workspace/root-pullrequests-build; [See cdash](http://cdash.cern.ch/index.php?project=ROOT&filtercount=1&field1=buildname/string&compare1=65&value1=PR-5845-ROOT-fedora30-cxx14&date=2020-06-10).; [See console output](https://lcgapp-services.cern.ch/root-jenkins/job/root-pullrequests-build/86322/console).; ### Failing tests:; - [projectroot.tree.dataframe.test.gtest_tree_dataframe_test_dataframe_snapshot](https://lcgapp-services.cern.ch/root-jenkins/job/root-pullrequests-build/86322/testReport/projectroot.tree.dataframe/test/gtest_tree_dataframe_test_dataframe_snapshot/),MatchSource.ISSUE_COMMENT,root-project,root,v6-32-06,https://github.com/root-project/root/pull/5845#issuecomment-642228366:412,test,tests,412,https://root.cern,https://github.com/root-project/root/pull/5845#issuecomment-642228366,4,['test'],"['test', 'testReport', 'tests']"
Testability,Build failed on ROOT-fedora30/cxx14.; Running on root-fedora30-2.cern.ch:/home/sftnight/build/workspace/root-pullrequests-build; [See cdash](http://cdash.cern.ch/index.php?project=ROOT&filtercount=1&field1=buildname/string&compare1=65&value1=PR-5847-ROOT-fedora30-cxx14&date=2020-07-08).; [See console output](https://lcgapp-services.cern.ch/root-jenkins/job/root-pullrequests-build/89294/console).; ### Failing tests:; - [projectroot.test.test_stresstmva_interpreted](https://lcgapp-services.cern.ch/root-jenkins/job/root-pullrequests-build/89294/testReport/projectroot/test/test_stresstmva_interpreted/); - [projectroot.roottest.python.pickle.roottest_python_pickle_write](https://lcgapp-services.cern.ch/root-jenkins/job/root-pullrequests-build/89294/testReport/projectroot.roottest.python/pickle/roottest_python_pickle_write/); - [projectroot.roottest.python.pickle.roottest_python_pickle_read](https://lcgapp-services.cern.ch/root-jenkins/job/root-pullrequests-build/89294/testReport/projectroot.roottest.python/pickle/roottest_python_pickle_read/); - [projectroot.roottest.python.ttree.roottest_python_ttree_ttree](https://lcgapp-services.cern.ch/root-jenkins/job/root-pullrequests-build/89294/testReport/projectroot.roottest.python/ttree/roottest_python_ttree_ttree/),MatchSource.ISSUE_COMMENT,root-project,root,v6-32-06,https://github.com/root-project/root/pull/5847#issuecomment-655720116:412,test,tests,412,https://root.cern,https://github.com/root-project/root/pull/5847#issuecomment-655720116,7,['test'],"['test', 'testReport', 'tests']"
Testability,Build failed on ROOT-fedora30/cxx14.; Running on root-fedora30-2.cern.ch:/home/sftnight/build/workspace/root-pullrequests-build; [See cdash](http://cdash.cern.ch/index.php?project=ROOT&filtercount=1&field1=buildname/string&compare1=65&value1=PR-5847-ROOT-fedora30-cxx14&date=2020-07-09).; [See console output](https://lcgapp-services.cern.ch/root-jenkins/job/root-pullrequests-build/89318/console).; ### Failing tests:; - [projectroot.roottest.python.JupyROOT.roottest_python_JupyROOT_cppcompleter_doctest](https://lcgapp-services.cern.ch/root-jenkins/job/root-pullrequests-build/89318/testReport/projectroot.roottest.python/JupyROOT/roottest_python_JupyROOT_cppcompleter_doctest/),MatchSource.ISSUE_COMMENT,root-project,root,v6-32-06,https://github.com/root-project/root/pull/5847#issuecomment-655938515:412,test,tests,412,https://root.cern,https://github.com/root-project/root/pull/5847#issuecomment-655938515,2,['test'],"['testReport', 'tests']"
Testability,Build failed on ROOT-fedora30/cxx14.; Running on root-fedora30-2.cern.ch:/home/sftnight/build/workspace/root-pullrequests-build; [See cdash](http://cdash.cern.ch/index.php?project=ROOT&filtercount=1&field1=buildname/string&compare1=65&value1=PR-5847-ROOT-fedora30-cxx14&date=2020-07-09).; [See console output](https://lcgapp-services.cern.ch/root-jenkins/job/root-pullrequests-build/89342/console).; ### Failing tests:; - [projectroot.roottest.python.JupyROOT.roottest_python_JupyROOT_cppcompleter_doctest](https://lcgapp-services.cern.ch/root-jenkins/job/root-pullrequests-build/89342/testReport/projectroot.roottest.python/JupyROOT/roottest_python_JupyROOT_cppcompleter_doctest/),MatchSource.ISSUE_COMMENT,root-project,root,v6-32-06,https://github.com/root-project/root/pull/5847#issuecomment-655976884:412,test,tests,412,https://root.cern,https://github.com/root-project/root/pull/5847#issuecomment-655976884,2,['test'],"['testReport', 'tests']"
Testability,Build failed on ROOT-fedora30/cxx14.; Running on root-fedora30-2.cern.ch:/home/sftnight/build/workspace/root-pullrequests-build; [See cdash](http://cdash.cern.ch/index.php?project=ROOT&filtercount=1&field1=buildname/string&compare1=65&value1=PR-5847-ROOT-fedora30-cxx14&date=2020-07-09).; [See console output](https://lcgapp-services.cern.ch/root-jenkins/job/root-pullrequests-build/89358/console).; ### Failing tests:; - [projectroot.test.test_stresstmva_interpreted](https://lcgapp-services.cern.ch/root-jenkins/job/root-pullrequests-build/89358/testReport/projectroot/test/test_stresstmva_interpreted/); - [projectroot.roottest.python.JupyROOT.roottest_python_JupyROOT_cppcompleter_doctest](https://lcgapp-services.cern.ch/root-jenkins/job/root-pullrequests-build/89358/testReport/projectroot.roottest.python/JupyROOT/roottest_python_JupyROOT_cppcompleter_doctest/),MatchSource.ISSUE_COMMENT,root-project,root,v6-32-06,https://github.com/root-project/root/pull/5847#issuecomment-655997588:412,test,tests,412,https://root.cern,https://github.com/root-project/root/pull/5847#issuecomment-655997588,5,['test'],"['test', 'testReport', 'tests']"
Testability,Build failed on ROOT-fedora30/cxx14.; Running on root-fedora30-2.cern.ch:/home/sftnight/build/workspace/root-pullrequests-build; [See cdash](http://cdash.cern.ch/index.php?project=ROOT&filtercount=1&field1=buildname/string&compare1=65&value1=PR-5847-ROOT-fedora30-cxx14&date=2020-08-07).; [See console output](https://lcgapp-services.cern.ch/root-jenkins/job/root-pullrequests-build/91876/console).; ### Failing tests:; - [projectroot.roottest.python.JupyROOT.roottest_python_JupyROOT_cppcompleter_doctest](https://lcgapp-services.cern.ch/root-jenkins/job/root-pullrequests-build/91876/testReport/projectroot.roottest.python/JupyROOT/roottest_python_JupyROOT_cppcompleter_doctest/),MatchSource.ISSUE_COMMENT,root-project,root,v6-32-06,https://github.com/root-project/root/pull/5847#issuecomment-670562580:412,test,tests,412,https://root.cern,https://github.com/root-project/root/pull/5847#issuecomment-670562580,2,['test'],"['testReport', 'tests']"
Testability,Build failed on ROOT-fedora30/cxx14.; Running on root-fedora30-2.cern.ch:/home/sftnight/build/workspace/root-pullrequests-build; [See cdash](http://cdash.cern.ch/index.php?project=ROOT&filtercount=1&field1=buildname/string&compare1=65&value1=PR-5847-ROOT-fedora30-cxx14&date=2020-08-07).; [See console output](https://lcgapp-services.cern.ch/root-jenkins/job/root-pullrequests-build/91892/console).; ### Failing tests:; - [projectroot.core.rint.test.gtest_core_rint_test_TTabComTests](https://lcgapp-services.cern.ch/root-jenkins/job/root-pullrequests-build/91892/testReport/projectroot.core.rint/test/gtest_core_rint_test_TTabComTests/); - [projectroot.roottest.python.JupyROOT.roottest_python_JupyROOT_cppcompleter_doctest](https://lcgapp-services.cern.ch/root-jenkins/job/root-pullrequests-build/91892/testReport/projectroot.roottest.python/JupyROOT/roottest_python_JupyROOT_cppcompleter_doctest/); - [projectroot.roottest.root.rint.roottest_root_rint_TabCom](https://lcgapp-services.cern.ch/root-jenkins/job/root-pullrequests-build/91892/testReport/projectroot.roottest.root/rint/roottest_root_rint_TabCom/),MatchSource.ISSUE_COMMENT,root-project,root,v6-32-06,https://github.com/root-project/root/pull/5847#issuecomment-670705335:412,test,tests,412,https://root.cern,https://github.com/root-project/root/pull/5847#issuecomment-670705335,6,['test'],"['test', 'testReport', 'tests']"
Testability,Build failed on ROOT-fedora30/cxx14.; Running on root-fedora30-2.cern.ch:/home/sftnight/build/workspace/root-pullrequests-build; [See cdash](http://cdash.cern.ch/index.php?project=ROOT&filtercount=1&field1=buildname/string&compare1=65&value1=PR-5847-ROOT-fedora30-cxx14&date=2020-08-07).; [See console output](https://lcgapp-services.cern.ch/root-jenkins/job/root-pullrequests-build/91900/console).; ### Failing tests:; - [projectroot.roottest.root.rint.roottest_root_rint_TabCom](https://lcgapp-services.cern.ch/root-jenkins/job/root-pullrequests-build/91900/testReport/projectroot.roottest.root/rint/roottest_root_rint_TabCom/),MatchSource.ISSUE_COMMENT,root-project,root,v6-32-06,https://github.com/root-project/root/pull/5847#issuecomment-670720436:412,test,tests,412,https://root.cern,https://github.com/root-project/root/pull/5847#issuecomment-670720436,2,['test'],"['testReport', 'tests']"
Testability,Build failed on ROOT-fedora30/cxx14.; Running on root-fedora30-2.cern.ch:/home/sftnight/build/workspace/root-pullrequests-build; [See cdash](http://cdash.cern.ch/index.php?project=ROOT&filtercount=1&field1=buildname/string&compare1=65&value1=PR-5847-ROOT-fedora30-cxx14&date=2020-08-08).; [See console output](https://lcgapp-services.cern.ch/root-jenkins/job/root-pullrequests-build/91916/console).; ### Failing tests:; - [projectroot.runtutorials.tutorial_tmva_envelope_classification](https://lcgapp-services.cern.ch/root-jenkins/job/root-pullrequests-build/91916/testReport/projectroot/runtutorials/tutorial_tmva_envelope_classification/); - [projectroot.roottest.root.rint.roottest_root_rint_TabCom](https://lcgapp-services.cern.ch/root-jenkins/job/root-pullrequests-build/91916/testReport/projectroot.roottest.root/rint/roottest_root_rint_TabCom/),MatchSource.ISSUE_COMMENT,root-project,root,v6-32-06,https://github.com/root-project/root/pull/5847#issuecomment-670771693:412,test,tests,412,https://root.cern,https://github.com/root-project/root/pull/5847#issuecomment-670771693,3,['test'],"['testReport', 'tests']"
Testability,Build failed on ROOT-fedora30/cxx14.; Running on root-fedora30-2.cern.ch:/home/sftnight/build/workspace/root-pullrequests-build; [See cdash](http://cdash.cern.ch/index.php?project=ROOT&filtercount=1&field1=buildname/string&compare1=65&value1=PR-5847-ROOT-fedora30-cxx14&date=2020-08-08).; [See console output](https://lcgapp-services.cern.ch/root-jenkins/job/root-pullrequests-build/91956/console).; ### Failing tests:; - [projectroot.core.rint.test.gtest_core_rint_test_TTabComTests](https://lcgapp-services.cern.ch/root-jenkins/job/root-pullrequests-build/91956/testReport/projectroot.core.rint/test/gtest_core_rint_test_TTabComTests/); - [projectroot.roottest.python.JupyROOT.roottest_python_JupyROOT_cppcompleter_doctest](https://lcgapp-services.cern.ch/root-jenkins/job/root-pullrequests-build/91956/testReport/projectroot.roottest.python/JupyROOT/roottest_python_JupyROOT_cppcompleter_doctest/); - [projectroot.roottest.root.rint.roottest_root_rint_TabCom](https://lcgapp-services.cern.ch/root-jenkins/job/root-pullrequests-build/91956/testReport/projectroot.roottest.root/rint/roottest_root_rint_TabCom/),MatchSource.ISSUE_COMMENT,root-project,root,v6-32-06,https://github.com/root-project/root/pull/5847#issuecomment-670853674:412,test,tests,412,https://root.cern,https://github.com/root-project/root/pull/5847#issuecomment-670853674,6,['test'],"['test', 'testReport', 'tests']"
Testability,Build failed on ROOT-fedora30/cxx14.; Running on root-fedora30-2.cern.ch:/home/sftnight/build/workspace/root-pullrequests-build; [See cdash](http://cdash.cern.ch/index.php?project=ROOT&filtercount=1&field1=buildname/string&compare1=65&value1=PR-5847-ROOT-fedora30-cxx14&date=2020-08-10).; [See console output](https://lcgapp-services.cern.ch/root-jenkins/job/root-pullrequests-build/92028/console).; ### Failing tests:; - [projectroot.core.rint.test.gtest_core_rint_test_TTabComTests](https://lcgapp-services.cern.ch/root-jenkins/job/root-pullrequests-build/92028/testReport/projectroot.core.rint/test/gtest_core_rint_test_TTabComTests/),MatchSource.ISSUE_COMMENT,root-project,root,v6-32-06,https://github.com/root-project/root/pull/5847#issuecomment-671354352:412,test,tests,412,https://root.cern,https://github.com/root-project/root/pull/5847#issuecomment-671354352,4,['test'],"['test', 'testReport', 'tests']"
Testability,Build failed on ROOT-fedora30/cxx14.; Running on root-fedora30-2.cern.ch:/home/sftnight/build/workspace/root-pullrequests-build; [See cdash](http://cdash.cern.ch/index.php?project=ROOT&filtercount=1&field1=buildname/string&compare1=65&value1=PR-5847-ROOT-fedora30-cxx14&date=2020-08-10).; [See console output](https://lcgapp-services.cern.ch/root-jenkins/job/root-pullrequests-build/92092/console).; ### Failing tests:; - [projectroot.core.rint.test.gtest_core_rint_test_TTabComTests](https://lcgapp-services.cern.ch/root-jenkins/job/root-pullrequests-build/92092/testReport/projectroot.core.rint/test/gtest_core_rint_test_TTabComTests/),MatchSource.ISSUE_COMMENT,root-project,root,v6-32-06,https://github.com/root-project/root/pull/5847#issuecomment-671481008:412,test,tests,412,https://root.cern,https://github.com/root-project/root/pull/5847#issuecomment-671481008,4,['test'],"['test', 'testReport', 'tests']"
Testability,Build failed on ROOT-fedora30/cxx14.; Running on root-fedora30-2.cern.ch:/home/sftnight/build/workspace/root-pullrequests-build; [See cdash](http://cdash.cern.ch/index.php?project=ROOT&filtercount=1&field1=buildname/string&compare1=65&value1=PR-5860-ROOT-fedora30-cxx14&date=2020-06-12).; [See console output](https://lcgapp-services.cern.ch/root-jenkins/job/root-pullrequests-build/86622/console).; ### Failing tests:; - [projectroot.test.test_stressroofit_interpreted](https://lcgapp-services.cern.ch/root-jenkins/job/root-pullrequests-build/86622/testReport/projectroot/test/test_stressroofit_interpreted/),MatchSource.ISSUE_COMMENT,root-project,root,v6-32-06,https://github.com/root-project/root/pull/5860#issuecomment-643205383:412,test,tests,412,https://root.cern,https://github.com/root-project/root/pull/5860#issuecomment-643205383,4,['test'],"['test', 'testReport', 'tests']"
Testability,Build failed on ROOT-fedora30/cxx14.; Running on root-fedora30-2.cern.ch:/home/sftnight/build/workspace/root-pullrequests-build; [See cdash](http://cdash.cern.ch/index.php?project=ROOT&filtercount=1&field1=buildname/string&compare1=65&value1=PR-5884-ROOT-fedora30-cxx14&date=2020-06-17).; [See console output](https://lcgapp-services.cern.ch/root-jenkins/job/root-pullrequests-build/87175/console).; ### Failing tests:; - [projectroot.roottest.python.pickle.roottest_python_pickle_write](https://lcgapp-services.cern.ch/root-jenkins/job/root-pullrequests-build/87175/testReport/projectroot.roottest.python/pickle/roottest_python_pickle_write/); - [projectroot.test.test_stresstmva_interpreted](https://lcgapp-services.cern.ch/root-jenkins/job/root-pullrequests-build/87175/testReport/projectroot/test/test_stresstmva_interpreted/); - [projectroot.test.test_stressmathcore_interpreted](https://lcgapp-services.cern.ch/root-jenkins/job/root-pullrequests-build/87175/testReport/projectroot/test/test_stressmathcore_interpreted/); - [projectroot.roottest.python.JupyROOT.roottest_python_JupyROOT_cppcompleter_doctest](https://lcgapp-services.cern.ch/root-jenkins/job/root-pullrequests-build/87175/testReport/projectroot.roottest.python/JupyROOT/roottest_python_JupyROOT_cppcompleter_doctest/); - [projectroot.roottest.python.pickle.roottest_python_pickle_read](https://lcgapp-services.cern.ch/root-jenkins/job/root-pullrequests-build/87175/testReport/projectroot.roottest.python/pickle/roottest_python_pickle_read/); - [projectroot.roottest.python.ttree.roottest_python_ttree_ttree](https://lcgapp-services.cern.ch/root-jenkins/job/root-pullrequests-build/87175/testReport/projectroot.roottest.python/ttree/roottest_python_ttree_ttree/),MatchSource.ISSUE_COMMENT,root-project,root,v6-32-06,https://github.com/root-project/root/pull/5884#issuecomment-645188254:412,test,tests,412,https://root.cern,https://github.com/root-project/root/pull/5884#issuecomment-645188254,11,['test'],"['test', 'testReport', 'tests']"
Testability,Build failed on ROOT-fedora30/cxx14.; Running on root-fedora30-2.cern.ch:/home/sftnight/build/workspace/root-pullrequests-build; [See cdash](http://cdash.cern.ch/index.php?project=ROOT&filtercount=1&field1=buildname/string&compare1=65&value1=PR-5884-ROOT-fedora30-cxx14&date=2020-07-08).; [See console output](https://lcgapp-services.cern.ch/root-jenkins/job/root-pullrequests-build/89270/console).; ### Failing tests:; - [projectroot.roottest.python.JupyROOT.roottest_python_JupyROOT_cppcompleter_doctest](https://lcgapp-services.cern.ch/root-jenkins/job/root-pullrequests-build/89270/testReport/projectroot.roottest.python/JupyROOT/roottest_python_JupyROOT_cppcompleter_doctest/); - [projectroot.roottest.python.ttree.roottest_python_ttree_ttree](https://lcgapp-services.cern.ch/root-jenkins/job/root-pullrequests-build/89270/testReport/projectroot.roottest.python/ttree/roottest_python_ttree_ttree/),MatchSource.ISSUE_COMMENT,root-project,root,v6-32-06,https://github.com/root-project/root/pull/5884#issuecomment-655648836:412,test,tests,412,https://root.cern,https://github.com/root-project/root/pull/5884#issuecomment-655648836,3,['test'],"['testReport', 'tests']"
Testability,Build failed on ROOT-fedora30/cxx14.; Running on root-fedora30-2.cern.ch:/home/sftnight/build/workspace/root-pullrequests-build; [See cdash](http://cdash.cern.ch/index.php?project=ROOT&filtercount=1&field1=buildname/string&compare1=65&value1=PR-5884-ROOT-fedora30-cxx14&date=2020-07-09).; [See console output](https://lcgapp-services.cern.ch/root-jenkins/job/root-pullrequests-build/89382/console).; ### Failing tests:; - [projectroot.io.io.test.gtest_io_io_test_RRawFile](https://lcgapp-services.cern.ch/root-jenkins/job/root-pullrequests-build/89382/testReport/projectroot.io.io/test/gtest_io_io_test_RRawFile/); - [projectroot.tree.dataframe.test.gtest_tree_dataframe_test_dataframe_display](https://lcgapp-services.cern.ch/root-jenkins/job/root-pullrequests-build/89382/testReport/projectroot.tree.dataframe/test/gtest_tree_dataframe_test_dataframe_display/); - [projectroot.tree.dataframe.test.gtest_tree_dataframe_test_dataframe_simple](https://lcgapp-services.cern.ch/root-jenkins/job/root-pullrequests-build/89382/testReport/projectroot.tree.dataframe/test/gtest_tree_dataframe_test_dataframe_simple/); - [projectroot.test.test_stresshistofit_interpreted](https://lcgapp-services.cern.ch/root-jenkins/job/root-pullrequests-build/89382/testReport/projectroot/test/test_stresshistofit_interpreted/); - [projectroot.roottest.root.io.tree.roottest_root_io_tree_make](https://lcgapp-services.cern.ch/root-jenkins/job/root-pullrequests-build/89382/testReport/projectroot.roottest.root.io/tree/roottest_root_io_tree_make/); - [projectroot.roottest.root.dataframe.roottest_root_dataframe_testIMT](https://lcgapp-services.cern.ch/root-jenkins/job/root-pullrequests-build/89382/testReport/projectroot.roottest.root/dataframe/roottest_root_dataframe_testIMT/); - [projectroot.roottest.root.dataframe.roottest_root_dataframe_misc](https://lcgapp-services.cern.ch/root-jenkins/job/root-pullrequests-build/89382/testReport/projectroot.roottest.root/dataframe/roottest_root_dataframe_misc/),MatchSource.ISSUE_COMMENT,root-project,root,v6-32-06,https://github.com/root-project/root/pull/5884#issuecomment-656039500:412,test,tests,412,https://root.cern,https://github.com/root-project/root/pull/5884#issuecomment-656039500,16,['test'],"['test', 'testReport', 'tests']"
Testability,Build failed on ROOT-fedora30/cxx14.; Running on root-fedora30-2.cern.ch:/home/sftnight/build/workspace/root-pullrequests-build; [See cdash](http://cdash.cern.ch/index.php?project=ROOT&filtercount=1&field1=buildname/string&compare1=65&value1=PR-5884-ROOT-fedora30-cxx14&date=2020-07-09).; [See console output](https://lcgapp-services.cern.ch/root-jenkins/job/root-pullrequests-build/89390/console).; ### Errors:; - [2020-07-09T10:52:41.581Z] 800/2096 Test #689: tutorial-math-quasirandom .........................................................................***Failed Error regular expression found in output. Regex=[: error:] 0.42 sec ; - [2020-07-09T10:54:26.701Z] 1055/2096 Test #963: tutorial-v7-draw_mt.cxx ...........................................................................***Failed Error regular expression found in output. Regex=[: error:] 2.29 sec ; - [2020-07-09T10:54:40.020Z] 1070/2096 Test #980: tutorial-v7-pad.cxx ...............................................................................***Failed Error regular expression found in output. Regex=[: error:] 1.70 sec . ### Failing tests:; - [projectroot.io.io.test.gtest_io_io_test_RRawFile](https://lcgapp-services.cern.ch/root-jenkins/job/root-pullrequests-build/89390/testReport/projectroot.io.io/test/gtest_io_io_test_RRawFile/); - [projectroot.tree.dataframe.test.gtest_tree_dataframe_test_dataframe_display](https://lcgapp-services.cern.ch/root-jenkins/job/root-pullrequests-build/89390/testReport/projectroot.tree.dataframe/test/gtest_tree_dataframe_test_dataframe_display/); - [projectroot.runtutorials.tutorial_v7_draw_mt.cxx](https://lcgapp-services.cern.ch/root-jenkins/job/root-pullrequests-build/89390/testReport/projectroot/runtutorials/tutorial_v7_draw_mt_cxx/); - [projectroot.runtutorials.tutorial_v7_pad.cxx](https://lcgapp-services.cern.ch/root-jenkins/job/root-pullrequests-build/89390/testReport/projectroot/runtutorials/tutorial_v7_pad_cxx/); - [projectroot.roottest.root.io.tree.roottest_root_io_tr,MatchSource.ISSUE_COMMENT,root-project,root,v6-32-06,https://github.com/root-project/root/pull/5884#issuecomment-656067468:451,Test,Test,451,https://root.cern,https://github.com/root-project/root/pull/5884#issuecomment-656067468,3,['Test'],['Test']
Testability,Build failed on ROOT-fedora30/cxx14.; Running on root-fedora30-2.cern.ch:/home/sftnight/build/workspace/root-pullrequests-build; [See cdash](http://cdash.cern.ch/index.php?project=ROOT&filtercount=1&field1=buildname/string&compare1=65&value1=PR-5884-ROOT-fedora30-cxx14&date=2020-07-10).; [See console output](https://lcgapp-services.cern.ch/root-jenkins/job/root-pullrequests-build/89536/console).; ### Errors:; - [2020-07-10T14:06:48.458Z] 800/2097 Test #690: tutorial-math-quasirandom .........................................................................***Failed Error regular expression found in output. Regex=[: error:] 0.87 sec ; - [2020-07-10T14:08:28.959Z] 1057/2097 Test #964: tutorial-v7-draw_mt.cxx ...........................................................................***Failed Error regular expression found in output. Regex=[: error:] 2.06 sec ; - [2020-07-10T14:08:44.178Z] 1076/2097 Test #981: tutorial-v7-pad.cxx ...............................................................................***Failed Error regular expression found in output. Regex=[: error:] 2.30 sec . ### Failing tests:; - [projectroot.core.rint.test.gtest_core_rint_test_TTabComTests](https://lcgapp-services.cern.ch/root-jenkins/job/root-pullrequests-build/89536/testReport/projectroot.core.rint/test/gtest_core_rint_test_TTabComTests/); - [projectroot.io.io.test.gtest_io_io_test_RRawFile](https://lcgapp-services.cern.ch/root-jenkins/job/root-pullrequests-build/89536/testReport/projectroot.io.io/test/gtest_io_io_test_RRawFile/); - [projectroot.tree.dataframe.test.gtest_tree_dataframe_test_dataframe_display](https://lcgapp-services.cern.ch/root-jenkins/job/root-pullrequests-build/89536/testReport/projectroot.tree.dataframe/test/gtest_tree_dataframe_test_dataframe_display/); - [projectroot.tree.dataframe.test.gtest_tree_dataframe_test_dataframe_simple](https://lcgapp-services.cern.ch/root-jenkins/job/root-pullrequests-build/89536/testReport/projectroot.tree.dataframe/test/gtest_tree_datafra,MatchSource.ISSUE_COMMENT,root-project,root,v6-32-06,https://github.com/root-project/root/pull/5884#issuecomment-656704885:451,Test,Test,451,https://root.cern,https://github.com/root-project/root/pull/5884#issuecomment-656704885,3,['Test'],['Test']
Testability,Build failed on ROOT-fedora30/cxx14.; Running on root-fedora30-2.cern.ch:/home/sftnight/build/workspace/root-pullrequests-build; [See cdash](http://cdash.cern.ch/index.php?project=ROOT&filtercount=1&field1=buildname/string&compare1=65&value1=PR-5884-ROOT-fedora30-cxx14&date=2020-07-10).; [See console output](https://lcgapp-services.cern.ch/root-jenkins/job/root-pullrequests-build/89568/console).; ### Failing tests:; - [projectroot.roottest.python.pickle.roottest_python_pickle_write](https://lcgapp-services.cern.ch/root-jenkins/job/root-pullrequests-build/89568/testReport/projectroot.roottest.python/pickle/roottest_python_pickle_write/); - [projectroot.test.test_stresstmva_interpreted](https://lcgapp-services.cern.ch/root-jenkins/job/root-pullrequests-build/89568/testReport/projectroot/test/test_stresstmva_interpreted/); - [projectroot.roottest.python.JupyROOT.roottest_python_JupyROOT_cppcompleter_doctest](https://lcgapp-services.cern.ch/root-jenkins/job/root-pullrequests-build/89568/testReport/projectroot.roottest.python/JupyROOT/roottest_python_JupyROOT_cppcompleter_doctest/); - [projectroot.roottest.python.pickle.roottest_python_pickle_read](https://lcgapp-services.cern.ch/root-jenkins/job/root-pullrequests-build/89568/testReport/projectroot.roottest.python/pickle/roottest_python_pickle_read/); - [projectroot.roottest.python.ttree.roottest_python_ttree_ttree](https://lcgapp-services.cern.ch/root-jenkins/job/root-pullrequests-build/89568/testReport/projectroot.roottest.python/ttree/roottest_python_ttree_ttree/); - [projectroot.test.test_stresshistofit_interpreted](https://lcgapp-services.cern.ch/root-jenkins/job/root-pullrequests-build/89568/testReport/projectroot/test/test_stresshistofit_interpreted/),MatchSource.ISSUE_COMMENT,root-project,root,v6-32-06,https://github.com/root-project/root/pull/5884#issuecomment-656859334:412,test,tests,412,https://root.cern,https://github.com/root-project/root/pull/5884#issuecomment-656859334,11,['test'],"['test', 'testReport', 'tests']"
Testability,Build failed on ROOT-fedora30/cxx14.; Running on root-fedora30-2.cern.ch:/home/sftnight/build/workspace/root-pullrequests-build; [See cdash](http://cdash.cern.ch/index.php?project=ROOT&filtercount=1&field1=buildname/string&compare1=65&value1=PR-5884-ROOT-fedora30-cxx14&date=2020-07-14).; [See console output](https://lcgapp-services.cern.ch/root-jenkins/job/root-pullrequests-build/89676/console).; ### Failing tests:; - [projectroot.runtutorials.tutorial_tmva_TMVAMultipleBackgroundExample](https://lcgapp-services.cern.ch/root-jenkins/job/root-pullrequests-build/89676/testReport/projectroot/runtutorials/tutorial_tmva_TMVAMultipleBackgroundExample/); - [projectroot.roottest.python.pickle.roottest_python_pickle_write](https://lcgapp-services.cern.ch/root-jenkins/job/root-pullrequests-build/89676/testReport/projectroot.roottest.python/pickle/roottest_python_pickle_write/); - [projectroot.test.test_stresstmva_interpreted](https://lcgapp-services.cern.ch/root-jenkins/job/root-pullrequests-build/89676/testReport/projectroot/test/test_stresstmva_interpreted/); - [projectroot.test.test_stresshistofit_interpreted](https://lcgapp-services.cern.ch/root-jenkins/job/root-pullrequests-build/89676/testReport/projectroot/test/test_stresshistofit_interpreted/); - [projectroot.runtutorials.tutorial_tmva_tmva003_RReader](https://lcgapp-services.cern.ch/root-jenkins/job/root-pullrequests-build/89676/testReport/projectroot/runtutorials/tutorial_tmva_tmva003_RReader/); - [projectroot.runtutorials.tutorial_tmva_tmva002_RDataFrameAsTensor](https://lcgapp-services.cern.ch/root-jenkins/job/root-pullrequests-build/89676/testReport/projectroot/runtutorials/tutorial_tmva_tmva002_RDataFrameAsTensor/); - [projectroot.roottest.python.pickle.roottest_python_pickle_read](https://lcgapp-services.cern.ch/root-jenkins/job/root-pullrequests-build/89676/testReport/projectroot.roottest.python/pickle/roottest_python_pickle_read/); - [projectroot.roottest.cling.reflex.roottest_cling_reflex_make](https://lcgapp-,MatchSource.ISSUE_COMMENT,root-project,root,v6-32-06,https://github.com/root-project/root/pull/5884#issuecomment-658258990:412,test,tests,412,https://root.cern,https://github.com/root-project/root/pull/5884#issuecomment-658258990,4,['test'],"['test', 'testReport', 'tests']"
Testability,Build failed on ROOT-fedora30/cxx14.; Running on root-fedora30-2.cern.ch:/home/sftnight/build/workspace/root-pullrequests-build; [See cdash](http://cdash.cern.ch/index.php?project=ROOT&filtercount=1&field1=buildname/string&compare1=65&value1=PR-5884-ROOT-fedora30-cxx14&date=2020-07-14).; [See console output](https://lcgapp-services.cern.ch/root-jenkins/job/root-pullrequests-build/89724/console).; ### Failing tests:; - [projectroot.test.test_stresstmva_interpreted](https://lcgapp-services.cern.ch/root-jenkins/job/root-pullrequests-build/89724/testReport/projectroot/test/test_stresstmva_interpreted/); - [projectroot.test.test_stresshistofit_interpreted](https://lcgapp-services.cern.ch/root-jenkins/job/root-pullrequests-build/89724/testReport/projectroot/test/test_stresshistofit_interpreted/); - [projectroot.roottest.cling.function.roottest_cling_function_TheClass_build](https://lcgapp-services.cern.ch/root-jenkins/job/root-pullrequests-build/89724/testReport/projectroot.roottest.cling/function/roottest_cling_function_TheClass_build/); - [projectroot.roottest.cling.function.roottest_cling_function_runoverloadResolution](https://lcgapp-services.cern.ch/root-jenkins/job/root-pullrequests-build/89724/testReport/projectroot.roottest.cling/function/roottest_cling_function_runoverloadResolution/); - [projectroot.roottest.cling.function.roottest_cling_function_refFunction_build](https://lcgapp-services.cern.ch/root-jenkins/job/root-pullrequests-build/89724/testReport/projectroot.roottest.cling/function/roottest_cling_function_refFunction_build/); - [projectroot.roottest.cling.function.roottest_cling_function_refClasses_build](https://lcgapp-services.cern.ch/root-jenkins/job/root-pullrequests-build/89724/testReport/projectroot.roottest.cling/function/roottest_cling_function_refClasses_build/); - [projectroot.roottest.cling.functionTemplate.roottest_cling_functionTemplate_t_build](https://lcgapp-services.cern.ch/root-jenkins/job/root-pullrequests-build/89724/testReport/projectro,MatchSource.ISSUE_COMMENT,root-project,root,v6-32-06,https://github.com/root-project/root/pull/5884#issuecomment-658422150:412,test,tests,412,https://root.cern,https://github.com/root-project/root/pull/5884#issuecomment-658422150,8,['test'],"['test', 'testReport', 'tests']"
Testability,Build failed on ROOT-fedora30/cxx14.; Running on root-fedora30-2.cern.ch:/home/sftnight/build/workspace/root-pullrequests-build; [See cdash](http://cdash.cern.ch/index.php?project=ROOT&filtercount=1&field1=buildname/string&compare1=65&value1=PR-5884-ROOT-fedora30-cxx14&date=2020-07-15).; [See console output](https://lcgapp-services.cern.ch/root-jenkins/job/root-pullrequests-build/89798/console).; ### Failing tests:; - [projectroot.roottest.python.pickle.roottest_python_pickle_write](https://lcgapp-services.cern.ch/root-jenkins/job/root-pullrequests-build/89798/testReport/projectroot.roottest.python/pickle/roottest_python_pickle_write/); - [projectroot.test.test_stresstmva_interpreted](https://lcgapp-services.cern.ch/root-jenkins/job/root-pullrequests-build/89798/testReport/projectroot/test/test_stresstmva_interpreted/); - [projectroot.roottest.python.pickle.roottest_python_pickle_read](https://lcgapp-services.cern.ch/root-jenkins/job/root-pullrequests-build/89798/testReport/projectroot.roottest.python/pickle/roottest_python_pickle_read/); - [projectroot.roottest.python.ttree.roottest_python_ttree_ttree](https://lcgapp-services.cern.ch/root-jenkins/job/root-pullrequests-build/89798/testReport/projectroot.roottest.python/ttree/roottest_python_ttree_ttree/); - [projectroot.test.test_stresshistofit_interpreted](https://lcgapp-services.cern.ch/root-jenkins/job/root-pullrequests-build/89798/testReport/projectroot/test/test_stresshistofit_interpreted/); - [projectroot.roottest.python.JupyROOT.roottest_python_JupyROOT_cppcompleter_doctest](https://lcgapp-services.cern.ch/root-jenkins/job/root-pullrequests-build/89798/testReport/projectroot.roottest.python/JupyROOT/roottest_python_JupyROOT_cppcompleter_doctest/),MatchSource.ISSUE_COMMENT,root-project,root,v6-32-06,https://github.com/root-project/root/pull/5884#issuecomment-658671422:412,test,tests,412,https://root.cern,https://github.com/root-project/root/pull/5884#issuecomment-658671422,11,['test'],"['test', 'testReport', 'tests']"
Testability,Build failed on ROOT-fedora30/cxx14.; Running on root-fedora30-2.cern.ch:/home/sftnight/build/workspace/root-pullrequests-build; [See cdash](http://cdash.cern.ch/index.php?project=ROOT&filtercount=1&field1=buildname/string&compare1=65&value1=PR-5884-ROOT-fedora30-cxx14&date=2020-07-15).; [See console output](https://lcgapp-services.cern.ch/root-jenkins/job/root-pullrequests-build/89814/console).; ### Failing tests:; - [projectroot.test.test_stresstmva_interpreted](https://lcgapp-services.cern.ch/root-jenkins/job/root-pullrequests-build/89814/testReport/projectroot/test/test_stresstmva_interpreted/); - [projectroot.test.test_stresshistofit_interpreted](https://lcgapp-services.cern.ch/root-jenkins/job/root-pullrequests-build/89814/testReport/projectroot/test/test_stresshistofit_interpreted/); - [projectroot.roottest.python.JupyROOT.roottest_python_JupyROOT_cppcompleter_doctest](https://lcgapp-services.cern.ch/root-jenkins/job/root-pullrequests-build/89814/testReport/projectroot.roottest.python/JupyROOT/roottest_python_JupyROOT_cppcompleter_doctest/); - [projectroot.roottest.python.pickle.roottest_python_pickle_write](https://lcgapp-services.cern.ch/root-jenkins/job/root-pullrequests-build/89814/testReport/projectroot.roottest.python/pickle/roottest_python_pickle_write/); - [projectroot.roottest.python.pickle.roottest_python_pickle_read](https://lcgapp-services.cern.ch/root-jenkins/job/root-pullrequests-build/89814/testReport/projectroot.roottest.python/pickle/roottest_python_pickle_read/); - [projectroot.roottest.python.ttree.roottest_python_ttree_ttree](https://lcgapp-services.cern.ch/root-jenkins/job/root-pullrequests-build/89814/testReport/projectroot.roottest.python/ttree/roottest_python_ttree_ttree/),MatchSource.ISSUE_COMMENT,root-project,root,v6-32-06,https://github.com/root-project/root/pull/5884#issuecomment-658692260:412,test,tests,412,https://root.cern,https://github.com/root-project/root/pull/5884#issuecomment-658692260,11,['test'],"['test', 'testReport', 'tests']"
Testability,Build failed on ROOT-fedora30/cxx14.; Running on root-fedora30-2.cern.ch:/home/sftnight/build/workspace/root-pullrequests-build; [See cdash](http://cdash.cern.ch/index.php?project=ROOT&filtercount=1&field1=buildname/string&compare1=65&value1=PR-5884-ROOT-fedora30-cxx14&date=2020-07-16).; [See console output](https://lcgapp-services.cern.ch/root-jenkins/job/root-pullrequests-build/89976/console).; ### Failing tests:; - [projectroot.roottest.python.pickle.roottest_python_pickle_write](https://lcgapp-services.cern.ch/root-jenkins/job/root-pullrequests-build/89976/testReport/projectroot.roottest.python/pickle/roottest_python_pickle_write/); - [projectroot.test.test_stresstmva_interpreted](https://lcgapp-services.cern.ch/root-jenkins/job/root-pullrequests-build/89976/testReport/projectroot/test/test_stresstmva_interpreted/); - [projectroot.roottest.python.JupyROOT.roottest_python_JupyROOT_cppcompleter_doctest](https://lcgapp-services.cern.ch/root-jenkins/job/root-pullrequests-build/89976/testReport/projectroot.roottest.python/JupyROOT/roottest_python_JupyROOT_cppcompleter_doctest/); - [projectroot.roottest.python.pickle.roottest_python_pickle_read](https://lcgapp-services.cern.ch/root-jenkins/job/root-pullrequests-build/89976/testReport/projectroot.roottest.python/pickle/roottest_python_pickle_read/); - [projectroot.roottest.python.ttree.roottest_python_ttree_ttree](https://lcgapp-services.cern.ch/root-jenkins/job/root-pullrequests-build/89976/testReport/projectroot.roottest.python/ttree/roottest_python_ttree_ttree/); - [projectroot.test.test_stresshistofit_interpreted](https://lcgapp-services.cern.ch/root-jenkins/job/root-pullrequests-build/89976/testReport/projectroot/test/test_stresshistofit_interpreted/),MatchSource.ISSUE_COMMENT,root-project,root,v6-32-06,https://github.com/root-project/root/pull/5884#issuecomment-659369603:412,test,tests,412,https://root.cern,https://github.com/root-project/root/pull/5884#issuecomment-659369603,11,['test'],"['test', 'testReport', 'tests']"
Testability,Build failed on ROOT-fedora30/cxx14.; Running on root-fedora30-2.cern.ch:/home/sftnight/build/workspace/root-pullrequests-build; [See cdash](http://cdash.cern.ch/index.php?project=ROOT&filtercount=1&field1=buildname/string&compare1=65&value1=PR-5884-ROOT-fedora30-cxx14&date=2020-07-16).; [See console output](https://lcgapp-services.cern.ch/root-jenkins/job/root-pullrequests-build/90000/console).; ### Failing tests:; - [projectroot.runtutorials.tutorial_tmva_TMVAMultipleBackgroundExample](https://lcgapp-services.cern.ch/root-jenkins/job/root-pullrequests-build/90000/testReport/projectroot/runtutorials/tutorial_tmva_TMVAMultipleBackgroundExample/); - [projectroot.roottest.python.pickle.roottest_python_pickle_write](https://lcgapp-services.cern.ch/root-jenkins/job/root-pullrequests-build/90000/testReport/projectroot.roottest.python/pickle/roottest_python_pickle_write/); - [projectroot.test.test_stresstmva_interpreted](https://lcgapp-services.cern.ch/root-jenkins/job/root-pullrequests-build/90000/testReport/projectroot/test/test_stresstmva_interpreted/); - [projectroot.test.test_stresshistofit_interpreted](https://lcgapp-services.cern.ch/root-jenkins/job/root-pullrequests-build/90000/testReport/projectroot/test/test_stresshistofit_interpreted/); - [projectroot.runtutorials.tutorial_tmva_tmva002_RDataFrameAsTensor](https://lcgapp-services.cern.ch/root-jenkins/job/root-pullrequests-build/90000/testReport/projectroot/runtutorials/tutorial_tmva_tmva002_RDataFrameAsTensor/); - [projectroot.runtutorials.tutorial_tmva_tmva003_RReader](https://lcgapp-services.cern.ch/root-jenkins/job/root-pullrequests-build/90000/testReport/projectroot/runtutorials/tutorial_tmva_tmva003_RReader/); - [projectroot.roottest.python.pickle.roottest_python_pickle_read](https://lcgapp-services.cern.ch/root-jenkins/job/root-pullrequests-build/90000/testReport/projectroot.roottest.python/pickle/roottest_python_pickle_read/); - [projectroot.roottest.cling.reflex.roottest_cling_reflex_make](https://lcgapp-,MatchSource.ISSUE_COMMENT,root-project,root,v6-32-06,https://github.com/root-project/root/pull/5884#issuecomment-659447273:412,test,tests,412,https://root.cern,https://github.com/root-project/root/pull/5884#issuecomment-659447273,4,['test'],"['test', 'testReport', 'tests']"
Testability,Build failed on ROOT-fedora30/cxx14.; Running on root-fedora30-2.cern.ch:/home/sftnight/build/workspace/root-pullrequests-build; [See cdash](http://cdash.cern.ch/index.php?project=ROOT&filtercount=1&field1=buildname/string&compare1=65&value1=PR-5884-ROOT-fedora30-cxx14&date=2020-07-28).; [See console output](https://lcgapp-services.cern.ch/root-jenkins/job/root-pullrequests-build/90837/console).; ### Failing tests:; - [projectroot.test.test_stresstmva_interpreted](https://lcgapp-services.cern.ch/root-jenkins/job/root-pullrequests-build/90837/testReport/projectroot/test/test_stresstmva_interpreted/); - [projectroot.test.test_stresshistofit_interpreted](https://lcgapp-services.cern.ch/root-jenkins/job/root-pullrequests-build/90837/testReport/projectroot/test/test_stresshistofit_interpreted/); - [projectroot.roottest.python.JupyROOT.roottest_python_JupyROOT_cppcompleter_doctest](https://lcgapp-services.cern.ch/root-jenkins/job/root-pullrequests-build/90837/testReport/projectroot.roottest.python/JupyROOT/roottest_python_JupyROOT_cppcompleter_doctest/); - [projectroot.roottest.python.pickle.roottest_python_pickle_write](https://lcgapp-services.cern.ch/root-jenkins/job/root-pullrequests-build/90837/testReport/projectroot.roottest.python/pickle/roottest_python_pickle_write/); - [projectroot.roottest.python.pickle.roottest_python_pickle_read](https://lcgapp-services.cern.ch/root-jenkins/job/root-pullrequests-build/90837/testReport/projectroot.roottest.python/pickle/roottest_python_pickle_read/); - [projectroot.roottest.python.ttree.roottest_python_ttree_ttree](https://lcgapp-services.cern.ch/root-jenkins/job/root-pullrequests-build/90837/testReport/projectroot.roottest.python/ttree/roottest_python_ttree_ttree/),MatchSource.ISSUE_COMMENT,root-project,root,v6-32-06,https://github.com/root-project/root/pull/5884#issuecomment-665238970:412,test,tests,412,https://root.cern,https://github.com/root-project/root/pull/5884#issuecomment-665238970,11,['test'],"['test', 'testReport', 'tests']"
Testability,Build failed on ROOT-fedora30/cxx14.; Running on root-fedora30-2.cern.ch:/home/sftnight/build/workspace/root-pullrequests-build; [See cdash](http://cdash.cern.ch/index.php?project=ROOT&filtercount=1&field1=buildname/string&compare1=65&value1=PR-5884-ROOT-fedora30-cxx14&date=2020-07-28).; [See console output](https://lcgapp-services.cern.ch/root-jenkins/job/root-pullrequests-build/90845/console).; ### Failing tests:; - [projectroot.test.test_stresstmva_interpreted](https://lcgapp-services.cern.ch/root-jenkins/job/root-pullrequests-build/90845/testReport/projectroot/test/test_stresstmva_interpreted/); - [projectroot.roottest.python.JupyROOT.roottest_python_JupyROOT_cppcompleter_doctest](https://lcgapp-services.cern.ch/root-jenkins/job/root-pullrequests-build/90845/testReport/projectroot.roottest.python/JupyROOT/roottest_python_JupyROOT_cppcompleter_doctest/); - [projectroot.roottest.python.pickle.roottest_python_pickle_write](https://lcgapp-services.cern.ch/root-jenkins/job/root-pullrequests-build/90845/testReport/projectroot.roottest.python/pickle/roottest_python_pickle_write/); - [projectroot.roottest.python.pickle.roottest_python_pickle_read](https://lcgapp-services.cern.ch/root-jenkins/job/root-pullrequests-build/90845/testReport/projectroot.roottest.python/pickle/roottest_python_pickle_read/); - [projectroot.roottest.python.ttree.roottest_python_ttree_ttree](https://lcgapp-services.cern.ch/root-jenkins/job/root-pullrequests-build/90845/testReport/projectroot.roottest.python/ttree/roottest_python_ttree_ttree/),MatchSource.ISSUE_COMMENT,root-project,root,v6-32-06,https://github.com/root-project/root/pull/5884#issuecomment-665274609:412,test,tests,412,https://root.cern,https://github.com/root-project/root/pull/5884#issuecomment-665274609,8,['test'],"['test', 'testReport', 'tests']"
Testability,Build failed on ROOT-fedora30/cxx14.; Running on root-fedora30-2.cern.ch:/home/sftnight/build/workspace/root-pullrequests-build; [See cdash](http://cdash.cern.ch/index.php?project=ROOT&filtercount=1&field1=buildname/string&compare1=65&value1=PR-5884-ROOT-fedora30-cxx14&date=2020-07-28).; [See console output](https://lcgapp-services.cern.ch/root-jenkins/job/root-pullrequests-build/90853/console).; ### Failing tests:; - [projectroot.runtutorials.tutorial_tmva_TMVAMultipleBackgroundExample](https://lcgapp-services.cern.ch/root-jenkins/job/root-pullrequests-build/90853/testReport/projectroot/runtutorials/tutorial_tmva_TMVAMultipleBackgroundExample/); - [projectroot.runtutorials.tutorial_tmva_tmva002_RDataFrameAsTensor](https://lcgapp-services.cern.ch/root-jenkins/job/root-pullrequests-build/90853/testReport/projectroot/runtutorials/tutorial_tmva_tmva002_RDataFrameAsTensor/); - [projectroot.runtutorials.tutorial_tmva_tmva003_RReader](https://lcgapp-services.cern.ch/root-jenkins/job/root-pullrequests-build/90853/testReport/projectroot/runtutorials/tutorial_tmva_tmva003_RReader/); - [projectroot.runtutorials.tutorial_tmva_envelope_classification](https://lcgapp-services.cern.ch/root-jenkins/job/root-pullrequests-build/90853/testReport/projectroot/runtutorials/tutorial_tmva_envelope_classification/); - [projectroot.test.test_stresstmva_interpreted](https://lcgapp-services.cern.ch/root-jenkins/job/root-pullrequests-build/90853/testReport/projectroot/test/test_stresstmva_interpreted/); - [projectroot.roottest.cling.reflex.roottest_cling_reflex_make](https://lcgapp-services.cern.ch/root-jenkins/job/root-pullrequests-build/90853/testReport/projectroot.roottest.cling/reflex/roottest_cling_reflex_make/); - [projectroot.roottest.python.JupyROOT.roottest_python_JupyROOT_cppcompleter_doctest](https://lcgapp-services.cern.ch/root-jenkins/job/root-pullrequests-build/90853/testReport/projectroot.roottest.python/JupyROOT/roottest_python_JupyROOT_cppcompleter_doctest/); - [projectroot.roo,MatchSource.ISSUE_COMMENT,root-project,root,v6-32-06,https://github.com/root-project/root/pull/5884#issuecomment-665291590:412,test,tests,412,https://root.cern,https://github.com/root-project/root/pull/5884#issuecomment-665291590,3,['test'],"['testReport', 'tests']"
Testability,Build failed on ROOT-fedora30/cxx14.; Running on root-fedora30-2.cern.ch:/home/sftnight/build/workspace/root-pullrequests-build; [See cdash](http://cdash.cern.ch/index.php?project=ROOT&filtercount=1&field1=buildname/string&compare1=65&value1=PR-5884-ROOT-fedora30-cxx14&date=2020-08-07).; [See console output](https://lcgapp-services.cern.ch/root-jenkins/job/root-pullrequests-build/91860/console).; ### Failing tests:; - [projectroot.runtutorials.tutorial_tmva_envelope_classification](https://lcgapp-services.cern.ch/root-jenkins/job/root-pullrequests-build/91860/testReport/projectroot/runtutorials/tutorial_tmva_envelope_classification/); - [projectroot.roottest.python.JupyROOT.roottest_python_JupyROOT_cppcompleter_doctest](https://lcgapp-services.cern.ch/root-jenkins/job/root-pullrequests-build/91860/testReport/projectroot.roottest.python/JupyROOT/roottest_python_JupyROOT_cppcompleter_doctest/),MatchSource.ISSUE_COMMENT,root-project,root,v6-32-06,https://github.com/root-project/root/pull/5884#issuecomment-670540678:412,test,tests,412,https://root.cern,https://github.com/root-project/root/pull/5884#issuecomment-670540678,3,['test'],"['testReport', 'tests']"
Testability,Build failed on ROOT-fedora30/cxx14.; Running on root-fedora30-2.cern.ch:/home/sftnight/build/workspace/root-pullrequests-build; [See cdash](http://cdash.cern.ch/index.php?project=ROOT&filtercount=1&field1=buildname/string&compare1=65&value1=PR-5884-ROOT-fedora30-cxx14&date=2020-08-07).; [See console output](https://lcgapp-services.cern.ch/root-jenkins/job/root-pullrequests-build/91884/console).; ### Failing tests:; - [projectroot.roottest.python.JupyROOT.roottest_python_JupyROOT_cppcompleter_doctest](https://lcgapp-services.cern.ch/root-jenkins/job/root-pullrequests-build/91884/testReport/projectroot.roottest.python/JupyROOT/roottest_python_JupyROOT_cppcompleter_doctest/),MatchSource.ISSUE_COMMENT,root-project,root,v6-32-06,https://github.com/root-project/root/pull/5884#issuecomment-670571373:412,test,tests,412,https://root.cern,https://github.com/root-project/root/pull/5884#issuecomment-670571373,2,['test'],"['testReport', 'tests']"
Testability,Build failed on ROOT-fedora30/cxx14.; Running on root-fedora30-2.cern.ch:/home/sftnight/build/workspace/root-pullrequests-build; [See cdash](http://cdash.cern.ch/index.php?project=ROOT&filtercount=1&field1=buildname/string&compare1=65&value1=PR-5885-ROOT-fedora30-cxx14&date=2020-06-17).; [See console output](https://lcgapp-services.cern.ch/root-jenkins/job/root-pullrequests-build/87216/console).; ### Failing tests:; - [projectroot.tmva.tmva.test.gtest_tmva_tmva_test_rreader](https://lcgapp-services.cern.ch/root-jenkins/job/root-pullrequests-build/87216/testReport/projectroot.tmva.tmva/test/gtest_tmva_tmva_test_rreader/); - [projectroot.tmva.tmva.test.gtest_tmva_tmva_test_rstandardscaler](https://lcgapp-services.cern.ch/root-jenkins/job/root-pullrequests-build/87216/testReport/projectroot.tmva.tmva/test/gtest_tmva_tmva_test_rstandardscaler/); - [projectroot.test.test_stresshistogram_interpreted](https://lcgapp-services.cern.ch/root-jenkins/job/root-pullrequests-build/87216/testReport/projectroot/test/test_stresshistogram_interpreted/); - [projectroot.net.davix.test.gtest_net_davix_test_RRawFileDavix](https://lcgapp-services.cern.ch/root-jenkins/job/root-pullrequests-build/87216/testReport/projectroot.net.davix/test/gtest_net_davix_test_RRawFileDavix/),MatchSource.ISSUE_COMMENT,root-project,root,v6-32-06,https://github.com/root-project/root/pull/5885#issuecomment-645337083:412,test,tests,412,https://root.cern,https://github.com/root-project/root/pull/5885#issuecomment-645337083,13,['test'],"['test', 'testReport', 'tests']"
Testability,Build failed on ROOT-fedora30/cxx14.; Running on root-fedora30-2.cern.ch:/home/sftnight/build/workspace/root-pullrequests-build; [See cdash](http://cdash.cern.ch/index.php?project=ROOT&filtercount=1&field1=buildname/string&compare1=65&value1=PR-5920-ROOT-fedora30-cxx14&date=2020-06-24).; [See console output](https://lcgapp-services.cern.ch/root-jenkins/job/root-pullrequests-build/87812/console).; ### Failing tests:; - [projectroot.roottest.cling.offset.roottest_cling_offset_interpreted](https://lcgapp-services.cern.ch/root-jenkins/job/root-pullrequests-build/87812/testReport/projectroot.roottest.cling/offset/roottest_cling_offset_interpreted/); - [projectroot.roottest.cling.offset.roottest_cling_offset_compiled](https://lcgapp-services.cern.ch/root-jenkins/job/root-pullrequests-build/87812/testReport/projectroot.roottest.cling/offset/roottest_cling_offset_compiled/),MatchSource.ISSUE_COMMENT,root-project,root,v6-32-06,https://github.com/root-project/root/pull/5920#issuecomment-648689356:412,test,tests,412,https://root.cern,https://github.com/root-project/root/pull/5920#issuecomment-648689356,3,['test'],"['testReport', 'tests']"
Testability,Build failed on ROOT-fedora30/cxx14.; Running on root-fedora30-2.cern.ch:/home/sftnight/build/workspace/root-pullrequests-build; [See cdash](http://cdash.cern.ch/index.php?project=ROOT&filtercount=1&field1=buildname/string&compare1=65&value1=PR-5938-ROOT-fedora30-cxx14&date=2020-07-07).; [See console output](https://lcgapp-services.cern.ch/root-jenkins/job/root-pullrequests-build/89076/console).; ### Failing tests:; - [projectroot.runtutorials.test_import_keras](https://lcgapp-services.cern.ch/root-jenkins/job/root-pullrequests-build/89076/testReport/projectroot/runtutorials/test_import_keras/),MatchSource.ISSUE_COMMENT,root-project,root,v6-32-06,https://github.com/root-project/root/pull/5938#issuecomment-654863229:412,test,tests,412,https://root.cern,https://github.com/root-project/root/pull/5938#issuecomment-654863229,2,['test'],"['testReport', 'tests']"
Testability,Build failed on ROOT-fedora30/cxx14.; Running on root-fedora30-2.cern.ch:/home/sftnight/build/workspace/root-pullrequests-build; [See cdash](http://cdash.cern.ch/index.php?project=ROOT&filtercount=1&field1=buildname/string&compare1=65&value1=PR-5960-ROOT-fedora30-cxx14&date=2020-07-01).; [See console output](https://lcgapp-services.cern.ch/root-jenkins/job/root-pullrequests-build/88659/console).; ### Failing tests:; - [projectroot.bindings.pyroot.pythonizations.test.pyunittests_pyroot_numbadeclare](https://lcgapp-services.cern.ch/root-jenkins/job/root-pullrequests-build/88659/testReport/projectroot.bindings.pyroot.pythonizations/test/pyunittests_pyroot_numbadeclare/),MatchSource.ISSUE_COMMENT,root-project,root,v6-32-06,https://github.com/root-project/root/pull/5960#issuecomment-652311600:412,test,tests,412,https://root.cern,https://github.com/root-project/root/pull/5960#issuecomment-652311600,4,['test'],"['test', 'testReport', 'tests']"
Testability,Build failed on ROOT-fedora30/cxx14.; Running on root-fedora30-2.cern.ch:/home/sftnight/build/workspace/root-pullrequests-build; [See cdash](http://cdash.cern.ch/index.php?project=ROOT&filtercount=1&field1=buildname/string&compare1=65&value1=PR-6008-ROOT-fedora30-cxx14&date=2020-07-21).; [See console output](https://lcgapp-services.cern.ch/root-jenkins/job/root-pullrequests-build/90228/console).; ### Failing tests:; - [projectroot.tmva.tmva.test.envelope.gtest_tmva_tmva_test_envelope_TMVA_Envelope](https://lcgapp-services.cern.ch/root-jenkins/job/root-pullrequests-build/90228/testReport/projectroot.tmva.tmva.test/envelope/gtest_tmva_tmva_test_envelope_TMVA_Envelope/),MatchSource.ISSUE_COMMENT,root-project,root,v6-32-06,https://github.com/root-project/root/pull/6008#issuecomment-661451784:412,test,tests,412,https://root.cern,https://github.com/root-project/root/pull/6008#issuecomment-661451784,4,['test'],"['test', 'testReport', 'tests']"
Testability,Build failed on ROOT-fedora30/cxx14.; Running on root-fedora30-2.cern.ch:/home/sftnight/build/workspace/root-pullrequests-build; [See cdash](http://cdash.cern.ch/index.php?project=ROOT&filtercount=1&field1=buildname/string&compare1=65&value1=PR-6016-ROOT-fedora30-cxx14&date=2020-07-09).; [See console output](https://lcgapp-services.cern.ch/root-jenkins/job/root-pullrequests-build/89438/console).; ### Failing tests:; - [projectroot.tmva.tmva.test.gtest_tmva_tmva_test_branchlessForest](https://lcgapp-services.cern.ch/root-jenkins/job/root-pullrequests-build/89438/testReport/projectroot.tmva.tmva/test/gtest_tmva_tmva_test_branchlessForest/); - [projectroot.tmva.tmva.test.gtest_tmva_tmva_test_rbdt](https://lcgapp-services.cern.ch/root-jenkins/job/root-pullrequests-build/89438/testReport/projectroot.tmva.tmva/test/gtest_tmva_tmva_test_rbdt/); - [projectroot.roottest.root.io.complex.roottest_root_io_complex_readcomplex](https://lcgapp-services.cern.ch/root-jenkins/job/root-pullrequests-build/89438/testReport/projectroot.roottest.root.io/complex/roottest_root_io_complex_readcomplex/); - [projectroot.roottest.root.io.emulated.roottest_root_io_emulated_make](https://lcgapp-services.cern.ch/root-jenkins/job/root-pullrequests-build/89438/testReport/projectroot.roottest.root.io/emulated/roottest_root_io_emulated_make/); - [projectroot.roottest.root.io.stdarray.roottest_root_io_stdarray_modelCheckValues](https://lcgapp-services.cern.ch/root-jenkins/job/root-pullrequests-build/89438/testReport/projectroot.roottest.root.io/stdarray/roottest_root_io_stdarray_modelCheckValues/); - [projectroot.roottest.root.meta.evolution.roottest_root_meta_evolution_mixedBase_merge1](https://lcgapp-services.cern.ch/root-jenkins/job/root-pullrequests-build/89438/testReport/projectroot.roottest.root.meta/evolution/roottest_root_meta_evolution_mixedBase_merge1/); - [projectroot.roottest.root.meta.evolution.roottest_root_meta_evolution_execMissingCheckSum](https://lcgapp-services.cern.ch/root-jenkins/jo,MatchSource.ISSUE_COMMENT,root-project,root,v6-32-06,https://github.com/root-project/root/pull/6016#issuecomment-656270310:412,test,tests,412,https://root.cern,https://github.com/root-project/root/pull/6016#issuecomment-656270310,8,['test'],"['test', 'testReport', 'tests']"
Testability,Build failed on ROOT-fedora30/cxx14.; Running on root-fedora30-2.cern.ch:/home/sftnight/build/workspace/root-pullrequests-build; [See cdash](http://cdash.cern.ch/index.php?project=ROOT&filtercount=1&field1=buildname/string&compare1=65&value1=PR-6061-ROOT-fedora30-cxx14&date=2020-07-21).; [See console output](https://lcgapp-services.cern.ch/root-jenkins/job/root-pullrequests-build/90316/console).; ### Failing tests:; - [projectroot.roottest.root.meta.ROOT-7462.roottest_root_meta_ROOT_7462_make](https://lcgapp-services.cern.ch/root-jenkins/job/root-pullrequests-build/90316/testReport/projectroot.roottest.root.meta/ROOT-7462/roottest_root_meta_ROOT_7462_make/),MatchSource.ISSUE_COMMENT,root-project,root,v6-32-06,https://github.com/root-project/root/pull/6061#issuecomment-662109872:412,test,tests,412,https://root.cern,https://github.com/root-project/root/pull/6061#issuecomment-662109872,2,['test'],"['testReport', 'tests']"
Testability,Build failed on ROOT-fedora30/cxx14.; Running on root-fedora30-2.cern.ch:/home/sftnight/build/workspace/root-pullrequests-build; [See cdash](http://cdash.cern.ch/index.php?project=ROOT&filtercount=1&field1=buildname/string&compare1=65&value1=PR-6071-ROOT-fedora30-cxx14&date=2020-07-23).; [See console output](https://lcgapp-services.cern.ch/root-jenkins/job/root-pullrequests-build/90500/console).; ### Failing tests:; - [projectroot.tree.tree.test.gtest_tree_tree_test_testTTreeRegressions](https://lcgapp-services.cern.ch/root-jenkins/job/root-pullrequests-build/90500/testReport/projectroot.tree.tree/test/gtest_tree_tree_test_testTTreeRegressions/),MatchSource.ISSUE_COMMENT,root-project,root,v6-32-06,https://github.com/root-project/root/pull/6071#issuecomment-663110966:412,test,tests,412,https://root.cern,https://github.com/root-project/root/pull/6071#issuecomment-663110966,4,['test'],"['test', 'testReport', 'tests']"
Testability,Build failed on ROOT-fedora30/cxx14.; Running on root-fedora30-2.cern.ch:/home/sftnight/build/workspace/root-pullrequests-build; [See cdash](http://cdash.cern.ch/index.php?project=ROOT&filtercount=1&field1=buildname/string&compare1=65&value1=PR-6073-ROOT-fedora30-cxx14&date=2020-07-23).; [See console output](https://lcgapp-services.cern.ch/root-jenkins/job/root-pullrequests-build/90525/console).; ### Failing tests:; - [projectroot.roottest.root.io.filemerger.roottest_root_io_filemerger_execCreateAndMerge](https://lcgapp-services.cern.ch/root-jenkins/job/root-pullrequests-build/90525/testReport/projectroot.roottest.root.io/filemerger/roottest_root_io_filemerger_execCreateAndMerge/); - [projectroot.roottest.root.io.filemerger.roottest_root_io_filemerger_merged_zlib](https://lcgapp-services.cern.ch/root-jenkins/job/root-pullrequests-build/90525/testReport/projectroot.roottest.root.io/filemerger/roottest_root_io_filemerger_merged_zlib/); - [projectroot.roottest.root.io.filemerger.roottest_root_io_filemerger_merged_lzma](https://lcgapp-services.cern.ch/root-jenkins/job/root-pullrequests-build/90525/testReport/projectroot.roottest.root.io/filemerger/roottest_root_io_filemerger_merged_lzma/); - [projectroot.roottest.root.io.filemerger.roottest_root_io_filemerger_merged_zstd](https://lcgapp-services.cern.ch/root-jenkins/job/root-pullrequests-build/90525/testReport/projectroot.roottest.root.io/filemerger/roottest_root_io_filemerger_merged_zstd/); - [projectroot.roottest.root.io.filemerger.roottest_root_io_filemerger_merged_lz4](https://lcgapp-services.cern.ch/root-jenkins/job/root-pullrequests-build/90525/testReport/projectroot.roottest.root.io/filemerger/roottest_root_io_filemerger_merged_lz4/); - [projectroot.roottest.root.io.transient.base.roottest_root_io_transient_base_hadd_autoload](https://lcgapp-services.cern.ch/root-jenkins/job/root-pullrequests-build/90525/testReport/projectroot.roottest.root.io.transient/base/roottest_root_io_transient_base_hadd_autoload/),MatchSource.ISSUE_COMMENT,root-project,root,v6-32-06,https://github.com/root-project/root/pull/6073#issuecomment-663140595:412,test,tests,412,https://root.cern,https://github.com/root-project/root/pull/6073#issuecomment-663140595,7,['test'],"['testReport', 'tests']"
Testability,Build failed on ROOT-fedora30/cxx14.; Running on root-fedora30-2.cern.ch:/home/sftnight/build/workspace/root-pullrequests-build; [See cdash](http://cdash.cern.ch/index.php?project=ROOT&filtercount=1&field1=buildname/string&compare1=65&value1=PR-6073-ROOT-fedora30-cxx14&date=2020-07-23).; [See console output](https://lcgapp-services.cern.ch/root-jenkins/job/root-pullrequests-build/90541/console).; ### Failing tests:; - [projectroot.roottest.root.io.filemerger.roottest_root_io_filemerger_execCreateAndMerge](https://lcgapp-services.cern.ch/root-jenkins/job/root-pullrequests-build/90541/testReport/projectroot.roottest.root.io/filemerger/roottest_root_io_filemerger_execCreateAndMerge/); - [projectroot.roottest.root.io.filemerger.roottest_root_io_filemerger_merged_zlib](https://lcgapp-services.cern.ch/root-jenkins/job/root-pullrequests-build/90541/testReport/projectroot.roottest.root.io/filemerger/roottest_root_io_filemerger_merged_zlib/); - [projectroot.roottest.root.io.filemerger.roottest_root_io_filemerger_merged_lzma](https://lcgapp-services.cern.ch/root-jenkins/job/root-pullrequests-build/90541/testReport/projectroot.roottest.root.io/filemerger/roottest_root_io_filemerger_merged_lzma/); - [projectroot.roottest.root.io.filemerger.roottest_root_io_filemerger_merged_zstd](https://lcgapp-services.cern.ch/root-jenkins/job/root-pullrequests-build/90541/testReport/projectroot.roottest.root.io/filemerger/roottest_root_io_filemerger_merged_zstd/); - [projectroot.roottest.root.io.filemerger.roottest_root_io_filemerger_merged_lz4](https://lcgapp-services.cern.ch/root-jenkins/job/root-pullrequests-build/90541/testReport/projectroot.roottest.root.io/filemerger/roottest_root_io_filemerger_merged_lz4/),MatchSource.ISSUE_COMMENT,root-project,root,v6-32-06,https://github.com/root-project/root/pull/6073#issuecomment-663244227:412,test,tests,412,https://root.cern,https://github.com/root-project/root/pull/6073#issuecomment-663244227,6,['test'],"['testReport', 'tests']"
Testability,Build failed on ROOT-fedora30/cxx14.; Running on root-fedora30-2.cern.ch:/home/sftnight/build/workspace/root-pullrequests-build; [See cdash](http://cdash.cern.ch/index.php?project=ROOT&filtercount=1&field1=buildname/string&compare1=65&value1=PR-6073-ROOT-fedora30-cxx14&date=2020-07-24).; [See console output](https://lcgapp-services.cern.ch/root-jenkins/job/root-pullrequests-build/90549/console).; ### Failing tests:; - [projectroot.roottest.root.io.filemerger.roottest_root_io_filemerger_merged_zstd](https://lcgapp-services.cern.ch/root-jenkins/job/root-pullrequests-build/90549/testReport/projectroot.roottest.root.io/filemerger/roottest_root_io_filemerger_merged_zstd/); - [projectroot.roottest.root.io.filemerger.roottest_root_io_filemerger_merged_lzma](https://lcgapp-services.cern.ch/root-jenkins/job/root-pullrequests-build/90549/testReport/projectroot.roottest.root.io/filemerger/roottest_root_io_filemerger_merged_lzma/); - [projectroot.roottest.root.io.filemerger.roottest_root_io_filemerger_merged_lz4](https://lcgapp-services.cern.ch/root-jenkins/job/root-pullrequests-build/90549/testReport/projectroot.roottest.root.io/filemerger/roottest_root_io_filemerger_merged_lz4/); - [projectroot.roottest.root.io.filemerger.roottest_root_io_filemerger_merged_zlib](https://lcgapp-services.cern.ch/root-jenkins/job/root-pullrequests-build/90549/testReport/projectroot.roottest.root.io/filemerger/roottest_root_io_filemerger_merged_zlib/),MatchSource.ISSUE_COMMENT,root-project,root,v6-32-06,https://github.com/root-project/root/pull/6073#issuecomment-663266549:412,test,tests,412,https://root.cern,https://github.com/root-project/root/pull/6073#issuecomment-663266549,5,['test'],"['testReport', 'tests']"
Testability,Build failed on ROOT-fedora30/cxx14.; Running on root-fedora30-2.cern.ch:/home/sftnight/build/workspace/root-pullrequests-build; [See cdash](http://cdash.cern.ch/index.php?project=ROOT&filtercount=1&field1=buildname/string&compare1=65&value1=PR-6090-ROOT-fedora30-cxx14&date=2020-07-28).; [See console output](https://lcgapp-services.cern.ch/root-jenkins/job/root-pullrequests-build/90781/console).; ### Failing tests:; - [projectroot.test.test_stressroofit_interpreted](https://lcgapp-services.cern.ch/root-jenkins/job/root-pullrequests-build/90781/testReport/projectroot/test/test_stressroofit_interpreted/); - [projectroot.test.test_stressroostats_interpreted](https://lcgapp-services.cern.ch/root-jenkins/job/root-pullrequests-build/90781/testReport/projectroot/test/test_stressroostats_interpreted/),MatchSource.ISSUE_COMMENT,root-project,root,v6-32-06,https://github.com/root-project/root/pull/6090#issuecomment-665030260:412,test,tests,412,https://root.cern,https://github.com/root-project/root/pull/6090#issuecomment-665030260,7,['test'],"['test', 'testReport', 'tests']"
Testability,Build failed on ROOT-fedora30/cxx14.; Running on root-fedora30-2.cern.ch:/home/sftnight/build/workspace/root-pullrequests-build; [See cdash](http://cdash.cern.ch/index.php?project=ROOT&filtercount=1&field1=buildname/string&compare1=65&value1=PR-6095-ROOT-fedora30-cxx14&date=2020-07-29).; [See console output](https://lcgapp-services.cern.ch/root-jenkins/job/root-pullrequests-build/90885/console).; ### Failing tests:; - [projectroot.roottest.root.meta.rootcling.roottest_root_meta_rootcling_includeInLinkdefDict_build](https://lcgapp-services.cern.ch/root-jenkins/job/root-pullrequests-build/90885/testReport/projectroot.roottest.root.meta/rootcling/roottest_root_meta_rootcling_includeInLinkdefDict_build/),MatchSource.ISSUE_COMMENT,root-project,root,v6-32-06,https://github.com/root-project/root/pull/6095#issuecomment-665592359:412,test,tests,412,https://root.cern,https://github.com/root-project/root/pull/6095#issuecomment-665592359,2,['test'],"['testReport', 'tests']"
Testability,Build failed on ROOT-fedora30/cxx14.; Running on root-fedora30-2.cern.ch:/home/sftnight/build/workspace/root-pullrequests-build; [See cdash](http://cdash.cern.ch/index.php?project=ROOT&filtercount=1&field1=buildname/string&compare1=65&value1=PR-6095-ROOT-fedora30-cxx14&date=2020-07-29).; [See console output](https://lcgapp-services.cern.ch/root-jenkins/job/root-pullrequests-build/90917/console).; ### Failing tests:; - [projectroot.roottest.root.meta.rootcling.roottest_root_meta_rootcling_includeInLinkdefDict_build](https://lcgapp-services.cern.ch/root-jenkins/job/root-pullrequests-build/90917/testReport/projectroot.roottest.root.meta/rootcling/roottest_root_meta_rootcling_includeInLinkdefDict_build/),MatchSource.ISSUE_COMMENT,root-project,root,v6-32-06,https://github.com/root-project/root/pull/6095#issuecomment-665641623:412,test,tests,412,https://root.cern,https://github.com/root-project/root/pull/6095#issuecomment-665641623,2,['test'],"['testReport', 'tests']"
Testability,"Build failed on ROOT-fedora30/cxx14.; Running on root-fedora30-2.cern.ch:/home/sftnight/build/workspace/root-pullrequests-build; [See cdash](http://cdash.cern.ch/index.php?project=ROOT&filtercount=1&field1=buildname/string&compare1=65&value1=PR-6103-ROOT-fedora30-cxx14&date=2020-07-30).; [See console output](https://lcgapp-services.cern.ch/root-jenkins/job/root-pullrequests-build/91070/console).; ### Errors:; - [2020-07-30T13:19:46.649Z] FAILED: hist/histv7/test/CMakeFiles/histhistv7testUnit.dir/fit.cxx.o ; - [2020-07-30T13:19:46.915Z] /home/sftnight/build/workspace/root-pullrequests-build/root/hist/histv7/inc/ROOT/RFitImpl.hxx:106:18: error: no match for call to ‘(TF1) (ROOT::Experimental::Detail::RHistBinRef&lt;ROOT::Experimental::Detail::RHistImplBase&lt;ROOT::Experimental::Detail::RHistData&lt;1, double, std::vector&lt;double&gt;, ROOT::Experimental::RHistStatContent, ROOT::Experimental::RHistStatUncertainty&gt; &gt; &gt;&)’ ; - [2020-07-30T13:19:46.916Z] /home/sftnight/build/workspace/root-pullrequests-build/root/hist/histv7/inc/ROOT/RFitImpl.hxx:113:13: error: no matching function for call to ‘ROOT::Fit::BinData::Add(ROOT::Experimental::Detail::RHistBinRef&lt;ROOT::Experimental::Detail::RHistImplBase&lt;ROOT::Experimental::Detail::RHistData&lt;1, double, std::vector&lt;double&gt;, ROOT::Experimental::RHistStatContent, ROOT::Experimental::RHistStatUncertainty&gt; &gt; &gt;::CoordArray_t, double)’ ; - [2020-07-30T13:19:46.916Z] /home/sftnight/build/workspace/root-pullrequests-build/root/hist/histv7/inc/ROOT/RFitImpl.hxx:116:35: error: cannot bind non-const lvalue reference of type ‘double&’ to an rvalue of type ‘double’ ; - [2020-07-30T13:19:46.916Z] /home/sftnight/build/workspace/root-pullrequests-build/root/hist/histv7/inc/ROOT/RFitImpl.hxx:118:13: error: no matching function for call to ‘ROOT::Fit::BinData::Add(ROOT::Experimental::Detail::RHistBinRef&lt;ROOT::Experimental::Detail::RHistImplBase&lt;ROOT::Experimental::Detail::RHistData&lt;1, double, std::vector",MatchSource.ISSUE_COMMENT,root-project,root,v6-32-06,https://github.com/root-project/root/pull/6103#issuecomment-666360735:462,test,test,462,https://root.cern,https://github.com/root-project/root/pull/6103#issuecomment-666360735,1,['test'],['test']
Testability,Build failed on ROOT-fedora30/cxx14.; Running on root-fedora30-2.cern.ch:/home/sftnight/build/workspace/root-pullrequests-build; [See cdash](http://cdash.cern.ch/index.php?project=ROOT&filtercount=1&field1=buildname/string&compare1=65&value1=PR-6108-ROOT-fedora30-cxx14&date=2020-08-03).; [See console output](https://lcgapp-services.cern.ch/root-jenkins/job/root-pullrequests-build/91174/console).; ### Failing tests:; - [projectroot.roottest.root.aclic.load.roottest_root_aclic_load_reload](https://lcgapp-services.cern.ch/root-jenkins/job/root-pullrequests-build/91174/testReport/projectroot.roottest.root.aclic/load/roottest_root_aclic_load_reload/),MatchSource.ISSUE_COMMENT,root-project,root,v6-32-06,https://github.com/root-project/root/pull/6108#issuecomment-667898658:412,test,tests,412,https://root.cern,https://github.com/root-project/root/pull/6108#issuecomment-667898658,2,['test'],"['testReport', 'tests']"
Testability,Build failed on ROOT-fedora30/cxx14.; Running on root-fedora30-2.cern.ch:/home/sftnight/build/workspace/root-pullrequests-build; [See cdash](http://cdash.cern.ch/index.php?project=ROOT&filtercount=1&field1=buildname/string&compare1=65&value1=PR-6161-ROOT-fedora30-cxx14&date=2020-08-11).; [See console output](https://lcgapp-services.cern.ch/root-jenkins/job/root-pullrequests-build/92284/console).; ### Failing tests:; - [projectroot.test.test_stresstmva_interpreted](https://lcgapp-services.cern.ch/root-jenkins/job/root-pullrequests-build/92284/testReport/projectroot/test/test_stresstmva_interpreted/); - [projectroot.bindings.pyroot.pythonizations.test.pyunittests_pyroot_pyz_rdataframe_asnumpy](https://lcgapp-services.cern.ch/root-jenkins/job/root-pullrequests-build/92284/testReport/projectroot.bindings.pyroot.pythonizations/test/pyunittests_pyroot_pyz_rdataframe_asnumpy/); - [projectroot.tmva.tmva.test.gtest_tmva_tmva_test_rstandardscaler](https://lcgapp-services.cern.ch/root-jenkins/job/root-pullrequests-build/92284/testReport/projectroot.tmva.tmva/test/gtest_tmva_tmva_test_rstandardscaler/); - [projectroot.roottest.root.io.json.roottest_root_io_json_make](https://lcgapp-services.cern.ch/root-jenkins/job/root-pullrequests-build/92284/testReport/projectroot.roottest.root.io/json/roottest_root_io_json_make/); - [projectroot.roottest.root.meta.callfunc.roottest_root_meta_callfunc_execResolveAt_auto](https://lcgapp-services.cern.ch/root-jenkins/job/root-pullrequests-build/92284/testReport/projectroot.roottest.root.meta/callfunc/roottest_root_meta_callfunc_execResolveAt_auto/); - [projectroot.roottest.root.tree.selectorreader.roottest_root_tree_selectorreader_make](https://lcgapp-services.cern.ch/root-jenkins/job/root-pullrequests-build/92284/testReport/projectroot.roottest.root.tree/selectorreader/roottest_root_tree_selectorreader_make/),MatchSource.ISSUE_COMMENT,root-project,root,v6-32-06,https://github.com/root-project/root/pull/6161#issuecomment-672080207:412,test,tests,412,https://root.cern,https://github.com/root-project/root/pull/6161#issuecomment-672080207,13,['test'],"['test', 'testReport', 'tests']"
Testability,Build failed on ROOT-fedora30/cxx14.; Running on root-fedora30-2.cern.ch:/home/sftnight/build/workspace/root-pullrequests-build; [See cdash](http://cdash.cern.ch/index.php?project=ROOT&filtercount=1&field1=buildname/string&compare1=65&value1=PR-6173-ROOT-fedora30-cxx14&date=2020-08-12).; [See console output](https://lcgapp-services.cern.ch/root-jenkins/job/root-pullrequests-build/92508/console).; ### Failing tests:; - [projectroot.roottest.root.meta.roottest_root_meta_runMemberComments](https://lcgapp-services.cern.ch/root-jenkins/job/root-pullrequests-build/92508/testReport/projectroot.roottest.root/meta/roottest_root_meta_runMemberComments/); - [projectroot.roottest.root.meta.method.roottest_root_meta_method_execTemplate_auto](https://lcgapp-services.cern.ch/root-jenkins/job/root-pullrequests-build/92508/testReport/projectroot.roottest.root.meta/method/roottest_root_meta_method_execTemplate_auto/); - [projectroot.roottest.root.meta.genreflex.TClass.roottest_root_meta_genreflex_TClass_execbasic](https://lcgapp-services.cern.ch/root-jenkins/job/root-pullrequests-build/92508/testReport/projectroot.roottest.root.meta.genreflex/TClass/roottest_root_meta_genreflex_TClass_execbasic/),MatchSource.ISSUE_COMMENT,root-project,root,v6-32-06,https://github.com/root-project/root/pull/6173#issuecomment-672985656:412,test,tests,412,https://root.cern,https://github.com/root-project/root/pull/6173#issuecomment-672985656,4,['test'],"['testReport', 'tests']"
Testability,Build failed on ROOT-fedora30/cxx14.; Running on root-fedora30-2.cern.ch:/home/sftnight/build/workspace/root-pullrequests-build; [See cdash](http://cdash.cern.ch/index.php?project=ROOT&filtercount=1&field1=buildname/string&compare1=65&value1=PR-6266-ROOT-fedora30-cxx14&date=2020-08-28).; [See console output](https://lcgapp-services.cern.ch/root-jenkins/job/root-pullrequests-build/94124/console).; ### Failing tests:; - [projectroot.tree.dataframe.test.gtest_tree_dataframe_test_dataframe_concurrency](https://lcgapp-services.cern.ch/root-jenkins/job/root-pullrequests-build/94124/testReport/projectroot.tree.dataframe/test/gtest_tree_dataframe_test_dataframe_concurrency/),MatchSource.ISSUE_COMMENT,root-project,root,v6-32-06,https://github.com/root-project/root/pull/6266#issuecomment-682579928:412,test,tests,412,https://root.cern,https://github.com/root-project/root/pull/6266#issuecomment-682579928,4,['test'],"['test', 'testReport', 'tests']"
Testability,Build failed on ROOT-fedora30/cxx14.; Running on root-fedora30-2.cern.ch:/home/sftnight/build/workspace/root-pullrequests-build; [See cdash](http://cdash.cern.ch/index.php?project=ROOT&filtercount=1&field1=buildname/string&compare1=65&value1=PR-6342-ROOT-fedora30-cxx14&date=2020-09-11).; [See console output](https://lcgapp-services.cern.ch/root-jenkins/job/root-pullrequests-build/95592/console).; ### Failing tests:; - [projectroot.roottest.root.dataframe.roottest_root_dataframe_test_readShip](https://lcgapp-services.cern.ch/root-jenkins/job/root-pullrequests-build/95592/testReport/projectroot.roottest.root/dataframe/roottest_root_dataframe_test_readShip/); - [projectroot.tree.dataframe.test.gtest_tree_dataframe_test_dataframe_interface](https://lcgapp-services.cern.ch/root-jenkins/job/root-pullrequests-build/95592/testReport/projectroot.tree.dataframe/test/gtest_tree_dataframe_test_dataframe_interface/),MatchSource.ISSUE_COMMENT,root-project,root,v6-32-06,https://github.com/root-project/root/pull/6342#issuecomment-691317109:412,test,tests,412,https://root.cern,https://github.com/root-project/root/pull/6342#issuecomment-691317109,5,['test'],"['test', 'testReport', 'tests']"
Testability,Build failed on ROOT-fedora30/cxx14.; Running on root-fedora30-2.cern.ch:/home/sftnight/build/workspace/root-pullrequests-build; [See cdash](http://cdash.cern.ch/index.php?project=ROOT&filtercount=1&field1=buildname/string&compare1=65&value1=PR-6342-ROOT-fedora30-cxx14&date=2020-09-16).; [See console output](https://lcgapp-services.cern.ch/root-jenkins/job/root-pullrequests-build/95936/console).; ### Failing tests:; - [projectroot.roottest.root.dataframe.roottest_root_dataframe_test_readShip](https://lcgapp-services.cern.ch/root-jenkins/job/root-pullrequests-build/95936/testReport/projectroot.roottest.root/dataframe/roottest_root_dataframe_test_readShip/),MatchSource.ISSUE_COMMENT,root-project,root,v6-32-06,https://github.com/root-project/root/pull/6342#issuecomment-693028832:412,test,tests,412,https://root.cern,https://github.com/root-project/root/pull/6342#issuecomment-693028832,2,['test'],"['testReport', 'tests']"
Testability,Build failed on ROOT-fedora30/cxx14.; Running on root-fedora30-2.cern.ch:/home/sftnight/build/workspace/root-pullrequests-build; [See console output](https://lcgapp-services.cern.ch/root-jenkins/job/root-pullrequests-build/100047/console).; ### Failing tests:; - [projectroot.roottest.cling.dict.ROOT-9185.roottest_cling_dict_ROOT_9185_ROOT9185](https://lcgapp-services.cern.ch/root-jenkins/job/root-pullrequests-build/100047/testReport/projectroot.roottest.cling.dict/ROOT-9185/roottest_cling_dict_ROOT_9185_ROOT9185/); - [projectroot.roottest.python.pythonizations.roottest_python_pythonizations_pythonizations](https://lcgapp-services.cern.ch/root-jenkins/job/root-pullrequests-build/100047/testReport/projectroot.roottest.python/pythonizations/roottest_python_pythonizations_pythonizations/); - [projectroot.roottest.python.pythonizations.roottest_python_pythonizations_smartptr](https://lcgapp-services.cern.ch/root-jenkins/job/root-pullrequests-build/100047/testReport/projectroot.roottest.python/pythonizations/roottest_python_pythonizations_smartptr/); - [projectroot.roottest.python.stl.roottest_python_stl_stl](https://lcgapp-services.cern.ch/root-jenkins/job/root-pullrequests-build/100047/testReport/projectroot.roottest.python/stl/roottest_python_stl_stl/),MatchSource.ISSUE_COMMENT,root-project,root,v6-32-06,https://github.com/root-project/root/pull/6702#issuecomment-715432214:253,test,tests,253,https://root.cern,https://github.com/root-project/root/pull/6702#issuecomment-715432214,5,['test'],"['testReport', 'tests']"
Testability,Build failed on ROOT-fedora30/cxx14.; Running on root-fedora30-2.cern.ch:/home/sftnight/build/workspace/root-pullrequests-build; [See console output](https://lcgapp-services.cern.ch/root-jenkins/job/root-pullrequests-build/100079/console).; ### Failing tests:; - [projectroot.roottest.cling.dict.ROOT-9185.roottest_cling_dict_ROOT_9185_ROOT9185](https://lcgapp-services.cern.ch/root-jenkins/job/root-pullrequests-build/100079/testReport/projectroot.roottest.cling.dict/ROOT-9185/roottest_cling_dict_ROOT_9185_ROOT9185/); - [projectroot.roottest.python.pythonizations.roottest_python_pythonizations_pythonizations](https://lcgapp-services.cern.ch/root-jenkins/job/root-pullrequests-build/100079/testReport/projectroot.roottest.python/pythonizations/roottest_python_pythonizations_pythonizations/); - [projectroot.roottest.python.pythonizations.roottest_python_pythonizations_smartptr](https://lcgapp-services.cern.ch/root-jenkins/job/root-pullrequests-build/100079/testReport/projectroot.roottest.python/pythonizations/roottest_python_pythonizations_smartptr/); - [projectroot.roottest.python.stl.roottest_python_stl_stl](https://lcgapp-services.cern.ch/root-jenkins/job/root-pullrequests-build/100079/testReport/projectroot.roottest.python/stl/roottest_python_stl_stl/),MatchSource.ISSUE_COMMENT,root-project,root,v6-32-06,https://github.com/root-project/root/pull/6669#issuecomment-715554276:253,test,tests,253,https://root.cern,https://github.com/root-project/root/pull/6669#issuecomment-715554276,5,['test'],"['testReport', 'tests']"
Testability,Build failed on ROOT-fedora30/cxx14.; Running on root-fedora30-2.cern.ch:/home/sftnight/build/workspace/root-pullrequests-build; [See console output](https://lcgapp-services.cern.ch/root-jenkins/job/root-pullrequests-build/100311/console).; ### Errors:; - [2020-10-27T16:16:36.347Z] 1046/2152 Test #957: tutorial-v7-ntuple-ntpl003_lhcbOpenData ...........................................................***Failed Error regular expression found in output. Regex=[: error:] 1.58 sec . ### Failing tests:; - [projectroot.runtutorials.tutorial_v7_ntuple_ntpl003_lhcbOpenData](https://lcgapp-services.cern.ch/root-jenkins/job/root-pullrequests-build/100311/testReport/projectroot/runtutorials/tutorial_v7_ntuple_ntpl003_lhcbOpenData/); - [projectroot.roottest.root.meta.tclass.roottest_root_meta_tclass_execInitOrder](https://lcgapp-services.cern.ch/root-jenkins/job/root-pullrequests-build/100311/testReport/projectroot.roottest.root.meta/tclass/roottest_root_meta_tclass_execInitOrder/),MatchSource.ISSUE_COMMENT,root-project,root,v6-32-06,https://github.com/root-project/root/pull/6680#issuecomment-717378159:293,Test,Test,293,https://root.cern,https://github.com/root-project/root/pull/6680#issuecomment-717378159,4,"['Test', 'test']","['Test', 'testReport', 'tests']"
Testability,Build failed on ROOT-fedora30/cxx14.; Running on root-fedora30-2.cern.ch:/home/sftnight/build/workspace/root-pullrequests-build; [See console output](https://lcgapp-services.cern.ch/root-jenkins/job/root-pullrequests-build/100535/console).; ### Failing tests:; - [projectroot.roottest.root.meta.autoloading.headerParsingOnDemand.roottest_root_meta_autoloading_headerParsingOnDemand_no_autoparse_write](https://lcgapp-services.cern.ch/root-jenkins/job/root-pullrequests-build/100535/testReport/projectroot.roottest.root.meta.autoloading/headerParsingOnDemand/roottest_root_meta_autoloading_headerParsingOnDemand_no_autoparse_write/); - [projectroot.roottest.root.meta.autoloading.headerParsingOnDemand.roottest_root_meta_autoloading_headerParsingOnDemand_no_autoparse_read](https://lcgapp-services.cern.ch/root-jenkins/job/root-pullrequests-build/100535/testReport/projectroot.roottest.root.meta.autoloading/headerParsingOnDemand/roottest_root_meta_autoloading_headerParsingOnDemand_no_autoparse_read/); - [projectroot.roottest.root.meta.evolution.version5.roottest_root_meta_evolution_version5_execNestedColl](https://lcgapp-services.cern.ch/root-jenkins/job/root-pullrequests-build/100535/testReport/projectroot.roottest.root.meta.evolution/version5/roottest_root_meta_evolution_version5_execNestedColl/); - [projectroot.roottest.root.tree.addresses.roottest_root_tree_addresses_make](https://lcgapp-services.cern.ch/root-jenkins/job/root-pullrequests-build/100535/testReport/projectroot.roottest.root.tree/addresses/roottest_root_tree_addresses_make/),MatchSource.ISSUE_COMMENT,root-project,root,v6-32-06,https://github.com/root-project/root/pull/6729#issuecomment-718912346:253,test,tests,253,https://root.cern,https://github.com/root-project/root/pull/6729#issuecomment-718912346,5,['test'],"['testReport', 'tests']"
Testability,Build failed on ROOT-fedora30/cxx14.; Running on root-fedora30-2.cern.ch:/home/sftnight/build/workspace/root-pullrequests-build; [See console output](https://lcgapp-services.cern.ch/root-jenkins/job/root-pullrequests-build/100831/console).; ### Failing tests:; - [projectroot.roottest.cling.dict.ROOT-9185.roottest_cling_dict_ROOT_9185_ROOT9185](https://lcgapp-services.cern.ch/root-jenkins/job/root-pullrequests-build/100831/testReport/projectroot.roottest.cling.dict/ROOT-9185/roottest_cling_dict_ROOT_9185_ROOT9185/); - [projectroot.roottest.python.pythonizations.roottest_python_pythonizations_pythonizations](https://lcgapp-services.cern.ch/root-jenkins/job/root-pullrequests-build/100831/testReport/projectroot.roottest.python/pythonizations/roottest_python_pythonizations_pythonizations/); - [projectroot.roottest.python.pythonizations.roottest_python_pythonizations_smartptr](https://lcgapp-services.cern.ch/root-jenkins/job/root-pullrequests-build/100831/testReport/projectroot.roottest.python/pythonizations/roottest_python_pythonizations_smartptr/); - [projectroot.roottest.python.stl.roottest_python_stl_stl](https://lcgapp-services.cern.ch/root-jenkins/job/root-pullrequests-build/100831/testReport/projectroot.roottest.python/stl/roottest_python_stl_stl/),MatchSource.ISSUE_COMMENT,root-project,root,v6-32-06,https://github.com/root-project/root/pull/6732#issuecomment-720778636:253,test,tests,253,https://root.cern,https://github.com/root-project/root/pull/6732#issuecomment-720778636,5,['test'],"['testReport', 'tests']"
Testability,Build failed on ROOT-fedora30/cxx14.; Running on root-fedora30-2.cern.ch:/home/sftnight/build/workspace/root-pullrequests-build; [See console output](https://lcgapp-services.cern.ch/root-jenkins/job/root-pullrequests-build/100871/console).; ### Failing tests:; - [projectroot.roottest.cling.dict.ROOT-9185.roottest_cling_dict_ROOT_9185_ROOT9185](https://lcgapp-services.cern.ch/root-jenkins/job/root-pullrequests-build/100871/testReport/projectroot.roottest.cling.dict/ROOT-9185/roottest_cling_dict_ROOT_9185_ROOT9185/); - [projectroot.roottest.python.pythonizations.roottest_python_pythonizations_smartptr](https://lcgapp-services.cern.ch/root-jenkins/job/root-pullrequests-build/100871/testReport/projectroot.roottest.python/pythonizations/roottest_python_pythonizations_smartptr/); - [projectroot.roottest.python.pythonizations.roottest_python_pythonizations_pythonizations](https://lcgapp-services.cern.ch/root-jenkins/job/root-pullrequests-build/100871/testReport/projectroot.roottest.python/pythonizations/roottest_python_pythonizations_pythonizations/); - [projectroot.roottest.python.stl.roottest_python_stl_stl](https://lcgapp-services.cern.ch/root-jenkins/job/root-pullrequests-build/100871/testReport/projectroot.roottest.python/stl/roottest_python_stl_stl/),MatchSource.ISSUE_COMMENT,root-project,root,v6-32-06,https://github.com/root-project/root/pull/6747#issuecomment-721162100:253,test,tests,253,https://root.cern,https://github.com/root-project/root/pull/6747#issuecomment-721162100,5,['test'],"['testReport', 'tests']"
Testability,Build failed on ROOT-fedora30/cxx14.; Running on root-fedora30-2.cern.ch:/home/sftnight/build/workspace/root-pullrequests-build; [See console output](https://lcgapp-services.cern.ch/root-jenkins/job/root-pullrequests-build/101343/console).; ### Failing tests:; - [projectroot.core.thread.test.gtest_core_thread_test_testInterpreterLock](https://lcgapp-services.cern.ch/root-jenkins/job/root-pullrequests-build/101343/testReport/projectroot.core.thread/test/gtest_core_thread_test_testInterpreterLock/),MatchSource.ISSUE_COMMENT,root-project,root,v6-32-06,https://github.com/root-project/root/pull/6559#issuecomment-723472290:253,test,tests,253,https://root.cern,https://github.com/root-project/root/pull/6559#issuecomment-723472290,4,['test'],"['test', 'testReport', 'tests']"
Testability,Build failed on ROOT-fedora30/cxx14.; Running on root-fedora30-2.cern.ch:/home/sftnight/build/workspace/root-pullrequests-build; [See console output](https://lcgapp-services.cern.ch/root-jenkins/job/root-pullrequests-build/101418/console).; ### Failing tests:; - [projectroot.tmva.tmva.test.DNN.TMVA_DNN_MethodDL_Adam_Optimization_Cpu](https://lcgapp-services.cern.ch/root-jenkins/job/root-pullrequests-build/101418/testReport/projectroot.tmva.tmva.test/DNN/TMVA_DNN_MethodDL_Adam_Optimization_Cpu/),MatchSource.ISSUE_COMMENT,root-project,root,v6-32-06,https://github.com/root-project/root/pull/6768#issuecomment-724175154:253,test,tests,253,https://root.cern,https://github.com/root-project/root/pull/6768#issuecomment-724175154,4,['test'],"['test', 'testReport', 'tests']"
Testability,Build failed on ROOT-fedora30/cxx14.; Running on root-fedora30-2.cern.ch:/home/sftnight/build/workspace/root-pullrequests-build; [See console output](https://lcgapp-services.cern.ch/root-jenkins/job/root-pullrequests-build/101739/console).; ### Failing tests:; - [projectroot.core.thread.test.gtest_core_thread_test_testInterpreterLock](https://lcgapp-services.cern.ch/root-jenkins/job/root-pullrequests-build/101739/testReport/projectroot.core.thread/test/gtest_core_thread_test_testInterpreterLock/),MatchSource.ISSUE_COMMENT,root-project,root,v6-32-06,https://github.com/root-project/root/pull/6559#issuecomment-726201441:253,test,tests,253,https://root.cern,https://github.com/root-project/root/pull/6559#issuecomment-726201441,4,['test'],"['test', 'testReport', 'tests']"
Testability,Build failed on ROOT-fedora30/cxx14.; Running on root-fedora30-2.cern.ch:/home/sftnight/build/workspace/root-pullrequests-build; [See console output](https://lcgapp-services.cern.ch/root-jenkins/job/root-pullrequests-build/102204/console).; ### Failing tests:; - [projectroot.tree.dataframe.test.gtest_tree_dataframe_test_dataframe_simple](https://lcgapp-services.cern.ch/root-jenkins/job/root-pullrequests-build/102204/testReport/projectroot.tree.dataframe/test/gtest_tree_dataframe_test_dataframe_simple/); - [projectroot.roottest.root.tree.chain.roottest_root_tree_chain_make](https://lcgapp-services.cern.ch/root-jenkins/job/root-pullrequests-build/102204/testReport/projectroot.roottest.root.tree/chain/roottest_root_tree_chain_make/); - [projectroot.roottest.root.tree.friend.roottest_root_tree_friend_make](https://lcgapp-services.cern.ch/root-jenkins/job/root-pullrequests-build/102204/testReport/projectroot.roottest.root.tree/friend/roottest_root_tree_friend_make/),MatchSource.ISSUE_COMMENT,root-project,root,v6-32-06,https://github.com/root-project/root/pull/6821#issuecomment-729946455:253,test,tests,253,https://root.cern,https://github.com/root-project/root/pull/6821#issuecomment-729946455,6,['test'],"['test', 'testReport', 'tests']"
Testability,Build failed on ROOT-fedora30/cxx14.; Running on root-fedora30-2.cern.ch:/home/sftnight/build/workspace/root-pullrequests-build; [See console output](https://lcgapp-services.cern.ch/root-jenkins/job/root-pullrequests-build/102260/console).; ### Failing tests:; - [projectroot.roottest.root.multicore.roottest_root_multicore_processExecutorH1Test](https://lcgapp-services.cern.ch/root-jenkins/job/root-pullrequests-build/102260/testReport/projectroot.roottest.root/multicore/roottest_root_multicore_processExecutorH1Test/),MatchSource.ISSUE_COMMENT,root-project,root,v6-32-06,https://github.com/root-project/root/pull/6844#issuecomment-730366429:253,test,tests,253,https://root.cern,https://github.com/root-project/root/pull/6844#issuecomment-730366429,2,['test'],"['testReport', 'tests']"
Testability,Build failed on ROOT-fedora30/cxx14.; Running on root-fedora30-2.cern.ch:/home/sftnight/build/workspace/root-pullrequests-build; [See console output](https://lcgapp-services.cern.ch/root-jenkins/job/root-pullrequests-build/102305/console).; ### Errors:; - [2020-11-20T10:45:32.835Z] FAILED: math/mathcore/test/CMakeFiles/MulmodUnitNoInt128.dir/mulmod_noint128.cxx.o ; - [2020-11-20T10:45:32.835Z] /home/sftnight/build/workspace/root-pullrequests-build/root/math/mathcore/test/../src/mulmod.h:132:49: error: cannot bind non-const lvalue reference of type ‘unsigned int&’ to an rvalue of type ‘unsigned int’,MatchSource.ISSUE_COMMENT,root-project,root,v6-32-06,https://github.com/root-project/root/pull/6844#issuecomment-731093802:305,test,test,305,https://root.cern,https://github.com/root-project/root/pull/6844#issuecomment-731093802,2,['test'],['test']
Testability,Build failed on ROOT-fedora30/cxx14.; Running on root-fedora30-2.cern.ch:/home/sftnight/build/workspace/root-pullrequests-build; [See console output](https://lcgapp-services.cern.ch/root-jenkins/job/root-pullrequests-build/102354/console).; ### Failing tests:; - [projectroot.bindings.pyroot.pythonizations.test.pyunittests_pyroot_import_load_libs](https://lcgapp-services.cern.ch/root-jenkins/job/root-pullrequests-build/102354/testReport/projectroot.bindings.pyroot.pythonizations/test/pyunittests_pyroot_import_load_libs/); - [projectroot.core.dictgen.test.gtest_core_dictgen_test_dictgen_base](https://lcgapp-services.cern.ch/root-jenkins/job/root-pullrequests-build/102354/testReport/projectroot.core.dictgen/test/gtest_core_dictgen_test_dictgen_base/); - [projectroot.core.meta.test.gtest_core_meta_test_testTClass](https://lcgapp-services.cern.ch/root-jenkins/job/root-pullrequests-build/102354/testReport/projectroot.core.meta/test/gtest_core_meta_test_testTClass/); - [projectroot.core.metacling.test.gtest_core_metacling_test_TClingTest](https://lcgapp-services.cern.ch/root-jenkins/job/root-pullrequests-build/102354/testReport/projectroot.core.metacling/test/gtest_core_metacling_test_TClingTest/); - [projectroot.roottest.scripts.roottest_scripts_utils](https://lcgapp-services.cern.ch/root-jenkins/job/root-pullrequests-build/102354/testReport/projectroot.roottest/scripts/roottest_scripts_utils/); - [projectroot.roottest.cling.const.roottest_cling_const_constCharTest](https://lcgapp-services.cern.ch/root-jenkins/job/root-pullrequests-build/102354/testReport/projectroot.roottest.cling/const/roottest_cling_const_constCharTest/); - [projectroot.roottest.cling.const.roottest_cling_const_run2](https://lcgapp-services.cern.ch/root-jenkins/job/root-pullrequests-build/102354/testReport/projectroot.roottest.cling/const/roottest_cling_const_run2/); - [projectroot.roottest.cling.dict.roottest_cling_dict_rundefaultargs_compiled](https://lcgapp-services.cern.ch/root-jenkins/job/root-pull,MatchSource.ISSUE_COMMENT,root-project,root,v6-32-06,https://github.com/root-project/root/pull/6850#issuecomment-731299728:253,test,tests,253,https://root.cern,https://github.com/root-project/root/pull/6850#issuecomment-731299728,10,['test'],"['test', 'testReport', 'tests']"
Testability,Build failed on ROOT-fedora30/cxx14.; Running on root-fedora30-2.cern.ch:/home/sftnight/build/workspace/root-pullrequests-build; [See console output](https://lcgapp-services.cern.ch/root-jenkins/job/root-pullrequests-build/102368/console).; ### Failing tests:; - [projectroot.roottest.root.io.uniquePointer.roottest_root_io_uniquePointer_writePtrColls](https://lcgapp-services.cern.ch/root-jenkins/job/root-pullrequests-build/102368/testReport/projectroot.roottest.root.io/uniquePointer/roottest_root_io_uniquePointer_writePtrColls/); - [projectroot.roottest.root.io.stdarray.roottest_root_io_stdarray_aclicModelWrite](https://lcgapp-services.cern.ch/root-jenkins/job/root-pullrequests-build/102368/testReport/projectroot.roottest.root.io/stdarray/roottest_root_io_stdarray_aclicModelWrite/); - [projectroot.roottest.root.io.uniquePointer.roottest_root_io_uniquePointer_writeUniqPtrColls](https://lcgapp-services.cern.ch/root-jenkins/job/root-pullrequests-build/102368/testReport/projectroot.roottest.root.io/uniquePointer/roottest_root_io_uniquePointer_writeUniqPtrColls/); - [projectroot.roottest.root.io.stdarray.roottest_root_io_stdarray_modelReadDictTXMLFile](https://lcgapp-services.cern.ch/root-jenkins/job/root-pullrequests-build/102368/testReport/projectroot.roottest.root.io/stdarray/roottest_root_io_stdarray_modelReadDictTXMLFile/); - [projectroot.roottest.root.io.uniquePointer.roottest_root_io_uniquePointer_readUniqPtrColls](https://lcgapp-services.cern.ch/root-jenkins/job/root-pullrequests-build/102368/testReport/projectroot.roottest.root.io/uniquePointer/roottest_root_io_uniquePointer_readUniqPtrColls/); - [projectroot.roottest.root.io.uniquePointer.roottest_root_io_uniquePointer_readPtrColls](https://lcgapp-services.cern.ch/root-jenkins/job/root-pullrequests-build/102368/testReport/projectroot.roottest.root.io/uniquePointer/roottest_root_io_uniquePointer_readPtrColls/); - [projectroot.roottest.root.dataframe.roottest_root_dataframe_writeFcc](https://lcgapp-services.cern.ch,MatchSource.ISSUE_COMMENT,root-project,root,v6-32-06,https://github.com/root-project/root/pull/6852#issuecomment-731322347:253,test,tests,253,https://root.cern,https://github.com/root-project/root/pull/6852#issuecomment-731322347,4,['test'],"['testReport', 'tests']"
Testability,Build failed on ROOT-fedora30/cxx14.; Running on root-fedora30-2.cern.ch:/home/sftnight/build/workspace/root-pullrequests-build; [See console output](https://lcgapp-services.cern.ch/root-jenkins/job/root-pullrequests-build/102561/console).; ### Failing tests:; - [projectroot.core.thread.test.gtest_core_thread_test_testInterpreterLock](https://lcgapp-services.cern.ch/root-jenkins/job/root-pullrequests-build/102561/testReport/projectroot.core.thread/test/gtest_core_thread_test_testInterpreterLock/); - [projectroot.roottest.root.meta.tclass.issue-6840.roottest_root_meta_tclass_issue_6840_pairCalculation](https://lcgapp-services.cern.ch/root-jenkins/job/root-pullrequests-build/102561/testReport/projectroot.roottest.root.meta.tclass/issue-6840/roottest_root_meta_tclass_issue_6840_pairCalculation/); - [projectroot.roottest.root.meta.tclass.issue-6840.roottest_root_meta_tclass_issue_6840_emulatePairsTest](https://lcgapp-services.cern.ch/root-jenkins/job/root-pullrequests-build/102561/testReport/projectroot.roottest.root.meta.tclass/issue-6840/roottest_root_meta_tclass_issue_6840_emulatePairsTest/),MatchSource.ISSUE_COMMENT,root-project,root,v6-32-06,https://github.com/root-project/root/pull/6854#issuecomment-732467468:253,test,tests,253,https://root.cern,https://github.com/root-project/root/pull/6854#issuecomment-732467468,6,['test'],"['test', 'testReport', 'tests']"
Testability,Build failed on ROOT-fedora30/cxx14.; Running on root-fedora30-2.cern.ch:/home/sftnight/build/workspace/root-pullrequests-build; [See console output](https://lcgapp-services.cern.ch/root-jenkins/job/root-pullrequests-build/102610/console).; ### Failing tests:; - [projectroot.roottest.root.meta.MakeProject.roottest_root_meta_MakeProject_stl_makeproject_test_build](https://lcgapp-services.cern.ch/root-jenkins/job/root-pullrequests-build/102610/testReport/projectroot.roottest.root.meta/MakeProject/roottest_root_meta_MakeProject_stl_makeproject_test_build/); - [projectroot.roottest.root.io.complex.roottest_root_io_complex_classWithComplex_libgen_build](https://lcgapp-services.cern.ch/root-jenkins/job/root-pullrequests-build/102610/testReport/projectroot.roottest.root.io/complex/roottest_root_io_complex_classWithComplex_libgen_build/); - [projectroot.roottest.root.io.cpp11Containers.roottest_root_io_cpp11Containers_forwardList_libgen_build](https://lcgapp-services.cern.ch/root-jenkins/job/root-pullrequests-build/102610/testReport/projectroot.roottest.root.io/cpp11Containers/roottest_root_io_cpp11Containers_forwardList_libgen_build/); - [projectroot.roottest.root.io.complex.roottest_root_io_complex_writeClassWithComplex](https://lcgapp-services.cern.ch/root-jenkins/job/root-pullrequests-build/102610/testReport/projectroot.roottest.root.io/complex/roottest_root_io_complex_writeClassWithComplex/); - [projectroot.roottest.root.meta.MakeProject.roottest_root_meta_MakeProject_examples](https://lcgapp-services.cern.ch/root-jenkins/job/root-pullrequests-build/102610/testReport/projectroot.roottest.root.meta/MakeProject/roottest_root_meta_MakeProject_examples/); - [projectroot.roottest.root.io.complex.roottest_root_io_complex_readClassWithComplex](https://lcgapp-services.cern.ch/root-jenkins/job/root-pullrequests-build/102610/testReport/projectroot.roottest.root.io/complex/roottest_root_io_complex_readClassWithComplex/); - [projectroot.roottest.root.meta.MakeProject.roottest_root_,MatchSource.ISSUE_COMMENT,root-project,root,v6-32-06,https://github.com/root-project/root/pull/6852#issuecomment-732752694:253,test,tests,253,https://root.cern,https://github.com/root-project/root/pull/6852#issuecomment-732752694,3,['test'],"['testReport', 'tests']"
Testability,Build failed on ROOT-fedora30/cxx14.; Running on root-fedora30-2.cern.ch:/home/sftnight/build/workspace/root-pullrequests-build; [See console output](https://lcgapp-services.cern.ch/root-jenkins/job/root-pullrequests-build/102617/console).; ### Failing tests:; - [projectroot.core.thread.test.gtest_core_thread_test_testInterpreterLock](https://lcgapp-services.cern.ch/root-jenkins/job/root-pullrequests-build/102617/testReport/projectroot.core.thread/test/gtest_core_thread_test_testInterpreterLock/); - [projectroot.roottest.root.meta.tclass.issue-6840.roottest_root_meta_tclass_issue_6840_emulatePairsTest](https://lcgapp-services.cern.ch/root-jenkins/job/root-pullrequests-build/102617/testReport/projectroot.roottest.root.meta.tclass/issue-6840/roottest_root_meta_tclass_issue_6840_emulatePairsTest/),MatchSource.ISSUE_COMMENT,root-project,root,v6-32-06,https://github.com/root-project/root/pull/6854#issuecomment-732953538:253,test,tests,253,https://root.cern,https://github.com/root-project/root/pull/6854#issuecomment-732953538,5,['test'],"['test', 'testReport', 'tests']"
Testability,Build failed on ROOT-fedora30/cxx14.; Running on root-fedora30-2.cern.ch:/home/sftnight/build/workspace/root-pullrequests-build; [See console output](https://lcgapp-services.cern.ch/root-jenkins/job/root-pullrequests-build/102757/console).; ### Failing tests:; - [projectroot.roottest.python.pythonizations.roottest_python_pythonizations_pythonizations](https://lcgapp-services.cern.ch/root-jenkins/job/root-pullrequests-build/102757/testReport/projectroot.roottest.python/pythonizations/roottest_python_pythonizations_pythonizations/); - [projectroot.roottest.python.pythonizations.roottest_python_pythonizations_smartptr](https://lcgapp-services.cern.ch/root-jenkins/job/root-pullrequests-build/102757/testReport/projectroot.roottest.python/pythonizations/roottest_python_pythonizations_smartptr/); - [projectroot.roottest.python.stl.roottest_python_stl_stl](https://lcgapp-services.cern.ch/root-jenkins/job/root-pullrequests-build/102757/testReport/projectroot.roottest.python/stl/roottest_python_stl_stl/),MatchSource.ISSUE_COMMENT,root-project,root,v6-32-06,https://github.com/root-project/root/pull/6878#issuecomment-733789454:253,test,tests,253,https://root.cern,https://github.com/root-project/root/pull/6878#issuecomment-733789454,4,['test'],"['testReport', 'tests']"
Testability,Build failed on ROOT-fedora30/cxx14.; Running on root-fedora30-2.cern.ch:/home/sftnight/build/workspace/root-pullrequests-build; [See console output](https://lcgapp-services.cern.ch/root-jenkins/job/root-pullrequests-build/102801/console).; ### Failing tests:; - [projectroot.tree.dataframe.test.gtest_tree_dataframe_test_datasource_ntuple](https://lcgapp-services.cern.ch/root-jenkins/job/root-pullrequests-build/102801/testReport/projectroot.tree.dataframe/test/gtest_tree_dataframe_test_datasource_ntuple/),MatchSource.ISSUE_COMMENT,root-project,root,v6-32-06,https://github.com/root-project/root/pull/6700#issuecomment-733887226:253,test,tests,253,https://root.cern,https://github.com/root-project/root/pull/6700#issuecomment-733887226,4,['test'],"['test', 'testReport', 'tests']"
Testability,Build failed on ROOT-fedora30/cxx14.; Running on root-fedora30-2.cern.ch:/home/sftnight/build/workspace/root-pullrequests-build; [See console output](https://lcgapp-services.cern.ch/root-jenkins/job/root-pullrequests-build/103728/console).; ### Failing tests:; - [projectroot.roottest.root.meta.tclass.issue-6767.roottest_root_meta_tclass_issue_6767_reproducer](https://lcgapp-services.cern.ch/root-jenkins/job/root-pullrequests-build/103728/testReport/projectroot.roottest.root.meta.tclass/issue-6767/roottest_root_meta_tclass_issue_6767_reproducer/); - [projectroot.roottest.root.meta.tclass.issue-6840.roottest_root_meta_tclass_issue_6840_emulatePairsTest](https://lcgapp-services.cern.ch/root-jenkins/job/root-pullrequests-build/103728/testReport/projectroot.roottest.root.meta.tclass/issue-6840/roottest_root_meta_tclass_issue_6840_emulatePairsTest/),MatchSource.ISSUE_COMMENT,root-project,root,v6-32-06,https://github.com/root-project/root/pull/6880#issuecomment-743342448:253,test,tests,253,https://root.cern,https://github.com/root-project/root/pull/6880#issuecomment-743342448,3,['test'],"['testReport', 'tests']"
Testability,"Build failed on ROOT-fedora30/cxx14.; Running on root-fedora30-2.cern.ch:/home/sftnight/build/workspace/root-pullrequests-build; [See console output](https://lcgapp-services.cern.ch/root-jenkins/job/root-pullrequests-build/103879/console).; ### Errors:; - [2020-12-15T02:48:57.442Z] Commit message: ""Several new test failures on ppc64le with 6.22.06 due to: g++: error: linux-vdso64.so.1: No such file or directory""",MatchSource.ISSUE_COMMENT,root-project,root,v6-32-06,https://github.com/root-project/root/pull/6952#issuecomment-745097185:312,test,test,312,https://root.cern,https://github.com/root-project/root/pull/6952#issuecomment-745097185,1,['test'],['test']
Testability,Build failed on ROOT-fedora30/cxx14.; Running on root-fedora30-2.cern.ch:/home/sftnight/build/workspace/root-pullrequests-build; [See console output](https://lcgapp-services.cern.ch/root-jenkins/job/root-pullrequests-build/104691/console).; ### Failing tests:; - [projectroot.core.rint.test.gtest_core_rint_test_TTabComTests](https://lcgapp-services.cern.ch/root-jenkins/job/root-pullrequests-build/104691/testReport/projectroot.core.rint/test/gtest_core_rint_test_TTabComTests/),MatchSource.ISSUE_COMMENT,root-project,root,v6-32-06,https://github.com/root-project/root/pull/7033#issuecomment-759508402:253,test,tests,253,https://root.cern,https://github.com/root-project/root/pull/7033#issuecomment-759508402,4,['test'],"['test', 'testReport', 'tests']"
Testability,Build failed on ROOT-fedora30/cxx14.; Running on root-fedora30-2.cern.ch:/home/sftnight/build/workspace/root-pullrequests-build; [See console output](https://lcgapp-services.cern.ch/root-jenkins/job/root-pullrequests-build/104803/console).; ### Failing tests:; - [projectroot.bindings.pyroot.pythonizations.test.pyunittests_pyroot_import_load_libs](https://lcgapp-services.cern.ch/root-jenkins/job/root-pullrequests-build/104803/testReport/projectroot.bindings.pyroot.pythonizations/test/pyunittests_pyroot_import_load_libs/); - [projectroot.core.rint.test.gtest_core_rint_test_TTabComTests](https://lcgapp-services.cern.ch/root-jenkins/job/root-pullrequests-build/104803/testReport/projectroot.core.rint/test/gtest_core_rint_test_TTabComTests/); - [projectroot.roottest.root.multicore.roottest_root_multicore_tExecutor](https://lcgapp-services.cern.ch/root-jenkins/job/root-pullrequests-build/104803/testReport/projectroot.roottest.root/multicore/roottest_root_multicore_tExecutor/); - [projectroot.roottest.root.tree.fastcloning.roottest_root_tree_fastcloning_execCheckClusterRange](https://lcgapp-services.cern.ch/root-jenkins/job/root-pullrequests-build/104803/testReport/projectroot.roottest.root.tree/fastcloning/roottest_root_tree_fastcloning_execCheckClusterRange/),MatchSource.ISSUE_COMMENT,root-project,root,v6-32-06,https://github.com/root-project/root/pull/7040#issuecomment-760273130:253,test,tests,253,https://root.cern,https://github.com/root-project/root/pull/7040#issuecomment-760273130,9,['test'],"['test', 'testReport', 'tests']"
Testability,Build failed on ROOT-fedora30/cxx14.; Running on root-fedora30-2.cern.ch:/home/sftnight/build/workspace/root-pullrequests-build; [See console output](https://lcgapp-services.cern.ch/root-jenkins/job/root-pullrequests-build/104851/console).; ### Failing tests:; - [projectroot.roottest.root.multicore.roottest_root_multicore_tExecutor](https://lcgapp-services.cern.ch/root-jenkins/job/root-pullrequests-build/104851/testReport/projectroot.roottest.root/multicore/roottest_root_multicore_tExecutor/),MatchSource.ISSUE_COMMENT,root-project,root,v6-32-06,https://github.com/root-project/root/pull/6995#issuecomment-760378413:253,test,tests,253,https://root.cern,https://github.com/root-project/root/pull/6995#issuecomment-760378413,2,['test'],"['testReport', 'tests']"
Testability,Build failed on ROOT-fedora30/cxx14.; Running on root-fedora30-2.cern.ch:/home/sftnight/build/workspace/root-pullrequests-build; [See console output](https://lcgapp-services.cern.ch/root-jenkins/job/root-pullrequests-build/104875/console).; ### Failing tests:; - [projectroot.roottest.root.multicore.roottest_root_multicore_tExecutor](https://lcgapp-services.cern.ch/root-jenkins/job/root-pullrequests-build/104875/testReport/projectroot.roottest.root/multicore/roottest_root_multicore_tExecutor/),MatchSource.ISSUE_COMMENT,root-project,root,v6-32-06,https://github.com/root-project/root/pull/7041#issuecomment-760766399:253,test,tests,253,https://root.cern,https://github.com/root-project/root/pull/7041#issuecomment-760766399,2,['test'],"['testReport', 'tests']"
Testability,Build failed on ROOT-fedora30/cxx14.; Running on root-fedora30-2.cern.ch:/home/sftnight/build/workspace/root-pullrequests-build; [See console output](https://lcgapp-services.cern.ch/root-jenkins/job/root-pullrequests-build/104917/console).; ### Failing tests:; - [projectroot.bindings.pyroot.pythonizations.test.pyunittests_pyroot_import_load_libs](https://lcgapp-services.cern.ch/root-jenkins/job/root-pullrequests-build/104917/testReport/projectroot.bindings.pyroot.pythonizations/test/pyunittests_pyroot_import_load_libs/); - [projectroot.core.rint.test.gtest_core_rint_test_TTabComTests](https://lcgapp-services.cern.ch/root-jenkins/job/root-pullrequests-build/104917/testReport/projectroot.core.rint/test/gtest_core_rint_test_TTabComTests/); - [projectroot.roottest.root.tree.fastcloning.roottest_root_tree_fastcloning_execCheckClusterRange](https://lcgapp-services.cern.ch/root-jenkins/job/root-pullrequests-build/104917/testReport/projectroot.roottest.root.tree/fastcloning/roottest_root_tree_fastcloning_execCheckClusterRange/),MatchSource.ISSUE_COMMENT,root-project,root,v6-32-06,https://github.com/root-project/root/pull/7050#issuecomment-761082991:253,test,tests,253,https://root.cern,https://github.com/root-project/root/pull/7050#issuecomment-761082991,8,['test'],"['test', 'testReport', 'tests']"
Testability,Build failed on ROOT-fedora30/cxx14.; Running on root-fedora30-2.cern.ch:/home/sftnight/build/workspace/root-pullrequests-build; [See console output](https://lcgapp-services.cern.ch/root-jenkins/job/root-pullrequests-build/104941/console).; ### Failing tests:; - [projectroot.roottest.root.tree.fastcloning.roottest_root_tree_fastcloning_execCheckClusterRange](https://lcgapp-services.cern.ch/root-jenkins/job/root-pullrequests-build/104941/testReport/projectroot.roottest.root.tree/fastcloning/roottest_root_tree_fastcloning_execCheckClusterRange/),MatchSource.ISSUE_COMMENT,root-project,root,v6-32-06,https://github.com/root-project/root/pull/7056#issuecomment-762147299:253,test,tests,253,https://root.cern,https://github.com/root-project/root/pull/7056#issuecomment-762147299,2,['test'],"['testReport', 'tests']"
Testability,"Build failed on ROOT-fedora30/cxx14.; Running on root-fedora30-2.cern.ch:/home/sftnight/build/workspace/root-pullrequests-build; [See console output](https://lcgapp-services.cern.ch/root-jenkins/job/root-pullrequests-build/104973/console).; ### Errors:; - [2021-01-18T11:36:34.633Z] FAILED: core/base/test/CMakeFiles/CoreBaseTests.dir/TStringTest.cxx.o ; - [2021-01-18T11:36:35.412Z] /home/sftnight/build/workspace/root-pullrequests-build/root/core/base/test/TStringTest.cxx:6:13: error: macro ""TEST"" requires 2 arguments, but only 1 given ; - [2021-01-18T11:36:35.412Z] /home/sftnight/build/workspace/root-pullrequests-build/root/core/base/test/TStringTest.cxx:6:1: error: ‘TEST’ does not name a type",MatchSource.ISSUE_COMMENT,root-project,root,v6-32-06,https://github.com/root-project/root/pull/7042#issuecomment-762192245:301,test,test,301,https://root.cern,https://github.com/root-project/root/pull/7042#issuecomment-762192245,5,"['TEST', 'test']","['TEST', 'test']"
Testability,Build failed on ROOT-fedora30/cxx14.; Running on root-fedora30-2.cern.ch:/home/sftnight/build/workspace/root-pullrequests-build; [See console output](https://lcgapp-services.cern.ch/root-jenkins/job/root-pullrequests-build/104981/console).; ### Failing tests:; - [projectroot.core.rint.test.gtest_core_rint_test_TTabComTests](https://lcgapp-services.cern.ch/root-jenkins/job/root-pullrequests-build/104981/testReport/projectroot.core.rint/test/gtest_core_rint_test_TTabComTests/); - [projectroot.roottest.root.tree.fastcloning.roottest_root_tree_fastcloning_execCheckClusterRange](https://lcgapp-services.cern.ch/root-jenkins/job/root-pullrequests-build/104981/testReport/projectroot.roottest.root.tree/fastcloning/roottest_root_tree_fastcloning_execCheckClusterRange/),MatchSource.ISSUE_COMMENT,root-project,root,v6-32-06,https://github.com/root-project/root/pull/7042#issuecomment-762229005:253,test,tests,253,https://root.cern,https://github.com/root-project/root/pull/7042#issuecomment-762229005,5,['test'],"['test', 'testReport', 'tests']"
Testability,Build failed on ROOT-fedora30/cxx14.; Running on root-fedora30-2.cern.ch:/home/sftnight/build/workspace/root-pullrequests-build; [See console output](https://lcgapp-services.cern.ch/root-jenkins/job/root-pullrequests-build/105030/console).; ### Failing tests:; - [projectroot.roottest.root.tree.fastcloning.roottest_root_tree_fastcloning_execCheckClusterRange](https://lcgapp-services.cern.ch/root-jenkins/job/root-pullrequests-build/105030/testReport/projectroot.roottest.root.tree/fastcloning/roottest_root_tree_fastcloning_execCheckClusterRange/),MatchSource.ISSUE_COMMENT,root-project,root,v6-32-06,https://github.com/root-project/root/pull/7041#issuecomment-762874462:253,test,tests,253,https://root.cern,https://github.com/root-project/root/pull/7041#issuecomment-762874462,2,['test'],"['testReport', 'tests']"
Testability,Build failed on ROOT-fedora30/cxx14.; Running on root-fedora30-2.cern.ch:/home/sftnight/build/workspace/root-pullrequests-build; [See console output](https://lcgapp-services.cern.ch/root-jenkins/job/root-pullrequests-build/105038/console).; ### Failing tests:; - [projectroot.roottest.root.tree.fastcloning.roottest_root_tree_fastcloning_execCheckClusterRange](https://lcgapp-services.cern.ch/root-jenkins/job/root-pullrequests-build/105038/testReport/projectroot.roottest.root.tree/fastcloning/roottest_root_tree_fastcloning_execCheckClusterRange/),MatchSource.ISSUE_COMMENT,root-project,root,v6-32-06,https://github.com/root-project/root/pull/7064#issuecomment-762940218:253,test,tests,253,https://root.cern,https://github.com/root-project/root/pull/7064#issuecomment-762940218,2,['test'],"['testReport', 'tests']"
Testability,Build failed on ROOT-fedora30/cxx14.; Running on root-fedora30-2.cern.ch:/home/sftnight/build/workspace/root-pullrequests-build; [See console output](https://lcgapp-services.cern.ch/root-jenkins/job/root-pullrequests-build/105046/console).; ### Failing tests:; - [projectroot.roottest.root.multicore.roottest_root_multicore_poolManager_build](https://lcgapp-services.cern.ch/root-jenkins/job/root-pullrequests-build/105046/testReport/projectroot.roottest.root/multicore/roottest_root_multicore_poolManager_build/); - [projectroot.roottest.root.multicore.roottest_root_multicore_poolManager](https://lcgapp-services.cern.ch/root-jenkins/job/root-pullrequests-build/105046/testReport/projectroot.roottest.root/multicore/roottest_root_multicore_poolManager/),MatchSource.ISSUE_COMMENT,root-project,root,v6-32-06,https://github.com/root-project/root/pull/7065#issuecomment-763524298:253,test,tests,253,https://root.cern,https://github.com/root-project/root/pull/7065#issuecomment-763524298,3,['test'],"['testReport', 'tests']"
Testability,Build failed on ROOT-fedora30/cxx14.; Running on root-fedora30-2.cern.ch:/home/sftnight/build/workspace/root-pullrequests-build; [See console output](https://lcgapp-services.cern.ch/root-jenkins/job/root-pullrequests-build/105054/console).; ### Failing tests:; - [projectroot.roottest.root.tree.fastcloning.roottest_root_tree_fastcloning_execCheckClusterRange](https://lcgapp-services.cern.ch/root-jenkins/job/root-pullrequests-build/105054/testReport/projectroot.roottest.root.tree/fastcloning/roottest_root_tree_fastcloning_execCheckClusterRange/),MatchSource.ISSUE_COMMENT,root-project,root,v6-32-06,https://github.com/root-project/root/pull/7068#issuecomment-763647169:253,test,tests,253,https://root.cern,https://github.com/root-project/root/pull/7068#issuecomment-763647169,2,['test'],"['testReport', 'tests']"
Testability,Build failed on ROOT-fedora30/cxx14.; Running on root-fedora30-2.cern.ch:/home/sftnight/build/workspace/root-pullrequests-build; [See console output](https://lcgapp-services.cern.ch/root-jenkins/job/root-pullrequests-build/105062/console).; ### Failing tests:; - [projectroot.roottest.root.tree.fastcloning.roottest_root_tree_fastcloning_execCheckClusterRange](https://lcgapp-services.cern.ch/root-jenkins/job/root-pullrequests-build/105062/testReport/projectroot.roottest.root.tree/fastcloning/roottest_root_tree_fastcloning_execCheckClusterRange/),MatchSource.ISSUE_COMMENT,root-project,root,v6-32-06,https://github.com/root-project/root/pull/7069#issuecomment-763687110:253,test,tests,253,https://root.cern,https://github.com/root-project/root/pull/7069#issuecomment-763687110,2,['test'],"['testReport', 'tests']"
Testability,Build failed on ROOT-fedora30/cxx14.; Running on root-fedora30-2.cern.ch:/home/sftnight/build/workspace/root-pullrequests-build; [See console output](https://lcgapp-services.cern.ch/root-jenkins/job/root-pullrequests-build/105070/console).; ### Failing tests:; - [projectroot.roottest.root.multicore.roottest_root_multicore_poolManager_build](https://lcgapp-services.cern.ch/root-jenkins/job/root-pullrequests-build/105070/testReport/projectroot.roottest.root/multicore/roottest_root_multicore_poolManager_build/); - [projectroot.roottest.root.multicore.roottest_root_multicore_poolManager](https://lcgapp-services.cern.ch/root-jenkins/job/root-pullrequests-build/105070/testReport/projectroot.roottest.root/multicore/roottest_root_multicore_poolManager/),MatchSource.ISSUE_COMMENT,root-project,root,v6-32-06,https://github.com/root-project/root/pull/7065#issuecomment-763712090:253,test,tests,253,https://root.cern,https://github.com/root-project/root/pull/7065#issuecomment-763712090,3,['test'],"['testReport', 'tests']"
Testability,Build failed on ROOT-fedora30/cxx14.; Running on root-fedora30-2.cern.ch:/home/sftnight/build/workspace/root-pullrequests-build; [See console output](https://lcgapp-services.cern.ch/root-jenkins/job/root-pullrequests-build/105086/console).; ### Failing tests:; - [projectroot.roottest.root.tree.fastcloning.roottest_root_tree_fastcloning_execCheckClusterRange](https://lcgapp-services.cern.ch/root-jenkins/job/root-pullrequests-build/105086/testReport/projectroot.roottest.root.tree/fastcloning/roottest_root_tree_fastcloning_execCheckClusterRange/),MatchSource.ISSUE_COMMENT,root-project,root,v6-32-06,https://github.com/root-project/root/pull/7070#issuecomment-763738259:253,test,tests,253,https://root.cern,https://github.com/root-project/root/pull/7070#issuecomment-763738259,2,['test'],"['testReport', 'tests']"
Testability,Build failed on ROOT-fedora30/cxx14.; Running on root-fedora30-2.cern.ch:/home/sftnight/build/workspace/root-pullrequests-build; [See console output](https://lcgapp-services.cern.ch/root-jenkins/job/root-pullrequests-build/105102/console).; ### Failing tests:; - [projectroot.roottest.root.tree.fastcloning.roottest_root_tree_fastcloning_execCheckClusterRange](https://lcgapp-services.cern.ch/root-jenkins/job/root-pullrequests-build/105102/testReport/projectroot.roottest.root.tree/fastcloning/roottest_root_tree_fastcloning_execCheckClusterRange/),MatchSource.ISSUE_COMMENT,root-project,root,v6-32-06,https://github.com/root-project/root/pull/7071#issuecomment-763782934:253,test,tests,253,https://root.cern,https://github.com/root-project/root/pull/7071#issuecomment-763782934,2,['test'],"['testReport', 'tests']"
Testability,Build failed on ROOT-fedora30/cxx14.; Running on root-fedora30-2.cern.ch:/home/sftnight/build/workspace/root-pullrequests-build; [See console output](https://lcgapp-services.cern.ch/root-jenkins/job/root-pullrequests-build/105110/console).; ### Failing tests:; - [projectroot.roottest.root.tree.fastcloning.roottest_root_tree_fastcloning_execCheckClusterRange](https://lcgapp-services.cern.ch/root-jenkins/job/root-pullrequests-build/105110/testReport/projectroot.roottest.root.tree/fastcloning/roottest_root_tree_fastcloning_execCheckClusterRange/),MatchSource.ISSUE_COMMENT,root-project,root,v6-32-06,https://github.com/root-project/root/pull/7072#issuecomment-763807727:253,test,tests,253,https://root.cern,https://github.com/root-project/root/pull/7072#issuecomment-763807727,2,['test'],"['testReport', 'tests']"
Testability,Build failed on ROOT-fedora30/cxx14.; Running on root-fedora30-2.cern.ch:/home/sftnight/build/workspace/root-pullrequests-build; [See console output](https://lcgapp-services.cern.ch/root-jenkins/job/root-pullrequests-build/105118/console).; ### Failing tests:; - [projectroot.roottest.root.multicore.roottest_root_multicore_tExecutor](https://lcgapp-services.cern.ch/root-jenkins/job/root-pullrequests-build/105118/testReport/projectroot.roottest.root/multicore/roottest_root_multicore_tExecutor/); - [projectroot.roottest.root.tree.fastcloning.roottest_root_tree_fastcloning_execCheckClusterRange](https://lcgapp-services.cern.ch/root-jenkins/job/root-pullrequests-build/105118/testReport/projectroot.roottest.root.tree/fastcloning/roottest_root_tree_fastcloning_execCheckClusterRange/),MatchSource.ISSUE_COMMENT,root-project,root,v6-32-06,https://github.com/root-project/root/pull/7069#issuecomment-763836624:253,test,tests,253,https://root.cern,https://github.com/root-project/root/pull/7069#issuecomment-763836624,3,['test'],"['testReport', 'tests']"
Testability,Build failed on ROOT-fedora30/cxx14.; Running on root-fedora30-2.cern.ch:/home/sftnight/build/workspace/root-pullrequests-build; [See console output](https://lcgapp-services.cern.ch/root-jenkins/job/root-pullrequests-build/105126/console).; ### Failing tests:; - [projectroot.roottest.root.tree.fastcloning.roottest_root_tree_fastcloning_execCheckClusterRange](https://lcgapp-services.cern.ch/root-jenkins/job/root-pullrequests-build/105126/testReport/projectroot.roottest.root.tree/fastcloning/roottest_root_tree_fastcloning_execCheckClusterRange/),MatchSource.ISSUE_COMMENT,root-project,root,v6-32-06,https://github.com/root-project/root/pull/7069#issuecomment-763882874:253,test,tests,253,https://root.cern,https://github.com/root-project/root/pull/7069#issuecomment-763882874,2,['test'],"['testReport', 'tests']"
Testability,Build failed on ROOT-fedora30/cxx14.; Running on root-fedora30-2.cern.ch:/home/sftnight/build/workspace/root-pullrequests-build; [See console output](https://lcgapp-services.cern.ch/root-jenkins/job/root-pullrequests-build/105150/console).; ### Failing tests:; - [projectroot.roottest.root.tree.fastcloning.roottest_root_tree_fastcloning_execCheckClusterRange](https://lcgapp-services.cern.ch/root-jenkins/job/root-pullrequests-build/105150/testReport/projectroot.roottest.root.tree/fastcloning/roottest_root_tree_fastcloning_execCheckClusterRange/),MatchSource.ISSUE_COMMENT,root-project,root,v6-32-06,https://github.com/root-project/root/pull/7070#issuecomment-764474833:253,test,tests,253,https://root.cern,https://github.com/root-project/root/pull/7070#issuecomment-764474833,2,['test'],"['testReport', 'tests']"
Testability,Build failed on ROOT-fedora30/cxx14.; Running on root-fedora30-2.cern.ch:/home/sftnight/build/workspace/root-pullrequests-build; [See console output](https://lcgapp-services.cern.ch/root-jenkins/job/root-pullrequests-build/105158/console).; ### Failing tests:; - [projectroot.roottest.root.tree.fastcloning.roottest_root_tree_fastcloning_execCheckClusterRange](https://lcgapp-services.cern.ch/root-jenkins/job/root-pullrequests-build/105158/testReport/projectroot.roottest.root.tree/fastcloning/roottest_root_tree_fastcloning_execCheckClusterRange/),MatchSource.ISSUE_COMMENT,root-project,root,v6-32-06,https://github.com/root-project/root/pull/7070#issuecomment-764520707:253,test,tests,253,https://root.cern,https://github.com/root-project/root/pull/7070#issuecomment-764520707,2,['test'],"['testReport', 'tests']"
Testability,Build failed on ROOT-fedora30/cxx14.; Running on root-fedora30-2.cern.ch:/home/sftnight/build/workspace/root-pullrequests-build; [See console output](https://lcgapp-services.cern.ch/root-jenkins/job/root-pullrequests-build/105174/console).; ### Failing tests:; - [projectroot.roottest.root.tree.fastcloning.roottest_root_tree_fastcloning_execCheckClusterRange](https://lcgapp-services.cern.ch/root-jenkins/job/root-pullrequests-build/105174/testReport/projectroot.roottest.root.tree/fastcloning/roottest_root_tree_fastcloning_execCheckClusterRange/),MatchSource.ISSUE_COMMENT,root-project,root,v6-32-06,https://github.com/root-project/root/pull/7068#issuecomment-764594085:253,test,tests,253,https://root.cern,https://github.com/root-project/root/pull/7068#issuecomment-764594085,2,['test'],"['testReport', 'tests']"
Testability,Build failed on ROOT-fedora30/cxx14.; Running on root-fedora30-2.cern.ch:/home/sftnight/build/workspace/root-pullrequests-build; [See console output](https://lcgapp-services.cern.ch/root-jenkins/job/root-pullrequests-build/105182/console).; ### Failing tests:; - [projectroot.roottest.root.tree.fastcloning.roottest_root_tree_fastcloning_execCheckClusterRange](https://lcgapp-services.cern.ch/root-jenkins/job/root-pullrequests-build/105182/testReport/projectroot.roottest.root.tree/fastcloning/roottest_root_tree_fastcloning_execCheckClusterRange/),MatchSource.ISSUE_COMMENT,root-project,root,v6-32-06,https://github.com/root-project/root/pull/7074#issuecomment-764608755:253,test,tests,253,https://root.cern,https://github.com/root-project/root/pull/7074#issuecomment-764608755,2,['test'],"['testReport', 'tests']"
Testability,Build failed on ROOT-fedora30/cxx14.; Running on root-fedora30-2.cern.ch:/home/sftnight/build/workspace/root-pullrequests-build; [See console output](https://lcgapp-services.cern.ch/root-jenkins/job/root-pullrequests-build/105198/console).; ### Failing tests:; - [projectroot.roottest.root.tree.fastcloning.roottest_root_tree_fastcloning_execCheckClusterRange](https://lcgapp-services.cern.ch/root-jenkins/job/root-pullrequests-build/105198/testReport/projectroot.roottest.root.tree/fastcloning/roottest_root_tree_fastcloning_execCheckClusterRange/),MatchSource.ISSUE_COMMENT,root-project,root,v6-32-06,https://github.com/root-project/root/pull/7074#issuecomment-764674236:253,test,tests,253,https://root.cern,https://github.com/root-project/root/pull/7074#issuecomment-764674236,2,['test'],"['testReport', 'tests']"
Testability,Build failed on ROOT-fedora30/cxx14.; Running on root-fedora30-2.cern.ch:/home/sftnight/build/workspace/root-pullrequests-build; [See console output](https://lcgapp-services.cern.ch/root-jenkins/job/root-pullrequests-build/105206/console).; ### Failing tests:; - [projectroot.roottest.root.tree.fastcloning.roottest_root_tree_fastcloning_execCheckClusterRange](https://lcgapp-services.cern.ch/root-jenkins/job/root-pullrequests-build/105206/testReport/projectroot.roottest.root.tree/fastcloning/roottest_root_tree_fastcloning_execCheckClusterRange/),MatchSource.ISSUE_COMMENT,root-project,root,v6-32-06,https://github.com/root-project/root/pull/7075#issuecomment-764694493:253,test,tests,253,https://root.cern,https://github.com/root-project/root/pull/7075#issuecomment-764694493,2,['test'],"['testReport', 'tests']"
Testability,Build failed on ROOT-fedora30/cxx14.; Running on root-fedora30-2.cern.ch:/home/sftnight/build/workspace/root-pullrequests-build; [See console output](https://lcgapp-services.cern.ch/root-jenkins/job/root-pullrequests-build/105214/console).; ### Failing tests:; - [projectroot.roottest.root.tree.fastcloning.roottest_root_tree_fastcloning_execCheckClusterRange](https://lcgapp-services.cern.ch/root-jenkins/job/root-pullrequests-build/105214/testReport/projectroot.roottest.root.tree/fastcloning/roottest_root_tree_fastcloning_execCheckClusterRange/),MatchSource.ISSUE_COMMENT,root-project,root,v6-32-06,https://github.com/root-project/root/pull/7069#issuecomment-764713524:253,test,tests,253,https://root.cern,https://github.com/root-project/root/pull/7069#issuecomment-764713524,2,['test'],"['testReport', 'tests']"
Testability,Build failed on ROOT-fedora30/cxx14.; Running on root-fedora30-2.cern.ch:/home/sftnight/build/workspace/root-pullrequests-build; [See console output](https://lcgapp-services.cern.ch/root-jenkins/job/root-pullrequests-build/105222/console).; ### Failing tests:; - [projectroot.roottest.root.tree.fastcloning.roottest_root_tree_fastcloning_execCheckClusterRange](https://lcgapp-services.cern.ch/root-jenkins/job/root-pullrequests-build/105222/testReport/projectroot.roottest.root.tree/fastcloning/roottest_root_tree_fastcloning_execCheckClusterRange/),MatchSource.ISSUE_COMMENT,root-project,root,v6-32-06,https://github.com/root-project/root/pull/7069#issuecomment-764737721:253,test,tests,253,https://root.cern,https://github.com/root-project/root/pull/7069#issuecomment-764737721,2,['test'],"['testReport', 'tests']"
Testability,Build failed on ROOT-fedora30/cxx14.; Running on root-fedora30-2.cern.ch:/home/sftnight/build/workspace/root-pullrequests-build; [See console output](https://lcgapp-services.cern.ch/root-jenkins/job/root-pullrequests-build/105231/console).; ### Failing tests:; - [projectroot.roottest.root.tree.fastcloning.roottest_root_tree_fastcloning_execCheckClusterRange](https://lcgapp-services.cern.ch/root-jenkins/job/root-pullrequests-build/105231/testReport/projectroot.roottest.root.tree/fastcloning/roottest_root_tree_fastcloning_execCheckClusterRange/),MatchSource.ISSUE_COMMENT,root-project,root,v6-32-06,https://github.com/root-project/root/pull/7069#issuecomment-764819653:253,test,tests,253,https://root.cern,https://github.com/root-project/root/pull/7069#issuecomment-764819653,2,['test'],"['testReport', 'tests']"
Testability,Build failed on ROOT-fedora30/cxx14.; Running on root-fedora30-2.cern.ch:/home/sftnight/build/workspace/root-pullrequests-build; [See console output](https://lcgapp-services.cern.ch/root-jenkins/job/root-pullrequests-build/105287/console).; ### Failing tests:; - [projectroot.hist.hist.test.gtest_hist_hist_test_TFormulaGradientTests](https://lcgapp-services.cern.ch/root-jenkins/job/root-pullrequests-build/105287/testReport/projectroot.hist.hist/test/gtest_hist_hist_test_TFormulaGradientTests/),MatchSource.ISSUE_COMMENT,root-project,root,v6-32-06,https://github.com/root-project/root/pull/6970#issuecomment-765244469:253,test,tests,253,https://root.cern,https://github.com/root-project/root/pull/6970#issuecomment-765244469,4,['test'],"['test', 'testReport', 'tests']"
Testability,Build failed on ROOT-fedora30/cxx14.; Running on root-fedora30-2.cern.ch:/home/sftnight/build/workspace/root-pullrequests-build; [See console output](https://lcgapp-services.cern.ch/root-jenkins/job/root-pullrequests-build/105528/console).; ### Failing tests:; - [projectroot.roottest.cling.autoauto.roottest_cling_autoauto_ROOT8442](https://lcgapp-services.cern.ch/root-jenkins/job/root-pullrequests-build/105528/testReport/projectroot.roottest.cling/autoauto/roottest_cling_autoauto_ROOT8442/); - [projectroot.roottest.cling.function.roottest_cling_function_runstaticfunc](https://lcgapp-services.cern.ch/root-jenkins/job/root-pullrequests-build/105528/testReport/projectroot.roottest.cling/function/roottest_cling_function_runstaticfunc/); - [projectroot.roottest.cling.specialobj.roottest_cling_specialobj_runf02](https://lcgapp-services.cern.ch/root-jenkins/job/root-pullrequests-build/105528/testReport/projectroot.roottest.cling/specialobj/roottest_cling_specialobj_runf02/); - [projectroot.roottest.cling.specialobj.roottest_cling_specialobj_unhappy](https://lcgapp-services.cern.ch/root-jenkins/job/root-pullrequests-build/105528/testReport/projectroot.roottest.cling/specialobj/roottest_cling_specialobj_unhappy/); - [projectroot.roottest.root.rint.roottest_root_rint_TabCom](https://lcgapp-services.cern.ch/root-jenkins/job/root-pullrequests-build/105528/testReport/projectroot.roottest.root/rint/roottest_root_rint_TabCom/),MatchSource.ISSUE_COMMENT,root-project,root,v6-32-06,https://github.com/root-project/root/pull/6707#issuecomment-767804789:253,test,tests,253,https://root.cern,https://github.com/root-project/root/pull/6707#issuecomment-767804789,6,['test'],"['testReport', 'tests']"
Testability,Build failed on ROOT-fedora30/cxx14.; Running on root-fedora30-2.cern.ch:/home/sftnight/build/workspace/root-pullrequests-build; [See console output](https://lcgapp-services.cern.ch/root-jenkins/job/root-pullrequests-build/106018/console).; ### Failing tests:; - [projectroot.tree.ntuple.v7.test.gtest_tree_ntuple_v7_test_ntuple_extended](https://lcgapp-services.cern.ch/root-jenkins/job/root-pullrequests-build/106018/testReport/projectroot.tree.ntuple.v7/test/gtest_tree_ntuple_v7_test_ntuple_extended/),MatchSource.ISSUE_COMMENT,root-project,root,v6-32-06,https://github.com/root-project/root/pull/7140#issuecomment-774203519:253,test,tests,253,https://root.cern,https://github.com/root-project/root/pull/7140#issuecomment-774203519,4,['test'],"['test', 'testReport', 'tests']"
Testability,"Build failed on ROOT-fedora30/cxx14.; Running on root-fedora30-2.cern.ch:/home/sftnight/build/workspace/root-pullrequests-build; [See console output](https://lcgapp-services.cern.ch/root-jenkins/job/root-pullrequests-build/106074/console).; ### Errors:; - [2021-02-08T09:31:19.962Z] FAILED: roofit/roofitcore/test/CMakeFiles/testRooDataHist.dir/testRooDataHist.cxx.o ; - [2021-02-08T09:31:20.593Z] /home/sftnight/build/workspace/root-pullrequests-build/root/roofit/roofitcore/test/testRooDataHist.cxx:263:44: error: use of deleted function ‘virtual RooSpan&lt;const double&gt; RooAbsReal::getValBatch(std::size_t, std::size_t, const RooArgSet*)’ ; - [2021-02-08T09:31:20.593Z] /home/sftnight/build/workspace/root-pullrequests-build/root/roofit/roofitcore/test/testRooDataHist.cxx:264:46: error: use of deleted function ‘virtual RooSpan&lt;const double&gt; RooAbsReal::getValBatch(std::size_t, std::size_t, const RooArgSet*)’ ; - [2021-02-08T09:31:20.593Z] /home/sftnight/build/workspace/root-pullrequests-build/root/roofit/roofitcore/test/testRooDataHist.cxx:265:46: error: use of deleted function ‘virtual RooSpan&lt;const double&gt; RooAbsReal::getValBatch(std::size_t, std::size_t, const RooArgSet*)’ ; - [2021-02-08T09:31:20.593Z] /home/sftnight/build/workspace/root-pullrequests-build/root/roofit/roofitcore/test/testRooDataHist.cxx:315:43: error: use of deleted function ‘virtual RooSpan&lt;const double&gt; RooAbsReal::getValBatch(std::size_t, std::size_t, const RooArgSet*)’ ; - [2021-02-08T09:31:20.593Z] /home/sftnight/build/workspace/root-pullrequests-build/root/roofit/roofitcore/test/testRooDataHist.cxx:316:51: error: use of deleted function ‘virtual RooSpan&lt;const double&gt; RooAbsReal::getValBatch(std::size_t, std::size_t, const RooArgSet*)’ ; - [2021-02-08T09:31:20.593Z] /home/sftnight/build/workspace/root-pullrequests-build/root/roofit/roofitcore/test/testRooDataHist.cxx:361:43: error: use of deleted function ‘virtual RooSpan&lt;const double&gt; RooAbsReal::getValBatch(std::",MatchSource.ISSUE_COMMENT,root-project,root,v6-32-06,https://github.com/root-project/root/pull/6718#issuecomment-775006517:309,test,test,309,https://root.cern,https://github.com/root-project/root/pull/6718#issuecomment-775006517,7,['test'],"['test', 'testRooDataHist']"
Testability,Build failed on ROOT-fedora30/cxx14.; Running on root-fedora30-2.cern.ch:/home/sftnight/build/workspace/root-pullrequests-build; [See console output](https://lcgapp-services.cern.ch/root-jenkins/job/root-pullrequests-build/106098/console).; ### Errors:; - [2021-02-08T11:00:02.463Z] FAILED: tree/dataframe/test/CMakeFiles/dataframe_resptr.dir/dataframe_resptr.cxx.o ; - [2021-02-08T11:00:03.351Z] /home/sftnight/build/workspace/root-pullrequests-build/root/tree/dataframe/inc/ROOT/RResultPtr.hxx:320:16: error: invalid initialization of reference of type ‘ROOT::RDF::RResultPtr&lt;long long unsigned int&gt;&’ from expression of type ‘long long unsigned int*’ . ### Warnings:; - [2021-02-08T11:00:03.351Z] /home/sftnight/build/workspace/root-pullrequests-build/root/tree/dataframe/inc/ROOT/RResultPtr.hxx:181:4: warning: control reaches end of non-void function [-Wreturn-type] ; - [2021-02-08T11:00:03.351Z] /home/sftnight/build/workspace/root-pullrequests-build/root/tree/dataframe/inc/ROOT/RResultPtr.hxx:181:4: warning: control reaches end of non-void function [-Wreturn-type] ; - [2021-02-08T11:00:08.007Z] /home/sftnight/build/workspace/root-pullrequests-build/root/tree/dataframe/inc/ROOT/RResultPtr.hxx:181:4: warning: control reaches end of non-void function [-Wreturn-type] ; - [2021-02-08T11:00:08.007Z] /home/sftnight/build/workspace/root-pullrequests-build/root/tree/dataframe/inc/ROOT/RResultPtr.hxx:181:4: warning: control reaches end of non-void function [-Wreturn-type] ; - [2021-02-08T11:00:10.144Z] /home/sftnight/build/workspace/root-pullrequests-build/root/tree/dataframe/inc/ROOT/RResultPtr.hxx:181:4: warning: control reaches end of non-void function [-Wreturn-type] ; - [2021-02-08T11:00:10.144Z] /home/sftnight/build/workspace/root-pullrequests-build/root/tree/dataframe/inc/ROOT/RResultPtr.hxx:181:4: warning: control reaches end of non-void function [-Wreturn-type] ; - [2021-02-08T11:00:10.144Z] /home/sftnight/build/workspace/root-pullrequests-build/root/tree/dataframe/in,MatchSource.ISSUE_COMMENT,root-project,root,v6-32-06,https://github.com/root-project/root/pull/7142#issuecomment-775060409:306,test,test,306,https://root.cern,https://github.com/root-project/root/pull/7142#issuecomment-775060409,1,['test'],['test']
Testability,Build failed on ROOT-fedora30/cxx14.; Running on root-fedora30-2.cern.ch:/home/sftnight/build/workspace/root-pullrequests-build; [See console output](https://lcgapp-services.cern.ch/root-jenkins/job/root-pullrequests-build/106218/console).; ### Warnings:; - [2021-02-09T08:03:21.912Z] /home/sftnight/build/workspace/root-pullrequests-build/root/interpreter/cling/lib/Interpreter/ValuePrinter.cpp:484:65: warning: type qualifiers ignored on cast result type [-Wignored-qualifiers] ; - [2021-02-09T08:03:21.912Z] /home/sftnight/build/workspace/root-pullrequests-build/root/interpreter/cling/lib/Interpreter/ValuePrinter.cpp:486:63: warning: type qualifiers ignored on cast result type [-Wignored-qualifiers] ; - [2021-02-09T08:03:22.287Z] /home/sftnight/build/workspace/root-pullrequests-build/root/interpreter/cling/lib/Utils/PlatformPosix.cpp:73:44: warning: type qualifiers ignored on cast result type [-Wignored-qualifiers] . ### Failing tests:; - [projectroot.roottest.root.io.stdarray.roottest_root_io_stdarray_modelReadDictTXMLFile](https://lcgapp-services.cern.ch/root-jenkins/job/root-pullrequests-build/106218/testReport/projectroot.roottest.root.io/stdarray/roottest_root_io_stdarray_modelReadDictTXMLFile/); - [projectroot.bindings.pyroot.pythonizations.test.pyunittests_pyroot_pyz_rdataframe_asnumpy](https://lcgapp-services.cern.ch/root-jenkins/job/root-pullrequests-build/106218/testReport/projectroot.bindings.pyroot.pythonizations/test/pyunittests_pyroot_pyz_rdataframe_asnumpy/); - [projectroot.roottest.root.io.stdarray.roottest_root_io_stdarray_modelReadDictTFile](https://lcgapp-services.cern.ch/root-jenkins/job/root-pullrequests-build/106218/testReport/projectroot.roottest.root.io/stdarray/roottest_root_io_stdarray_modelReadDictTFile/); - [projectroot.roottest.root.io.stdarray.roottest_root_io_stdarray_modelReadDict2TFile](https://lcgapp-services.cern.ch/root-jenkins/job/root-pullrequests-build/106218/testReport/projectroot.roottest.root.io/stdarray/roottest_root_io_stdarra,MatchSource.ISSUE_COMMENT,root-project,root,v6-32-06,https://github.com/root-project/root/pull/6385#issuecomment-775760048:940,test,tests,940,https://root.cern,https://github.com/root-project/root/pull/6385#issuecomment-775760048,1,['test'],['tests']
Testability,Build failed on ROOT-fedora30/cxx14.; Running on root-fedora30-2.cern.ch:/home/sftnight/build/workspace/root-pullrequests-build; [See console output](https://lcgapp-services.cern.ch/root-jenkins/job/root-pullrequests-build/106242/console).; ### Warnings:; - [2021-02-09T09:23:39.565Z] /home/sftnight/build/workspace/root-pullrequests-build/root/interpreter/cling/lib/Interpreter/ValuePrinter.cpp:484:65: warning: type qualifiers ignored on cast result type [-Wignored-qualifiers] ; - [2021-02-09T09:23:39.565Z] /home/sftnight/build/workspace/root-pullrequests-build/root/interpreter/cling/lib/Interpreter/ValuePrinter.cpp:486:63: warning: type qualifiers ignored on cast result type [-Wignored-qualifiers] ; - [2021-02-09T09:23:41.056Z] /home/sftnight/build/workspace/root-pullrequests-build/root/interpreter/cling/lib/Utils/PlatformPosix.cpp:73:44: warning: type qualifiers ignored on cast result type [-Wignored-qualifiers] . ### Failing tests:; - [projectroot.roottest.root.io.stdarray.roottest_root_io_stdarray_modelReadDictTXMLFile](https://lcgapp-services.cern.ch/root-jenkins/job/root-pullrequests-build/106242/testReport/projectroot.roottest.root.io/stdarray/roottest_root_io_stdarray_modelReadDictTXMLFile/); - [projectroot.bindings.pyroot.pythonizations.test.pyunittests_pyroot_pyz_rdataframe_asnumpy](https://lcgapp-services.cern.ch/root-jenkins/job/root-pullrequests-build/106242/testReport/projectroot.bindings.pyroot.pythonizations/test/pyunittests_pyroot_pyz_rdataframe_asnumpy/); - [projectroot.roottest.root.io.stdarray.roottest_root_io_stdarray_modelReadDictTFile](https://lcgapp-services.cern.ch/root-jenkins/job/root-pullrequests-build/106242/testReport/projectroot.roottest.root.io/stdarray/roottest_root_io_stdarray_modelReadDictTFile/); - [projectroot.roottest.root.io.stdarray.roottest_root_io_stdarray_modelReadDict2TFile](https://lcgapp-services.cern.ch/root-jenkins/job/root-pullrequests-build/106242/testReport/projectroot.roottest.root.io/stdarray/roottest_root_io_stdarra,MatchSource.ISSUE_COMMENT,root-project,root,v6-32-06,https://github.com/root-project/root/pull/6385#issuecomment-775806482:940,test,tests,940,https://root.cern,https://github.com/root-project/root/pull/6385#issuecomment-775806482,1,['test'],['tests']
Testability,Build failed on ROOT-fedora30/cxx14.; Running on root-fedora30-2.cern.ch:/home/sftnight/build/workspace/root-pullrequests-build; [See console output](https://lcgapp-services.cern.ch/root-jenkins/job/root-pullrequests-build/106900/console).; ### Failing tests:; - [projectroot.tree.ntuple.v7.test.gtest_tree_ntuple_v7_test_ntuple_extended](https://lcgapp-services.cern.ch/root-jenkins/job/root-pullrequests-build/106900/testReport/projectroot.tree.ntuple.v7/test/gtest_tree_ntuple_v7_test_ntuple_extended/),MatchSource.ISSUE_COMMENT,root-project,root,v6-32-06,https://github.com/root-project/root/pull/7139#issuecomment-779999306:253,test,tests,253,https://root.cern,https://github.com/root-project/root/pull/7139#issuecomment-779999306,4,['test'],"['test', 'testReport', 'tests']"
Testability,Build failed on ROOT-fedora30/cxx14.; Running on root-fedora30-2.cern.ch:/home/sftnight/build/workspace/root-pullrequests-build; [See console output](https://lcgapp-services.cern.ch/root-jenkins/job/root-pullrequests-build/107103/console).; ### Failing tests:; - [projectroot.roottest.root.multicore.roottest_root_multicore_tp_process_imt](https://lcgapp-services.cern.ch/root-jenkins/job/root-pullrequests-build/107103/testReport/projectroot.roottest.root/multicore/roottest_root_multicore_tp_process_imt/),MatchSource.ISSUE_COMMENT,root-project,root,v6-32-06,https://github.com/root-project/root/pull/7106#issuecomment-780755934:253,test,tests,253,https://root.cern,https://github.com/root-project/root/pull/7106#issuecomment-780755934,2,['test'],"['testReport', 'tests']"
Testability,Build failed on ROOT-fedora30/cxx14.; Running on root-fedora30-2.cern.ch:/home/sftnight/build/workspace/root-pullrequests-build; [See console output](https://lcgapp-services.cern.ch/root-jenkins/job/root-pullrequests-build/107192/console).; ### Failing tests:; - [projectroot.test.test_stressroofit_interpreted](https://lcgapp-services.cern.ch/root-jenkins/job/root-pullrequests-build/107192/testReport/projectroot/test/test_stressroofit_interpreted/),MatchSource.ISSUE_COMMENT,root-project,root,v6-32-06,https://github.com/root-project/root/pull/7245#issuecomment-781346633:253,test,tests,253,https://root.cern,https://github.com/root-project/root/pull/7245#issuecomment-781346633,4,['test'],"['test', 'testReport', 'tests']"
Testability,Build failed on ROOT-fedora30/cxx14.; Running on root-fedora30-2.cern.ch:/home/sftnight/build/workspace/root-pullrequests-build; [See console output](https://lcgapp-services.cern.ch/root-jenkins/job/root-pullrequests-build/107265/console).; ### Failing tests:; - [projectroot.test.test_stressroofit_interpreted](https://lcgapp-services.cern.ch/root-jenkins/job/root-pullrequests-build/107265/testReport/projectroot/test/test_stressroofit_interpreted/),MatchSource.ISSUE_COMMENT,root-project,root,v6-32-06,https://github.com/root-project/root/pull/7245#issuecomment-781420908:253,test,tests,253,https://root.cern,https://github.com/root-project/root/pull/7245#issuecomment-781420908,4,['test'],"['test', 'testReport', 'tests']"
Testability,Build failed on ROOT-fedora30/cxx14.; Running on root-fedora30-2.cern.ch:/home/sftnight/build/workspace/root-pullrequests-build; [See console output](https://lcgapp-services.cern.ch/root-jenkins/job/root-pullrequests-build/107345/console).; ### Failing tests:; - [projectroot.test.test_stress](https://lcgapp-services.cern.ch/root-jenkins/job/root-pullrequests-build/107345/testReport/projectroot/test/test_stress/),MatchSource.ISSUE_COMMENT,root-project,root,v6-32-06,https://github.com/root-project/root/pull/7253#issuecomment-781724552:253,test,tests,253,https://root.cern,https://github.com/root-project/root/pull/7253#issuecomment-781724552,4,['test'],"['test', 'testReport', 'tests']"
Testability,Build failed on ROOT-fedora30/cxx14.; Running on root-fedora30-2.cern.ch:/home/sftnight/build/workspace/root-pullrequests-build; [See console output](https://lcgapp-services.cern.ch/root-jenkins/job/root-pullrequests-build/107361/console).; ### Failing tests:; - [projectroot.test.test_stress](https://lcgapp-services.cern.ch/root-jenkins/job/root-pullrequests-build/107361/testReport/projectroot/test/test_stress/),MatchSource.ISSUE_COMMENT,root-project,root,v6-32-06,https://github.com/root-project/root/pull/3760#issuecomment-781846412:253,test,tests,253,https://root.cern,https://github.com/root-project/root/pull/3760#issuecomment-781846412,4,['test'],"['test', 'testReport', 'tests']"
Testability,Build failed on ROOT-fedora30/cxx14.; Running on root-fedora30-2.cern.ch:/home/sftnight/build/workspace/root-pullrequests-build; [See console output](https://lcgapp-services.cern.ch/root-jenkins/job/root-pullrequests-build/107425/console).; ### Failing tests:; - [projectroot.roottest.root.multicore.roottest_root_multicore_tp_process_imt](https://lcgapp-services.cern.ch/root-jenkins/job/root-pullrequests-build/107425/testReport/projectroot.roottest.root/multicore/roottest_root_multicore_tp_process_imt/),MatchSource.ISSUE_COMMENT,root-project,root,v6-32-06,https://github.com/root-project/root/pull/7106#issuecomment-782178965:253,test,tests,253,https://root.cern,https://github.com/root-project/root/pull/7106#issuecomment-782178965,2,['test'],"['testReport', 'tests']"
Testability,Build failed on ROOT-fedora30/cxx14.; Running on root-fedora30-2.cern.ch:/home/sftnight/build/workspace/root-pullrequests-build; [See console output](https://lcgapp-services.cern.ch/root-jenkins/job/root-pullrequests-build/107433/console).; ### Failing tests:; - [projectroot.test.test_stress](https://lcgapp-services.cern.ch/root-jenkins/job/root-pullrequests-build/107433/testReport/projectroot/test/test_stress/),MatchSource.ISSUE_COMMENT,root-project,root,v6-32-06,https://github.com/root-project/root/pull/7132#issuecomment-782203701:253,test,tests,253,https://root.cern,https://github.com/root-project/root/pull/7132#issuecomment-782203701,4,['test'],"['test', 'testReport', 'tests']"
Testability,"Build failed on ROOT-fedora30/cxx14.; Running on root-fedora30-2.cern.ch:/home/sftnight/build/workspace/root-pullrequests-build; [See console output](https://lcgapp-services.cern.ch/root-jenkins/job/root-pullrequests-build/107497/console).; ### Errors:; - [2021-02-22T08:36:09.198Z] FAILED: roofit/roofitcore/test/CMakeFiles/testRooDataHist.dir/testRooDataHist.cxx.o ; - [2021-02-22T08:36:09.930Z] /home/sftnight/build/workspace/root-pullrequests-build/root/roofit/roofitcore/test/testRooDataHist.cxx:263:44: error: use of deleted function ‘virtual RooSpan&lt;const double&gt; RooAbsReal::getValBatch(std::size_t, std::size_t, const RooArgSet*)’ ; - [2021-02-22T08:36:09.930Z] /home/sftnight/build/workspace/root-pullrequests-build/root/roofit/roofitcore/test/testRooDataHist.cxx:264:46: error: use of deleted function ‘virtual RooSpan&lt;const double&gt; RooAbsReal::getValBatch(std::size_t, std::size_t, const RooArgSet*)’ ; - [2021-02-22T08:36:09.930Z] /home/sftnight/build/workspace/root-pullrequests-build/root/roofit/roofitcore/test/testRooDataHist.cxx:265:46: error: use of deleted function ‘virtual RooSpan&lt;const double&gt; RooAbsReal::getValBatch(std::size_t, std::size_t, const RooArgSet*)’ ; - [2021-02-22T08:36:09.930Z] /home/sftnight/build/workspace/root-pullrequests-build/root/roofit/roofitcore/test/testRooDataHist.cxx:315:43: error: use of deleted function ‘virtual RooSpan&lt;const double&gt; RooAbsReal::getValBatch(std::size_t, std::size_t, const RooArgSet*)’ ; - [2021-02-22T08:36:09.930Z] /home/sftnight/build/workspace/root-pullrequests-build/root/roofit/roofitcore/test/testRooDataHist.cxx:316:51: error: use of deleted function ‘virtual RooSpan&lt;const double&gt; RooAbsReal::getValBatch(std::size_t, std::size_t, const RooArgSet*)’ ; - [2021-02-22T08:36:09.930Z] /home/sftnight/build/workspace/root-pullrequests-build/root/roofit/roofitcore/test/testRooDataHist.cxx:361:43: error: use of deleted function ‘virtual RooSpan&lt;const double&gt; RooAbsReal::getValBatch(std::",MatchSource.ISSUE_COMMENT,root-project,root,v6-32-06,https://github.com/root-project/root/pull/6718#issuecomment-783196379:309,test,test,309,https://root.cern,https://github.com/root-project/root/pull/6718#issuecomment-783196379,7,['test'],"['test', 'testRooDataHist']"
Testability,Build failed on ROOT-fedora30/cxx14.; Running on root-fedora30-2.cern.ch:/home/sftnight/build/workspace/root-pullrequests-build; [See console output](https://lcgapp-services.cern.ch/root-jenkins/job/root-pullrequests-build/107840/console).; ### Failing tests:; - [projectroot.roottest.root.meta.roottest_root_meta_runMemberComments](https://lcgapp-services.cern.ch/root-jenkins/job/root-pullrequests-build/107840/testReport/projectroot.roottest.root/meta/roottest_root_meta_runMemberComments/); - [projectroot.roottest.root.io.newClassDef.roottest_root_io_newClassDef_make](https://lcgapp-services.cern.ch/root-jenkins/job/root-pullrequests-build/107840/testReport/projectroot.roottest.root.io/newClassDef/roottest_root_io_newClassDef_make/); - [projectroot.roottest.root.rint.roottest_root_rint_TabCom](https://lcgapp-services.cern.ch/root-jenkins/job/root-pullrequests-build/107840/testReport/projectroot.roottest.root/rint/roottest_root_rint_TabCom/),MatchSource.ISSUE_COMMENT,root-project,root,v6-32-06,https://github.com/root-project/root/pull/7286#issuecomment-785558136:253,test,tests,253,https://root.cern,https://github.com/root-project/root/pull/7286#issuecomment-785558136,4,['test'],"['testReport', 'tests']"
Testability,Build failed on ROOT-fedora30/cxx14.; Running on root-fedora30-2.cern.ch:/home/sftnight/build/workspace/root-pullrequests-build; [See console output](https://lcgapp-services.cern.ch/root-jenkins/job/root-pullrequests-build/107913/console).; ### Failing tests:; - [projectroot.bindings.experimental.distrdf.test.backend.pyunittests_distrdf_unit_backend_test_common](https://lcgapp-services.cern.ch/root-jenkins/job/root-pullrequests-build/107913/testReport/projectroot.bindings.experimental.distrdf.test/backend/pyunittests_distrdf_unit_backend_test_common/); - [projectroot.bindings.experimental.distrdf.test.backend.pyunittests_distrdf_unit_backend_test_spark](https://lcgapp-services.cern.ch/root-jenkins/job/root-pullrequests-build/107913/testReport/projectroot.bindings.experimental.distrdf.test/backend/pyunittests_distrdf_unit_backend_test_spark/); - [projectroot.bindings.pyroot.pythonizations.test.pyunittests_pyroot_pyz_pretty_printing](https://lcgapp-services.cern.ch/root-jenkins/job/root-pullrequests-build/107913/testReport/projectroot.bindings.pyroot.pythonizations/test/pyunittests_pyroot_pyz_pretty_printing/); - [projectroot.bindings.pyroot.pythonizations.test.pyunittests_pyroot_pyz_ttree_branch_attr](https://lcgapp-services.cern.ch/root-jenkins/job/root-pullrequests-build/107913/testReport/projectroot.bindings.pyroot.pythonizations/test/pyunittests_pyroot_pyz_ttree_branch_attr/); - [projectroot.bindings.pyroot.pythonizations.test.pyunittests_pyroot_pyz_ttree_iterable](https://lcgapp-services.cern.ch/root-jenkins/job/root-pullrequests-build/107913/testReport/projectroot.bindings.pyroot.pythonizations/test/pyunittests_pyroot_pyz_ttree_iterable/); - [projectroot.bindings.pyroot.pythonizations.test.pyunittests_pyroot_pyz_ttree_setbranchaddress](https://lcgapp-services.cern.ch/root-jenkins/job/root-pullrequests-build/107913/testReport/projectroot.bindings.pyroot.pythonizations/test/pyunittests_pyroot_pyz_ttree_setbranchaddress/); - [projectroot.bindings.pyroot.pythonizati,MatchSource.ISSUE_COMMENT,root-project,root,v6-32-06,https://github.com/root-project/root/pull/7290#issuecomment-786090621:253,test,tests,253,https://root.cern,https://github.com/root-project/root/pull/7290#issuecomment-786090621,8,['test'],"['test', 'testReport', 'tests']"
Testability,Build failed on ROOT-fedora30/cxx14.; Running on root-fedora30-2.cern.ch:/home/sftnight/build/workspace/root-pullrequests-build; [See console output](https://lcgapp-services.cern.ch/root-jenkins/job/root-pullrequests-build/107954/console).; ### Failing tests:; - [projectroot.roottest.root.meta.roottest_root_meta_runMemberComments](https://lcgapp-services.cern.ch/root-jenkins/job/root-pullrequests-build/107954/testReport/projectroot.roottest.root/meta/roottest_root_meta_runMemberComments/); - [projectroot.roottest.root.rint.roottest_root_rint_TabCom](https://lcgapp-services.cern.ch/root-jenkins/job/root-pullrequests-build/107954/testReport/projectroot.roottest.root/rint/roottest_root_rint_TabCom/),MatchSource.ISSUE_COMMENT,root-project,root,v6-32-06,https://github.com/root-project/root/pull/7286#issuecomment-786257539:253,test,tests,253,https://root.cern,https://github.com/root-project/root/pull/7286#issuecomment-786257539,3,['test'],"['testReport', 'tests']"
Testability,Build failed on ROOT-fedora30/cxx14.; Running on root-fedora30-2.cern.ch:/home/sftnight/build/workspace/root-pullrequests-build; [See console output](https://lcgapp-services.cern.ch/root-jenkins/job/root-pullrequests-build/108066/console).; ### Failing tests:; - [projectroot.roottest.root.dataframe.roottest_root_dataframe_test_snapshot](https://lcgapp-services.cern.ch/root-jenkins/job/root-pullrequests-build/108066/testReport/projectroot.roottest.root/dataframe/roottest_root_dataframe_test_snapshot/),MatchSource.ISSUE_COMMENT,root-project,root,v6-32-06,https://github.com/root-project/root/pull/7286#issuecomment-786799901:253,test,tests,253,https://root.cern,https://github.com/root-project/root/pull/7286#issuecomment-786799901,2,['test'],"['testReport', 'tests']"
Testability,Build failed on ROOT-fedora30/cxx14.; Running on root-fedora30-2.cern.ch:/home/sftnight/build/workspace/root-pullrequests-build; [See console output](https://lcgapp-services.cern.ch/root-jenkins/job/root-pullrequests-build/108082/console).; ### Failing tests:; - [projectroot.roottest.root.dataframe.roottest_root_dataframe_test_snapshot](https://lcgapp-services.cern.ch/root-jenkins/job/root-pullrequests-build/108082/testReport/projectroot.roottest.root/dataframe/roottest_root_dataframe_test_snapshot/),MatchSource.ISSUE_COMMENT,root-project,root,v6-32-06,https://github.com/root-project/root/pull/7286#issuecomment-786966950:253,test,tests,253,https://root.cern,https://github.com/root-project/root/pull/7286#issuecomment-786966950,2,['test'],"['testReport', 'tests']"
Testability,Build failed on ROOT-fedora30/cxx14.; Running on root-fedora30-2.cern.ch:/home/sftnight/build/workspace/root-pullrequests-build; [See console output](https://lcgapp-services.cern.ch/root-jenkins/job/root-pullrequests-build/108350/console).; ### Failing tests:; - [projectroot.hist.hist.test.gtest_hist_hist_test_testTF1](https://lcgapp-services.cern.ch/root-jenkins/job/root-pullrequests-build/108350/testReport/projectroot.hist.hist/test/gtest_hist_hist_test_testTF1/); - [projectroot.test.test_stress](https://lcgapp-services.cern.ch/root-jenkins/job/root-pullrequests-build/108350/testReport/projectroot/test/test_stress/),MatchSource.ISSUE_COMMENT,root-project,root,v6-32-06,https://github.com/root-project/root/pull/7193#issuecomment-788228464:253,test,tests,253,https://root.cern,https://github.com/root-project/root/pull/7193#issuecomment-788228464,7,['test'],"['test', 'testReport', 'tests']"
Testability,Build failed on ROOT-fedora30/cxx14.; Running on root-fedora30-2.cern.ch:/home/sftnight/build/workspace/root-pullrequests-build; [See console output](https://lcgapp-services.cern.ch/root-jenkins/job/root-pullrequests-build/108391/console).; ### Failing tests:; - [projectroot.roottest.python.stl.roottest_python_stl_stl](https://lcgapp-services.cern.ch/root-jenkins/job/root-pullrequests-build/108391/testReport/projectroot.roottest.python/stl/roottest_python_stl_stl/),MatchSource.ISSUE_COMMENT,root-project,root,v6-32-06,https://github.com/root-project/root/pull/7286#issuecomment-788403505:253,test,tests,253,https://root.cern,https://github.com/root-project/root/pull/7286#issuecomment-788403505,2,['test'],"['testReport', 'tests']"
Testability,Build failed on ROOT-fedora30/cxx14.; Running on root-fedora30-2.cern.ch:/home/sftnight/build/workspace/root-pullrequests-build; [See console output](https://lcgapp-services.cern.ch/root-jenkins/job/root-pullrequests-build/108599/console).; ### Failing tests:; - [projectroot.roottest.root.meta.roottest_root_meta_runMemberComments](https://lcgapp-services.cern.ch/root-jenkins/job/root-pullrequests-build/108599/testReport/projectroot.roottest.root/meta/roottest_root_meta_runMemberComments/); - [projectroot.roottest.root.rint.roottest_root_rint_TabCom](https://lcgapp-services.cern.ch/root-jenkins/job/root-pullrequests-build/108599/testReport/projectroot.roottest.root/rint/roottest_root_rint_TabCom/),MatchSource.ISSUE_COMMENT,root-project,root,v6-32-06,https://github.com/root-project/root/pull/7286#issuecomment-789271336:253,test,tests,253,https://root.cern,https://github.com/root-project/root/pull/7286#issuecomment-789271336,3,['test'],"['testReport', 'tests']"
Testability,Build failed on ROOT-fedora30/cxx14.; Running on root-fedora30-2.cern.ch:/home/sftnight/build/workspace/root-pullrequests-build; [See console output](https://lcgapp-services.cern.ch/root-jenkins/job/root-pullrequests-build/108615/console).; ### Failing tests:; - [projectroot.roottest.root.meta.roottest_root_meta_runMemberComments](https://lcgapp-services.cern.ch/root-jenkins/job/root-pullrequests-build/108615/testReport/projectroot.roottest.root/meta/roottest_root_meta_runMemberComments/); - [projectroot.roottest.root.rint.roottest_root_rint_TabCom](https://lcgapp-services.cern.ch/root-jenkins/job/root-pullrequests-build/108615/testReport/projectroot.roottest.root/rint/roottest_root_rint_TabCom/),MatchSource.ISSUE_COMMENT,root-project,root,v6-32-06,https://github.com/root-project/root/pull/7286#issuecomment-789294740:253,test,tests,253,https://root.cern,https://github.com/root-project/root/pull/7286#issuecomment-789294740,3,['test'],"['testReport', 'tests']"
Testability,Build failed on ROOT-fedora30/cxx14.; Running on root-fedora30-2.cern.ch:/home/sftnight/build/workspace/root-pullrequests-build; [See console output](https://lcgapp-services.cern.ch/root-jenkins/job/root-pullrequests-build/108795/console).; ### Failing tests:; - [projectroot.roottest.root.dataframe.roottest_root_dataframe_branchoverwrite](https://lcgapp-services.cern.ch/root-jenkins/job/root-pullrequests-build/108795/testReport/projectroot.roottest.root/dataframe/roottest_root_dataframe_branchoverwrite/); - [projectroot.roottest.root.dataframe.roottest_root_dataframe_test_columnoverride](https://lcgapp-services.cern.ch/root-jenkins/job/root-pullrequests-build/108795/testReport/projectroot.roottest.root/dataframe/roottest_root_dataframe_test_columnoverride/),MatchSource.ISSUE_COMMENT,root-project,root,v6-32-06,https://github.com/root-project/root/pull/7335#issuecomment-790473576:253,test,tests,253,https://root.cern,https://github.com/root-project/root/pull/7335#issuecomment-790473576,3,['test'],"['testReport', 'tests']"
Testability,Build failed on ROOT-fedora30/cxx14.; Running on root-fedora30-2.cern.ch:/home/sftnight/build/workspace/root-pullrequests-build; [See console output](https://lcgapp-services.cern.ch/root-jenkins/job/root-pullrequests-build/108803/console).; ### Failing tests:; - [projectroot.roottest.root.dataframe.roottest_root_dataframe_branchoverwrite](https://lcgapp-services.cern.ch/root-jenkins/job/root-pullrequests-build/108803/testReport/projectroot.roottest.root/dataframe/roottest_root_dataframe_branchoverwrite/); - [projectroot.roottest.root.dataframe.roottest_root_dataframe_test_columnoverride](https://lcgapp-services.cern.ch/root-jenkins/job/root-pullrequests-build/108803/testReport/projectroot.roottest.root/dataframe/roottest_root_dataframe_test_columnoverride/),MatchSource.ISSUE_COMMENT,root-project,root,v6-32-06,https://github.com/root-project/root/pull/7260#issuecomment-790490486:253,test,tests,253,https://root.cern,https://github.com/root-project/root/pull/7260#issuecomment-790490486,3,['test'],"['testReport', 'tests']"
Testability,Build failed on ROOT-fedora30/cxx14.; Running on root-fedora30-2.cern.ch:/home/sftnight/build/workspace/root-pullrequests-build; [See console output](https://lcgapp-services.cern.ch/root-jenkins/job/root-pullrequests-build/108851/console).; ### Failing tests:; - [projectroot.roottest.root.dataframe.roottest_root_dataframe_branchoverwrite](https://lcgapp-services.cern.ch/root-jenkins/job/root-pullrequests-build/108851/testReport/projectroot.roottest.root/dataframe/roottest_root_dataframe_branchoverwrite/); - [projectroot.roottest.root.dataframe.roottest_root_dataframe_test_columnoverride](https://lcgapp-services.cern.ch/root-jenkins/job/root-pullrequests-build/108851/testReport/projectroot.roottest.root/dataframe/roottest_root_dataframe_test_columnoverride/),MatchSource.ISSUE_COMMENT,root-project,root,v6-32-06,https://github.com/root-project/root/pull/7354#issuecomment-790575074:253,test,tests,253,https://root.cern,https://github.com/root-project/root/pull/7354#issuecomment-790575074,3,['test'],"['testReport', 'tests']"
Testability,Build failed on ROOT-fedora30/cxx14.; Running on root-fedora30-2.cern.ch:/home/sftnight/build/workspace/root-pullrequests-build; [See console output](https://lcgapp-services.cern.ch/root-jenkins/job/root-pullrequests-build/108987/console).; ### Failing tests:; - [projectroot.test.test_stressIOPlugins_xroot](https://lcgapp-services.cern.ch/root-jenkins/job/root-pullrequests-build/108987/testReport/projectroot/test/test_stressIOPlugins_xroot/); - [projectroot.tree.treeplayer.test.gtest_tree_treeplayer_test_treeprocessormt_remotefiles](https://lcgapp-services.cern.ch/root-jenkins/job/root-pullrequests-build/108987/testReport/projectroot.tree.treeplayer/test/gtest_tree_treeplayer_test_treeprocessormt_remotefiles/),MatchSource.ISSUE_COMMENT,root-project,root,v6-32-06,https://github.com/root-project/root/pull/7335#issuecomment-790809952:253,test,tests,253,https://root.cern,https://github.com/root-project/root/pull/7335#issuecomment-790809952,7,['test'],"['test', 'testReport', 'tests']"
Testability,Build failed on ROOT-fedora30/cxx14.; Running on root-fedora30-2.cern.ch:/home/sftnight/build/workspace/root-pullrequests-build; [See console output](https://lcgapp-services.cern.ch/root-jenkins/job/root-pullrequests-build/109164/console).; ### Failing tests:; - [projectroot.core.foundationiolite.test.gtest_core_foundationiolite_test_RRawFile](https://lcgapp-services.cern.ch/root-jenkins/job/root-pullrequests-build/109164/testReport/projectroot.core.foundationiolite/test/gtest_core_foundationiolite_test_RRawFile/); - [projectroot.tree.dataframe.test.gtest_tree_dataframe_test_datasource_sqlite](https://lcgapp-services.cern.ch/root-jenkins/job/root-pullrequests-build/109164/testReport/projectroot.tree.dataframe/test/gtest_tree_dataframe_test_datasource_sqlite/); - [projectroot.tree.dataframe.test.gtest_tree_dataframe_test_datasource_csv](https://lcgapp-services.cern.ch/root-jenkins/job/root-pullrequests-build/109164/testReport/projectroot.tree.dataframe/test/gtest_tree_dataframe_test_datasource_csv/),MatchSource.ISSUE_COMMENT,root-project,root,v6-32-06,https://github.com/root-project/root/pull/6766#issuecomment-791494855:253,test,tests,253,https://root.cern,https://github.com/root-project/root/pull/6766#issuecomment-791494855,10,['test'],"['test', 'testReport', 'tests']"
Testability,Build failed on ROOT-fedora30/cxx14.; Running on root-fedora30-2.cern.ch:/home/sftnight/build/workspace/root-pullrequests-build; [See console output](https://lcgapp-services.cern.ch/root-jenkins/job/root-pullrequests-build/109172/console).; ### Failing tests:; - [projectroot.roottest.root.dataframe.roottest_root_dataframe_branchoverwrite](https://lcgapp-services.cern.ch/root-jenkins/job/root-pullrequests-build/109172/testReport/projectroot.roottest.root/dataframe/roottest_root_dataframe_branchoverwrite/),MatchSource.ISSUE_COMMENT,root-project,root,v6-32-06,https://github.com/root-project/root/pull/7384#issuecomment-791512043:253,test,tests,253,https://root.cern,https://github.com/root-project/root/pull/7384#issuecomment-791512043,2,['test'],"['testReport', 'tests']"
Testability,Build failed on ROOT-fedora30/cxx14.; Running on root-fedora30-2.cern.ch:/home/sftnight/build/workspace/root-pullrequests-build; [See console output](https://lcgapp-services.cern.ch/root-jenkins/job/root-pullrequests-build/109544/console).; ### Failing tests:; - [projectroot.roofit.RDataFrameHelpers.test.gtest_roofit_RDataFrameHelpers_test_testActionHelpers](https://lcgapp-services.cern.ch/root-jenkins/job/root-pullrequests-build/109544/testReport/projectroot.roofit.RDataFrameHelpers/test/gtest_roofit_RDataFrameHelpers_test_testActionHelpers/),MatchSource.ISSUE_COMMENT,root-project,root,v6-32-06,https://github.com/root-project/root/pull/7314#issuecomment-793634267:253,test,tests,253,https://root.cern,https://github.com/root-project/root/pull/7314#issuecomment-793634267,4,['test'],"['test', 'testReport', 'tests']"
Testability,Build failed on ROOT-fedora30/cxx14.; Running on root-fedora30-2.cern.ch:/home/sftnight/build/workspace/root-pullrequests-build; [See console output](https://lcgapp-services.cern.ch/root-jenkins/job/root-pullrequests-build/109552/console).; ### Failing tests:; - [projectroot.roofit.RDataFrameHelpers.test.gtest_roofit_RDataFrameHelpers_test_testActionHelpers](https://lcgapp-services.cern.ch/root-jenkins/job/root-pullrequests-build/109552/testReport/projectroot.roofit.RDataFrameHelpers/test/gtest_roofit_RDataFrameHelpers_test_testActionHelpers/),MatchSource.ISSUE_COMMENT,root-project,root,v6-32-06,https://github.com/root-project/root/pull/7413#issuecomment-793770418:253,test,tests,253,https://root.cern,https://github.com/root-project/root/pull/7413#issuecomment-793770418,4,['test'],"['test', 'testReport', 'tests']"
Testability,Build failed on ROOT-fedora30/cxx14.; Running on root-fedora30-2.cern.ch:/home/sftnight/build/workspace/root-pullrequests-build; [See console output](https://lcgapp-services.cern.ch/root-jenkins/job/root-pullrequests-build/109648/console).; ### Failing tests:; - [projectroot.roofit.RDataFrameHelpers.test.gtest_roofit_RDataFrameHelpers_test_testActionHelpers](https://lcgapp-services.cern.ch/root-jenkins/job/root-pullrequests-build/109648/testReport/projectroot.roofit.RDataFrameHelpers/test/gtest_roofit_RDataFrameHelpers_test_testActionHelpers/),MatchSource.ISSUE_COMMENT,root-project,root,v6-32-06,https://github.com/root-project/root/pull/7314#issuecomment-794218039:253,test,tests,253,https://root.cern,https://github.com/root-project/root/pull/7314#issuecomment-794218039,4,['test'],"['test', 'testReport', 'tests']"
Testability,Build failed on ROOT-fedora30/cxx14.; Running on root-fedora30-2.cern.ch:/home/sftnight/build/workspace/root-pullrequests-build; [See console output](https://lcgapp-services.cern.ch/root-jenkins/job/root-pullrequests-build/109808/console).; ### Failing tests:; - [projectroot.roofit.RDataFrameHelpers.test.gtest_roofit_RDataFrameHelpers_test_testActionHelpers](https://lcgapp-services.cern.ch/root-jenkins/job/root-pullrequests-build/109808/testReport/projectroot.roofit.RDataFrameHelpers/test/gtest_roofit_RDataFrameHelpers_test_testActionHelpers/),MatchSource.ISSUE_COMMENT,root-project,root,v6-32-06,https://github.com/root-project/root/pull/7438#issuecomment-795383251:253,test,tests,253,https://root.cern,https://github.com/root-project/root/pull/7438#issuecomment-795383251,4,['test'],"['test', 'testReport', 'tests']"
Testability,Build failed on ROOT-fedora30/cxx14.; Running on root-fedora30-2.cern.ch:/home/sftnight/build/workspace/root-pullrequests-build; [See console output](https://lcgapp-services.cern.ch/root-jenkins/job/root-pullrequests-build/109848/console).; ### Failing tests:; - [projectroot.roofit.RDataFrameHelpers.test.gtest_roofit_RDataFrameHelpers_test_testActionHelpers](https://lcgapp-services.cern.ch/root-jenkins/job/root-pullrequests-build/109848/testReport/projectroot.roofit.RDataFrameHelpers/test/gtest_roofit_RDataFrameHelpers_test_testActionHelpers/),MatchSource.ISSUE_COMMENT,root-project,root,v6-32-06,https://github.com/root-project/root/pull/7443#issuecomment-795531525:253,test,tests,253,https://root.cern,https://github.com/root-project/root/pull/7443#issuecomment-795531525,4,['test'],"['test', 'testReport', 'tests']"
Testability,Build failed on ROOT-fedora30/cxx14.; Running on root-fedora30-2.cern.ch:/home/sftnight/build/workspace/root-pullrequests-build; [See console output](https://lcgapp-services.cern.ch/root-jenkins/job/root-pullrequests-build/110112/console).; ### Failing tests:; - [projectroot.roofit.RDataFrameHelpers.test.gtest_roofit_RDataFrameHelpers_test_testActionHelpers](https://lcgapp-services.cern.ch/root-jenkins/job/root-pullrequests-build/110112/testReport/projectroot.roofit.RDataFrameHelpers/test/gtest_roofit_RDataFrameHelpers_test_testActionHelpers/),MatchSource.ISSUE_COMMENT,root-project,root,v6-32-06,https://github.com/root-project/root/pull/7449#issuecomment-796749760:253,test,tests,253,https://root.cern,https://github.com/root-project/root/pull/7449#issuecomment-796749760,4,['test'],"['test', 'testReport', 'tests']"
Testability,Build failed on ROOT-fedora30/cxx14.; Running on root-fedora30-2.cern.ch:/home/sftnight/build/workspace/root-pullrequests-build; [See console output](https://lcgapp-services.cern.ch/root-jenkins/job/root-pullrequests-build/110144/console).; ### Failing tests:; - [projectroot.roofit.RDataFrameHelpers.test.gtest_roofit_RDataFrameHelpers_test_testActionHelpers](https://lcgapp-services.cern.ch/root-jenkins/job/root-pullrequests-build/110144/testReport/projectroot.roofit.RDataFrameHelpers/test/gtest_roofit_RDataFrameHelpers_test_testActionHelpers/),MatchSource.ISSUE_COMMENT,root-project,root,v6-32-06,https://github.com/root-project/root/pull/7473#issuecomment-796855098:253,test,tests,253,https://root.cern,https://github.com/root-project/root/pull/7473#issuecomment-796855098,4,['test'],"['test', 'testReport', 'tests']"
Testability,Build failed on ROOT-fedora30/cxx14.; Running on root-fedora30-2.cern.ch:/home/sftnight/build/workspace/root-pullrequests-build; [See console output](https://lcgapp-services.cern.ch/root-jenkins/job/root-pullrequests-build/110184/console).; ### Failing tests:; - [projectroot.roofit.RDataFrameHelpers.test.gtest_roofit_RDataFrameHelpers_test_testActionHelpers](https://lcgapp-services.cern.ch/root-jenkins/job/root-pullrequests-build/110184/testReport/projectroot.roofit.RDataFrameHelpers/test/gtest_roofit_RDataFrameHelpers_test_testActionHelpers/),MatchSource.ISSUE_COMMENT,root-project,root,v6-32-06,https://github.com/root-project/root/pull/7476#issuecomment-796952695:253,test,tests,253,https://root.cern,https://github.com/root-project/root/pull/7476#issuecomment-796952695,4,['test'],"['test', 'testReport', 'tests']"
Testability,Build failed on ROOT-fedora30/cxx14.; Running on root-fedora30-2.cern.ch:/home/sftnight/build/workspace/root-pullrequests-build; [See console output](https://lcgapp-services.cern.ch/root-jenkins/job/root-pullrequests-build/110232/console).; ### Failing tests:; - [projectroot.roofit.RDataFrameHelpers.test.gtest_roofit_RDataFrameHelpers_test_testActionHelpers](https://lcgapp-services.cern.ch/root-jenkins/job/root-pullrequests-build/110232/testReport/projectroot.roofit.RDataFrameHelpers/test/gtest_roofit_RDataFrameHelpers_test_testActionHelpers/),MatchSource.ISSUE_COMMENT,root-project,root,v6-32-06,https://github.com/root-project/root/pull/7461#issuecomment-797356293:253,test,tests,253,https://root.cern,https://github.com/root-project/root/pull/7461#issuecomment-797356293,4,['test'],"['test', 'testReport', 'tests']"
Testability,Build failed on ROOT-fedora30/cxx14.; Running on root-fedora30-2.cern.ch:/home/sftnight/build/workspace/root-pullrequests-build; [See console output](https://lcgapp-services.cern.ch/root-jenkins/job/root-pullrequests-build/110296/console).; ### Failing tests:; - [projectroot.roofit.RDataFrameHelpers.test.gtest_roofit_RDataFrameHelpers_test_testActionHelpers](https://lcgapp-services.cern.ch/root-jenkins/job/root-pullrequests-build/110296/testReport/projectroot.roofit.RDataFrameHelpers/test/gtest_roofit_RDataFrameHelpers_test_testActionHelpers/),MatchSource.ISSUE_COMMENT,root-project,root,v6-32-06,https://github.com/root-project/root/pull/7490#issuecomment-797491551:253,test,tests,253,https://root.cern,https://github.com/root-project/root/pull/7490#issuecomment-797491551,4,['test'],"['test', 'testReport', 'tests']"
Testability,Build failed on ROOT-fedora30/cxx14.; Running on root-fedora30-2.cern.ch:/home/sftnight/build/workspace/root-pullrequests-build; [See console output](https://lcgapp-services.cern.ch/root-jenkins/job/root-pullrequests-build/110304/console).; ### Failing tests:; - [projectroot.roofit.RDataFrameHelpers.test.gtest_roofit_RDataFrameHelpers_test_testActionHelpers](https://lcgapp-services.cern.ch/root-jenkins/job/root-pullrequests-build/110304/testReport/projectroot.roofit.RDataFrameHelpers/test/gtest_roofit_RDataFrameHelpers_test_testActionHelpers/),MatchSource.ISSUE_COMMENT,root-project,root,v6-32-06,https://github.com/root-project/root/pull/7023#issuecomment-797504978:253,test,tests,253,https://root.cern,https://github.com/root-project/root/pull/7023#issuecomment-797504978,4,['test'],"['test', 'testReport', 'tests']"
Testability,Build failed on ROOT-fedora30/cxx14.; Running on root-fedora30-2.cern.ch:/home/sftnight/build/workspace/root-pullrequests-build; [See console output](https://lcgapp-services.cern.ch/root-jenkins/job/root-pullrequests-build/110408/console).; ### Failing tests:; - [projectroot.bindings.pyroot.pythonizations.test.pyunittests_pyroot_pyz_pretty_printing](https://lcgapp-services.cern.ch/root-jenkins/job/root-pullrequests-build/110408/testReport/projectroot.bindings.pyroot.pythonizations/test/pyunittests_pyroot_pyz_pretty_printing/); - [projectroot.bindings.pyroot.pythonizations.test.pyunittests_pyroot_pyz_rvec](https://lcgapp-services.cern.ch/root-jenkins/job/root-pullrequests-build/110408/testReport/projectroot.bindings.pyroot.pythonizations/test/pyunittests_pyroot_pyz_rvec/); - [projectroot.bindings.pyroot.pythonizations.test.pyunittests_pyroot_pyz_array_interface](https://lcgapp-services.cern.ch/root-jenkins/job/root-pullrequests-build/110408/testReport/projectroot.bindings.pyroot.pythonizations/test/pyunittests_pyroot_pyz_array_interface/); - [projectroot.bindings.pyroot.pythonizations.test.pyunittests_pyroot_numbadeclare](https://lcgapp-services.cern.ch/root-jenkins/job/root-pullrequests-build/110408/testReport/projectroot.bindings.pyroot.pythonizations/test/pyunittests_pyroot_numbadeclare/); - [projectroot.bindings.pyroot.pythonizations.test.pyunittests_pyroot_pyz_rvec_asrvec](https://lcgapp-services.cern.ch/root-jenkins/job/root-pullrequests-build/110408/testReport/projectroot.bindings.pyroot.pythonizations/test/pyunittests_pyroot_pyz_rvec_asrvec/); - [projectroot.bindings.pyroot.pythonizations.test.pyunittests_pyroot_pyz_rdataframe_makenumpy](https://lcgapp-services.cern.ch/root-jenkins/job/root-pullrequests-build/110408/testReport/projectroot.bindings.pyroot.pythonizations/test/pyunittests_pyroot_pyz_rdataframe_makenumpy/); - [projectroot.tree.dataframe.test.pyunittests_dataframe_cache](https://lcgapp-services.cern.ch/root-jenkins/job/root-pullrequests-build/11040,MatchSource.ISSUE_COMMENT,root-project,root,v6-32-06,https://github.com/root-project/root/pull/7502#issuecomment-799298282:253,test,tests,253,https://root.cern,https://github.com/root-project/root/pull/7502#issuecomment-799298282,9,['test'],"['test', 'testReport', 'tests']"
Testability,Build failed on ROOT-fedora30/cxx14.; Running on root-fedora30-2.cern.ch:/home/sftnight/build/workspace/root-pullrequests-build; [See console output](https://lcgapp-services.cern.ch/root-jenkins/job/root-pullrequests-build/110600/console).; ### Failing tests:; - [projectroot.roofit.RDataFrameHelpers.test.gtest_roofit_RDataFrameHelpers_test_testActionHelpers](https://lcgapp-services.cern.ch/root-jenkins/job/root-pullrequests-build/110600/testReport/projectroot.roofit.RDataFrameHelpers/test/gtest_roofit_RDataFrameHelpers_test_testActionHelpers/),MatchSource.ISSUE_COMMENT,root-project,root,v6-32-06,https://github.com/root-project/root/pull/7535#issuecomment-800266887:253,test,tests,253,https://root.cern,https://github.com/root-project/root/pull/7535#issuecomment-800266887,4,['test'],"['test', 'testReport', 'tests']"
Testability,Build failed on ROOT-fedora30/cxx14.; Running on root-fedora30-2.cern.ch:/home/sftnight/build/workspace/root-pullrequests-build; [See console output](https://lcgapp-services.cern.ch/root-jenkins/job/root-pullrequests-build/110728/console).; ### Failing tests:; - [projectroot.roofit.RDataFrameHelpers.test.gtest_roofit_RDataFrameHelpers_test_testActionHelpers](https://lcgapp-services.cern.ch/root-jenkins/job/root-pullrequests-build/110728/testReport/projectroot.roofit.RDataFrameHelpers/test/gtest_roofit_RDataFrameHelpers_test_testActionHelpers/),MatchSource.ISSUE_COMMENT,root-project,root,v6-32-06,https://github.com/root-project/root/pull/7557#issuecomment-800908197:253,test,tests,253,https://root.cern,https://github.com/root-project/root/pull/7557#issuecomment-800908197,4,['test'],"['test', 'testReport', 'tests']"
Testability,Build failed on ROOT-fedora30/cxx14.; Running on root-fedora30-2.cern.ch:/home/sftnight/build/workspace/root-pullrequests-build; [See console output](https://lcgapp-services.cern.ch/root-jenkins/job/root-pullrequests-build/110768/console).; ### Failing tests:; - [projectroot.roofit.RDataFrameHelpers.test.gtest_roofit_RDataFrameHelpers_test_testActionHelpers](https://lcgapp-services.cern.ch/root-jenkins/job/root-pullrequests-build/110768/testReport/projectroot.roofit.RDataFrameHelpers/test/gtest_roofit_RDataFrameHelpers_test_testActionHelpers/),MatchSource.ISSUE_COMMENT,root-project,root,v6-32-06,https://github.com/root-project/root/pull/7560#issuecomment-801000495:253,test,tests,253,https://root.cern,https://github.com/root-project/root/pull/7560#issuecomment-801000495,4,['test'],"['test', 'testReport', 'tests']"
Testability,Build failed on ROOT-fedora30/cxx14.; Running on root-fedora30-2.cern.ch:/home/sftnight/build/workspace/root-pullrequests-build; [See console output](https://lcgapp-services.cern.ch/root-jenkins/job/root-pullrequests-build/110880/console).; ### Failing tests:; - [projectroot.roottest.root.tree.selectorreader.roottest_root_tree_selectorreader_make](https://lcgapp-services.cern.ch/root-jenkins/job/root-pullrequests-build/110880/testReport/projectroot.roottest.root.tree/selectorreader/roottest_root_tree_selectorreader_make/); - [projectroot.roottest.root.meta.MakeProject.roottest_root_meta_MakeProject_examples](https://lcgapp-services.cern.ch/root-jenkins/job/root-pullrequests-build/110880/testReport/projectroot.roottest.root.meta/MakeProject/roottest_root_meta_MakeProject_examples/); - [projectroot.roottest.root.meta.MakeProject.roottest_root_meta_MakeProject_stltest](https://lcgapp-services.cern.ch/root-jenkins/job/root-pullrequests-build/110880/testReport/projectroot.roottest.root.meta/MakeProject/roottest_root_meta_MakeProject_stltest/); - [projectroot.roottest.root.meta.MakeProject.roottest_root_meta_MakeProject_stltest2](https://lcgapp-services.cern.ch/root-jenkins/job/root-pullrequests-build/110880/testReport/projectroot.roottest.root.meta/MakeProject/roottest_root_meta_MakeProject_stltest2/); - [projectroot.roottest.root.meta.autoloading.headerParsingOnDemand.roottest_root_meta_autoloading_headerParsingOnDemand_no_autoparse_write](https://lcgapp-services.cern.ch/root-jenkins/job/root-pullrequests-build/110880/testReport/projectroot.roottest.root.meta.autoloading/headerParsingOnDemand/roottest_root_meta_autoloading_headerParsingOnDemand_no_autoparse_write/); - [projectroot.roottest.root.meta.autoloading.ROOT-8432.roottest_root_meta_autoloading_ROOT_8432_execcmsWrapper_auto](https://lcgapp-services.cern.ch/root-jenkins/job/root-pullrequests-build/110880/testReport/projectroot.roottest.root.meta.autoloading/ROOT-8432/roottest_root_meta_autoloading_ROOT_8432_execcms,MatchSource.ISSUE_COMMENT,root-project,root,v6-32-06,https://github.com/root-project/root/pull/7566#issuecomment-801228156:253,test,tests,253,https://root.cern,https://github.com/root-project/root/pull/7566#issuecomment-801228156,4,['test'],"['testReport', 'tests']"
Testability,Build failed on ROOT-fedora30/cxx14.; Running on root-fedora30-2.cern.ch:/home/sftnight/build/workspace/root-pullrequests-build; [See console output](https://lcgapp-services.cern.ch/root-jenkins/job/root-pullrequests-build/110920/console).; ### Failing tests:; - [projectroot.roofit.RDataFrameHelpers.test.gtest_roofit_RDataFrameHelpers_test_testActionHelpers](https://lcgapp-services.cern.ch/root-jenkins/job/root-pullrequests-build/110920/testReport/projectroot.roofit.RDataFrameHelpers/test/gtest_roofit_RDataFrameHelpers_test_testActionHelpers/),MatchSource.ISSUE_COMMENT,root-project,root,v6-32-06,https://github.com/root-project/root/pull/7571#issuecomment-801307651:253,test,tests,253,https://root.cern,https://github.com/root-project/root/pull/7571#issuecomment-801307651,4,['test'],"['test', 'testReport', 'tests']"
Testability,Build failed on ROOT-fedora30/cxx14.; Running on root-fedora30-2.cern.ch:/home/sftnight/build/workspace/root-pullrequests-build; [See console output](https://lcgapp-services.cern.ch/root-jenkins/job/root-pullrequests-build/111064/console).; ### Failing tests:; - [projectroot.roofit.RDataFrameHelpers.test.gtest_roofit_RDataFrameHelpers_test_testActionHelpers](https://lcgapp-services.cern.ch/root-jenkins/job/root-pullrequests-build/111064/testReport/projectroot.roofit.RDataFrameHelpers/test/gtest_roofit_RDataFrameHelpers_test_testActionHelpers/),MatchSource.ISSUE_COMMENT,root-project,root,v6-32-06,https://github.com/root-project/root/pull/7582#issuecomment-801832736:253,test,tests,253,https://root.cern,https://github.com/root-project/root/pull/7582#issuecomment-801832736,4,['test'],"['test', 'testReport', 'tests']"
Testability,Build failed on ROOT-fedora30/cxx14.; Running on root-fedora30-2.cern.ch:/home/sftnight/build/workspace/root-pullrequests-build; [See console output](https://lcgapp-services.cern.ch/root-jenkins/job/root-pullrequests-build/111176/console).; ### Failing tests:; - [projectroot.bindings.pyroot.pythonizations.test.pyunittests_pyroot_pyz_pretty_printing](https://lcgapp-services.cern.ch/root-jenkins/job/root-pullrequests-build/111176/testReport/projectroot.bindings.pyroot.pythonizations/test/pyunittests_pyroot_pyz_pretty_printing/); - [projectroot.bindings.pyroot.pythonizations.test.pyunittests_pyroot_pyz_array_interface](https://lcgapp-services.cern.ch/root-jenkins/job/root-pullrequests-build/111176/testReport/projectroot.bindings.pyroot.pythonizations/test/pyunittests_pyroot_pyz_array_interface/); - [projectroot.bindings.pyroot.pythonizations.test.pyunittests_pyroot_pyz_rvec](https://lcgapp-services.cern.ch/root-jenkins/job/root-pullrequests-build/111176/testReport/projectroot.bindings.pyroot.pythonizations/test/pyunittests_pyroot_pyz_rvec/); - [projectroot.bindings.pyroot.pythonizations.test.pyunittests_pyroot_pyz_rvec_asrvec](https://lcgapp-services.cern.ch/root-jenkins/job/root-pullrequests-build/111176/testReport/projectroot.bindings.pyroot.pythonizations/test/pyunittests_pyroot_pyz_rvec_asrvec/); - [projectroot.bindings.pyroot.pythonizations.test.pyunittests_pyroot_pyz_rdataframe_makenumpy](https://lcgapp-services.cern.ch/root-jenkins/job/root-pullrequests-build/111176/testReport/projectroot.bindings.pyroot.pythonizations/test/pyunittests_pyroot_pyz_rdataframe_makenumpy/); - [projectroot.bindings.pyroot.pythonizations.test.pyunittests_pyroot_numbadeclare](https://lcgapp-services.cern.ch/root-jenkins/job/root-pullrequests-build/111176/testReport/projectroot.bindings.pyroot.pythonizations/test/pyunittests_pyroot_numbadeclare/); - [projectroot.tree.dataframe.test.pyunittests_dataframe_cache](https://lcgapp-services.cern.ch/root-jenkins/job/root-pullrequests-build/11117,MatchSource.ISSUE_COMMENT,root-project,root,v6-32-06,https://github.com/root-project/root/pull/7502#issuecomment-801938178:253,test,tests,253,https://root.cern,https://github.com/root-project/root/pull/7502#issuecomment-801938178,9,['test'],"['test', 'testReport', 'tests']"
Testability,Build failed on ROOT-fedora30/cxx14.; Running on root-fedora30-2.cern.ch:/home/sftnight/build/workspace/root-pullrequests-build; [See console output](https://lcgapp-services.cern.ch/root-jenkins/job/root-pullrequests-build/111280/console).; ### Failing tests:; - [projectroot.roofit.RDataFrameHelpers.test.gtest_roofit_RDataFrameHelpers_test_testActionHelpers](https://lcgapp-services.cern.ch/root-jenkins/job/root-pullrequests-build/111280/testReport/projectroot.roofit.RDataFrameHelpers/test/gtest_roofit_RDataFrameHelpers_test_testActionHelpers/),MatchSource.ISSUE_COMMENT,root-project,root,v6-32-06,https://github.com/root-project/root/pull/7593#issuecomment-802190078:253,test,tests,253,https://root.cern,https://github.com/root-project/root/pull/7593#issuecomment-802190078,4,['test'],"['test', 'testReport', 'tests']"
Testability,Build failed on ROOT-fedora30/cxx14.; Running on root-fedora30-2.cern.ch:/home/sftnight/build/workspace/root-pullrequests-build; [See console output](https://lcgapp-services.cern.ch/root-jenkins/job/root-pullrequests-build/111288/console).; ### Failing tests:; - [projectroot.roofit.RDataFrameHelpers.test.gtest_roofit_RDataFrameHelpers_test_testActionHelpers](https://lcgapp-services.cern.ch/root-jenkins/job/root-pullrequests-build/111288/testReport/projectroot.roofit.RDataFrameHelpers/test/gtest_roofit_RDataFrameHelpers_test_testActionHelpers/),MatchSource.ISSUE_COMMENT,root-project,root,v6-32-06,https://github.com/root-project/root/pull/7594#issuecomment-802222125:253,test,tests,253,https://root.cern,https://github.com/root-project/root/pull/7594#issuecomment-802222125,4,['test'],"['test', 'testReport', 'tests']"
Testability,Build failed on ROOT-fedora30/cxx14.; Running on root-fedora30-2.cern.ch:/home/sftnight/build/workspace/root-pullrequests-build; [See console output](https://lcgapp-services.cern.ch/root-jenkins/job/root-pullrequests-build/111448/console).; ### Failing tests:; - [projectroot.test.test_stressroofit_interpreted](https://lcgapp-services.cern.ch/root-jenkins/job/root-pullrequests-build/111448/testReport/projectroot/test/test_stressroofit_interpreted/),MatchSource.ISSUE_COMMENT,root-project,root,v6-32-06,https://github.com/root-project/root/pull/7616#issuecomment-802966668:253,test,tests,253,https://root.cern,https://github.com/root-project/root/pull/7616#issuecomment-802966668,4,['test'],"['test', 'testReport', 'tests']"
Testability,Build failed on ROOT-fedora30/cxx14.; Running on root-fedora30-2.cern.ch:/home/sftnight/build/workspace/root-pullrequests-build; [See console output](https://lcgapp-services.cern.ch/root-jenkins/job/root-pullrequests-build/111496/console).; ### Failing tests:; - [projectroot.test.test_stressroofit_interpreted](https://lcgapp-services.cern.ch/root-jenkins/job/root-pullrequests-build/111496/testReport/projectroot/test/test_stressroofit_interpreted/); - [projectroot.test.test_stressroostats_interpreted](https://lcgapp-services.cern.ch/root-jenkins/job/root-pullrequests-build/111496/testReport/projectroot/test/test_stressroostats_interpreted/); - [projectroot.roottest.root.roofitstats.vectorisedPDFs.gtesttest_root_roofitstats_vectorisedPDFs_testAddPdf](https://lcgapp-services.cern.ch/root-jenkins/job/root-pullrequests-build/111496/testReport/projectroot.roottest.root.roofitstats/vectorisedPDFs/gtesttest_root_roofitstats_vectorisedPDFs_testAddPdf/),MatchSource.ISSUE_COMMENT,root-project,root,v6-32-06,https://github.com/root-project/root/pull/7616#issuecomment-803094111:253,test,tests,253,https://root.cern,https://github.com/root-project/root/pull/7616#issuecomment-803094111,8,['test'],"['test', 'testReport', 'tests']"
Testability,Build failed on ROOT-fedora30/cxx14.; Running on root-fedora30-2.cern.ch:/home/sftnight/build/workspace/root-pullrequests-build; [See console output](https://lcgapp-services.cern.ch/root-jenkins/job/root-pullrequests-build/111536/console).; ### Failing tests:; - [projectroot.test.test_stressroofit_interpreted](https://lcgapp-services.cern.ch/root-jenkins/job/root-pullrequests-build/111536/testReport/projectroot/test/test_stressroofit_interpreted/),MatchSource.ISSUE_COMMENT,root-project,root,v6-32-06,https://github.com/root-project/root/pull/7616#issuecomment-803446073:253,test,tests,253,https://root.cern,https://github.com/root-project/root/pull/7616#issuecomment-803446073,4,['test'],"['test', 'testReport', 'tests']"
Testability,Build failed on ROOT-fedora30/cxx14.; Running on root-fedora30-2.cern.ch:/home/sftnight/build/workspace/root-pullrequests-build; [See console output](https://lcgapp-services.cern.ch/root-jenkins/job/root-pullrequests-build/111608/console).; ### Failing tests:; - [projectroot.roottest.root.multicore.roottest_root_multicore_processExecutorH1Test](https://lcgapp-services.cern.ch/root-jenkins/job/root-pullrequests-build/111608/testReport/projectroot.roottest.root/multicore/roottest_root_multicore_processExecutorH1Test/),MatchSource.ISSUE_COMMENT,root-project,root,v6-32-06,https://github.com/root-project/root/pull/7631#issuecomment-803870579:253,test,tests,253,https://root.cern,https://github.com/root-project/root/pull/7631#issuecomment-803870579,2,['test'],"['testReport', 'tests']"
Testability,Build failed on ROOT-fedora30/cxx14.; Running on root-fedora30-2.cern.ch:/home/sftnight/build/workspace/root-pullrequests-build; [See console output](https://lcgapp-services.cern.ch/root-jenkins/job/root-pullrequests-build/111616/console).; ### Warnings:; - [2021-03-22T08:53:50.967Z] /home/sftnight/build/workspace/root-pullrequests-build/root/tree/dataframe/inc/ROOT/RDF/InterfaceUtils.hxx:274:61: warning: unused parameter ‘nSlots’ [-Wunused-parameter] ; - [2021-03-22T08:53:50.967Z] /home/sftnight/build/workspace/root-pullrequests-build/root/tree/dataframe/inc/ROOT/RDF/InterfaceUtils.hxx:274:61: warning: unused parameter ‘nSlots’ [-Wunused-parameter] ; - [2021-03-22T08:54:19.673Z] /home/sftnight/build/workspace/root-pullrequests-build/root/tree/dataframe/inc/ROOT/RDF/InterfaceUtils.hxx:274:61: warning: unused parameter ‘nSlots’ [-Wunused-parameter] . ### Failing tests:; - [projectroot.test.test_stressIOPlugins_http](https://lcgapp-services.cern.ch/root-jenkins/job/root-pullrequests-build/111616/testReport/projectroot/test/test_stressIOPlugins_http/); - [projectroot.test.test_stresshistogram_interpreted](https://lcgapp-services.cern.ch/root-jenkins/job/root-pullrequests-build/111616/testReport/projectroot/test/test_stresshistogram_interpreted/); - [projectroot.io.io.test.gtest_io_io_test_RRawFile](https://lcgapp-services.cern.ch/root-jenkins/job/root-pullrequests-build/111616/testReport/projectroot.io.io/test/gtest_io_io_test_RRawFile/); - [projectroot.net.davix.test.gtest_net_davix_test_RRawFileDavix](https://lcgapp-services.cern.ch/root-jenkins/job/root-pullrequests-build/111616/testReport/projectroot.net.davix/test/gtest_net_davix_test_RRawFileDavix/); - [projectroot.tmva.tmva.test.gtest_tmva_tmva_test_rstandardscaler](https://lcgapp-services.cern.ch/root-jenkins/job/root-pullrequests-build/111616/testReport/projectroot.tmva.tmva/test/gtest_tmva_tmva_test_rstandardscaler/); - [projectroot.tmva.tmva.test.gtest_tmva_tmva_test_rreader](https://lcgapp-services.cern.ch/r,MatchSource.ISSUE_COMMENT,root-project,root,v6-32-06,https://github.com/root-project/root/pull/7630#issuecomment-803902120:874,test,tests,874,https://root.cern,https://github.com/root-project/root/pull/7630#issuecomment-803902120,2,['test'],"['test', 'tests']"
Testability,Build failed on ROOT-fedora30/cxx14.; Running on root-fedora30-2.cern.ch:/home/sftnight/build/workspace/root-pullrequests-build; [See console output](https://lcgapp-services.cern.ch/root-jenkins/job/root-pullrequests-build/111712/console).; ### Failing tests:; - [projectroot.tree.dataframe.test.gtest_tree_dataframe_test_dataframe_snapshot](https://lcgapp-services.cern.ch/root-jenkins/job/root-pullrequests-build/111712/testReport/projectroot.tree.dataframe/test/gtest_tree_dataframe_test_dataframe_snapshot/),MatchSource.ISSUE_COMMENT,root-project,root,v6-32-06,https://github.com/root-project/root/pull/7640#issuecomment-804126739:253,test,tests,253,https://root.cern,https://github.com/root-project/root/pull/7640#issuecomment-804126739,4,['test'],"['test', 'testReport', 'tests']"
Testability,Build failed on ROOT-fedora30/cxx14.; Running on root-fedora30-2.cern.ch:/home/sftnight/build/workspace/root-pullrequests-build; [See console output](https://lcgapp-services.cern.ch/root-jenkins/job/root-pullrequests-build/111867/console).; ### Failing tests:; - [projectroot.bindings.experimental.distrdf.test.pyunittests_distrdf_unit_test_buildranges](https://lcgapp-services.cern.ch/root-jenkins/job/root-pullrequests-build/111867/testReport/projectroot.bindings.experimental.distrdf/test/pyunittests_distrdf_unit_test_buildranges/); - [projectroot.bindings.experimental.distrdf.test.pyunittests_distrdf_unit_test_headnode](https://lcgapp-services.cern.ch/root-jenkins/job/root-pullrequests-build/111867/testReport/projectroot.bindings.experimental.distrdf/test/pyunittests_distrdf_unit_test_headnode/); - [projectroot.bindings.experimental.distrdf.test.pyunittests_distrdf_unit_test_friendinfo](https://lcgapp-services.cern.ch/root-jenkins/job/root-pullrequests-build/111867/testReport/projectroot.bindings.experimental.distrdf/test/pyunittests_distrdf_unit_test_friendinfo/); - [projectroot.bindings.experimental.distrdf.test.pyunittests_distrdf_unit_test_callable_generator](https://lcgapp-services.cern.ch/root-jenkins/job/root-pullrequests-build/111867/testReport/projectroot.bindings.experimental.distrdf/test/pyunittests_distrdf_unit_test_callable_generator/); - [projectroot.bindings.experimental.distrdf.test.pyunittests_distrdf_unit_test_node](https://lcgapp-services.cern.ch/root-jenkins/job/root-pullrequests-build/111867/testReport/projectroot.bindings.experimental.distrdf/test/pyunittests_distrdf_unit_test_node/); - [projectroot.bindings.experimental.distrdf.test.backend.pyunittests_distrdf_unit_backend_test_dist](https://lcgapp-services.cern.ch/root-jenkins/job/root-pullrequests-build/111867/testReport/projectroot.bindings.experimental.distrdf.test/backend/pyunittests_distrdf_unit_backend_test_dist/); - [projectroot.bindings.experimental.distrdf.test.backend.pyunittests_dist,MatchSource.ISSUE_COMMENT,root-project,root,v6-32-06,https://github.com/root-project/root/pull/7630#issuecomment-805695494:253,test,tests,253,https://root.cern,https://github.com/root-project/root/pull/7630#issuecomment-805695494,9,['test'],"['test', 'testReport', 'tests']"
Testability,Build failed on ROOT-fedora30/cxx14.; Running on root-fedora30-2.cern.ch:/home/sftnight/build/workspace/root-pullrequests-build; [See console output](https://lcgapp-services.cern.ch/root-jenkins/job/root-pullrequests-build/111900/console).; ### Failing tests:; - [projectroot.tree.treeplayer.test.gtest_tree_treeplayer_test_treeprocessormt_remotefiles](https://lcgapp-services.cern.ch/root-jenkins/job/root-pullrequests-build/111900/testReport/projectroot.tree.treeplayer/test/gtest_tree_treeplayer_test_treeprocessormt_remotefiles/),MatchSource.ISSUE_COMMENT,root-project,root,v6-32-06,https://github.com/root-project/root/pull/7665#issuecomment-805872880:253,test,tests,253,https://root.cern,https://github.com/root-project/root/pull/7665#issuecomment-805872880,4,['test'],"['test', 'testReport', 'tests']"
Testability,Build failed on ROOT-fedora30/cxx14.; Running on root-fedora30-2.cern.ch:/home/sftnight/build/workspace/root-pullrequests-build; [See console output](https://lcgapp-services.cern.ch/root-jenkins/job/root-pullrequests-build/112045/console).; ### Failing tests:; - [projectroot.bindings.pyroot.pythonizations.test.pyunittests_pyroot_pyz_pretty_printing](https://lcgapp-services.cern.ch/root-jenkins/job/root-pullrequests-build/112045/testReport/projectroot.bindings.pyroot.pythonizations/test/pyunittests_pyroot_pyz_pretty_printing/),MatchSource.ISSUE_COMMENT,root-project,root,v6-32-06,https://github.com/root-project/root/pull/7502#issuecomment-806622510:253,test,tests,253,https://root.cern,https://github.com/root-project/root/pull/7502#issuecomment-806622510,4,['test'],"['test', 'testReport', 'tests']"
Testability,Build failed on ROOT-fedora30/cxx14.; Running on root-fedora30-2.cern.ch:/home/sftnight/build/workspace/root-pullrequests-build; [See console output](https://lcgapp-services.cern.ch/root-jenkins/job/root-pullrequests-build/112206/console).; ### Failing tests:; - [projectroot.core.thread.test.gtest_core_thread_test_testInterpreterLock](https://lcgapp-services.cern.ch/root-jenkins/job/root-pullrequests-build/112206/testReport/projectroot.core.thread/test/gtest_core_thread_test_testInterpreterLock/); - [projectroot.roottest.python.JupyROOT.roottest_python_JupyROOT_cppcompleter_doctest](https://lcgapp-services.cern.ch/root-jenkins/job/root-pullrequests-build/112206/testReport/projectroot.roottest.python/JupyROOT/roottest_python_JupyROOT_cppcompleter_doctest/); - [projectroot.roottest.python.distrdf.roottest_python_distrdf_spark_test_reducer_merge](https://lcgapp-services.cern.ch/root-jenkins/job/root-pullrequests-build/112206/testReport/projectroot.roottest.python/distrdf/roottest_python_distrdf_spark_test_reducer_merge/),MatchSource.ISSUE_COMMENT,root-project,root,v6-32-06,https://github.com/root-project/root/pull/7714#issuecomment-808400134:253,test,tests,253,https://root.cern,https://github.com/root-project/root/pull/7714#issuecomment-808400134,6,['test'],"['test', 'testReport', 'tests']"
Testability,Build failed on ROOT-fedora30/cxx14.; Running on root-fedora30-2.cern.ch:/home/sftnight/build/workspace/root-pullrequests-build; [See console output](https://lcgapp-services.cern.ch/root-jenkins/job/root-pullrequests-build/112238/console).; ### Failing tests:; - [projectroot.test.test_stressroofit_interpreted](https://lcgapp-services.cern.ch/root-jenkins/job/root-pullrequests-build/112238/testReport/projectroot/test/test_stressroofit_interpreted/),MatchSource.ISSUE_COMMENT,root-project,root,v6-32-06,https://github.com/root-project/root/pull/7719#issuecomment-808477786:253,test,tests,253,https://root.cern,https://github.com/root-project/root/pull/7719#issuecomment-808477786,4,['test'],"['test', 'testReport', 'tests']"
Testability,Build failed on ROOT-fedora30/cxx14.; Running on root-fedora30-2.cern.ch:/home/sftnight/build/workspace/root-pullrequests-build; [See console output](https://lcgapp-services.cern.ch/root-jenkins/job/root-pullrequests-build/112438/console).; ### Failing tests:; - [projectroot.test.test_stressroofit_interpreted](https://lcgapp-services.cern.ch/root-jenkins/job/root-pullrequests-build/112438/testReport/projectroot/test/test_stressroofit_interpreted/),MatchSource.ISSUE_COMMENT,root-project,root,v6-32-06,https://github.com/root-project/root/pull/7719#issuecomment-809583703:253,test,tests,253,https://root.cern,https://github.com/root-project/root/pull/7719#issuecomment-809583703,4,['test'],"['test', 'testReport', 'tests']"
Testability,Build failed on ROOT-fedora30/cxx14.; Running on root-fedora30-2.cern.ch:/home/sftnight/build/workspace/root-pullrequests-build; [See console output](https://lcgapp-services.cern.ch/root-jenkins/job/root-pullrequests-build/112719/console).; ### Failing tests:; - [projectroot.roottest.root.aclic.load.roottest_root_aclic_load_reload](https://lcgapp-services.cern.ch/root-jenkins/job/root-pullrequests-build/112719/testReport/projectroot.roottest.root.aclic/load/roottest_root_aclic_load_reload/); - [projectroot.roottest.root.io.interface.roottest_root_io_interface_make](https://lcgapp-services.cern.ch/root-jenkins/job/root-pullrequests-build/112719/testReport/projectroot.roottest.root.io/interface/roottest_root_io_interface_make/),MatchSource.ISSUE_COMMENT,root-project,root,v6-32-06,https://github.com/root-project/root/pull/7752#issuecomment-810592622:253,test,tests,253,https://root.cern,https://github.com/root-project/root/pull/7752#issuecomment-810592622,3,['test'],"['testReport', 'tests']"
Testability,Build failed on ROOT-fedora30/cxx14.; Running on root-fedora30-2.cern.ch:/home/sftnight/build/workspace/root-pullrequests-build; [See console output](https://lcgapp-services.cern.ch/root-jenkins/job/root-pullrequests-build/113008/console).; ### Failing tests:; - [projectroot.roottest.root.meta.roottest_root_meta_runMemberComments](https://lcgapp-services.cern.ch/root-jenkins/job/root-pullrequests-build/113008/testReport/projectroot.roottest.root/meta/roottest_root_meta_runMemberComments/); - [projectroot.roottest.root.meta.tclass.issue-6840.roottest_root_meta_tclass_issue_6840_emulatePairsTest](https://lcgapp-services.cern.ch/root-jenkins/job/root-pullrequests-build/113008/testReport/projectroot.roottest.root.meta.tclass/issue-6840/roottest_root_meta_tclass_issue_6840_emulatePairsTest/),MatchSource.ISSUE_COMMENT,root-project,root,v6-32-06,https://github.com/root-project/root/pull/7778#issuecomment-812060658:253,test,tests,253,https://root.cern,https://github.com/root-project/root/pull/7778#issuecomment-812060658,3,['test'],"['testReport', 'tests']"
Testability,Build failed on ROOT-fedora30/cxx14.; Running on root-fedora30-2.cern.ch:/home/sftnight/build/workspace/root-pullrequests-build; [See console output](https://lcgapp-services.cern.ch/root-jenkins/job/root-pullrequests-build/113048/console).; ### Failing tests:; - [projectroot.roottest.root.dataframe.roottest_root_dataframe_test_stringfiltercolumn](https://lcgapp-services.cern.ch/root-jenkins/job/root-pullrequests-build/113048/testReport/projectroot.roottest.root/dataframe/roottest_root_dataframe_test_stringfiltercolumn/),MatchSource.ISSUE_COMMENT,root-project,root,v6-32-06,https://github.com/root-project/root/pull/6969#issuecomment-812161320:253,test,tests,253,https://root.cern,https://github.com/root-project/root/pull/6969#issuecomment-812161320,2,['test'],"['testReport', 'tests']"
Testability,Build failed on ROOT-fedora30/cxx14.; Running on root-fedora30-2.cern.ch:/home/sftnight/build/workspace/root-pullrequests-build; [See console output](https://lcgapp-services.cern.ch/root-jenkins/job/root-pullrequests-build/113072/console).; ### Failing tests:; - [projectroot.roofit.roofit.test.gtest_roofit_roofit_test_testRooGaussian](https://lcgapp-services.cern.ch/root-jenkins/job/root-pullrequests-build/113072/testReport/projectroot.roofit.roofit/test/gtest_roofit_roofit_test_testRooGaussian/); - [projectroot.roofit.roofit.test.gtest_roofit_roofit_test_testRooBernstein](https://lcgapp-services.cern.ch/root-jenkins/job/root-pullrequests-build/113072/testReport/projectroot.roofit.roofit/test/gtest_roofit_roofit_test_testRooBernstein/); - [projectroot.roofit.roofit.test.gtest_roofit_roofit_test_testRooPoisson](https://lcgapp-services.cern.ch/root-jenkins/job/root-pullrequests-build/113072/testReport/projectroot.roofit.roofit/test/gtest_roofit_roofit_test_testRooPoisson/); - [projectroot.roofit.histfactory.test.gtest_roofit_histfactory_test_testHistFactory](https://lcgapp-services.cern.ch/root-jenkins/job/root-pullrequests-build/113072/testReport/projectroot.roofit.histfactory/test/gtest_roofit_histfactory_test_testHistFactory/); - [projectroot.roofit.roofit.test.gtest_roofit_roofit_test_testRooParamHistFunc](https://lcgapp-services.cern.ch/root-jenkins/job/root-pullrequests-build/113072/testReport/projectroot.roofit.roofit/test/gtest_roofit_roofit_test_testRooParamHistFunc/); - [projectroot.roofit.roofitcore.test.gtest_roofit_roofitcore_test_simple](https://lcgapp-services.cern.ch/root-jenkins/job/root-pullrequests-build/113072/testReport/projectroot.roofit.roofitcore/test/gtest_roofit_roofitcore_test_simple/); - [projectroot.roofit.roofit.test.gtest_roofit_roofit_test_testRooExponential](https://lcgapp-services.cern.ch/root-jenkins/job/root-pullrequests-build/113072/testReport/projectroot.roofit.roofit/test/gtest_roofit_roofit_test_testRooExponential/); - [projectro,MatchSource.ISSUE_COMMENT,root-project,root,v6-32-06,https://github.com/root-project/root/pull/5420#issuecomment-812443666:253,test,tests,253,https://root.cern,https://github.com/root-project/root/pull/5420#issuecomment-812443666,10,['test'],"['test', 'testReport', 'tests']"
Testability,Build failed on ROOT-fedora30/cxx14.; Running on root-fedora30-2.cern.ch:/home/sftnight/build/workspace/root-pullrequests-build; [See console output](https://lcgapp-services.cern.ch/root-jenkins/job/root-pullrequests-build/113257/console).; ### Failing tests:; - [projectroot.bindings.pyroot.pythonizations.test.pyunittests_pyroot_pyz_pretty_printing](https://lcgapp-services.cern.ch/root-jenkins/job/root-pullrequests-build/113257/testReport/projectroot.bindings.pyroot.pythonizations/test/pyunittests_pyroot_pyz_pretty_printing/); - [projectroot.roottest.root.meta.naming.roottest_root_meta_naming_execParamPack_auto](https://lcgapp-services.cern.ch/root-jenkins/job/root-pullrequests-build/113257/testReport/projectroot.roottest.root.meta/naming/roottest_root_meta_naming_execParamPack_auto/),MatchSource.ISSUE_COMMENT,root-project,root,v6-32-06,https://github.com/root-project/root/pull/7502#issuecomment-814348707:253,test,tests,253,https://root.cern,https://github.com/root-project/root/pull/7502#issuecomment-814348707,5,['test'],"['test', 'testReport', 'tests']"
Testability,Build failed on ROOT-fedora30/cxx14.; Running on root-fedora30-2.cern.ch:/home/sftnight/build/workspace/root-pullrequests-build; [See console output](https://lcgapp-services.cern.ch/root-jenkins/job/root-pullrequests-build/113369/console).; ### Failing tests:; - [projectroot.bindings.pyroot.pythonizations.test.pyunittests_pyroot_pyz_pretty_printing](https://lcgapp-services.cern.ch/root-jenkins/job/root-pullrequests-build/113369/testReport/projectroot.bindings.pyroot.pythonizations/test/pyunittests_pyroot_pyz_pretty_printing/); - [projectroot.roottest.root.meta.naming.roottest_root_meta_naming_execParamPack_auto](https://lcgapp-services.cern.ch/root-jenkins/job/root-pullrequests-build/113369/testReport/projectroot.roottest.root.meta/naming/roottest_root_meta_naming_execParamPack_auto/),MatchSource.ISSUE_COMMENT,root-project,root,v6-32-06,https://github.com/root-project/root/pull/7502#issuecomment-815025797:253,test,tests,253,https://root.cern,https://github.com/root-project/root/pull/7502#issuecomment-815025797,5,['test'],"['test', 'testReport', 'tests']"
Testability,Build failed on ROOT-fedora30/cxx14.; Running on root-fedora30-2.cern.ch:/home/sftnight/build/workspace/root-pullrequests-build; [See console output](https://lcgapp-services.cern.ch/root-jenkins/job/root-pullrequests-build/113485/console).; ### Failing tests:; - [projectroot.roottest.root.io.filemerger.roottest_root_io_filemerger_simple_default_compr_level9_datageneration](https://lcgapp-services.cern.ch/root-jenkins/job/root-pullrequests-build/113485/testReport/projectroot.roottest.root.io/filemerger/roottest_root_io_filemerger_simple_default_compr_level9_datageneration/); - [projectroot.roottest.root.io.filemerger.roottest_root_io_filemerger_simple_default_compr_level9](https://lcgapp-services.cern.ch/root-jenkins/job/root-pullrequests-build/113485/testReport/projectroot.roottest.root.io/filemerger/roottest_root_io_filemerger_simple_default_compr_level9/); - [projectroot.roottest.root.io.filemerger.roottest_root_io_filemerger_simple_lz4_compr_level9](https://lcgapp-services.cern.ch/root-jenkins/job/root-pullrequests-build/113485/testReport/projectroot.roottest.root.io/filemerger/roottest_root_io_filemerger_simple_lz4_compr_level9/); - [projectroot.roottest.root.io.filemerger.roottest_root_io_filemerger_simple_lzma_compr_level9](https://lcgapp-services.cern.ch/root-jenkins/job/root-pullrequests-build/113485/testReport/projectroot.roottest.root.io/filemerger/roottest_root_io_filemerger_simple_lzma_compr_level9/); - [projectroot.roottest.root.io.filemerger.roottest_root_io_filemerger_simplex2_default_compr_level9](https://lcgapp-services.cern.ch/root-jenkins/job/root-pullrequests-build/113485/testReport/projectroot.roottest.root.io/filemerger/roottest_root_io_filemerger_simplex2_default_compr_level9/); - [projectroot.roottest.root.io.filemerger.roottest_root_io_filemerger_simplek_default_compr_deflevel](https://lcgapp-services.cern.ch/root-jenkins/job/root-pullrequests-build/113485/testReport/projectroot.roottest.root.io/filemerger/roottest_root_io_filemerger_simplek_,MatchSource.ISSUE_COMMENT,root-project,root,v6-32-06,https://github.com/root-project/root/pull/7726#issuecomment-815599967:253,test,tests,253,https://root.cern,https://github.com/root-project/root/pull/7726#issuecomment-815599967,3,['test'],"['testReport', 'tests']"
Testability,Build failed on ROOT-fedora30/cxx14.; Running on root-fedora30-2.cern.ch:/home/sftnight/build/workspace/root-pullrequests-build; [See console output](https://lcgapp-services.cern.ch/root-jenkins/job/root-pullrequests-build/113509/console).; ### Failing tests:; - [projectroot.roottest.root.io.filemerger.roottest_root_io_filemerger_simple_default_compr_level9_datageneration](https://lcgapp-services.cern.ch/root-jenkins/job/root-pullrequests-build/113509/testReport/projectroot.roottest.root.io/filemerger/roottest_root_io_filemerger_simple_default_compr_level9_datageneration/); - [projectroot.roottest.root.io.filemerger.roottest_root_io_filemerger_simple_lz4_compr_level9](https://lcgapp-services.cern.ch/root-jenkins/job/root-pullrequests-build/113509/testReport/projectroot.roottest.root.io/filemerger/roottest_root_io_filemerger_simple_lz4_compr_level9/); - [projectroot.roottest.root.io.filemerger.roottest_root_io_filemerger_simple_default_compr_level9](https://lcgapp-services.cern.ch/root-jenkins/job/root-pullrequests-build/113509/testReport/projectroot.roottest.root.io/filemerger/roottest_root_io_filemerger_simple_default_compr_level9/); - [projectroot.roottest.root.io.filemerger.roottest_root_io_filemerger_simplex2_default_compr_level9](https://lcgapp-services.cern.ch/root-jenkins/job/root-pullrequests-build/113509/testReport/projectroot.roottest.root.io/filemerger/roottest_root_io_filemerger_simplex2_default_compr_level9/); - [projectroot.roottest.root.io.filemerger.roottest_root_io_filemerger_simple_lzma_compr_level9](https://lcgapp-services.cern.ch/root-jenkins/job/root-pullrequests-build/113509/testReport/projectroot.roottest.root.io/filemerger/roottest_root_io_filemerger_simple_lzma_compr_level9/); - [projectroot.roottest.root.io.filemerger.roottest_root_io_filemerger_simplek_default_compr_deflevel](https://lcgapp-services.cern.ch/root-jenkins/job/root-pullrequests-build/113509/testReport/projectroot.roottest.root.io/filemerger/roottest_root_io_filemerger_simplek_,MatchSource.ISSUE_COMMENT,root-project,root,v6-32-06,https://github.com/root-project/root/pull/7726#issuecomment-815915925:253,test,tests,253,https://root.cern,https://github.com/root-project/root/pull/7726#issuecomment-815915925,3,['test'],"['testReport', 'tests']"
Testability,Build failed on ROOT-fedora30/cxx14.; Running on root-fedora30-2.cern.ch:/home/sftnight/build/workspace/root-pullrequests-build; [See console output](https://lcgapp-services.cern.ch/root-jenkins/job/root-pullrequests-build/113517/console).; ### Failing tests:; - [projectroot.test.test_stressIOPlugins_xroot](https://lcgapp-services.cern.ch/root-jenkins/job/root-pullrequests-build/113517/testReport/projectroot/test/test_stressIOPlugins_xroot/); - [projectroot.roottest.root.io.filemerger.roottest_root_io_filemerger_simple_default_compr_level9_datageneration](https://lcgapp-services.cern.ch/root-jenkins/job/root-pullrequests-build/113517/testReport/projectroot.roottest.root.io/filemerger/roottest_root_io_filemerger_simple_default_compr_level9_datageneration/); - [projectroot.roottest.root.io.filemerger.roottest_root_io_filemerger_simplex2_default_compr_level9](https://lcgapp-services.cern.ch/root-jenkins/job/root-pullrequests-build/113517/testReport/projectroot.roottest.root.io/filemerger/roottest_root_io_filemerger_simplex2_default_compr_level9/); - [projectroot.roottest.root.io.filemerger.roottest_root_io_filemerger_simple_lzma_compr_level9](https://lcgapp-services.cern.ch/root-jenkins/job/root-pullrequests-build/113517/testReport/projectroot.roottest.root.io/filemerger/roottest_root_io_filemerger_simple_lzma_compr_level9/); - [projectroot.roottest.root.io.filemerger.roottest_root_io_filemerger_simple_default_compr_level9](https://lcgapp-services.cern.ch/root-jenkins/job/root-pullrequests-build/113517/testReport/projectroot.roottest.root.io/filemerger/roottest_root_io_filemerger_simple_default_compr_level9/); - [projectroot.roottest.root.io.filemerger.roottest_root_io_filemerger_simple_lz4_compr_level9](https://lcgapp-services.cern.ch/root-jenkins/job/root-pullrequests-build/113517/testReport/projectroot.roottest.root.io/filemerger/roottest_root_io_filemerger_simple_lz4_compr_level9/); - [projectroot.roottest.root.io.filemerger.roottest_root_io_filemerger_simplek_defau,MatchSource.ISSUE_COMMENT,root-project,root,v6-32-06,https://github.com/root-project/root/pull/7766#issuecomment-816280749:253,test,tests,253,https://root.cern,https://github.com/root-project/root/pull/7766#issuecomment-816280749,6,['test'],"['test', 'testReport', 'tests']"
Testability,Build failed on ROOT-fedora30/cxx14.; Running on root-fedora30-2.cern.ch:/home/sftnight/build/workspace/root-pullrequests-build; [See console output](https://lcgapp-services.cern.ch/root-jenkins/job/root-pullrequests-build/113533/console).; ### Failing tests:; - [projectroot.test.test_stressIOPlugins_xroot](https://lcgapp-services.cern.ch/root-jenkins/job/root-pullrequests-build/113533/testReport/projectroot/test/test_stressIOPlugins_xroot/),MatchSource.ISSUE_COMMENT,root-project,root,v6-32-06,https://github.com/root-project/root/pull/7806#issuecomment-816477785:253,test,tests,253,https://root.cern,https://github.com/root-project/root/pull/7806#issuecomment-816477785,4,['test'],"['test', 'testReport', 'tests']"
Testability,Build failed on ROOT-fedora30/cxx14.; Running on root-fedora30-2.cern.ch:/home/sftnight/build/workspace/root-pullrequests-build; [See console output](https://lcgapp-services.cern.ch/root-jenkins/job/root-pullrequests-build/113541/console).; ### Failing tests:; - [projectroot.test.test_stressIOPlugins_xroot](https://lcgapp-services.cern.ch/root-jenkins/job/root-pullrequests-build/113541/testReport/projectroot/test/test_stressIOPlugins_xroot/),MatchSource.ISSUE_COMMENT,root-project,root,v6-32-06,https://github.com/root-project/root/pull/7807#issuecomment-816505813:253,test,tests,253,https://root.cern,https://github.com/root-project/root/pull/7807#issuecomment-816505813,4,['test'],"['test', 'testReport', 'tests']"
Testability,Build failed on ROOT-fedora30/cxx14.; Running on root-fedora30-2.cern.ch:/home/sftnight/build/workspace/root-pullrequests-build; [See console output](https://lcgapp-services.cern.ch/root-jenkins/job/root-pullrequests-build/113549/console).; ### Failing tests:; - [projectroot.roottest.root.io.filemerger.roottest_root_io_filemerger_simple_default_compr_level9_datageneration](https://lcgapp-services.cern.ch/root-jenkins/job/root-pullrequests-build/113549/testReport/projectroot.roottest.root.io/filemerger/roottest_root_io_filemerger_simple_default_compr_level9_datageneration/); - [projectroot.roottest.root.io.filemerger.roottest_root_io_filemerger_simple_default_compr_level9](https://lcgapp-services.cern.ch/root-jenkins/job/root-pullrequests-build/113549/testReport/projectroot.roottest.root.io/filemerger/roottest_root_io_filemerger_simple_default_compr_level9/); - [projectroot.roottest.root.io.filemerger.roottest_root_io_filemerger_simplex2_default_compr_level9](https://lcgapp-services.cern.ch/root-jenkins/job/root-pullrequests-build/113549/testReport/projectroot.roottest.root.io/filemerger/roottest_root_io_filemerger_simplex2_default_compr_level9/); - [projectroot.roottest.root.io.filemerger.roottest_root_io_filemerger_simple_lz4_compr_level9](https://lcgapp-services.cern.ch/root-jenkins/job/root-pullrequests-build/113549/testReport/projectroot.roottest.root.io/filemerger/roottest_root_io_filemerger_simple_lz4_compr_level9/); - [projectroot.roottest.root.io.filemerger.roottest_root_io_filemerger_simple_lzma_compr_level9](https://lcgapp-services.cern.ch/root-jenkins/job/root-pullrequests-build/113549/testReport/projectroot.roottest.root.io/filemerger/roottest_root_io_filemerger_simple_lzma_compr_level9/); - [projectroot.roottest.root.io.filemerger.roottest_root_io_filemerger_simplek_default_compr_deflevel](https://lcgapp-services.cern.ch/root-jenkins/job/root-pullrequests-build/113549/testReport/projectroot.roottest.root.io/filemerger/roottest_root_io_filemerger_simplek_,MatchSource.ISSUE_COMMENT,root-project,root,v6-32-06,https://github.com/root-project/root/pull/7766#issuecomment-816521605:253,test,tests,253,https://root.cern,https://github.com/root-project/root/pull/7766#issuecomment-816521605,3,['test'],"['testReport', 'tests']"
Testability,Build failed on ROOT-fedora30/cxx14.; Running on root-fedora30-2.cern.ch:/home/sftnight/build/workspace/root-pullrequests-build; [See console output](https://lcgapp-services.cern.ch/root-jenkins/job/root-pullrequests-build/113557/console).; ### Failing tests:; - [projectroot.test.test_stressIOPlugins_xroot](https://lcgapp-services.cern.ch/root-jenkins/job/root-pullrequests-build/113557/testReport/projectroot/test/test_stressIOPlugins_xroot/); - [projectroot.roottest.root.io.filemerger.roottest_root_io_filemerger_simple_default_compr_level9_datageneration](https://lcgapp-services.cern.ch/root-jenkins/job/root-pullrequests-build/113557/testReport/projectroot.roottest.root.io/filemerger/roottest_root_io_filemerger_simple_default_compr_level9_datageneration/); - [projectroot.roottest.root.io.filemerger.roottest_root_io_filemerger_simplex2_default_compr_level9](https://lcgapp-services.cern.ch/root-jenkins/job/root-pullrequests-build/113557/testReport/projectroot.roottest.root.io/filemerger/roottest_root_io_filemerger_simplex2_default_compr_level9/); - [projectroot.roottest.root.io.filemerger.roottest_root_io_filemerger_simple_default_compr_level9](https://lcgapp-services.cern.ch/root-jenkins/job/root-pullrequests-build/113557/testReport/projectroot.roottest.root.io/filemerger/roottest_root_io_filemerger_simple_default_compr_level9/); - [projectroot.roottest.root.io.filemerger.roottest_root_io_filemerger_simple_lz4_compr_level9](https://lcgapp-services.cern.ch/root-jenkins/job/root-pullrequests-build/113557/testReport/projectroot.roottest.root.io/filemerger/roottest_root_io_filemerger_simple_lz4_compr_level9/); - [projectroot.roottest.root.io.filemerger.roottest_root_io_filemerger_simple_lzma_compr_level9](https://lcgapp-services.cern.ch/root-jenkins/job/root-pullrequests-build/113557/testReport/projectroot.roottest.root.io/filemerger/roottest_root_io_filemerger_simple_lzma_compr_level9/); - [projectroot.roottest.root.io.filemerger.roottest_root_io_filemerger_simplek_defau,MatchSource.ISSUE_COMMENT,root-project,root,v6-32-06,https://github.com/root-project/root/pull/7810#issuecomment-816575854:253,test,tests,253,https://root.cern,https://github.com/root-project/root/pull/7810#issuecomment-816575854,6,['test'],"['test', 'testReport', 'tests']"
Testability,Build failed on ROOT-fedora30/cxx14.; Running on root-fedora30-2.cern.ch:/home/sftnight/build/workspace/root-pullrequests-build; [See console output](https://lcgapp-services.cern.ch/root-jenkins/job/root-pullrequests-build/113565/console).; ### Failing tests:; - [projectroot.roottest.root.io.filemerger.roottest_root_io_filemerger_simple_default_compr_level9_datageneration](https://lcgapp-services.cern.ch/root-jenkins/job/root-pullrequests-build/113565/testReport/projectroot.roottest.root.io/filemerger/roottest_root_io_filemerger_simple_default_compr_level9_datageneration/); - [projectroot.roottest.root.io.filemerger.roottest_root_io_filemerger_simple_lz4_compr_level9](https://lcgapp-services.cern.ch/root-jenkins/job/root-pullrequests-build/113565/testReport/projectroot.roottest.root.io/filemerger/roottest_root_io_filemerger_simple_lz4_compr_level9/); - [projectroot.roottest.root.io.filemerger.roottest_root_io_filemerger_simplex2_default_compr_level9](https://lcgapp-services.cern.ch/root-jenkins/job/root-pullrequests-build/113565/testReport/projectroot.roottest.root.io/filemerger/roottest_root_io_filemerger_simplex2_default_compr_level9/); - [projectroot.roottest.root.io.filemerger.roottest_root_io_filemerger_simple_default_compr_level9](https://lcgapp-services.cern.ch/root-jenkins/job/root-pullrequests-build/113565/testReport/projectroot.roottest.root.io/filemerger/roottest_root_io_filemerger_simple_default_compr_level9/); - [projectroot.roottest.root.io.filemerger.roottest_root_io_filemerger_simple_lzma_compr_level9](https://lcgapp-services.cern.ch/root-jenkins/job/root-pullrequests-build/113565/testReport/projectroot.roottest.root.io/filemerger/roottest_root_io_filemerger_simple_lzma_compr_level9/); - [projectroot.roottest.root.io.filemerger.roottest_root_io_filemerger_simplek_default_compr_deflevel](https://lcgapp-services.cern.ch/root-jenkins/job/root-pullrequests-build/113565/testReport/projectroot.roottest.root.io/filemerger/roottest_root_io_filemerger_simplek_,MatchSource.ISSUE_COMMENT,root-project,root,v6-32-06,https://github.com/root-project/root/pull/7766#issuecomment-816619100:253,test,tests,253,https://root.cern,https://github.com/root-project/root/pull/7766#issuecomment-816619100,3,['test'],"['testReport', 'tests']"
Testability,Build failed on ROOT-fedora30/cxx14.; Running on root-fedora30-2.cern.ch:/home/sftnight/build/workspace/root-pullrequests-build; [See console output](https://lcgapp-services.cern.ch/root-jenkins/job/root-pullrequests-build/113573/console).; ### Failing tests:; - [projectroot.roottest.root.io.filemerger.roottest_root_io_filemerger_simple_default_compr_level9_datageneration](https://lcgapp-services.cern.ch/root-jenkins/job/root-pullrequests-build/113573/testReport/projectroot.roottest.root.io/filemerger/roottest_root_io_filemerger_simple_default_compr_level9_datageneration/); - [projectroot.roottest.root.io.filemerger.roottest_root_io_filemerger_simple_default_compr_level9](https://lcgapp-services.cern.ch/root-jenkins/job/root-pullrequests-build/113573/testReport/projectroot.roottest.root.io/filemerger/roottest_root_io_filemerger_simple_default_compr_level9/); - [projectroot.roottest.root.io.filemerger.roottest_root_io_filemerger_simple_lz4_compr_level9](https://lcgapp-services.cern.ch/root-jenkins/job/root-pullrequests-build/113573/testReport/projectroot.roottest.root.io/filemerger/roottest_root_io_filemerger_simple_lz4_compr_level9/); - [projectroot.roottest.root.io.filemerger.roottest_root_io_filemerger_simple_lzma_compr_level9](https://lcgapp-services.cern.ch/root-jenkins/job/root-pullrequests-build/113573/testReport/projectroot.roottest.root.io/filemerger/roottest_root_io_filemerger_simple_lzma_compr_level9/); - [projectroot.roottest.root.io.filemerger.roottest_root_io_filemerger_simplex2_default_compr_level9](https://lcgapp-services.cern.ch/root-jenkins/job/root-pullrequests-build/113573/testReport/projectroot.roottest.root.io/filemerger/roottest_root_io_filemerger_simplex2_default_compr_level9/); - [projectroot.roottest.root.io.filemerger.roottest_root_io_filemerger_simplek_default_compr_deflevel](https://lcgapp-services.cern.ch/root-jenkins/job/root-pullrequests-build/113573/testReport/projectroot.roottest.root.io/filemerger/roottest_root_io_filemerger_simplek_,MatchSource.ISSUE_COMMENT,root-project,root,v6-32-06,https://github.com/root-project/root/pull/7811#issuecomment-816632869:253,test,tests,253,https://root.cern,https://github.com/root-project/root/pull/7811#issuecomment-816632869,3,['test'],"['testReport', 'tests']"
Testability,Build failed on ROOT-fedora30/cxx14.; Running on root-fedora30-2.cern.ch:/home/sftnight/build/workspace/root-pullrequests-build; [See console output](https://lcgapp-services.cern.ch/root-jenkins/job/root-pullrequests-build/113589/console).; ### Failing tests:; - [projectroot.test.test_stressIOPlugins_xroot](https://lcgapp-services.cern.ch/root-jenkins/job/root-pullrequests-build/113589/testReport/projectroot/test/test_stressIOPlugins_xroot/),MatchSource.ISSUE_COMMENT,root-project,root,v6-32-06,https://github.com/root-project/root/pull/7814#issuecomment-816691671:253,test,tests,253,https://root.cern,https://github.com/root-project/root/pull/7814#issuecomment-816691671,4,['test'],"['test', 'testReport', 'tests']"
Testability,Build failed on ROOT-fedora30/cxx14.; Running on root-fedora30-2.cern.ch:/home/sftnight/build/workspace/root-pullrequests-build; [See console output](https://lcgapp-services.cern.ch/root-jenkins/job/root-pullrequests-build/113597/console).; ### Failing tests:; - [projectroot.roottest.root.io.filemerger.roottest_root_io_filemerger_simple_default_compr_level9_datageneration](https://lcgapp-services.cern.ch/root-jenkins/job/root-pullrequests-build/113597/testReport/projectroot.roottest.root.io/filemerger/roottest_root_io_filemerger_simple_default_compr_level9_datageneration/); - [projectroot.roottest.root.io.filemerger.roottest_root_io_filemerger_simplex2_default_compr_level9](https://lcgapp-services.cern.ch/root-jenkins/job/root-pullrequests-build/113597/testReport/projectroot.roottest.root.io/filemerger/roottest_root_io_filemerger_simplex2_default_compr_level9/); - [projectroot.roottest.root.io.filemerger.roottest_root_io_filemerger_simple_default_compr_level9](https://lcgapp-services.cern.ch/root-jenkins/job/root-pullrequests-build/113597/testReport/projectroot.roottest.root.io/filemerger/roottest_root_io_filemerger_simple_default_compr_level9/); - [projectroot.roottest.root.io.filemerger.roottest_root_io_filemerger_simple_lzma_compr_level9](https://lcgapp-services.cern.ch/root-jenkins/job/root-pullrequests-build/113597/testReport/projectroot.roottest.root.io/filemerger/roottest_root_io_filemerger_simple_lzma_compr_level9/); - [projectroot.roottest.root.io.filemerger.roottest_root_io_filemerger_simple_lz4_compr_level9](https://lcgapp-services.cern.ch/root-jenkins/job/root-pullrequests-build/113597/testReport/projectroot.roottest.root.io/filemerger/roottest_root_io_filemerger_simple_lz4_compr_level9/); - [projectroot.roottest.root.io.filemerger.roottest_root_io_filemerger_simplek_default_compr_deflevel](https://lcgapp-services.cern.ch/root-jenkins/job/root-pullrequests-build/113597/testReport/projectroot.roottest.root.io/filemerger/roottest_root_io_filemerger_simplek_,MatchSource.ISSUE_COMMENT,root-project,root,v6-32-06,https://github.com/root-project/root/pull/7815#issuecomment-816797079:253,test,tests,253,https://root.cern,https://github.com/root-project/root/pull/7815#issuecomment-816797079,3,['test'],"['testReport', 'tests']"
Testability,Build failed on ROOT-fedora30/cxx14.; Running on root-fedora30-2.cern.ch:/home/sftnight/build/workspace/root-pullrequests-build; [See console output](https://lcgapp-services.cern.ch/root-jenkins/job/root-pullrequests-build/113614/console).; ### Failing tests:; - [projectroot.roottest.root.io.filemerger.roottest_root_io_filemerger_simple_default_compr_level9_datageneration](https://lcgapp-services.cern.ch/root-jenkins/job/root-pullrequests-build/113614/testReport/projectroot.roottest.root.io/filemerger/roottest_root_io_filemerger_simple_default_compr_level9_datageneration/); - [projectroot.roottest.root.io.filemerger.roottest_root_io_filemerger_simplex2_default_compr_level9](https://lcgapp-services.cern.ch/root-jenkins/job/root-pullrequests-build/113614/testReport/projectroot.roottest.root.io/filemerger/roottest_root_io_filemerger_simplex2_default_compr_level9/); - [projectroot.roottest.root.io.filemerger.roottest_root_io_filemerger_simple_lzma_compr_level9](https://lcgapp-services.cern.ch/root-jenkins/job/root-pullrequests-build/113614/testReport/projectroot.roottest.root.io/filemerger/roottest_root_io_filemerger_simple_lzma_compr_level9/); - [projectroot.roottest.root.io.filemerger.roottest_root_io_filemerger_simple_lz4_compr_level9](https://lcgapp-services.cern.ch/root-jenkins/job/root-pullrequests-build/113614/testReport/projectroot.roottest.root.io/filemerger/roottest_root_io_filemerger_simple_lz4_compr_level9/); - [projectroot.roottest.root.io.filemerger.roottest_root_io_filemerger_simple_default_compr_level9](https://lcgapp-services.cern.ch/root-jenkins/job/root-pullrequests-build/113614/testReport/projectroot.roottest.root.io/filemerger/roottest_root_io_filemerger_simple_default_compr_level9/); - [projectroot.roottest.root.io.filemerger.roottest_root_io_filemerger_simplek_default_compr_deflevel](https://lcgapp-services.cern.ch/root-jenkins/job/root-pullrequests-build/113614/testReport/projectroot.roottest.root.io/filemerger/roottest_root_io_filemerger_simplek_,MatchSource.ISSUE_COMMENT,root-project,root,v6-32-06,https://github.com/root-project/root/pull/6969#issuecomment-816959413:253,test,tests,253,https://root.cern,https://github.com/root-project/root/pull/6969#issuecomment-816959413,3,['test'],"['testReport', 'tests']"
Testability,Build failed on ROOT-fedora30/cxx14.; Running on root-fedora30-2.cern.ch:/home/sftnight/build/workspace/root-pullrequests-build; [See console output](https://lcgapp-services.cern.ch/root-jenkins/job/root-pullrequests-build/113622/console).; ### Failing tests:; - [projectroot.roottest.root.io.filemerger.roottest_root_io_filemerger_simple_default_compr_level9_datageneration](https://lcgapp-services.cern.ch/root-jenkins/job/root-pullrequests-build/113622/testReport/projectroot.roottest.root.io/filemerger/roottest_root_io_filemerger_simple_default_compr_level9_datageneration/); - [projectroot.roottest.root.io.filemerger.roottest_root_io_filemerger_simple_default_compr_level9](https://lcgapp-services.cern.ch/root-jenkins/job/root-pullrequests-build/113622/testReport/projectroot.roottest.root.io/filemerger/roottest_root_io_filemerger_simple_default_compr_level9/); - [projectroot.roottest.root.io.filemerger.roottest_root_io_filemerger_simplex2_default_compr_level9](https://lcgapp-services.cern.ch/root-jenkins/job/root-pullrequests-build/113622/testReport/projectroot.roottest.root.io/filemerger/roottest_root_io_filemerger_simplex2_default_compr_level9/); - [projectroot.roottest.root.io.filemerger.roottest_root_io_filemerger_simple_lzma_compr_level9](https://lcgapp-services.cern.ch/root-jenkins/job/root-pullrequests-build/113622/testReport/projectroot.roottest.root.io/filemerger/roottest_root_io_filemerger_simple_lzma_compr_level9/); - [projectroot.roottest.root.io.filemerger.roottest_root_io_filemerger_simple_lz4_compr_level9](https://lcgapp-services.cern.ch/root-jenkins/job/root-pullrequests-build/113622/testReport/projectroot.roottest.root.io/filemerger/roottest_root_io_filemerger_simple_lz4_compr_level9/); - [projectroot.roottest.root.io.filemerger.roottest_root_io_filemerger_simplek_default_compr_deflevel](https://lcgapp-services.cern.ch/root-jenkins/job/root-pullrequests-build/113622/testReport/projectroot.roottest.root.io/filemerger/roottest_root_io_filemerger_simplek_,MatchSource.ISSUE_COMMENT,root-project,root,v6-32-06,https://github.com/root-project/root/pull/6606#issuecomment-817000161:253,test,tests,253,https://root.cern,https://github.com/root-project/root/pull/6606#issuecomment-817000161,3,['test'],"['testReport', 'tests']"
Testability,Build failed on ROOT-fedora30/cxx14.; Running on root-fedora30-2.cern.ch:/home/sftnight/build/workspace/root-pullrequests-build; [See console output](https://lcgapp-services.cern.ch/root-jenkins/job/root-pullrequests-build/113630/console).; ### Failing tests:; - [projectroot.roottest.root.io.filemerger.roottest_root_io_filemerger_simple_default_compr_level9_datageneration](https://lcgapp-services.cern.ch/root-jenkins/job/root-pullrequests-build/113630/testReport/projectroot.roottest.root.io/filemerger/roottest_root_io_filemerger_simple_default_compr_level9_datageneration/); - [projectroot.roottest.root.io.filemerger.roottest_root_io_filemerger_simple_default_compr_level9](https://lcgapp-services.cern.ch/root-jenkins/job/root-pullrequests-build/113630/testReport/projectroot.roottest.root.io/filemerger/roottest_root_io_filemerger_simple_default_compr_level9/); - [projectroot.roottest.root.io.filemerger.roottest_root_io_filemerger_simplex2_default_compr_level9](https://lcgapp-services.cern.ch/root-jenkins/job/root-pullrequests-build/113630/testReport/projectroot.roottest.root.io/filemerger/roottest_root_io_filemerger_simplex2_default_compr_level9/); - [projectroot.roottest.root.io.filemerger.roottest_root_io_filemerger_simple_lz4_compr_level9](https://lcgapp-services.cern.ch/root-jenkins/job/root-pullrequests-build/113630/testReport/projectroot.roottest.root.io/filemerger/roottest_root_io_filemerger_simple_lz4_compr_level9/); - [projectroot.roottest.root.io.filemerger.roottest_root_io_filemerger_simple_lzma_compr_level9](https://lcgapp-services.cern.ch/root-jenkins/job/root-pullrequests-build/113630/testReport/projectroot.roottest.root.io/filemerger/roottest_root_io_filemerger_simple_lzma_compr_level9/); - [projectroot.roottest.root.io.filemerger.roottest_root_io_filemerger_simplek_default_compr_deflevel](https://lcgapp-services.cern.ch/root-jenkins/job/root-pullrequests-build/113630/testReport/projectroot.roottest.root.io/filemerger/roottest_root_io_filemerger_simplek_,MatchSource.ISSUE_COMMENT,root-project,root,v6-32-06,https://github.com/root-project/root/pull/7816#issuecomment-817009207:253,test,tests,253,https://root.cern,https://github.com/root-project/root/pull/7816#issuecomment-817009207,3,['test'],"['testReport', 'tests']"
Testability,Build failed on ROOT-fedora30/cxx14.; Running on root-fedora30-2.cern.ch:/home/sftnight/build/workspace/root-pullrequests-build; [See console output](https://lcgapp-services.cern.ch/root-jenkins/job/root-pullrequests-build/113638/console).; ### Failing tests:; - [projectroot.roottest.root.io.filemerger.roottest_root_io_filemerger_simple_default_compr_level9_datageneration](https://lcgapp-services.cern.ch/root-jenkins/job/root-pullrequests-build/113638/testReport/projectroot.roottest.root.io/filemerger/roottest_root_io_filemerger_simple_default_compr_level9_datageneration/); - [projectroot.roottest.root.io.filemerger.roottest_root_io_filemerger_simple_default_compr_level9](https://lcgapp-services.cern.ch/root-jenkins/job/root-pullrequests-build/113638/testReport/projectroot.roottest.root.io/filemerger/roottest_root_io_filemerger_simple_default_compr_level9/); - [projectroot.roottest.root.io.filemerger.roottest_root_io_filemerger_simplex2_default_compr_level9](https://lcgapp-services.cern.ch/root-jenkins/job/root-pullrequests-build/113638/testReport/projectroot.roottest.root.io/filemerger/roottest_root_io_filemerger_simplex2_default_compr_level9/); - [projectroot.roottest.root.io.filemerger.roottest_root_io_filemerger_simple_lzma_compr_level9](https://lcgapp-services.cern.ch/root-jenkins/job/root-pullrequests-build/113638/testReport/projectroot.roottest.root.io/filemerger/roottest_root_io_filemerger_simple_lzma_compr_level9/); - [projectroot.roottest.root.io.filemerger.roottest_root_io_filemerger_simple_lz4_compr_level9](https://lcgapp-services.cern.ch/root-jenkins/job/root-pullrequests-build/113638/testReport/projectroot.roottest.root.io/filemerger/roottest_root_io_filemerger_simple_lz4_compr_level9/); - [projectroot.roottest.root.io.filemerger.roottest_root_io_filemerger_simplek_default_compr_deflevel](https://lcgapp-services.cern.ch/root-jenkins/job/root-pullrequests-build/113638/testReport/projectroot.roottest.root.io/filemerger/roottest_root_io_filemerger_simplek_,MatchSource.ISSUE_COMMENT,root-project,root,v6-32-06,https://github.com/root-project/root/pull/7783#issuecomment-817025379:253,test,tests,253,https://root.cern,https://github.com/root-project/root/pull/7783#issuecomment-817025379,3,['test'],"['testReport', 'tests']"
Testability,Build failed on ROOT-fedora30/cxx14.; Running on root-fedora30-2.cern.ch:/home/sftnight/build/workspace/root-pullrequests-build; [See console output](https://lcgapp-services.cern.ch/root-jenkins/job/root-pullrequests-build/113646/console).; ### Failing tests:; - [projectroot.test.test_stressIOPlugins_xroot](https://lcgapp-services.cern.ch/root-jenkins/job/root-pullrequests-build/113646/testReport/projectroot/test/test_stressIOPlugins_xroot/); - [projectroot.roottest.root.io.filemerger.roottest_root_io_filemerger_simple_default_compr_level9_datageneration](https://lcgapp-services.cern.ch/root-jenkins/job/root-pullrequests-build/113646/testReport/projectroot.roottest.root.io/filemerger/roottest_root_io_filemerger_simple_default_compr_level9_datageneration/); - [projectroot.roottest.root.io.filemerger.roottest_root_io_filemerger_simple_default_compr_level9](https://lcgapp-services.cern.ch/root-jenkins/job/root-pullrequests-build/113646/testReport/projectroot.roottest.root.io/filemerger/roottest_root_io_filemerger_simple_default_compr_level9/); - [projectroot.roottest.root.io.filemerger.roottest_root_io_filemerger_simple_lzma_compr_level9](https://lcgapp-services.cern.ch/root-jenkins/job/root-pullrequests-build/113646/testReport/projectroot.roottest.root.io/filemerger/roottest_root_io_filemerger_simple_lzma_compr_level9/); - [projectroot.roottest.root.io.filemerger.roottest_root_io_filemerger_simple_lz4_compr_level9](https://lcgapp-services.cern.ch/root-jenkins/job/root-pullrequests-build/113646/testReport/projectroot.roottest.root.io/filemerger/roottest_root_io_filemerger_simple_lz4_compr_level9/); - [projectroot.roottest.root.io.filemerger.roottest_root_io_filemerger_simplex2_default_compr_level9](https://lcgapp-services.cern.ch/root-jenkins/job/root-pullrequests-build/113646/testReport/projectroot.roottest.root.io/filemerger/roottest_root_io_filemerger_simplex2_default_compr_level9/); - [projectroot.roottest.root.io.filemerger.roottest_root_io_filemerger_simplek_defau,MatchSource.ISSUE_COMMENT,root-project,root,v6-32-06,https://github.com/root-project/root/pull/6606#issuecomment-817093878:253,test,tests,253,https://root.cern,https://github.com/root-project/root/pull/6606#issuecomment-817093878,6,['test'],"['test', 'testReport', 'tests']"
Testability,Build failed on ROOT-fedora30/cxx14.; Running on root-fedora30-2.cern.ch:/home/sftnight/build/workspace/root-pullrequests-build; [See console output](https://lcgapp-services.cern.ch/root-jenkins/job/root-pullrequests-build/113670/console).; ### Failing tests:; - [projectroot.test.test_stressIOPlugins_xroot](https://lcgapp-services.cern.ch/root-jenkins/job/root-pullrequests-build/113670/testReport/projectroot/test/test_stressIOPlugins_xroot/),MatchSource.ISSUE_COMMENT,root-project,root,v6-32-06,https://github.com/root-project/root/pull/7816#issuecomment-817286500:253,test,tests,253,https://root.cern,https://github.com/root-project/root/pull/7816#issuecomment-817286500,4,['test'],"['test', 'testReport', 'tests']"
Testability,Build failed on ROOT-fedora30/cxx14.; Running on root-fedora30-2.cern.ch:/home/sftnight/build/workspace/root-pullrequests-build; [See console output](https://lcgapp-services.cern.ch/root-jenkins/job/root-pullrequests-build/113686/console).; ### Failing tests:; - [projectroot.test.test_stressIOPlugins_xroot](https://lcgapp-services.cern.ch/root-jenkins/job/root-pullrequests-build/113686/testReport/projectroot/test/test_stressIOPlugins_xroot/); - [projectroot.tree.treeplayer.test.gtest_tree_treeplayer_test_treeprocessormt](https://lcgapp-services.cern.ch/root-jenkins/job/root-pullrequests-build/113686/testReport/projectroot.tree.treeplayer/test/gtest_tree_treeplayer_test_treeprocessormt/),MatchSource.ISSUE_COMMENT,root-project,root,v6-32-06,https://github.com/root-project/root/pull/7785#issuecomment-817609433:253,test,tests,253,https://root.cern,https://github.com/root-project/root/pull/7785#issuecomment-817609433,7,['test'],"['test', 'testReport', 'tests']"
Testability,Build failed on ROOT-fedora30/cxx14.; Running on root-fedora30-2.cern.ch:/home/sftnight/build/workspace/root-pullrequests-build; [See console output](https://lcgapp-services.cern.ch/root-jenkins/job/root-pullrequests-build/113694/console).; ### Failing tests:; - [projectroot.test.test_stresshistogram_interpreted](https://lcgapp-services.cern.ch/root-jenkins/job/root-pullrequests-build/113694/testReport/projectroot/test/test_stresshistogram_interpreted/); - [projectroot.roottest.root.hist.operator.roottest_root_hist_operator_runsparse](https://lcgapp-services.cern.ch/root-jenkins/job/root-pullrequests-build/113694/testReport/projectroot.roottest.root.hist/operator/roottest_root_hist_operator_runsparse/); - [projectroot.roottest.root.io.filemerger.roottest_root_io_filemerger_execFileMerger](https://lcgapp-services.cern.ch/root-jenkins/job/root-pullrequests-build/113694/testReport/projectroot.roottest.root.io/filemerger/roottest_root_io_filemerger_execFileMerger/); - [projectroot.roottest.root.meta.roottest_root_meta_runMemberComments](https://lcgapp-services.cern.ch/root-jenkins/job/root-pullrequests-build/113694/testReport/projectroot.roottest.root/meta/roottest_root_meta_runMemberComments/); - [projectroot.roottest.root.treeformula.clones.roottest_root_treeformula_clones_make](https://lcgapp-services.cern.ch/root-jenkins/job/root-pullrequests-build/113694/testReport/projectroot.roottest.root.treeformula/clones/roottest_root_treeformula_clones_make/); - [projectroot.roottest.root.treeformula.stl.roottest_root_treeformula_stl_make](https://lcgapp-services.cern.ch/root-jenkins/job/root-pullrequests-build/113694/testReport/projectroot.roottest.root.treeformula/stl/roottest_root_treeformula_stl_make/); - [projectroot.roottest.root.meta.roottest_root_meta_drawing](https://lcgapp-services.cern.ch/root-jenkins/job/root-pullrequests-build/113694/testReport/projectroot.roottest.root/meta/roottest_root_meta_drawing/); - [projectroot.test.test_stressIOPlugins_xroot](https://lcga,MatchSource.ISSUE_COMMENT,root-project,root,v6-32-06,https://github.com/root-project/root/pull/7824#issuecomment-817717201:253,test,tests,253,https://root.cern,https://github.com/root-project/root/pull/7824#issuecomment-817717201,6,['test'],"['test', 'testReport', 'tests']"
Testability,Build failed on ROOT-fedora30/cxx14.; Running on root-fedora30-2.cern.ch:/home/sftnight/build/workspace/root-pullrequests-build; [See console output](https://lcgapp-services.cern.ch/root-jenkins/job/root-pullrequests-build/113702/console).; ### Failing tests:; - [projectroot.roottest.root.meta.roottest_root_meta_runMemberComments](https://lcgapp-services.cern.ch/root-jenkins/job/root-pullrequests-build/113702/testReport/projectroot.roottest.root/meta/roottest_root_meta_runMemberComments/); - [projectroot.test.test_stressIOPlugins_xroot](https://lcgapp-services.cern.ch/root-jenkins/job/root-pullrequests-build/113702/testReport/projectroot/test/test_stressIOPlugins_xroot/),MatchSource.ISSUE_COMMENT,root-project,root,v6-32-06,https://github.com/root-project/root/pull/7827#issuecomment-817730989:253,test,tests,253,https://root.cern,https://github.com/root-project/root/pull/7827#issuecomment-817730989,5,['test'],"['test', 'testReport', 'tests']"
Testability,Build failed on ROOT-fedora30/cxx14.; Running on root-fedora30-2.cern.ch:/home/sftnight/build/workspace/root-pullrequests-build; [See console output](https://lcgapp-services.cern.ch/root-jenkins/job/root-pullrequests-build/113710/console).; ### Failing tests:; - [projectroot.roottest.root.meta.roottest_root_meta_runMemberComments](https://lcgapp-services.cern.ch/root-jenkins/job/root-pullrequests-build/113710/testReport/projectroot.roottest.root/meta/roottest_root_meta_runMemberComments/); - [projectroot.test.test_stressIOPlugins_xroot](https://lcgapp-services.cern.ch/root-jenkins/job/root-pullrequests-build/113710/testReport/projectroot/test/test_stressIOPlugins_xroot/),MatchSource.ISSUE_COMMENT,root-project,root,v6-32-06,https://github.com/root-project/root/pull/7826#issuecomment-817744981:253,test,tests,253,https://root.cern,https://github.com/root-project/root/pull/7826#issuecomment-817744981,5,['test'],"['test', 'testReport', 'tests']"
Testability,Build failed on ROOT-fedora30/cxx14.; Running on root-fedora30-2.cern.ch:/home/sftnight/build/workspace/root-pullrequests-build; [See console output](https://lcgapp-services.cern.ch/root-jenkins/job/root-pullrequests-build/113718/console).; ### Failing tests:; - [projectroot.roottest.root.meta.roottest_root_meta_runMemberComments](https://lcgapp-services.cern.ch/root-jenkins/job/root-pullrequests-build/113718/testReport/projectroot.roottest.root/meta/roottest_root_meta_runMemberComments/); - [projectroot.test.test_stressIOPlugins_xroot](https://lcgapp-services.cern.ch/root-jenkins/job/root-pullrequests-build/113718/testReport/projectroot/test/test_stressIOPlugins_xroot/),MatchSource.ISSUE_COMMENT,root-project,root,v6-32-06,https://github.com/root-project/root/pull/7785#issuecomment-817758541:253,test,tests,253,https://root.cern,https://github.com/root-project/root/pull/7785#issuecomment-817758541,5,['test'],"['test', 'testReport', 'tests']"
Testability,Build failed on ROOT-fedora30/cxx14.; Running on root-fedora30-2.cern.ch:/home/sftnight/build/workspace/root-pullrequests-build; [See console output](https://lcgapp-services.cern.ch/root-jenkins/job/root-pullrequests-build/113734/console).; ### Failing tests:; - [projectroot.roottest.root.meta.roottest_root_meta_runMemberComments](https://lcgapp-services.cern.ch/root-jenkins/job/root-pullrequests-build/113734/testReport/projectroot.roottest.root/meta/roottest_root_meta_runMemberComments/); - [projectroot.test.test_stressIOPlugins_xroot](https://lcgapp-services.cern.ch/root-jenkins/job/root-pullrequests-build/113734/testReport/projectroot/test/test_stressIOPlugins_xroot/),MatchSource.ISSUE_COMMENT,root-project,root,v6-32-06,https://github.com/root-project/root/pull/7562#issuecomment-817773917:253,test,tests,253,https://root.cern,https://github.com/root-project/root/pull/7562#issuecomment-817773917,5,['test'],"['test', 'testReport', 'tests']"
Testability,Build failed on ROOT-fedora30/cxx14.; Running on root-fedora30-2.cern.ch:/home/sftnight/build/workspace/root-pullrequests-build; [See console output](https://lcgapp-services.cern.ch/root-jenkins/job/root-pullrequests-build/113742/console).; ### Failing tests:; - [projectroot.test.test_stressIOPlugins_xroot](https://lcgapp-services.cern.ch/root-jenkins/job/root-pullrequests-build/113742/testReport/projectroot/test/test_stressIOPlugins_xroot/); - [projectroot.roottest.root.meta.roottest_root_meta_runMemberComments](https://lcgapp-services.cern.ch/root-jenkins/job/root-pullrequests-build/113742/testReport/projectroot.roottest.root/meta/roottest_root_meta_runMemberComments/),MatchSource.ISSUE_COMMENT,root-project,root,v6-32-06,https://github.com/root-project/root/pull/7830#issuecomment-817788331:253,test,tests,253,https://root.cern,https://github.com/root-project/root/pull/7830#issuecomment-817788331,5,['test'],"['test', 'testReport', 'tests']"
Testability,Build failed on ROOT-fedora30/cxx14.; Running on root-fedora30-2.cern.ch:/home/sftnight/build/workspace/root-pullrequests-build; [See console output](https://lcgapp-services.cern.ch/root-jenkins/job/root-pullrequests-build/113750/console).; ### Failing tests:; - [projectroot.roottest.root.meta.roottest_root_meta_runMemberComments](https://lcgapp-services.cern.ch/root-jenkins/job/root-pullrequests-build/113750/testReport/projectroot.roottest.root/meta/roottest_root_meta_runMemberComments/); - [projectroot.test.test_stressIOPlugins_xroot](https://lcgapp-services.cern.ch/root-jenkins/job/root-pullrequests-build/113750/testReport/projectroot/test/test_stressIOPlugins_xroot/),MatchSource.ISSUE_COMMENT,root-project,root,v6-32-06,https://github.com/root-project/root/pull/7830#issuecomment-817844349:253,test,tests,253,https://root.cern,https://github.com/root-project/root/pull/7830#issuecomment-817844349,5,['test'],"['test', 'testReport', 'tests']"
Testability,Build failed on ROOT-fedora30/cxx14.; Running on root-fedora30-2.cern.ch:/home/sftnight/build/workspace/root-pullrequests-build; [See console output](https://lcgapp-services.cern.ch/root-jenkins/job/root-pullrequests-build/113758/console).; ### Failing tests:; - [projectroot.test.test_stressIOPlugins_xroot](https://lcgapp-services.cern.ch/root-jenkins/job/root-pullrequests-build/113758/testReport/projectroot/test/test_stressIOPlugins_xroot/),MatchSource.ISSUE_COMMENT,root-project,root,v6-32-06,https://github.com/root-project/root/pull/7831#issuecomment-817878757:253,test,tests,253,https://root.cern,https://github.com/root-project/root/pull/7831#issuecomment-817878757,4,['test'],"['test', 'testReport', 'tests']"
Testability,Build failed on ROOT-fedora30/cxx14.; Running on root-fedora30-2.cern.ch:/home/sftnight/build/workspace/root-pullrequests-build; [See console output](https://lcgapp-services.cern.ch/root-jenkins/job/root-pullrequests-build/113766/console).; ### Failing tests:; - [projectroot.test.test_stressIOPlugins_xroot](https://lcgapp-services.cern.ch/root-jenkins/job/root-pullrequests-build/113766/testReport/projectroot/test/test_stressIOPlugins_xroot/); - [projectroot.roottest.root.meta.roottest_root_meta_runMemberComments](https://lcgapp-services.cern.ch/root-jenkins/job/root-pullrequests-build/113766/testReport/projectroot.roottest.root/meta/roottest_root_meta_runMemberComments/),MatchSource.ISSUE_COMMENT,root-project,root,v6-32-06,https://github.com/root-project/root/pull/7832#issuecomment-817898268:253,test,tests,253,https://root.cern,https://github.com/root-project/root/pull/7832#issuecomment-817898268,5,['test'],"['test', 'testReport', 'tests']"
Testability,Build failed on ROOT-fedora30/cxx14.; Running on root-fedora30-2.cern.ch:/home/sftnight/build/workspace/root-pullrequests-build; [See console output](https://lcgapp-services.cern.ch/root-jenkins/job/root-pullrequests-build/113774/console).; ### Failing tests:; - [projectroot.roottest.root.meta.roottest_root_meta_runMemberComments](https://lcgapp-services.cern.ch/root-jenkins/job/root-pullrequests-build/113774/testReport/projectroot.roottest.root/meta/roottest_root_meta_runMemberComments/); - [projectroot.test.test_stressIOPlugins_xroot](https://lcgapp-services.cern.ch/root-jenkins/job/root-pullrequests-build/113774/testReport/projectroot/test/test_stressIOPlugins_xroot/),MatchSource.ISSUE_COMMENT,root-project,root,v6-32-06,https://github.com/root-project/root/pull/7833#issuecomment-817916859:253,test,tests,253,https://root.cern,https://github.com/root-project/root/pull/7833#issuecomment-817916859,5,['test'],"['test', 'testReport', 'tests']"
Testability,Build failed on ROOT-fedora30/cxx14.; Running on root-fedora30-2.cern.ch:/home/sftnight/build/workspace/root-pullrequests-build; [See console output](https://lcgapp-services.cern.ch/root-jenkins/job/root-pullrequests-build/113790/console).; ### Failing tests:; - [projectroot.roottest.root.meta.roottest_root_meta_runMemberComments](https://lcgapp-services.cern.ch/root-jenkins/job/root-pullrequests-build/113790/testReport/projectroot.roottest.root/meta/roottest_root_meta_runMemberComments/),MatchSource.ISSUE_COMMENT,root-project,root,v6-32-06,https://github.com/root-project/root/pull/7835#issuecomment-817935574:253,test,tests,253,https://root.cern,https://github.com/root-project/root/pull/7835#issuecomment-817935574,2,['test'],"['testReport', 'tests']"
Testability,Build failed on ROOT-fedora30/cxx14.; Running on root-fedora30-2.cern.ch:/home/sftnight/build/workspace/root-pullrequests-build; [See console output](https://lcgapp-services.cern.ch/root-jenkins/job/root-pullrequests-build/113830/console).; ### Failing tests:; - [projectroot.test.test_stressIOPlugins_xroot](https://lcgapp-services.cern.ch/root-jenkins/job/root-pullrequests-build/113830/testReport/projectroot/test/test_stressIOPlugins_xroot/),MatchSource.ISSUE_COMMENT,root-project,root,v6-32-06,https://github.com/root-project/root/pull/7837#issuecomment-817991386:253,test,tests,253,https://root.cern,https://github.com/root-project/root/pull/7837#issuecomment-817991386,4,['test'],"['test', 'testReport', 'tests']"
Testability,Build failed on ROOT-fedora30/cxx14.; Running on root-fedora30-2.cern.ch:/home/sftnight/build/workspace/root-pullrequests-build; [See console output](https://lcgapp-services.cern.ch/root-jenkins/job/root-pullrequests-build/113951/console).; ### Failing tests:; - [projectroot.roottest.root.tree.branches.roottest_root_tree_branches_make](https://lcgapp-services.cern.ch/root-jenkins/job/root-pullrequests-build/113951/testReport/projectroot.roottest.root.tree/branches/roottest_root_tree_branches_make/),MatchSource.ISSUE_COMMENT,root-project,root,v6-32-06,https://github.com/root-project/root/pull/7843#issuecomment-818378633:253,test,tests,253,https://root.cern,https://github.com/root-project/root/pull/7843#issuecomment-818378633,2,['test'],"['testReport', 'tests']"
Testability,Build failed on ROOT-fedora30/cxx14.; Running on root-fedora30-2.cern.ch:/home/sftnight/build/workspace/root-pullrequests-build; [See console output](https://lcgapp-services.cern.ch/root-jenkins/job/root-pullrequests-build/114103/console).; ### Failing tests:; - [projectroot.roottest.root.io.filemerger.roottest_root_io_filemerger_simple_default_compr_level9_datageneration](https://lcgapp-services.cern.ch/root-jenkins/job/root-pullrequests-build/114103/testReport/projectroot.roottest.root.io/filemerger/roottest_root_io_filemerger_simple_default_compr_level9_datageneration/); - [projectroot.roottest.root.io.filemerger.roottest_root_io_filemerger_simple_default_compr_level9](https://lcgapp-services.cern.ch/root-jenkins/job/root-pullrequests-build/114103/testReport/projectroot.roottest.root.io/filemerger/roottest_root_io_filemerger_simple_default_compr_level9/); - [projectroot.roottest.root.io.filemerger.roottest_root_io_filemerger_simplex2_default_compr_level9](https://lcgapp-services.cern.ch/root-jenkins/job/root-pullrequests-build/114103/testReport/projectroot.roottest.root.io/filemerger/roottest_root_io_filemerger_simplex2_default_compr_level9/); - [projectroot.roottest.root.io.filemerger.roottest_root_io_filemerger_simple_lz4_compr_level9](https://lcgapp-services.cern.ch/root-jenkins/job/root-pullrequests-build/114103/testReport/projectroot.roottest.root.io/filemerger/roottest_root_io_filemerger_simple_lz4_compr_level9/); - [projectroot.roottest.root.io.filemerger.roottest_root_io_filemerger_simple_lzma_compr_level9](https://lcgapp-services.cern.ch/root-jenkins/job/root-pullrequests-build/114103/testReport/projectroot.roottest.root.io/filemerger/roottest_root_io_filemerger_simple_lzma_compr_level9/); - [projectroot.roottest.root.io.filemerger.roottest_root_io_filemerger_simplek_default_compr_deflevel](https://lcgapp-services.cern.ch/root-jenkins/job/root-pullrequests-build/114103/testReport/projectroot.roottest.root.io/filemerger/roottest_root_io_filemerger_simplek_,MatchSource.ISSUE_COMMENT,root-project,root,v6-32-06,https://github.com/root-project/root/pull/7857#issuecomment-818917424:253,test,tests,253,https://root.cern,https://github.com/root-project/root/pull/7857#issuecomment-818917424,3,['test'],"['testReport', 'tests']"
Testability,Build failed on ROOT-fedora30/cxx14.; Running on root-fedora30-2.cern.ch:/home/sftnight/build/workspace/root-pullrequests-build; [See console output](https://lcgapp-services.cern.ch/root-jenkins/job/root-pullrequests-build/114327/console).; ### Failing tests:; - [projectroot.bindings.experimental.distrdf.test.backend.pyunittests_distrdf_unit_backend_test_spark](https://lcgapp-services.cern.ch/root-jenkins/job/root-pullrequests-build/114327/testReport/projectroot.bindings.experimental.distrdf.test/backend/pyunittests_distrdf_unit_backend_test_spark/); - [projectroot.roottest.python.distrdf.roottest_python_distrdf_spark_test_friend_trees](https://lcgapp-services.cern.ch/root-jenkins/job/root-pullrequests-build/114327/testReport/projectroot.roottest.python/distrdf/roottest_python_distrdf_spark_test_friend_trees/); - [projectroot.roottest.python.distrdf.roottest_python_distrdf_spark_test_inv_mass](https://lcgapp-services.cern.ch/root-jenkins/job/root-pullrequests-build/114327/testReport/projectroot.roottest.python/distrdf/roottest_python_distrdf_spark_test_inv_mass/); - [projectroot.roottest.python.distrdf.roottest_python_distrdf_spark_test_include_headers](https://lcgapp-services.cern.ch/root-jenkins/job/root-pullrequests-build/114327/testReport/projectroot.roottest.python/distrdf/roottest_python_distrdf_spark_test_include_headers/); - [projectroot.roottest.python.distrdf.roottest_python_distrdf_spark_test_histo_write](https://lcgapp-services.cern.ch/root-jenkins/job/root-pullrequests-build/114327/testReport/projectroot.roottest.python/distrdf/roottest_python_distrdf_spark_test_histo_write/); - [projectroot.roottest.python.distrdf.roottest_python_distrdf_spark_test_reducer_merge](https://lcgapp-services.cern.ch/root-jenkins/job/root-pullrequests-build/114327/testReport/projectroot.roottest.python/distrdf/roottest_python_distrdf_spark_test_reducer_merge/); - [projectroot.bindings.experimental.distrdf.test.pyunittests_distrdf_unit_test_headnode](https://lcgapp-services.ce,MatchSource.ISSUE_COMMENT,root-project,root,v6-32-06,https://github.com/root-project/root/pull/7630#issuecomment-819515353:253,test,tests,253,https://root.cern,https://github.com/root-project/root/pull/7630#issuecomment-819515353,6,['test'],"['test', 'testReport', 'tests']"
Testability,Build failed on ROOT-fedora30/cxx14.; Running on root-fedora30-2.cern.ch:/home/sftnight/build/workspace/root-pullrequests-build; [See console output](https://lcgapp-services.cern.ch/root-jenkins/job/root-pullrequests-build/114569/console).; ### Warnings:; - [2021-04-16T03:15:22.764Z] /home/sftnight/build/workspace/root-pullrequests-build/root/core/meta/inc/TListOfDataMembers.h:40:22: warning: ‘TListOfDataMembers::fIsLoaded’ will be initialized after [-Wreorder] ; - [2021-04-16T03:15:22.764Z] /home/sftnight/build/workspace/root-pullrequests-build/root/core/meta/inc/TListOfDataMembers.h:39:22: warning: ‘ULong64_t TListOfDataMembers::fLastLoadMarker’ [-Wreorder] ; - [2021-04-16T03:15:22.764Z] /home/sftnight/build/workspace/root-pullrequests-build/root/core/meta/src/TListOfDataMembers.cxx:39:1: warning: when initialized here [-Wreorder] ; - [2021-04-16T03:15:26.624Z] /home/sftnight/build/workspace/root-pullrequests-build/root/core/meta/inc/TListOfDataMembers.h:40:22: warning: ‘TListOfDataMembers::fIsLoaded’ will be initialized after [-Wreorder] ; - [2021-04-16T03:15:26.624Z] /home/sftnight/build/workspace/root-pullrequests-build/root/core/meta/inc/TListOfDataMembers.h:39:22: warning: ‘ULong64_t TListOfDataMembers::fLastLoadMarker’ [-Wreorder] ; - [2021-04-16T03:15:26.624Z] /home/sftnight/build/workspace/root-pullrequests-build/root/core/meta/inc/TListOfDataMembers.h:54:4: warning: when initialized here [-Wreorder] . ### Failing tests:; - [projectroot.test.test_stressmathcore_interpreted](https://lcgapp-services.cern.ch/root-jenkins/job/root-pullrequests-build/114569/testReport/projectroot/test/test_stressmathcore_interpreted/),MatchSource.ISSUE_COMMENT,root-project,root,v6-32-06,https://github.com/root-project/root/pull/7892#issuecomment-820885306:1448,test,tests,1448,https://root.cern,https://github.com/root-project/root/pull/7892#issuecomment-820885306,4,['test'],"['test', 'testReport', 'tests']"
Testability,Build failed on ROOT-fedora30/cxx14.; Running on root-fedora30-2.cern.ch:/home/sftnight/build/workspace/root-pullrequests-build; [See console output](https://lcgapp-services.cern.ch/root-jenkins/job/root-pullrequests-build/114585/console).; ### Failing tests:; - [projectroot.tree.dataframe.test.gtest_tree_dataframe_test_dataframe_interface](https://lcgapp-services.cern.ch/root-jenkins/job/root-pullrequests-build/114585/testReport/projectroot.tree.dataframe/test/gtest_tree_dataframe_test_dataframe_interface/),MatchSource.ISSUE_COMMENT,root-project,root,v6-32-06,https://github.com/root-project/root/pull/7833#issuecomment-821013073:253,test,tests,253,https://root.cern,https://github.com/root-project/root/pull/7833#issuecomment-821013073,4,['test'],"['test', 'testReport', 'tests']"
Testability,Build failed on ROOT-fedora30/cxx14.; Running on root-fedora30-2.cern.ch:/home/sftnight/build/workspace/root-pullrequests-build; [See console output](https://lcgapp-services.cern.ch/root-jenkins/job/root-pullrequests-build/114641/console).; ### Failing tests:; - [projectroot.roottest.python.basic.roottest_python_basic_datatype](https://lcgapp-services.cern.ch/root-jenkins/job/root-pullrequests-build/114641/testReport/projectroot.roottest.python/basic/roottest_python_basic_datatype/); - [projectroot.roottest.python.stl.roottest_python_stl_stl](https://lcgapp-services.cern.ch/root-jenkins/job/root-pullrequests-build/114641/testReport/projectroot.roottest.python/stl/roottest_python_stl_stl/),MatchSource.ISSUE_COMMENT,root-project,root,v6-32-06,https://github.com/root-project/root/pull/7898#issuecomment-821195029:253,test,tests,253,https://root.cern,https://github.com/root-project/root/pull/7898#issuecomment-821195029,3,['test'],"['testReport', 'tests']"
Testability,Build failed on ROOT-fedora30/cxx14.; Running on root-fedora30-2.cern.ch:/home/sftnight/build/workspace/root-pullrequests-build; [See console output](https://lcgapp-services.cern.ch/root-jenkins/job/root-pullrequests-build/114706/console).; ### Failing tests:; - [projectroot.test.test_stressmathcore_interpreted](https://lcgapp-services.cern.ch/root-jenkins/job/root-pullrequests-build/114706/testReport/projectroot/test/test_stressmathcore_interpreted/),MatchSource.ISSUE_COMMENT,root-project,root,v6-32-06,https://github.com/root-project/root/pull/7892#issuecomment-821449582:253,test,tests,253,https://root.cern,https://github.com/root-project/root/pull/7892#issuecomment-821449582,4,['test'],"['test', 'testReport', 'tests']"
Testability,Build failed on ROOT-fedora30/cxx14.; Running on root-fedora30-2.cern.ch:/home/sftnight/build/workspace/root-pullrequests-build; [See console output](https://lcgapp-services.cern.ch/root-jenkins/job/root-pullrequests-build/114757/console).; ### Failing tests:; - [projectroot.roottest.python.cmdLineUtils.roottest_python_cmdLineUtils_LongRootls1](https://lcgapp-services.cern.ch/root-jenkins/job/root-pullrequests-build/114757/testReport/projectroot.roottest.python/cmdLineUtils/roottest_python_cmdLineUtils_LongRootls1/); - [projectroot.roottest.python.cmdLineUtils.roottest_python_cmdLineUtils_LongRootls2](https://lcgapp-services.cern.ch/root-jenkins/job/root-pullrequests-build/114757/testReport/projectroot.roottest.python/cmdLineUtils/roottest_python_cmdLineUtils_LongRootls2/); - [projectroot.roottest.python.cmdLineUtils.roottest_python_cmdLineUtils_LongRootls3](https://lcgapp-services.cern.ch/root-jenkins/job/root-pullrequests-build/114757/testReport/projectroot.roottest.python/cmdLineUtils/roottest_python_cmdLineUtils_LongRootls3/); - [projectroot.roottest.python.cmdLineUtils.roottest_python_cmdLineUtils_LongRootls4](https://lcgapp-services.cern.ch/root-jenkins/job/root-pullrequests-build/114757/testReport/projectroot.roottest.python/cmdLineUtils/roottest_python_cmdLineUtils_LongRootls4/); - [projectroot.roottest.python.cmdLineUtils.roottest_python_cmdLineUtils_TreeRootls1](https://lcgapp-services.cern.ch/root-jenkins/job/root-pullrequests-build/114757/testReport/projectroot.roottest.python/cmdLineUtils/roottest_python_cmdLineUtils_TreeRootls1/); - [projectroot.roottest.python.cmdLineUtils.roottest_python_cmdLineUtils_NameCyclesRootls](https://lcgapp-services.cern.ch/root-jenkins/job/root-pullrequests-build/114757/testReport/projectroot.roottest.python/cmdLineUtils/roottest_python_cmdLineUtils_NameCyclesRootls/),MatchSource.ISSUE_COMMENT,root-project,root,v6-32-06,https://github.com/root-project/root/pull/7878#issuecomment-821788473:253,test,tests,253,https://root.cern,https://github.com/root-project/root/pull/7878#issuecomment-821788473,7,['test'],"['testReport', 'tests']"
Testability,"Build failed on ROOT-fedora30/cxx14.; Running on root-fedora30-2.cern.ch:/home/sftnight/build/workspace/root-pullrequests-build; [See console output](https://lcgapp-services.cern.ch/root-jenkins/job/root-pullrequests-build/114909/console).; ### Errors:; - [2021-04-19T14:23:18.595Z] FAILED: test/CMakeFiles/testGenVectorVc.dir/testGenVectorVc.cxx.o ; - [2021-04-19T14:23:18.877Z] include/Math/GenVector/Plane3D.h:239:27: error: no matching function for call to ‘sqrt(Vc_1::enable_if&lt;true, Vc_1::Vector&lt;double, Vc_1::VectorAbi::Sse&gt; &gt;)’ ; - [2021-04-19T14:23:18.878Z] /usr/include/c++/9/cmath:475:5: error: no type named ‘__type’ in ‘struct __gnu_cxx::__enable_if&lt;false, double&gt;’ ; - [2021-04-19T14:23:18.878Z] include/Math/GenVector/Cartesian3D.h:113:39: error: no matching function for call to ‘sqrt(ROOT::Math::Cartesian3D&lt;Vc_1::Vector&lt;double, Vc_1::VectorAbi::Sse&gt; &gt;::Scalar)’ ; - [2021-04-19T14:23:18.878Z] /usr/include/c++/9/cmath:475:5: error: no type named ‘__type’ in ‘struct __gnu_cxx::__enable_if&lt;false, double&gt;’",MatchSource.ISSUE_COMMENT,root-project,root,v6-32-06,https://github.com/root-project/root/pull/7909#issuecomment-822507273:291,test,test,291,https://root.cern,https://github.com/root-project/root/pull/7909#issuecomment-822507273,3,['test'],"['test', 'testGenVectorVc']"
Testability,Build failed on ROOT-fedora30/cxx14.; Running on root-fedora30-2.cern.ch:/home/sftnight/build/workspace/root-pullrequests-build; [See console output](https://lcgapp-services.cern.ch/root-jenkins/job/root-pullrequests-build/115031/console).; ### Failing tests:; - [projectroot.bindings.experimental.distrdf.test.pyunittests_distrdf_unit_test_headnode](https://lcgapp-services.cern.ch/root-jenkins/job/root-pullrequests-build/115031/testReport/projectroot.bindings.experimental.distrdf/test/pyunittests_distrdf_unit_test_headnode/); - [projectroot.bindings.pyroot.pythonizations.test.pyunittests_pyroot_pyz_pretty_printing](https://lcgapp-services.cern.ch/root-jenkins/job/root-pullrequests-build/115031/testReport/projectroot.bindings.pyroot.pythonizations/test/pyunittests_pyroot_pyz_pretty_printing/); - [projectroot.bindings.pyroot.pythonizations.test.pyunittests_pyroot_pyz_rdataframe_asnumpy](https://lcgapp-services.cern.ch/root-jenkins/job/root-pullrequests-build/115031/testReport/projectroot.bindings.pyroot.pythonizations/test/pyunittests_pyroot_pyz_rdataframe_asnumpy/); - [projectroot.roottest.python.cpp.roottest_python_cpp_cpp](https://lcgapp-services.cern.ch/root-jenkins/job/root-pullrequests-build/115031/testReport/projectroot.roottest.python/cpp/roottest_python_cpp_cpp/); - [projectroot.roottest.python.distrdf.roottest_python_distrdf_spark_test_reducer_merge](https://lcgapp-services.cern.ch/root-jenkins/job/root-pullrequests-build/115031/testReport/projectroot.roottest.python/distrdf/roottest_python_distrdf_spark_test_reducer_merge/); - [projectroot.tree.dataframe.test.pyunittests_dataframe_cache](https://lcgapp-services.cern.ch/root-jenkins/job/root-pullrequests-build/115031/testReport/projectroot.tree.dataframe/test/pyunittests_dataframe_cache/),MatchSource.ISSUE_COMMENT,root-project,root,v6-32-06,https://github.com/root-project/root/pull/7898#issuecomment-823200170:253,test,tests,253,https://root.cern,https://github.com/root-project/root/pull/7898#issuecomment-823200170,15,['test'],"['test', 'testReport', 'tests']"
Testability,Build failed on ROOT-fedora30/cxx14.; Running on root-fedora30-2.cern.ch:/home/sftnight/build/workspace/root-pullrequests-build; [See console output](https://lcgapp-services.cern.ch/root-jenkins/job/root-pullrequests-build/115064/console).; ### Failing tests:; - [projectroot.roottest-build.cling.parsing.roottest_cling_parsing_semicolon](https://lcgapp-services.cern.ch/root-jenkins/job/root-pullrequests-build/115064/testReport/projectroot.roottest-build.cling/parsing/roottest_cling_parsing_semicolon/),MatchSource.ISSUE_COMMENT,root-project,root,v6-32-06,https://github.com/root-project/root/pull/7937#issuecomment-823327455:253,test,tests,253,https://root.cern,https://github.com/root-project/root/pull/7937#issuecomment-823327455,2,['test'],"['testReport', 'tests']"
Testability,Build failed on ROOT-fedora30/cxx14.; Running on root-fedora30-2.cern.ch:/home/sftnight/build/workspace/root-pullrequests-build; [See console output](https://lcgapp-services.cern.ch/root-jenkins/job/root-pullrequests-build/115105/console).; ### Failing tests:; - [projectroot.roottest.python.distrdf.roottest_python_distrdf_spark_test_reducer_merge](https://lcgapp-services.cern.ch/root-jenkins/job/root-pullrequests-build/115105/testReport/projectroot.roottest.python/distrdf/roottest_python_distrdf_spark_test_reducer_merge/); - [projectroot.core.thread.test.gtest_core_thread_test_corethreadtestUnit](https://lcgapp-services.cern.ch/root-jenkins/job/root-pullrequests-build/115105/testReport/projectroot.core.thread/test/gtest_core_thread_test_corethreadtestUnit/); - [projectroot.roottest.root.meta.cmsUnload.roottest_root_meta_cmsUnload_make](https://lcgapp-services.cern.ch/root-jenkins/job/root-pullrequests-build/115105/testReport/projectroot.roottest.root.meta/cmsUnload/roottest_root_meta_cmsUnload_make/); - [projectroot.roottest.root.dataframe.roottest_root_dataframe_test_snapshot](https://lcgapp-services.cern.ch/root-jenkins/job/root-pullrequests-build/115105/testReport/projectroot.roottest.root/dataframe/roottest_root_dataframe_test_snapshot/); - [projectroot.roottest.root.io.json.roottest_root_io_json_make](https://lcgapp-services.cern.ch/root-jenkins/job/root-pullrequests-build/115105/testReport/projectroot.roottest.root.io/json/roottest_root_io_json_make/); - [projectroot.tree.dataframe.test.gtest_tree_dataframe_test_dataframe_concurrency](https://lcgapp-services.cern.ch/root-jenkins/job/root-pullrequests-build/115105/testReport/projectroot.tree.dataframe/test/gtest_tree_dataframe_test_dataframe_concurrency/),MatchSource.ISSUE_COMMENT,root-project,root,v6-32-06,https://github.com/root-project/root/pull/7932#issuecomment-823519523:253,test,tests,253,https://root.cern,https://github.com/root-project/root/pull/7932#issuecomment-823519523,11,['test'],"['test', 'testReport', 'tests']"
Testability,"Build failed on ROOT-fedora30/cxx14.; Running on root-fedora30-2.cern.ch:/home/sftnight/build/workspace/root-pullrequests-build; [See console output](https://lcgapp-services.cern.ch/root-jenkins/job/root-pullrequests-build/115527/console).; ### Warnings:; - [2021-04-23T15:16:34.946Z] /home/sftnight/build/workspace/root-pullrequests-build/root/tree/ntuple/v7/test/ntuple_storage.cxx:154:35: warning: comparison of integer expressions of different signedness: ‘std::vector&lt;std::pair&lt;long unsigned int, long int&gt; &gt;::size_type’ {aka ‘long unsigned int’} and ‘int’ [-Wsign-compare]",MatchSource.ISSUE_COMMENT,root-project,root,v6-32-06,https://github.com/root-project/root/pull/7783#issuecomment-825739287:360,test,test,360,https://root.cern,https://github.com/root-project/root/pull/7783#issuecomment-825739287,1,['test'],['test']
Testability,Build failed on ROOT-fedora30/cxx14.; Running on root-fedora30-2.cern.ch:/home/sftnight/build/workspace/root-pullrequests-build; [See console output](https://lcgapp-services.cern.ch/root-jenkins/job/root-pullrequests-build/115575/console).; ### Failing tests:; - [projectroot.bindings.experimental.distrdf.test.pyunittests_distrdf_unit_test_headnode](https://lcgapp-services.cern.ch/root-jenkins/job/root-pullrequests-build/115575/testReport/projectroot.bindings.experimental.distrdf/test/pyunittests_distrdf_unit_test_headnode/); - [projectroot.bindings.pyroot.pythonizations.test.pyunittests_pyroot_pyz_pretty_printing](https://lcgapp-services.cern.ch/root-jenkins/job/root-pullrequests-build/115575/testReport/projectroot.bindings.pyroot.pythonizations/test/pyunittests_pyroot_pyz_pretty_printing/); - [projectroot.bindings.pyroot.pythonizations.test.pyunittests_pyroot_pyz_rdataframe_asnumpy](https://lcgapp-services.cern.ch/root-jenkins/job/root-pullrequests-build/115575/testReport/projectroot.bindings.pyroot.pythonizations/test/pyunittests_pyroot_pyz_rdataframe_asnumpy/); - [projectroot.roottest.python.cpp.roottest_python_cpp_cpp](https://lcgapp-services.cern.ch/root-jenkins/job/root-pullrequests-build/115575/testReport/projectroot.roottest.python/cpp/roottest_python_cpp_cpp/); - [projectroot.roottest.python.distrdf.roottest_python_distrdf_spark_test_reducer_merge](https://lcgapp-services.cern.ch/root-jenkins/job/root-pullrequests-build/115575/testReport/projectroot.roottest.python/distrdf/roottest_python_distrdf_spark_test_reducer_merge/); - [projectroot.tree.dataframe.test.pyunittests_dataframe_cache](https://lcgapp-services.cern.ch/root-jenkins/job/root-pullrequests-build/115575/testReport/projectroot.tree.dataframe/test/pyunittests_dataframe_cache/),MatchSource.ISSUE_COMMENT,root-project,root,v6-32-06,https://github.com/root-project/root/pull/7898#issuecomment-826299447:253,test,tests,253,https://root.cern,https://github.com/root-project/root/pull/7898#issuecomment-826299447,15,['test'],"['test', 'testReport', 'tests']"
Testability,Build failed on ROOT-fedora30/cxx14.; Running on root-fedora30-2.cern.ch:/home/sftnight/build/workspace/root-pullrequests-build; [See console output](https://lcgapp-services.cern.ch/root-jenkins/job/root-pullrequests-build/115807/console).; ### Failing tests:; - [projectroot.core.metacling.test.gtest_core_metacling_test_TClingTest](https://lcgapp-services.cern.ch/root-jenkins/job/root-pullrequests-build/115807/testReport/projectroot.core.metacling/test/gtest_core_metacling_test_TClingTest/); - [projectroot.roottest.root.io.alloc.roottest_root_io_alloc_make](https://lcgapp-services.cern.ch/root-jenkins/job/root-pullrequests-build/115807/testReport/projectroot.roottest.root.io/alloc/roottest_root_io_alloc_make/); - [projectroot.roottest.root.io.double32.roottest_root_io_double32_make](https://lcgapp-services.cern.ch/root-jenkins/job/root-pullrequests-build/115807/testReport/projectroot.roottest.root.io/double32/roottest_root_io_double32_make/); - [projectroot.roottest.root.io.emulated.roottest_root_io_emulated_make](https://lcgapp-services.cern.ch/root-jenkins/job/root-pullrequests-build/115807/testReport/projectroot.roottest.root.io/emulated/roottest_root_io_emulated_make/); - [projectroot.roottest.root.tree.selector.roottest_root_tree_selector_make](https://lcgapp-services.cern.ch/root-jenkins/job/root-pullrequests-build/115807/testReport/projectroot.roottest.root.tree/selector/roottest_root_tree_selector_make/),MatchSource.ISSUE_COMMENT,root-project,root,v6-32-06,https://github.com/root-project/root/pull/8017#issuecomment-827808653:253,test,tests,253,https://root.cern,https://github.com/root-project/root/pull/8017#issuecomment-827808653,8,['test'],"['test', 'testReport', 'tests']"
Testability,Build failed on ROOT-fedora30/cxx14.; Running on root-fedora30-2.cern.ch:/home/sftnight/build/workspace/root-pullrequests-build; [See console output](https://lcgapp-services.cern.ch/root-jenkins/job/root-pullrequests-build/115823/console).; ### Warnings:; - [2021-04-27T18:55:03.305Z] /home/sftnight/build/workspace/root-pullrequests-build/root/core/base/src/TSystem.cxx:3326:21: warning: unused variable ‘onetime’ [-Wunused-variable] . ### Failing tests:; - [projectroot.core.metacling.test.gtest_core_metacling_test_TClingTest](https://lcgapp-services.cern.ch/root-jenkins/job/root-pullrequests-build/115823/testReport/projectroot.core.metacling/test/gtest_core_metacling_test_TClingTest/); - [projectroot.roottest.root.io.alloc.roottest_root_io_alloc_make](https://lcgapp-services.cern.ch/root-jenkins/job/root-pullrequests-build/115823/testReport/projectroot.roottest.root.io/alloc/roottest_root_io_alloc_make/); - [projectroot.roottest.root.io.double32.roottest_root_io_double32_make](https://lcgapp-services.cern.ch/root-jenkins/job/root-pullrequests-build/115823/testReport/projectroot.roottest.root.io/double32/roottest_root_io_double32_make/); - [projectroot.roottest.root.io.emulated.roottest_root_io_emulated_make](https://lcgapp-services.cern.ch/root-jenkins/job/root-pullrequests-build/115823/testReport/projectroot.roottest.root.io/emulated/roottest_root_io_emulated_make/); - [projectroot.roottest.root.tree.selector.roottest_root_tree_selector_make](https://lcgapp-services.cern.ch/root-jenkins/job/root-pullrequests-build/115823/testReport/projectroot.roottest.root.tree/selector/roottest_root_tree_selector_make/),MatchSource.ISSUE_COMMENT,root-project,root,v6-32-06,https://github.com/root-project/root/pull/8017#issuecomment-827851634:449,test,tests,449,https://root.cern,https://github.com/root-project/root/pull/8017#issuecomment-827851634,8,['test'],"['test', 'testReport', 'tests']"
Testability,Build failed on ROOT-fedora30/cxx14.; Running on root-fedora30-2.cern.ch:/home/sftnight/build/workspace/root-pullrequests-build; [See console output](https://lcgapp-services.cern.ch/root-jenkins/job/root-pullrequests-build/115831/console).; ### Failing tests:; - [projectroot.core.metacling.test.gtest_core_metacling_test_TClingTest](https://lcgapp-services.cern.ch/root-jenkins/job/root-pullrequests-build/115831/testReport/projectroot.core.metacling/test/gtest_core_metacling_test_TClingTest/); - [projectroot.roottest.root.io.alloc.roottest_root_io_alloc_make](https://lcgapp-services.cern.ch/root-jenkins/job/root-pullrequests-build/115831/testReport/projectroot.roottest.root.io/alloc/roottest_root_io_alloc_make/); - [projectroot.roottest.root.io.double32.roottest_root_io_double32_make](https://lcgapp-services.cern.ch/root-jenkins/job/root-pullrequests-build/115831/testReport/projectroot.roottest.root.io/double32/roottest_root_io_double32_make/); - [projectroot.roottest.root.io.emulated.roottest_root_io_emulated_make](https://lcgapp-services.cern.ch/root-jenkins/job/root-pullrequests-build/115831/testReport/projectroot.roottest.root.io/emulated/roottest_root_io_emulated_make/); - [projectroot.roottest.root.tree.selector.roottest_root_tree_selector_make](https://lcgapp-services.cern.ch/root-jenkins/job/root-pullrequests-build/115831/testReport/projectroot.roottest.root.tree/selector/roottest_root_tree_selector_make/),MatchSource.ISSUE_COMMENT,root-project,root,v6-32-06,https://github.com/root-project/root/pull/8017#issuecomment-827905756:253,test,tests,253,https://root.cern,https://github.com/root-project/root/pull/8017#issuecomment-827905756,8,['test'],"['test', 'testReport', 'tests']"
Testability,Build failed on ROOT-fedora30/cxx14.; Running on root-fedora30-2.cern.ch:/home/sftnight/build/workspace/root-pullrequests-build; [See console output](https://lcgapp-services.cern.ch/root-jenkins/job/root-pullrequests-build/115847/console).; ### Failing tests:; - [projectroot.core.metacling.test.gtest_core_metacling_test_TClingTest](https://lcgapp-services.cern.ch/root-jenkins/job/root-pullrequests-build/115847/testReport/projectroot.core.metacling/test/gtest_core_metacling_test_TClingTest/),MatchSource.ISSUE_COMMENT,root-project,root,v6-32-06,https://github.com/root-project/root/pull/8017#issuecomment-828149199:253,test,tests,253,https://root.cern,https://github.com/root-project/root/pull/8017#issuecomment-828149199,4,['test'],"['test', 'testReport', 'tests']"
Testability,Build failed on ROOT-fedora30/cxx14.; Running on root-fedora30-2.cern.ch:/home/sftnight/build/workspace/root-pullrequests-build; [See console output](https://lcgapp-services.cern.ch/root-jenkins/job/root-pullrequests-build/115977/console).; ### Failing tests:; - [projectroot.gui.webdisplay.test.test_webgui_ping](https://lcgapp-services.cern.ch/root-jenkins/job/root-pullrequests-build/115977/testReport/projectroot.gui.webdisplay/test/test_webgui_ping/),MatchSource.ISSUE_COMMENT,root-project,root,v6-32-06,https://github.com/root-project/root/pull/7901#issuecomment-828540893:253,test,tests,253,https://root.cern,https://github.com/root-project/root/pull/7901#issuecomment-828540893,4,['test'],"['test', 'testReport', 'tests']"
Testability,Build failed on ROOT-fedora30/cxx14.; Running on root-fedora30-2.cern.ch:/home/sftnight/build/workspace/root-pullrequests-build; [See console output](https://lcgapp-services.cern.ch/root-jenkins/job/root-pullrequests-build/116017/console).; ### Failing tests:; - [projectroot.tree.dataframe.test.gtest_tree_dataframe_test_datasource_more](https://lcgapp-services.cern.ch/root-jenkins/job/root-pullrequests-build/116017/testReport/projectroot.tree.dataframe/test/gtest_tree_dataframe_test_datasource_more/),MatchSource.ISSUE_COMMENT,root-project,root,v6-32-06,https://github.com/root-project/root/pull/7354#issuecomment-828682935:253,test,tests,253,https://root.cern,https://github.com/root-project/root/pull/7354#issuecomment-828682935,4,['test'],"['test', 'testReport', 'tests']"
Testability,Build failed on ROOT-fedora30/cxx14.; Running on root-fedora30-2.cern.ch:/home/sftnight/build/workspace/root-pullrequests-build; [See console output](https://lcgapp-services.cern.ch/root-jenkins/job/root-pullrequests-build/116115/console).; ### Failing tests:; - [projectroot.roottest.cling.other.roottest_cling_other_assertDirWithParen](https://lcgapp-services.cern.ch/root-jenkins/job/root-pullrequests-build/116115/testReport/projectroot.roottest.cling/other/roottest_cling_other_assertDirWithParen/); - [projectroot.roottest.root.meta.roottest_root_meta_drawing](https://lcgapp-services.cern.ch/root-jenkins/job/root-pullrequests-build/116115/testReport/projectroot.roottest.root/meta/roottest_root_meta_drawing/); - [projectroot.roottest.root.io.filemerger.roottest_root_io_filemerger_simple_default_compr_level9_datageneration](https://lcgapp-services.cern.ch/root-jenkins/job/root-pullrequests-build/116115/testReport/projectroot.roottest.root.io/filemerger/roottest_root_io_filemerger_simple_default_compr_level9_datageneration/); - [projectroot.roottest.root.io.filemerger.roottest_root_io_filemerger_simple_default_compr_level9](https://lcgapp-services.cern.ch/root-jenkins/job/root-pullrequests-build/116115/testReport/projectroot.roottest.root.io/filemerger/roottest_root_io_filemerger_simple_default_compr_level9/); - [projectroot.roottest.root.io.filemerger.roottest_root_io_filemerger_simplex2_default_compr_level9](https://lcgapp-services.cern.ch/root-jenkins/job/root-pullrequests-build/116115/testReport/projectroot.roottest.root.io/filemerger/roottest_root_io_filemerger_simplex2_default_compr_level9/); - [projectroot.roottest.root.io.filemerger.roottest_root_io_filemerger_simple_lzma_compr_level9](https://lcgapp-services.cern.ch/root-jenkins/job/root-pullrequests-build/116115/testReport/projectroot.roottest.root.io/filemerger/roottest_root_io_filemerger_simple_lzma_compr_level9/); - [projectroot.roottest.root.io.filemerger.roottest_root_io_filemerger_simple_lz4_compr_level9,MatchSource.ISSUE_COMMENT,root-project,root,v6-32-06,https://github.com/root-project/root/pull/8040#issuecomment-829227429:253,test,tests,253,https://root.cern,https://github.com/root-project/root/pull/8040#issuecomment-829227429,4,['test'],"['testReport', 'tests']"
Testability,Build failed on ROOT-fedora30/cxx14.; Running on root-fedora30-2.cern.ch:/home/sftnight/build/workspace/root-pullrequests-build; [See console output](https://lcgapp-services.cern.ch/root-jenkins/job/root-pullrequests-build/116123/console).; ### Failing tests:; - [projectroot.gui.webdisplay.test.test_webgui_ping](https://lcgapp-services.cern.ch/root-jenkins/job/root-pullrequests-build/116123/testReport/projectroot.gui.webdisplay/test/test_webgui_ping/),MatchSource.ISSUE_COMMENT,root-project,root,v6-32-06,https://github.com/root-project/root/pull/7901#issuecomment-829255934:253,test,tests,253,https://root.cern,https://github.com/root-project/root/pull/7901#issuecomment-829255934,4,['test'],"['test', 'testReport', 'tests']"
Testability,Build failed on ROOT-fedora30/cxx14.; Running on root-fedora30-2.cern.ch:/home/sftnight/build/workspace/root-pullrequests-build; [See console output](https://lcgapp-services.cern.ch/root-jenkins/job/root-pullrequests-build/116171/console).; ### Failing tests:; - [projectroot.gui.webdisplay.test.test_webgui_ping](https://lcgapp-services.cern.ch/root-jenkins/job/root-pullrequests-build/116171/testReport/projectroot.gui.webdisplay/test/test_webgui_ping/),MatchSource.ISSUE_COMMENT,root-project,root,v6-32-06,https://github.com/root-project/root/pull/7901#issuecomment-829335894:253,test,tests,253,https://root.cern,https://github.com/root-project/root/pull/7901#issuecomment-829335894,4,['test'],"['test', 'testReport', 'tests']"
Testability,"Build failed on ROOT-fedora30/cxx14.; Running on root-fedora30-2.cern.ch:/home/sftnight/build/workspace/root-pullrequests-build; [See console output](https://lcgapp-services.cern.ch/root-jenkins/job/root-pullrequests-build/116351/console).; ### Errors:; - [2021-04-30T14:42:54.933Z] FAILED: tree/dataframe/test/CMakeFiles/datasource_trivial.dir/datasource_trivial.cxx.o ; - [2021-04-30T14:42:55.519Z] /usr/include/c++/9/bits/stl_algo.h:749:12: error: no match for call to ‘(ROOT::RDF::RInterface&lt;T, V&gt;::Cache(std::string_view) [with Proxied = ROOT::Detail::RDF::RLoopManager; DataSource = void; std::string_view = std::experimental::fundamentals_v1::basic_string_view&lt;char&gt;]::&lt;lambda(const string&&)&gt;) (const std::__cxx11::basic_string&lt;char&gt;&)’ ; - [2021-04-30T14:42:55.519Z] /usr/include/c++/9/bits/stl_algo.h:749:12: error: cannot bind rvalue reference of type ‘const string&&’ {aka ‘const std::__cxx11::basic_string&lt;char&gt;&&’} to lvalue of type ‘const std::__cxx11::basic_string&lt;char&gt;’ ; - [2021-04-30T14:42:55.519Z] /usr/include/c++/9/bits/stl_algo.h:749:12: error: cannot bind rvalue reference of type ‘const string&&’ {aka ‘const std::__cxx11::basic_string&lt;char&gt;&&’} to lvalue of type ‘const std::__cxx11::basic_string&lt;char&gt;’ ; - [2021-04-30T14:42:58.377Z] FAILED: tree/dataframe/test/CMakeFiles/dataframe_concurrency.dir/dataframe_concurrency.cxx.o ; - [2021-04-30T14:42:58.947Z] /usr/include/c++/9/bits/stl_algo.h:749:12: error: no match for call to ‘(ROOT::RDF::RInterface&lt;T, V&gt;::Cache(std::string_view) [with Proxied = ROOT::Detail::RDF::RLoopManager; DataSource = void; std::string_view = std::experimental::fundamentals_v1::basic_string_view&lt;char&gt;]::&lt;lambda(const string&&)&gt;) (const std::__cxx11::basic_string&lt;char&gt;&)’ ; - [2021-04-30T14:42:58.947Z] /usr/include/c++/9/bits/stl_algo.h:749:12: error: cannot bind rvalue reference of type ‘const string&&’ {aka ‘const std::__cxx11::basic_string&lt;char&gt;&&’} to lvalue",MatchSource.ISSUE_COMMENT,root-project,root,v6-32-06,https://github.com/root-project/root/pull/7354#issuecomment-830143760:306,test,test,306,https://root.cern,https://github.com/root-project/root/pull/7354#issuecomment-830143760,1,['test'],['test']
Testability,Build failed on ROOT-fedora30/cxx14.; Running on root-fedora30-2.cern.ch:/home/sftnight/build/workspace/root-pullrequests-build; [See console output](https://lcgapp-services.cern.ch/root-jenkins/job/root-pullrequests-build/116799/console).; ### Failing tests:; - [projectroot.roottest.root.dataframe.roottest_root_dataframe_test_trainCache](https://lcgapp-services.cern.ch/root-jenkins/job/root-pullrequests-build/116799/testReport/projectroot.roottest.root/dataframe/roottest_root_dataframe_test_trainCache/); - [projectroot.roottest.root.dataframe.roottest_root_dataframe_missingBranches](https://lcgapp-services.cern.ch/root-jenkins/job/root-pullrequests-build/116799/testReport/projectroot.roottest.root/dataframe/roottest_root_dataframe_missingBranches/); - [projectroot.roottest.root.dataframe.roottest_root_dataframe_test_readTotemNtuple](https://lcgapp-services.cern.ch/root-jenkins/job/root-pullrequests-build/116799/testReport/projectroot.roottest.root/dataframe/roottest_root_dataframe_test_readTotemNtuple/); - [projectroot.roottest.root.dataframe.roottest_root_dataframe_test_glob](https://lcgapp-services.cern.ch/root-jenkins/job/root-pullrequests-build/116799/testReport/projectroot.roottest.root/dataframe/roottest_root_dataframe_test_glob/); - [projectroot.roottest.root.dataframe.roottest_root_dataframe_regression_snapshot](https://lcgapp-services.cern.ch/root-jenkins/job/root-pullrequests-build/116799/testReport/projectroot.roottest.root/dataframe/roottest_root_dataframe_regression_snapshot/); - [projectroot.roottest.root.dataframe.roottest_root_dataframe_test_reduce](https://lcgapp-services.cern.ch/root-jenkins/job/root-pullrequests-build/116799/testReport/projectroot.roottest.root/dataframe/roottest_root_dataframe_test_reduce/); - [projectroot.roottest.root.dataframe.roottest_root_dataframe_ctors](https://lcgapp-services.cern.ch/root-jenkins/job/root-pullrequests-build/116799/testReport/projectroot.roottest.root/dataframe/roottest_root_dataframe_ctors/); - [projectro,MatchSource.ISSUE_COMMENT,root-project,root,v6-32-06,https://github.com/root-project/root/pull/8094#issuecomment-832164486:253,test,tests,253,https://root.cern,https://github.com/root-project/root/pull/8094#issuecomment-832164486,4,['test'],"['testReport', 'tests']"
Testability,Build failed on ROOT-fedora30/cxx14.; Running on root-fedora30-2.cern.ch:/home/sftnight/build/workspace/root-pullrequests-build; [See console output](https://lcgapp-services.cern.ch/root-jenkins/job/root-pullrequests-build/116834/console).; ### Failing tests:; - [projectroot.roottest.root.dataframe.roottest_root_dataframe_test_trainCache](https://lcgapp-services.cern.ch/root-jenkins/job/root-pullrequests-build/116834/testReport/projectroot.roottest.root/dataframe/roottest_root_dataframe_test_trainCache/); - [projectroot.roottest.root.dataframe.roottest_root_dataframe_missingBranches](https://lcgapp-services.cern.ch/root-jenkins/job/root-pullrequests-build/116834/testReport/projectroot.roottest.root/dataframe/roottest_root_dataframe_missingBranches/); - [projectroot.roottest.root.dataframe.roottest_root_dataframe_test_readTotemNtuple](https://lcgapp-services.cern.ch/root-jenkins/job/root-pullrequests-build/116834/testReport/projectroot.roottest.root/dataframe/roottest_root_dataframe_test_readTotemNtuple/); - [projectroot.roottest.root.dataframe.roottest_root_dataframe_test_glob](https://lcgapp-services.cern.ch/root-jenkins/job/root-pullrequests-build/116834/testReport/projectroot.roottest.root/dataframe/roottest_root_dataframe_test_glob/); - [projectroot.roottest.root.dataframe.roottest_root_dataframe_regression_snapshot](https://lcgapp-services.cern.ch/root-jenkins/job/root-pullrequests-build/116834/testReport/projectroot.roottest.root/dataframe/roottest_root_dataframe_regression_snapshot/); - [projectroot.roottest.root.dataframe.roottest_root_dataframe_test_reduce](https://lcgapp-services.cern.ch/root-jenkins/job/root-pullrequests-build/116834/testReport/projectroot.roottest.root/dataframe/roottest_root_dataframe_test_reduce/); - [projectroot.roottest.root.dataframe.roottest_root_dataframe_ctors](https://lcgapp-services.cern.ch/root-jenkins/job/root-pullrequests-build/116834/testReport/projectroot.roottest.root/dataframe/roottest_root_dataframe_ctors/); - [projectro,MatchSource.ISSUE_COMMENT,root-project,root,v6-32-06,https://github.com/root-project/root/pull/8094#issuecomment-832790530:253,test,tests,253,https://root.cern,https://github.com/root-project/root/pull/8094#issuecomment-832790530,4,['test'],"['testReport', 'tests']"
Testability,Build failed on ROOT-fedora30/cxx14.; Running on root-fedora30-2.cern.ch:/home/sftnight/build/workspace/root-pullrequests-build; [See console output](https://lcgapp-services.cern.ch/root-jenkins/job/root-pullrequests-build/116898/console).; ### Failing tests:; - [projectroot.tree.ntuple.v7.test.gtest_tree_ntuple_v7_test_ntuple_types](https://lcgapp-services.cern.ch/root-jenkins/job/root-pullrequests-build/116898/testReport/projectroot.tree.ntuple.v7/test/gtest_tree_ntuple_v7_test_ntuple_types/),MatchSource.ISSUE_COMMENT,root-project,root,v6-32-06,https://github.com/root-project/root/pull/8103#issuecomment-833129049:253,test,tests,253,https://root.cern,https://github.com/root-project/root/pull/8103#issuecomment-833129049,4,['test'],"['test', 'testReport', 'tests']"
Testability,Build failed on ROOT-fedora30/cxx14.; Running on root-fedora30-2.cern.ch:/home/sftnight/build/workspace/root-pullrequests-build; [See console output](https://lcgapp-services.cern.ch/root-jenkins/job/root-pullrequests-build/117046/console).; ### Failing tests:; - [projectroot.roottest.root.dataframe.roottest_root_dataframe_test_trainCache](https://lcgapp-services.cern.ch/root-jenkins/job/root-pullrequests-build/117046/testReport/projectroot.roottest.root/dataframe/roottest_root_dataframe_test_trainCache/); - [projectroot.roottest.root.dataframe.roottest_root_dataframe_missingBranches](https://lcgapp-services.cern.ch/root-jenkins/job/root-pullrequests-build/117046/testReport/projectroot.roottest.root/dataframe/roottest_root_dataframe_missingBranches/); - [projectroot.roottest.root.dataframe.roottest_root_dataframe_test_readTotemNtuple](https://lcgapp-services.cern.ch/root-jenkins/job/root-pullrequests-build/117046/testReport/projectroot.roottest.root/dataframe/roottest_root_dataframe_test_readTotemNtuple/); - [projectroot.roottest.root.dataframe.roottest_root_dataframe_ctors](https://lcgapp-services.cern.ch/root-jenkins/job/root-pullrequests-build/117046/testReport/projectroot.roottest.root/dataframe/roottest_root_dataframe_ctors/); - [projectroot.roottest.root.dataframe.roottest_root_dataframe_test_glob](https://lcgapp-services.cern.ch/root-jenkins/job/root-pullrequests-build/117046/testReport/projectroot.roottest.root/dataframe/roottest_root_dataframe_test_glob/); - [projectroot.roottest.root.dataframe.roottest_root_dataframe_test_reduce](https://lcgapp-services.cern.ch/root-jenkins/job/root-pullrequests-build/117046/testReport/projectroot.roottest.root/dataframe/roottest_root_dataframe_test_reduce/); - [projectroot.roottest.root.dataframe.roottest_root_dataframe_regression_snapshot](https://lcgapp-services.cern.ch/root-jenkins/job/root-pullrequests-build/117046/testReport/projectroot.roottest.root/dataframe/roottest_root_dataframe_regression_snapshot/); - [projectro,MatchSource.ISSUE_COMMENT,root-project,root,v6-32-06,https://github.com/root-project/root/pull/8094#issuecomment-833752032:253,test,tests,253,https://root.cern,https://github.com/root-project/root/pull/8094#issuecomment-833752032,4,['test'],"['testReport', 'tests']"
Testability,"Build failed on ROOT-fedora30/cxx14.; Running on root-fedora30-2.cern.ch:/home/sftnight/build/workspace/root-pullrequests-build; [See console output](https://lcgapp-services.cern.ch/root-jenkins/job/root-pullrequests-build/117254/console).; ### Errors:; - [2021-05-07T16:35:47.977Z] FAILED: core/metacling/test/CMakeFiles/TClingTest.dir/TClingMethodInfoTests.cxx.o ; - [2021-05-07T16:35:48.235Z] /home/sftnight/build/workspace/root-pullrequests-build/root/core/metacling/test/TClingMethodInfoTests.cxx:621:53: error: ‘std::unordered_map’ has not been declared ; - [2021-05-07T16:35:48.236Z] /home/sftnight/build/workspace/root-pullrequests-build/root/core/metacling/test/TClingMethodInfoTests.cxx:621:66: error: expected ‘,’ or ‘...’ before ‘&lt;’ token ; - [2021-05-07T16:35:48.236Z] /home/sftnight/build/workspace/root-pullrequests-build/root/core/metacling/test/TClingMethodInfoTests.cxx:630:27: error: ‘funcPar0’ was not declared in this scope ; - [2021-05-07T16:35:48.236Z] /home/sftnight/build/workspace/root-pullrequests-build/root/core/metacling/test/TClingMethodInfoTests.cxx:637:17: error: ‘funcPar0’ was not declared in this scope ; - [2021-05-07T16:35:48.236Z] /home/sftnight/build/workspace/root-pullrequests-build/root/core/metacling/test/TClingMethodInfoTests.cxx:645:34: error: no match for call to ‘(TClingMethodInfo_NonDependentMemberTypes_Test::TestBody()::&lt;lambda(const char*, int)&gt;) (const char [17], &lt;brace-enclosed initializer list&gt;)’ ; - [2021-05-07T16:35:48.236Z] /home/sftnight/build/workspace/root-pullrequests-build/root/core/metacling/test/TClingMethodInfoTests.cxx:654:34: error: no match for call to ‘(TClingMethodInfo_NonDependentMemberTypes_Test::TestBody()::&lt;lambda(const char*, int)&gt;) (const char [17], &lt;brace-enclosed initializer list&gt;)’ ; - [2021-05-07T16:35:48.236Z] /home/sftnight/build/workspace/root-pullrequests-build/root/core/metacling/test/TClingMethodInfoTests.cxx:662:34: error: no match for call to ‘(TClingMethodInfo_NonDependen",MatchSource.ISSUE_COMMENT,root-project,root,v6-32-06,https://github.com/root-project/root/pull/8124#issuecomment-834603861:306,test,test,306,https://root.cern,https://github.com/root-project/root/pull/8124#issuecomment-834603861,4,['test'],['test']
Testability,Build failed on ROOT-fedora30/cxx14.; Running on root-fedora30-2.cern.ch:/home/sftnight/build/workspace/root-pullrequests-build; [See console output](https://lcgapp-services.cern.ch/root-jenkins/job/root-pullrequests-build/117262/console).; ### Failing tests:; - [projectroot.bindings.experimental.distrdf.test.pyunittests_distrdf_unit_test_headnode](https://lcgapp-services.cern.ch/root-jenkins/job/root-pullrequests-build/117262/testReport/projectroot.bindings.experimental.distrdf/test/pyunittests_distrdf_unit_test_headnode/); - [projectroot.bindings.pyroot.pythonizations.test.pyunittests_pyroot_pyz_pretty_printing](https://lcgapp-services.cern.ch/root-jenkins/job/root-pullrequests-build/117262/testReport/projectroot.bindings.pyroot.pythonizations/test/pyunittests_pyroot_pyz_pretty_printing/); - [projectroot.bindings.pyroot.pythonizations.test.pyunittests_pyroot_pyz_ttree_branch_attr](https://lcgapp-services.cern.ch/root-jenkins/job/root-pullrequests-build/117262/testReport/projectroot.bindings.pyroot.pythonizations/test/pyunittests_pyroot_pyz_ttree_branch_attr/); - [projectroot.bindings.pyroot.pythonizations.test.pyunittests_pyroot_pyz_ttree_branch](https://lcgapp-services.cern.ch/root-jenkins/job/root-pullrequests-build/117262/testReport/projectroot.bindings.pyroot.pythonizations/test/pyunittests_pyroot_pyz_ttree_branch/); - [projectroot.bindings.pyroot.pythonizations.test.pyunittests_pyroot_pyz_array_interface](https://lcgapp-services.cern.ch/root-jenkins/job/root-pullrequests-build/117262/testReport/projectroot.bindings.pyroot.pythonizations/test/pyunittests_pyroot_pyz_array_interface/); - [projectroot.bindings.pyroot.pythonizations.test.pyunittests_pyroot_pyz_ttree_setbranchaddress](https://lcgapp-services.cern.ch/root-jenkins/job/root-pullrequests-build/117262/testReport/projectroot.bindings.pyroot.pythonizations/test/pyunittests_pyroot_pyz_ttree_setbranchaddress/); - [projectroot.bindings.pyroot.pythonizations.test.pyunittests_pyroot_pyz_ttree_asmatrix](https://,MatchSource.ISSUE_COMMENT,root-project,root,v6-32-06,https://github.com/root-project/root/pull/8124#issuecomment-834727273:253,test,tests,253,https://root.cern,https://github.com/root-project/root/pull/8124#issuecomment-834727273,9,['test'],"['test', 'testReport', 'tests']"
Testability,Build failed on ROOT-fedora30/cxx14.; Running on root-fedora30-2.cern.ch:/home/sftnight/build/workspace/root-pullrequests-build; [See console output](https://lcgapp-services.cern.ch/root-jenkins/job/root-pullrequests-build/117457/console).; ### Failing tests:; - [projectroot.roottest.root.tree.index.roottest_root_tree_index_make](https://lcgapp-services.cern.ch/root-jenkins/job/root-pullrequests-build/117457/testReport/projectroot.roottest.root.tree/index/roottest_root_tree_index_make/),MatchSource.ISSUE_COMMENT,root-project,root,v6-32-06,https://github.com/root-project/root/pull/8153#issuecomment-838509824:253,test,tests,253,https://root.cern,https://github.com/root-project/root/pull/8153#issuecomment-838509824,2,['test'],"['testReport', 'tests']"
Testability,Build failed on ROOT-fedora30/cxx14.; Running on root-fedora30-2.cern.ch:/home/sftnight/build/workspace/root-pullrequests-build; [See console output](https://lcgapp-services.cern.ch/root-jenkins/job/root-pullrequests-build/117684/console).; ### Warnings:; - [2021-05-12T14:07:27.242Z] /home/sftnight/build/workspace/root-pullrequests-build/root/roofit/histfactory/test/testHistFactory.cxx:315:8: warning: suggest explicit braces to avoid ambiguous ‘else’ [-Wdangling-else] ; - [2021-05-12T14:07:27.242Z] /home/sftnight/build/workspace/root-pullrequests-build/root/roofit/histfactory/test/testHistFactory.cxx:492:18: warning: declaration of ‘verbose’ shadows a member of ‘HFFixture_Fit_Test’ [-Wshadow],MatchSource.ISSUE_COMMENT,root-project,root,v6-32-06,https://github.com/root-project/root/pull/8167#issuecomment-839813996:364,test,test,364,https://root.cern,https://github.com/root-project/root/pull/8167#issuecomment-839813996,4,['test'],"['test', 'testHistFactory']"
Testability,Build failed on ROOT-fedora30/cxx14.; Running on root-fedora30-2.cern.ch:/home/sftnight/build/workspace/root-pullrequests-build; [See console output](https://lcgapp-services.cern.ch/root-jenkins/job/root-pullrequests-build/117781/console).; ### Failing tests:; - [projectroot.test.test_stressHistFactory_interpreted](https://lcgapp-services.cern.ch/root-jenkins/job/root-pullrequests-build/117781/testReport/projectroot/test/test_stressHistFactory_interpreted/); - [projectroot.test.test_stressroostats_interpreted](https://lcgapp-services.cern.ch/root-jenkins/job/root-pullrequests-build/117781/testReport/projectroot/test/test_stressroostats_interpreted/); - [projectroot.test.test_stressroofit_interpreted](https://lcgapp-services.cern.ch/root-jenkins/job/root-pullrequests-build/117781/testReport/projectroot/test/test_stressroofit_interpreted/); - [projectroot.bindings.pyroot.pythonizations.test.pyunittests_pyroot_roofit_rooabspdf_fitto](https://lcgapp-services.cern.ch/root-jenkins/job/root-pullrequests-build/117781/testReport/projectroot.bindings.pyroot.pythonizations/test/pyunittests_pyroot_roofit_rooabspdf_fitto/); - [projectroot.bindings.pyroot.pythonizations.test.pyunittests_pyroot_roofit_roodatahist_ploton](https://lcgapp-services.cern.ch/root-jenkins/job/root-pullrequests-build/117781/testReport/projectroot.bindings.pyroot.pythonizations/test/pyunittests_pyroot_roofit_roodatahist_ploton/); - [projectroot.bindings.pyroot.pythonizations.test.pyunittests_pyroot_roofit_rooabsreal_ploton](https://lcgapp-services.cern.ch/root-jenkins/job/root-pullrequests-build/117781/testReport/projectroot.bindings.pyroot.pythonizations/test/pyunittests_pyroot_roofit_rooabsreal_ploton/); - [projectroot.roofit.RDataFrameHelpers.test.gtest_roofit_RDataFrameHelpers_test_testActionHelpers](https://lcgapp-services.cern.ch/root-jenkins/job/root-pullrequests-build/117781/testReport/projectroot.roofit.RDataFrameHelpers/test/gtest_roofit_RDataFrameHelpers_test_testActionHelpers/); - [projectroot.r,MatchSource.ISSUE_COMMENT,root-project,root,v6-32-06,https://github.com/root-project/root/pull/8179#issuecomment-841889839:253,test,tests,253,https://root.cern,https://github.com/root-project/root/pull/8179#issuecomment-841889839,11,['test'],"['test', 'testReport', 'tests']"
Testability,Build failed on ROOT-fedora30/cxx14.; Running on root-fedora30-2.cern.ch:/home/sftnight/build/workspace/root-pullrequests-build; [See console output](https://lcgapp-services.cern.ch/root-jenkins/job/root-pullrequests-build/117813/console).; ### Failing tests:; - [projectroot.roottest.root.tree.index.roottest_root_tree_index_make](https://lcgapp-services.cern.ch/root-jenkins/job/root-pullrequests-build/117813/testReport/projectroot.roottest.root.tree/index/roottest_root_tree_index_make/),MatchSource.ISSUE_COMMENT,root-project,root,v6-32-06,https://github.com/root-project/root/pull/8170#issuecomment-842199309:253,test,tests,253,https://root.cern,https://github.com/root-project/root/pull/8170#issuecomment-842199309,2,['test'],"['testReport', 'tests']"
Testability,Build failed on ROOT-fedora30/cxx14.; Running on root-fedora30-2.cern.ch:/home/sftnight/build/workspace/root-pullrequests-build; [See console output](https://lcgapp-services.cern.ch/root-jenkins/job/root-pullrequests-build/118087/console).; ### Failing tests:; - [projectroot.roottest.cling.specialobj.roottest_cling_specialobj_runf02](https://lcgapp-services.cern.ch/root-jenkins/job/root-pullrequests-build/118087/testReport/projectroot.roottest.cling/specialobj/roottest_cling_specialobj_runf02/); - [projectroot.roottest.root.meta.roottest_root_meta_runnamespace_auto](https://lcgapp-services.cern.ch/root-jenkins/job/root-pullrequests-build/118087/testReport/projectroot.roottest.root/meta/roottest_root_meta_runnamespace_auto/); - [projectroot.roottest.root.io.clones.roottest_root_io_clones_make](https://lcgapp-services.cern.ch/root-jenkins/job/root-pullrequests-build/118087/testReport/projectroot.roottest.root.io/clones/roottest_root_io_clones_make/); - [projectroot.roottest.root.io.interface.roottest_root_io_interface_make](https://lcgapp-services.cern.ch/root-jenkins/job/root-pullrequests-build/118087/testReport/projectroot.roottest.root.io/interface/roottest_root_io_interface_make/); - [projectroot.roottest.root.meta.ROOT-7462.roottest_root_meta_ROOT_7462_make](https://lcgapp-services.cern.ch/root-jenkins/job/root-pullrequests-build/118087/testReport/projectroot.roottest.root.meta/ROOT-7462/roottest_root_meta_ROOT_7462_make/); - [projectroot.roottest.root.meta.tclass.roottest_root_meta_tclass_execDuplicate](https://lcgapp-services.cern.ch/root-jenkins/job/root-pullrequests-build/118087/testReport/projectroot.roottest.root.meta/tclass/roottest_root_meta_tclass_execDuplicate/); - [projectroot.roottest.root.selector.simple.roottest_root_selector_simple_runtestLoadingSelector](https://lcgapp-services.cern.ch/root-jenkins/job/root-pullrequests-build/118087/testReport/projectroot.roottest.root.selector/simple/roottest_root_selector_simple_runtestLoadingSelector/); - [proje,MatchSource.ISSUE_COMMENT,root-project,root,v6-32-06,https://github.com/root-project/root/pull/8204#issuecomment-844250497:253,test,tests,253,https://root.cern,https://github.com/root-project/root/pull/8204#issuecomment-844250497,8,['test'],"['testReport', 'tests']"
Testability,Build failed on ROOT-fedora30/cxx14.; Running on root-fedora30-2.cern.ch:/home/sftnight/build/workspace/root-pullrequests-build; [See console output](https://lcgapp-services.cern.ch/root-jenkins/job/root-pullrequests-build/118095/console).; ### Failing tests:; - [projectroot.tree.ntuple.v7.test.gtest_tree_ntuple_v7_test_ntuple_metrics](https://lcgapp-services.cern.ch/root-jenkins/job/root-pullrequests-build/118095/testReport/projectroot.tree.ntuple.v7/test/gtest_tree_ntuple_v7_test_ntuple_metrics/),MatchSource.ISSUE_COMMENT,root-project,root,v6-32-06,https://github.com/root-project/root/pull/8077#issuecomment-844271170:253,test,tests,253,https://root.cern,https://github.com/root-project/root/pull/8077#issuecomment-844271170,4,['test'],"['test', 'testReport', 'tests']"
Testability,Build failed on ROOT-fedora30/cxx14.; Running on root-fedora30-2.cern.ch:/home/sftnight/build/workspace/root-pullrequests-build; [See console output](https://lcgapp-services.cern.ch/root-jenkins/job/root-pullrequests-build/118119/console).; ### Failing tests:; - [projectroot.roottest.cling.typedef_global.roottest_cling_typedef_global_scopeTest2](https://lcgapp-services.cern.ch/root-jenkins/job/root-pullrequests-build/118119/testReport/projectroot.roottest.cling/typedef_global/roottest_cling_typedef_global_scopeTest2/),MatchSource.ISSUE_COMMENT,root-project,root,v6-32-06,https://github.com/root-project/root/pull/8077#issuecomment-844307711:253,test,tests,253,https://root.cern,https://github.com/root-project/root/pull/8077#issuecomment-844307711,2,['test'],"['testReport', 'tests']"
Testability,Build failed on ROOT-fedora30/cxx14.; Running on root-fedora30-2.cern.ch:/home/sftnight/build/workspace/root-pullrequests-build; [See console output](https://lcgapp-services.cern.ch/root-jenkins/job/root-pullrequests-build/118207/console).; ### Failing tests:; - [projectroot.tree.dataframe.test.gtest_tree_dataframe_test_datasource_ntuple](https://lcgapp-services.cern.ch/root-jenkins/job/root-pullrequests-build/118207/testReport/projectroot.tree.dataframe/test/gtest_tree_dataframe_test_datasource_ntuple/),MatchSource.ISSUE_COMMENT,root-project,root,v6-32-06,https://github.com/root-project/root/pull/7354#issuecomment-845013861:253,test,tests,253,https://root.cern,https://github.com/root-project/root/pull/7354#issuecomment-845013861,4,['test'],"['test', 'testReport', 'tests']"
Testability,Build failed on ROOT-fedora30/cxx14.; Running on root-fedora30-2.cern.ch:/home/sftnight/build/workspace/root-pullrequests-build; [See console output](https://lcgapp-services.cern.ch/root-jenkins/job/root-pullrequests-build/118247/console).; ### Failing tests:; - [projectroot.test.test_stressIOPlugins_xroot](https://lcgapp-services.cern.ch/root-jenkins/job/root-pullrequests-build/118247/testReport/projectroot/test/test_stressIOPlugins_xroot/); - [projectroot.tree.treeplayer.test.gtest_tree_treeplayer_test_treeprocessormt_remotefiles](https://lcgapp-services.cern.ch/root-jenkins/job/root-pullrequests-build/118247/testReport/projectroot.tree.treeplayer/test/gtest_tree_treeplayer_test_treeprocessormt_remotefiles/),MatchSource.ISSUE_COMMENT,root-project,root,v6-32-06,https://github.com/root-project/root/pull/7335#issuecomment-845164412:253,test,tests,253,https://root.cern,https://github.com/root-project/root/pull/7335#issuecomment-845164412,7,['test'],"['test', 'testReport', 'tests']"
Testability,Build failed on ROOT-fedora30/cxx14.; Running on root-fedora30-2.cern.ch:/home/sftnight/build/workspace/root-pullrequests-build; [See console output](https://lcgapp-services.cern.ch/root-jenkins/job/root-pullrequests-build/118263/console).; ### Failing tests:; - [projectroot.interpreter.clingtest_check_cling](https://lcgapp-services.cern.ch/root-jenkins/job/root-pullrequests-build/118263/testReport/projectroot/interpreter/clingtest_check_cling/); - [projectroot.roottest.root.meta.roottest_root_meta_countIncludePaths](https://lcgapp-services.cern.ch/root-jenkins/job/root-pullrequests-build/118263/testReport/projectroot.roottest.root/meta/roottest_root_meta_countIncludePaths/),MatchSource.ISSUE_COMMENT,root-project,root,v6-32-06,https://github.com/root-project/root/pull/8204#issuecomment-845246091:253,test,tests,253,https://root.cern,https://github.com/root-project/root/pull/8204#issuecomment-845246091,3,['test'],"['testReport', 'tests']"
Testability,Build failed on ROOT-fedora30/cxx14.; Running on root-fedora30-2.cern.ch:/home/sftnight/build/workspace/root-pullrequests-build; [See console output](https://lcgapp-services.cern.ch/root-jenkins/job/root-pullrequests-build/118368/console).; ### Failing tests:; - [projectroot.io.io.test.gtest_io_io_test_TBufferMerger](https://lcgapp-services.cern.ch/root-jenkins/job/root-pullrequests-build/118368/testReport/projectroot.io.io/test/gtest_io_io_test_TBufferMerger/); - [projectroot.roottest.root.dataframe.roottest_root_dataframe_test_snapshotNFiles](https://lcgapp-services.cern.ch/root-jenkins/job/root-pullrequests-build/118368/testReport/projectroot.roottest.root/dataframe/roottest_root_dataframe_test_snapshotNFiles/); - [projectroot.roottest.root.dataframe.roottest_root_dataframe_test_snapshot_manytasks](https://lcgapp-services.cern.ch/root-jenkins/job/root-pullrequests-build/118368/testReport/projectroot.roottest.root/dataframe/roottest_root_dataframe_test_snapshot_manytasks/); - [projectroot.roottest.root.io.filemerger.roottest_root_io_filemerger_simplex2_default_compr_level9](https://lcgapp-services.cern.ch/root-jenkins/job/root-pullrequests-build/118368/testReport/projectroot.roottest.root.io/filemerger/roottest_root_io_filemerger_simplex2_default_compr_level9/); - [projectroot.roottest.root.io.filemerger.roottest_root_io_filemerger_simplek_default_compr_deflevel](https://lcgapp-services.cern.ch/root-jenkins/job/root-pullrequests-build/118368/testReport/projectroot.roottest.root.io/filemerger/roottest_root_io_filemerger_simplek_default_compr_deflevel/); - [projectroot.roottest.root.io.filemerger.roottest_root_io_filemerger_datagen_hadd_mzfile12](https://lcgapp-services.cern.ch/root-jenkins/job/root-pullrequests-build/118368/testReport/projectroot.roottest.root.io/filemerger/roottest_root_io_filemerger_datagen_hadd_mzfile12/); - [projectroot.roottest.root.io.filemerger.roottest_root_io_filemerger_datagen_hadd_mzfile34](https://lcgapp-services.cern.ch/root-jenkins/job,MatchSource.ISSUE_COMMENT,root-project,root,v6-32-06,https://github.com/root-project/root/pull/8228#issuecomment-846096950:253,test,tests,253,https://root.cern,https://github.com/root-project/root/pull/8228#issuecomment-846096950,6,['test'],"['test', 'testReport', 'tests']"
Testability,Build failed on ROOT-fedora30/cxx14.; Running on root-fedora30-2.cern.ch:/home/sftnight/build/workspace/root-pullrequests-build; [See console output](https://lcgapp-services.cern.ch/root-jenkins/job/root-pullrequests-build/118376/console).; ### Failing tests:; - [projectroot.io.io.test.gtest_io_io_test_TBufferMerger](https://lcgapp-services.cern.ch/root-jenkins/job/root-pullrequests-build/118376/testReport/projectroot.io.io/test/gtest_io_io_test_TBufferMerger/); - [projectroot.roottest.root.dataframe.roottest_root_dataframe_test_snapshotNFiles](https://lcgapp-services.cern.ch/root-jenkins/job/root-pullrequests-build/118376/testReport/projectroot.roottest.root/dataframe/roottest_root_dataframe_test_snapshotNFiles/); - [projectroot.roottest.root.dataframe.roottest_root_dataframe_test_snapshot_manytasks](https://lcgapp-services.cern.ch/root-jenkins/job/root-pullrequests-build/118376/testReport/projectroot.roottest.root/dataframe/roottest_root_dataframe_test_snapshot_manytasks/); - [projectroot.tree.dataframe.test.gtest_tree_dataframe_test_dataframe_regression](https://lcgapp-services.cern.ch/root-jenkins/job/root-pullrequests-build/118376/testReport/projectroot.tree.dataframe/test/gtest_tree_dataframe_test_dataframe_regression/); - [projectroot.tree.dataframe.test.gtest_tree_dataframe_test_dataframe_snapshot](https://lcgapp-services.cern.ch/root-jenkins/job/root-pullrequests-build/118376/testReport/projectroot.tree.dataframe/test/gtest_tree_dataframe_test_dataframe_snapshot/); - [projectroot.tree.dataframe.test.gtest_tree_dataframe_test_dataframe_simple](https://lcgapp-services.cern.ch/root-jenkins/job/root-pullrequests-build/118376/testReport/projectroot.tree.dataframe/test/gtest_tree_dataframe_test_dataframe_simple/); - [projectroot.tree.dataframe.test.gtest_tree_dataframe_test_dataframe_concurrency](https://lcgapp-services.cern.ch/root-jenkins/job/root-pullrequests-build/118376/testReport/projectroot.tree.dataframe/test/gtest_tree_dataframe_test_dataframe_concurrency,MatchSource.ISSUE_COMMENT,root-project,root,v6-32-06,https://github.com/root-project/root/pull/8229#issuecomment-846110880:253,test,tests,253,https://root.cern,https://github.com/root-project/root/pull/8229#issuecomment-846110880,6,['test'],"['test', 'testReport', 'tests']"
Testability,Build failed on ROOT-fedora30/cxx14.; Running on root-fedora30-2.cern.ch:/home/sftnight/build/workspace/root-pullrequests-build; [See console output](https://lcgapp-services.cern.ch/root-jenkins/job/root-pullrequests-build/118416/console).; ### Failing tests:; - [projectroot.tree.ntuple.v7.test.gtest_tree_ntuple_v7_test_ntuple_types](https://lcgapp-services.cern.ch/root-jenkins/job/root-pullrequests-build/118416/testReport/projectroot.tree.ntuple.v7/test/gtest_tree_ntuple_v7_test_ntuple_types/),MatchSource.ISSUE_COMMENT,root-project,root,v6-32-06,https://github.com/root-project/root/pull/8227#issuecomment-846158352:253,test,tests,253,https://root.cern,https://github.com/root-project/root/pull/8227#issuecomment-846158352,4,['test'],"['test', 'testReport', 'tests']"
Testability,Build failed on ROOT-fedora30/cxx14.; Running on root-fedora30-2.cern.ch:/home/sftnight/build/workspace/root-pullrequests-build; [See console output](https://lcgapp-services.cern.ch/root-jenkins/job/root-pullrequests-build/118449/console).; ### Failing tests:; - [projectroot.bindings.pyroot.pythonizations.test.pyunittests_pyroot_pyz_rdataframe_asnumpy](https://lcgapp-services.cern.ch/root-jenkins/job/root-pullrequests-build/118449/testReport/projectroot.bindings.pyroot.pythonizations/test/pyunittests_pyroot_pyz_rdataframe_asnumpy/); - [projectroot.roottest.cling.templateMembers.roottest_cling_templateMembers_runoperatorEqual](https://lcgapp-services.cern.ch/root-jenkins/job/root-pullrequests-build/118449/testReport/projectroot.roottest.cling/templateMembers/roottest_cling_templateMembers_runoperatorEqual/); - [projectroot.roottest.root.io.stdarray.roottest_root_io_stdarray_modelReadDictTXMLFile](https://lcgapp-services.cern.ch/root-jenkins/job/root-pullrequests-build/118449/testReport/projectroot.roottest.root.io/stdarray/roottest_root_io_stdarray_modelReadDictTXMLFile/); - [projectroot.roottest.root.io.stdarray.roottest_root_io_stdarray_modelReadDictTFile](https://lcgapp-services.cern.ch/root-jenkins/job/root-pullrequests-build/118449/testReport/projectroot.roottest.root.io/stdarray/roottest_root_io_stdarray_modelReadDictTFile/); - [projectroot.roottest.root.io.stdarray.roottest_root_io_stdarray_modelReadDict2TFile](https://lcgapp-services.cern.ch/root-jenkins/job/root-pullrequests-build/118449/testReport/projectroot.roottest.root.io/stdarray/roottest_root_io_stdarray_modelReadDict2TFile/); - [projectroot.roottest.root.io.stdarray.roottest_root_io_stdarray_aclic03](https://lcgapp-services.cern.ch/root-jenkins/job/root-pullrequests-build/118449/testReport/projectroot.roottest.root.io/stdarray/roottest_root_io_stdarray_aclic03/); - [projectroot.roottest.root.io.stdarray.roottest_root_io_stdarray_aclic00](https://lcgapp-services.cern.ch/root-jenkins/job/root-pullreques,MatchSource.ISSUE_COMMENT,root-project,root,v6-32-06,https://github.com/root-project/root/pull/8173#issuecomment-846784640:253,test,tests,253,https://root.cern,https://github.com/root-project/root/pull/8173#issuecomment-846784640,6,['test'],"['test', 'testReport', 'tests']"
Testability,Build failed on ROOT-fedora30/cxx14.; Running on root-fedora30-2.cern.ch:/home/sftnight/build/workspace/root-pullrequests-build; [See console output](https://lcgapp-services.cern.ch/root-jenkins/job/root-pullrequests-build/118464/console).; ### Failing tests:; - [projectroot.interpreter.clingtest_check_cling](https://lcgapp-services.cern.ch/root-jenkins/job/root-pullrequests-build/118464/testReport/projectroot/interpreter/clingtest_check_cling/); - [projectroot.roottest.root.meta.roottest_root_meta_countIncludePaths](https://lcgapp-services.cern.ch/root-jenkins/job/root-pullrequests-build/118464/testReport/projectroot.roottest.root/meta/roottest_root_meta_countIncludePaths/),MatchSource.ISSUE_COMMENT,root-project,root,v6-32-06,https://github.com/root-project/root/pull/8204#issuecomment-847674843:253,test,tests,253,https://root.cern,https://github.com/root-project/root/pull/8204#issuecomment-847674843,3,['test'],"['testReport', 'tests']"
Testability,Build failed on ROOT-fedora30/cxx14.; Running on root-fedora30-2.cern.ch:/home/sftnight/build/workspace/root-pullrequests-build; [See console output](https://lcgapp-services.cern.ch/root-jenkins/job/root-pullrequests-build/118529/console).; ### Failing tests:; - [projectroot.test.test_stressIOPlugins_xroot](https://lcgapp-services.cern.ch/root-jenkins/job/root-pullrequests-build/118529/testReport/projectroot/test/test_stressIOPlugins_xroot/); - [projectroot.tree.dataframe.test.gtest_tree_dataframe_test_datasource_ntuple](https://lcgapp-services.cern.ch/root-jenkins/job/root-pullrequests-build/118529/testReport/projectroot.tree.dataframe/test/gtest_tree_dataframe_test_datasource_ntuple/); - [projectroot.tree.treeplayer.test.gtest_tree_treeplayer_test_treeprocessormt_remotefiles](https://lcgapp-services.cern.ch/root-jenkins/job/root-pullrequests-build/118529/testReport/projectroot.tree.treeplayer/test/gtest_tree_treeplayer_test_treeprocessormt_remotefiles/),MatchSource.ISSUE_COMMENT,root-project,root,v6-32-06,https://github.com/root-project/root/pull/7354#issuecomment-848580242:253,test,tests,253,https://root.cern,https://github.com/root-project/root/pull/7354#issuecomment-848580242,10,['test'],"['test', 'testReport', 'tests']"
Testability,Build failed on ROOT-fedora30/cxx14.; Running on root-fedora30-2.cern.ch:/home/sftnight/build/workspace/root-pullrequests-build; [See console output](https://lcgapp-services.cern.ch/root-jenkins/job/root-pullrequests-build/118626/console).; ### Failing tests:; - [projectroot.bindings.pyroot.pythonizations.test.pyunittests_pyroot_pyz_ttree_iterable](https://lcgapp-services.cern.ch/root-jenkins/job/root-pullrequests-build/118626/testReport/projectroot.bindings.pyroot.pythonizations/test/pyunittests_pyroot_pyz_ttree_iterable/); - [projectroot.bindings.pyroot.pythonizations.test.pyunittests_pyroot_pyz_ttree_branch_attr](https://lcgapp-services.cern.ch/root-jenkins/job/root-pullrequests-build/118626/testReport/projectroot.bindings.pyroot.pythonizations/test/pyunittests_pyroot_pyz_ttree_branch_attr/); - [projectroot.bindings.pyroot.pythonizations.test.pyunittests_pyroot_pyz_ttree_setbranchaddress](https://lcgapp-services.cern.ch/root-jenkins/job/root-pullrequests-build/118626/testReport/projectroot.bindings.pyroot.pythonizations/test/pyunittests_pyroot_pyz_ttree_setbranchaddress/); - [projectroot.roottest.root.collection.roottest_root_collection_execHistArray_auto](https://lcgapp-services.cern.ch/root-jenkins/job/root-pullrequests-build/118626/testReport/projectroot.roottest.root/collection/roottest_root_collection_execHistArray_auto/); - [projectroot.roottest.root.io.complex.roottest_root_io_complex_readcomplex](https://lcgapp-services.cern.ch/root-jenkins/job/root-pullrequests-build/118626/testReport/projectroot.roottest.root.io/complex/roottest_root_io_complex_readcomplex/),MatchSource.ISSUE_COMMENT,root-project,root,v6-32-06,https://github.com/root-project/root/pull/8249#issuecomment-848783231:253,test,tests,253,https://root.cern,https://github.com/root-project/root/pull/8249#issuecomment-848783231,12,['test'],"['test', 'testReport', 'tests']"
Testability,Build failed on ROOT-fedora30/cxx14.; Running on root-fedora30-2.cern.ch:/home/sftnight/build/workspace/root-pullrequests-build; [See console output](https://lcgapp-services.cern.ch/root-jenkins/job/root-pullrequests-build/118682/console).; ### Failing tests:; - [projectroot.hist.hist.test.gtest_hist_hist_test_testTF1](https://lcgapp-services.cern.ch/root-jenkins/job/root-pullrequests-build/118682/testReport/projectroot.hist.hist/test/gtest_hist_hist_test_testTF1/),MatchSource.ISSUE_COMMENT,root-project,root,v6-32-06,https://github.com/root-project/root/pull/8253#issuecomment-848873579:253,test,tests,253,https://root.cern,https://github.com/root-project/root/pull/8253#issuecomment-848873579,4,['test'],"['test', 'testReport', 'tests']"
Testability,Build failed on ROOT-fedora30/cxx14.; Running on root-fedora30-2.cern.ch:/home/sftnight/build/workspace/root-pullrequests-build; [See console output](https://lcgapp-services.cern.ch/root-jenkins/job/root-pullrequests-build/96708/console).; ### Warnings:; - [2020-09-24T17:53:10.727Z] /home/sftnight/build/workspace/root-pullrequests-build/root/io/io/src/TGenCollectionProxy.cxx:391:21: warning: unused variable ‘enumTable’ [-Wunused-variable] . ### Failing tests:; - [projectroot.roottest.cling.typedef_global.roottest_cling_typedef_global_scopeTest](https://lcgapp-services.cern.ch/root-jenkins/job/root-pullrequests-build/96708/testReport/projectroot.roottest.cling/typedef_global/roottest_cling_typedef_global_scopeTest/); - [projectroot.roottest.root.meta.roottest_root_meta_execString_auto](https://lcgapp-services.cern.ch/root-jenkins/job/root-pullrequests-build/96708/testReport/projectroot.roottest.root/meta/roottest_root_meta_execString_auto/); - [projectroot.roottest.root.io.cpp11Containers.roottest_root_io_cpp11Containers_forwardList](https://lcgapp-services.cern.ch/root-jenkins/job/root-pullrequests-build/96708/testReport/projectroot.roottest.root.io/cpp11Containers/roottest_root_io_cpp11Containers_forwardList/); - [projectroot.roottest.root.io.cpp11Containers.roottest_root_io_cpp11Containers_Names](https://lcgapp-services.cern.ch/root-jenkins/job/root-pullrequests-build/96708/testReport/projectroot.roottest.root.io/cpp11Containers/roottest_root_io_cpp11Containers_Names/); - [projectroot.roottest.root.io.emulated.roottest_root_io_emulated_make](https://lcgapp-services.cern.ch/root-jenkins/job/root-pullrequests-build/96708/testReport/projectroot.roottest.root.io/emulated/roottest_root_io_emulated_make/); - [projectroot.roottest.root.io.tclass.roottest_root_io_tclass_make](https://lcgapp-services.cern.ch/root-jenkins/job/root-pullrequests-build/96708/testReport/projectroot.roottest.root.io/tclass/roottest_root_io_tclass_make/); - [projectroot.roottest.root.io.uniquePoin,MatchSource.ISSUE_COMMENT,root-project,root,v6-32-06,https://github.com/root-project/root/pull/6445#issuecomment-698508518:457,test,tests,457,https://root.cern,https://github.com/root-project/root/pull/6445#issuecomment-698508518,3,['test'],"['testReport', 'tests']"
Testability,Build failed on ROOT-fedora30/cxx14.; Running on root-fedora30-2.cern.ch:/home/sftnight/build/workspace/root-pullrequests-build; [See console output](https://lcgapp-services.cern.ch/root-jenkins/job/root-pullrequests-build/97400/console).; ### Failing tests:; - [projectroot.roottest.root.meta.autoloading.headerParsingOnDemand.roottest_root_meta_autoloading_headerParsingOnDemand_no_autoparse_read](https://lcgapp-services.cern.ch/root-jenkins/job/root-pullrequests-build/97400/testReport/projectroot.roottest.root.meta.autoloading/headerParsingOnDemand/roottest_root_meta_autoloading_headerParsingOnDemand_no_autoparse_read/),MatchSource.ISSUE_COMMENT,root-project,root,v6-32-06,https://github.com/root-project/root/pull/6445#issuecomment-701109266:252,test,tests,252,https://root.cern,https://github.com/root-project/root/pull/6445#issuecomment-701109266,2,['test'],"['testReport', 'tests']"
Testability,Build failed on ROOT-fedora30/cxx14.; Running on root-fedora30-2.cern.ch:/home/sftnight/build/workspace/root-pullrequests-build; [See console output](https://lcgapp-services.cern.ch/root-jenkins/job/root-pullrequests-build/97504/console).; ### Failing tests:; - [projectroot.roottest.root.meta.autoloading.headerParsingOnDemand.roottest_root_meta_autoloading_headerParsingOnDemand_no_autoparse_read](https://lcgapp-services.cern.ch/root-jenkins/job/root-pullrequests-build/97504/testReport/projectroot.roottest.root.meta.autoloading/headerParsingOnDemand/roottest_root_meta_autoloading_headerParsingOnDemand_no_autoparse_read/); - [projectroot.roottest.root.multicore.roottest_root_multicore_processExecutorH1Test](https://lcgapp-services.cern.ch/root-jenkins/job/root-pullrequests-build/97504/testReport/projectroot.roottest.root/multicore/roottest_root_multicore_processExecutorH1Test/),MatchSource.ISSUE_COMMENT,root-project,root,v6-32-06,https://github.com/root-project/root/pull/6445#issuecomment-701619871:252,test,tests,252,https://root.cern,https://github.com/root-project/root/pull/6445#issuecomment-701619871,3,['test'],"['testReport', 'tests']"
Testability,Build failed on ROOT-fedora30/cxx14.; Running on root-fedora30-2.cern.ch:/home/sftnight/build/workspace/root-pullrequests-build; [See console output](https://lcgapp-services.cern.ch/root-jenkins/job/root-pullrequests-build/97816/console).; ### Failing tests:; - [projectroot.roottest.root.hist.roottest_root_hist_assertSparseToTHn](https://lcgapp-services.cern.ch/root-jenkins/job/root-pullrequests-build/97816/testReport/projectroot.roottest.root/hist/roottest_root_hist_assertSparseToTHn/); - [projectroot.roottest.root.meta.ROOT-7462.roottest_root_meta_ROOT_7462_make](https://lcgapp-services.cern.ch/root-jenkins/job/root-pullrequests-build/97816/testReport/projectroot.roottest.root.meta/ROOT-7462/roottest_root_meta_ROOT_7462_make/),MatchSource.ISSUE_COMMENT,root-project,root,v6-32-06,https://github.com/root-project/root/pull/6377#issuecomment-702726079:252,test,tests,252,https://root.cern,https://github.com/root-project/root/pull/6377#issuecomment-702726079,3,['test'],"['testReport', 'tests']"
Testability,Build failed on ROOT-fedora30/cxx14.; Running on root-fedora30-2.cern.ch:/home/sftnight/build/workspace/root-pullrequests-build; [See console output](https://lcgapp-services.cern.ch/root-jenkins/job/root-pullrequests-build/97848/console).; ### Failing tests:; - [projectroot.core.metacling.test.gtest_core_metacling_test_TClingTest](https://lcgapp-services.cern.ch/root-jenkins/job/root-pullrequests-build/97848/testReport/projectroot.core.metacling/test/gtest_core_metacling_test_TClingTest/); - [projectroot.roottest.root.hist.roottest_root_hist_assertSparseToTHn](https://lcgapp-services.cern.ch/root-jenkins/job/root-pullrequests-build/97848/testReport/projectroot.roottest.root/hist/roottest_root_hist_assertSparseToTHn/),MatchSource.ISSUE_COMMENT,root-project,root,v6-32-06,https://github.com/root-project/root/pull/6377#issuecomment-702791263:252,test,tests,252,https://root.cern,https://github.com/root-project/root/pull/6377#issuecomment-702791263,5,['test'],"['test', 'testReport', 'tests']"
Testability,Build failed on ROOT-fedora30/cxx14.; Running on root-fedora30-2.cern.ch:/home/sftnight/build/workspace/root-pullrequests-build; [See console output](https://lcgapp-services.cern.ch/root-jenkins/job/root-pullrequests-build/98136/console).; ### Failing tests:; - [projectroot.test.test_stressgraphics_interpreted](https://lcgapp-services.cern.ch/root-jenkins/job/root-pullrequests-build/98136/testReport/projectroot/test/test_stressgraphics_interpreted/),MatchSource.ISSUE_COMMENT,root-project,root,v6-32-06,https://github.com/root-project/root/pull/6560#issuecomment-704303623:252,test,tests,252,https://root.cern,https://github.com/root-project/root/pull/6560#issuecomment-704303623,4,['test'],"['test', 'testReport', 'tests']"
Testability,Build failed on ROOT-fedora30/cxx14.; Running on root-fedora30-2.cern.ch:/home/sftnight/build/workspace/root-pullrequests-build; [See console output](https://lcgapp-services.cern.ch/root-jenkins/job/root-pullrequests-build/98224/console).; ### Failing tests:; - [projectroot.roottest.root.meta.tclass.roottest_root_meta_tclass_execReadTmplt](https://lcgapp-services.cern.ch/root-jenkins/job/root-pullrequests-build/98224/testReport/projectroot.roottest.root.meta/tclass/roottest_root_meta_tclass_execReadTmplt/),MatchSource.ISSUE_COMMENT,root-project,root,v6-32-06,https://github.com/root-project/root/pull/6571#issuecomment-704492261:252,test,tests,252,https://root.cern,https://github.com/root-project/root/pull/6571#issuecomment-704492261,2,['test'],"['testReport', 'tests']"
Testability,Build failed on ROOT-fedora30/cxx14.; Running on root-fedora30-2.cern.ch:/home/sftnight/build/workspace/root-pullrequests-build; [See console output](https://lcgapp-services.cern.ch/root-jenkins/job/root-pullrequests-build/98383/console).; ### Failing tests:; - [projectroot.roottest.root.meta.ROOT-7462.roottest_root_meta_ROOT_7462_make](https://lcgapp-services.cern.ch/root-jenkins/job/root-pullrequests-build/98383/testReport/projectroot.roottest.root.meta/ROOT-7462/roottest_root_meta_ROOT_7462_make/),MatchSource.ISSUE_COMMENT,root-project,root,v6-32-06,https://github.com/root-project/root/pull/6542#issuecomment-705070190:252,test,tests,252,https://root.cern,https://github.com/root-project/root/pull/6542#issuecomment-705070190,2,['test'],"['testReport', 'tests']"
Testability,Build failed on ROOT-fedora30/cxx14.; Running on root-fedora30-2.cern.ch:/home/sftnight/build/workspace/root-pullrequests-build; [See console output](https://lcgapp-services.cern.ch/root-jenkins/job/root-pullrequests-build/98391/console).; ### Failing tests:; - [projectroot.roottest.root.meta.ROOT-7462.roottest_root_meta_ROOT_7462_make](https://lcgapp-services.cern.ch/root-jenkins/job/root-pullrequests-build/98391/testReport/projectroot.roottest.root.meta/ROOT-7462/roottest_root_meta_ROOT_7462_make/),MatchSource.ISSUE_COMMENT,root-project,root,v6-32-06,https://github.com/root-project/root/pull/6401#issuecomment-705082038:252,test,tests,252,https://root.cern,https://github.com/root-project/root/pull/6401#issuecomment-705082038,2,['test'],"['testReport', 'tests']"
Testability,Build failed on ROOT-fedora30/cxx14.; Running on root-fedora30-2.cern.ch:/home/sftnight/build/workspace/root-pullrequests-build; [See console output](https://lcgapp-services.cern.ch/root-jenkins/job/root-pullrequests-build/98423/console).; ### Failing tests:; - [projectroot.bindings.pyroot.pythonizations.test.pyunittests_pyroot_numbadeclare](https://lcgapp-services.cern.ch/root-jenkins/job/root-pullrequests-build/98423/testReport/projectroot.bindings.pyroot.pythonizations/test/pyunittests_pyroot_numbadeclare/),MatchSource.ISSUE_COMMENT,root-project,root,v6-32-06,https://github.com/root-project/root/pull/6582#issuecomment-705396262:252,test,tests,252,https://root.cern,https://github.com/root-project/root/pull/6582#issuecomment-705396262,4,['test'],"['test', 'testReport', 'tests']"
Testability,Build failed on ROOT-fedora30/cxx14.; Running on root-fedora30-2.cern.ch:/home/sftnight/build/workspace/root-pullrequests-build; [See console output](https://lcgapp-services.cern.ch/root-jenkins/job/root-pullrequests-build/98520/console).; ### Failing tests:; - [projectroot.roottest.root.multicore.roottest_root_multicore_tSequentialExecutor_build](https://lcgapp-services.cern.ch/root-jenkins/job/root-pullrequests-build/98520/testReport/projectroot.roottest.root/multicore/roottest_root_multicore_tSequentialExecutor_build/); - [projectroot.roottest.root.multicore.roottest_root_multicore_SequentialExecutor](https://lcgapp-services.cern.ch/root-jenkins/job/root-pullrequests-build/98520/testReport/projectroot.roottest.root/multicore/roottest_root_multicore_SequentialExecutor/),MatchSource.ISSUE_COMMENT,root-project,root,v6-32-06,https://github.com/root-project/root/pull/6327#issuecomment-705631859:252,test,tests,252,https://root.cern,https://github.com/root-project/root/pull/6327#issuecomment-705631859,3,['test'],"['testReport', 'tests']"
Testability,Build failed on ROOT-fedora30/cxx14.; Running on root-fedora30-2.cern.ch:/home/sftnight/build/workspace/root-pullrequests-build; [See console output](https://lcgapp-services.cern.ch/root-jenkins/job/root-pullrequests-build/98576/console).; ### Failing tests:; - [projectroot.tree.dataframe.test.gtest_tree_dataframe_test_dataframe_simple](https://lcgapp-services.cern.ch/root-jenkins/job/root-pullrequests-build/98576/testReport/projectroot.tree.dataframe/test/gtest_tree_dataframe_test_dataframe_simple/),MatchSource.ISSUE_COMMENT,root-project,root,v6-32-06,https://github.com/root-project/root/pull/6594#issuecomment-706085990:252,test,tests,252,https://root.cern,https://github.com/root-project/root/pull/6594#issuecomment-706085990,4,['test'],"['test', 'testReport', 'tests']"
Testability,Build failed on ROOT-fedora30/cxx14.; Running on root-fedora30-2.cern.ch:/home/sftnight/build/workspace/root-pullrequests-build; [See console output](https://lcgapp-services.cern.ch/root-jenkins/job/root-pullrequests-build/98584/console).; ### Failing tests:; - [projectroot.roottest.cling.dict.ROOT-9185.roottest_cling_dict_ROOT_9185_ROOT9185](https://lcgapp-services.cern.ch/root-jenkins/job/root-pullrequests-build/98584/testReport/projectroot.roottest.cling.dict/ROOT-9185/roottest_cling_dict_ROOT_9185_ROOT9185/),MatchSource.ISSUE_COMMENT,root-project,root,v6-32-06,https://github.com/root-project/root/pull/6595#issuecomment-706107842:252,test,tests,252,https://root.cern,https://github.com/root-project/root/pull/6595#issuecomment-706107842,2,['test'],"['testReport', 'tests']"
Testability,Build failed on ROOT-fedora30/cxx14.; Running on root-fedora30-2.cern.ch:/home/sftnight/build/workspace/root-pullrequests-build; [See console output](https://lcgapp-services.cern.ch/root-jenkins/job/root-pullrequests-build/98632/console).; ### Errors:; - [2020-10-09T11:43:06.107Z] FAILED: net/davix/test/CMakeFiles/RRawFileDavix.dir/RRawFileDavix.cxx.o ; - [2020-10-09T11:43:06.371Z] /home/sftnight/build/workspace/root-pullrequests-build/root/net/davix/inc/ROOT/RRawFileDavix.hxx:15:10: fatal error: ROOT/RRawFile.hxx: No such file or directory ; - [2020-10-09T11:43:06.371Z] FAILED: net/davix/CMakeFiles/RDAVIX.dir/src/RRawFileDavix.cxx.o ; - [2020-10-09T11:43:06.629Z] /home/sftnight/build/workspace/root-pullrequests-build/root/net/davix/inc/ROOT/RRawFileDavix.hxx:15:10: fatal error: ROOT/RRawFile.hxx: No such file or directory,MatchSource.ISSUE_COMMENT,root-project,root,v6-32-06,https://github.com/root-project/root/pull/6532#issuecomment-706132810:300,test,test,300,https://root.cern,https://github.com/root-project/root/pull/6532#issuecomment-706132810,1,['test'],['test']
Testability,Build failed on ROOT-fedora30/cxx14.; Running on root-fedora30-2.cern.ch:/home/sftnight/build/workspace/root-pullrequests-build; [See console output](https://lcgapp-services.cern.ch/root-jenkins/job/root-pullrequests-build/98680/console).; ### Failing tests:; - [projectroot.roottest.cling.dict.ROOT-9185.roottest_cling_dict_ROOT_9185_ROOT9185](https://lcgapp-services.cern.ch/root-jenkins/job/root-pullrequests-build/98680/testReport/projectroot.roottest.cling.dict/ROOT-9185/roottest_cling_dict_ROOT_9185_ROOT9185/),MatchSource.ISSUE_COMMENT,root-project,root,v6-32-06,https://github.com/root-project/root/pull/6598#issuecomment-706212948:252,test,tests,252,https://root.cern,https://github.com/root-project/root/pull/6598#issuecomment-706212948,2,['test'],"['testReport', 'tests']"
Testability,Build failed on ROOT-fedora30/cxx14.; Running on root-fedora30-2.cern.ch:/home/sftnight/build/workspace/root-pullrequests-build; [See console output](https://lcgapp-services.cern.ch/root-jenkins/job/root-pullrequests-build/98793/console).; ### Failing tests:; - [projectroot.roottest.cling.dict.ROOT-9185.roottest_cling_dict_ROOT_9185_ROOT9185](https://lcgapp-services.cern.ch/root-jenkins/job/root-pullrequests-build/98793/testReport/projectroot.roottest.cling.dict/ROOT-9185/roottest_cling_dict_ROOT_9185_ROOT9185/),MatchSource.ISSUE_COMMENT,root-project,root,v6-32-06,https://github.com/root-project/root/pull/6613#issuecomment-707044673:252,test,tests,252,https://root.cern,https://github.com/root-project/root/pull/6613#issuecomment-707044673,2,['test'],"['testReport', 'tests']"
Testability,Build failed on ROOT-fedora30/cxx14.; Running on root-fedora30-2.cern.ch:/home/sftnight/build/workspace/root-pullrequests-build; [See console output](https://lcgapp-services.cern.ch/root-jenkins/job/root-pullrequests-build/98833/console).; ### Warnings:; - [2020-10-12T14:19:11.071Z] /home/sftnight/build/workspace/root-pullrequests-build/root/roofit/roofitcore/test/testNaNPacker.cxx:177:6: warning: suggest explicit braces to avoid ambiguous ‘else’ [-Wdangling-else] ; - [2020-10-12T14:19:11.071Z] /home/sftnight/build/workspace/root-pullrequests-build/root/roofit/roofitcore/test/testNaNPacker.cxx:242:6: warning: suggest explicit braces to avoid ambiguous ‘else’ [-Wdangling-else] ; - [2020-10-12T14:19:11.071Z] /home/sftnight/build/workspace/root-pullrequests-build/root/roofit/roofitcore/test/testNaNPacker.cxx:301:6: warning: suggest explicit braces to avoid ambiguous ‘else’ [-Wdangling-else],MatchSource.ISSUE_COMMENT,root-project,root,v6-32-06,https://github.com/root-project/root/pull/6401#issuecomment-707159809:362,test,test,362,https://root.cern,https://github.com/root-project/root/pull/6401#issuecomment-707159809,6,['test'],"['test', 'testNaNPacker']"
Testability,Build failed on ROOT-fedora30/cxx14.; Running on root-fedora30-2.cern.ch:/home/sftnight/build/workspace/root-pullrequests-build; [See console output](https://lcgapp-services.cern.ch/root-jenkins/job/root-pullrequests-build/98905/console).; ### Failing tests:; - [projectroot.roottest.cling.dict.ROOT-9185.roottest_cling_dict_ROOT_9185_ROOT9185](https://lcgapp-services.cern.ch/root-jenkins/job/root-pullrequests-build/98905/testReport/projectroot.roottest.cling.dict/ROOT-9185/roottest_cling_dict_ROOT_9185_ROOT9185/),MatchSource.ISSUE_COMMENT,root-project,root,v6-32-06,https://github.com/root-project/root/pull/6613#issuecomment-707258971:252,test,tests,252,https://root.cern,https://github.com/root-project/root/pull/6613#issuecomment-707258971,2,['test'],"['testReport', 'tests']"
Testability,"Build failed on ROOT-fedora30/cxx14.; Running on root-fedora30-2.cern.ch:/home/sftnight/build/workspace/root-pullrequests-build; [See console output](https://lcgapp-services.cern.ch/root-jenkins/job/root-pullrequests-build/98913/console).; ### Warnings:; - [2020-10-12T17:59:07.743Z] include/tbb/concurrent_hash_map.h:124:51: warning: ‘void* memset(void*, int, size_t)’ clearing an object of type ‘class tbb::interface5::internal::hash_map_base’ with no trivial copy-assignment; use value-initialization instead [-Wclass-memaccess] ; - [2020-10-12T18:07:15.273Z] include/tbb/concurrent_hash_map.h:124:51: warning: ‘void* memset(void*, int, size_t)’ clearing an object of type ‘class tbb::interface5::internal::hash_map_base’ with no trivial copy-assignment; use value-initialization instead [-Wclass-memaccess] . ### Failing tests:; - [projectroot.roottest.cling.dict.ROOT-9185.roottest_cling_dict_ROOT_9185_ROOT9185](https://lcgapp-services.cern.ch/root-jenkins/job/root-pullrequests-build/98913/testReport/projectroot.roottest.cling.dict/ROOT-9185/roottest_cling_dict_ROOT_9185_ROOT9185/)",MatchSource.ISSUE_COMMENT,root-project,root,v6-32-06,https://github.com/root-project/root/pull/6614#issuecomment-707278634:825,test,tests,825,https://root.cern,https://github.com/root-project/root/pull/6614#issuecomment-707278634,4,['test'],"['testReport', 'tests']"
Testability,"Build failed on ROOT-fedora30/cxx14.; Running on root-fedora30-2.cern.ch:/home/sftnight/build/workspace/root-pullrequests-build; [See console output](https://lcgapp-services.cern.ch/root-jenkins/job/root-pullrequests-build/98938/console).; ### Warnings:; - [2020-10-13T08:58:48.277Z] include/tbb/concurrent_hash_map.h:124:51: warning: ‘void* memset(void*, int, size_t)’ clearing an object of type ‘class tbb::interface5::internal::hash_map_base’ with no trivial copy-assignment; use value-initialization instead [-Wclass-memaccess] ; - [2020-10-13T08:59:31.573Z] include/tbb/concurrent_hash_map.h:124:51: warning: ‘void* memset(void*, int, size_t)’ clearing an object of type ‘class tbb::interface5::internal::hash_map_base’ with no trivial copy-assignment; use value-initialization instead [-Wclass-memaccess] . ### Failing tests:; - [projectroot.roottest.cling.dict.ROOT-9185.roottest_cling_dict_ROOT_9185_ROOT9185](https://lcgapp-services.cern.ch/root-jenkins/job/root-pullrequests-build/98938/testReport/projectroot.roottest.cling.dict/ROOT-9185/roottest_cling_dict_ROOT_9185_ROOT9185/)",MatchSource.ISSUE_COMMENT,root-project,root,v6-32-06,https://github.com/root-project/root/pull/6614#issuecomment-707605773:825,test,tests,825,https://root.cern,https://github.com/root-project/root/pull/6614#issuecomment-707605773,4,['test'],"['testReport', 'tests']"
Testability,Build failed on ROOT-fedora30/cxx14.; Running on root-fedora30-2.cern.ch:/home/sftnight/build/workspace/root-pullrequests-build; [See console output](https://lcgapp-services.cern.ch/root-jenkins/job/root-pullrequests-build/99010/console).; ### Failing tests:; - [projectroot.roottest.cling.dict.ROOT-9185.roottest_cling_dict_ROOT_9185_ROOT9185](https://lcgapp-services.cern.ch/root-jenkins/job/root-pullrequests-build/99010/testReport/projectroot.roottest.cling.dict/ROOT-9185/roottest_cling_dict_ROOT_9185_ROOT9185/),MatchSource.ISSUE_COMMENT,root-project,root,v6-32-06,https://github.com/root-project/root/pull/6628#issuecomment-707771957:252,test,tests,252,https://root.cern,https://github.com/root-project/root/pull/6628#issuecomment-707771957,2,['test'],"['testReport', 'tests']"
Testability,Build failed on ROOT-fedora30/cxx14.; Running on root-fedora30-2.cern.ch:/home/sftnight/build/workspace/root-pullrequests-build; [See console output](https://lcgapp-services.cern.ch/root-jenkins/job/root-pullrequests-build/99354/console).; ### Failing tests:; - [projectroot.roottest.cling.dict.ROOT-9185.roottest_cling_dict_ROOT_9185_ROOT9185](https://lcgapp-services.cern.ch/root-jenkins/job/root-pullrequests-build/99354/testReport/projectroot.roottest.cling.dict/ROOT-9185/roottest_cling_dict_ROOT_9185_ROOT9185/),MatchSource.ISSUE_COMMENT,root-project,root,v6-32-06,https://github.com/root-project/root/pull/6660#issuecomment-712000971:252,test,tests,252,https://root.cern,https://github.com/root-project/root/pull/6660#issuecomment-712000971,2,['test'],"['testReport', 'tests']"
Testability,Build failed on ROOT-fedora30/cxx14.; Running on root-fedora30-2.cern.ch:/home/sftnight/build/workspace/root-pullrequests-build; [See console output](https://lcgapp-services.cern.ch/root-jenkins/job/root-pullrequests-build/99384/console).; ### Failing tests:; - [projectroot.roottest.cling.dict.ROOT-9185.roottest_cling_dict_ROOT_9185_ROOT9185](https://lcgapp-services.cern.ch/root-jenkins/job/root-pullrequests-build/99384/testReport/projectroot.roottest.cling.dict/ROOT-9185/roottest_cling_dict_ROOT_9185_ROOT9185/),MatchSource.ISSUE_COMMENT,root-project,root,v6-32-06,https://github.com/root-project/root/pull/6660#issuecomment-712107697:252,test,tests,252,https://root.cern,https://github.com/root-project/root/pull/6660#issuecomment-712107697,2,['test'],"['testReport', 'tests']"
Testability,Build failed on ROOT-fedora30/cxx14.; Running on root-fedora30-2.cern.ch:/home/sftnight/build/workspace/root-pullrequests-build; [See console output](https://lcgapp-services.cern.ch/root-jenkins/job/root-pullrequests-build/99387/console).; ### Failing tests:; - [projectroot.roottest.cling.dict.ROOT-9185.roottest_cling_dict_ROOT_9185_ROOT9185](https://lcgapp-services.cern.ch/root-jenkins/job/root-pullrequests-build/99387/testReport/projectroot.roottest.cling.dict/ROOT-9185/roottest_cling_dict_ROOT_9185_ROOT9185/),MatchSource.ISSUE_COMMENT,root-project,root,v6-32-06,https://github.com/root-project/root/pull/6664#issuecomment-712118520:252,test,tests,252,https://root.cern,https://github.com/root-project/root/pull/6664#issuecomment-712118520,2,['test'],"['testReport', 'tests']"
Testability,Build failed on ROOT-fedora30/cxx14.; Running on root-fedora30-2.cern.ch:/home/sftnight/build/workspace/root-pullrequests-build; [See console output](https://lcgapp-services.cern.ch/root-jenkins/job/root-pullrequests-build/99523/console).; ### Failing tests:; - [projectroot.roottest.root.meta.tclass.roottest_root_meta_tclass_libdatamemberload_build](https://lcgapp-services.cern.ch/root-jenkins/job/root-pullrequests-build/99523/testReport/projectroot.roottest.root.meta/tclass/roottest_root_meta_tclass_libdatamemberload_build/); - [projectroot.roottest.root.meta.tclass.roottest_root_meta_tclass_datamemberload](https://lcgapp-services.cern.ch/root-jenkins/job/root-pullrequests-build/99523/testReport/projectroot.roottest.root.meta/tclass/roottest_root_meta_tclass_datamemberload/),MatchSource.ISSUE_COMMENT,root-project,root,v6-32-06,https://github.com/root-project/root/pull/6668#issuecomment-712874154:252,test,tests,252,https://root.cern,https://github.com/root-project/root/pull/6668#issuecomment-712874154,3,['test'],"['testReport', 'tests']"
Testability,Build failed on ROOT-fedora30/cxx14.; Running on root-fedora30-2.cern.ch:/home/sftnight/build/workspace/root-pullrequests-build; [See console output](https://lcgapp-services.cern.ch/root-jenkins/job/root-pullrequests-build/99799/console).; ### Failing tests:; - [projectroot.test.test_periodic_build](https://lcgapp-services.cern.ch/root-jenkins/job/root-pullrequests-build/99799/testReport/projectroot/test/test_periodic_build/),MatchSource.ISSUE_COMMENT,root-project,root,v6-32-06,https://github.com/root-project/root/pull/6690#issuecomment-714545387:252,test,tests,252,https://root.cern,https://github.com/root-project/root/pull/6690#issuecomment-714545387,4,['test'],"['test', 'testReport', 'tests']"
Testability,Build failed on ROOT-fedora30/cxx14.; Running on root-fedora30-2.cern.ch:/home/sftnight/build/workspace/root-pullrequests-build; [See console output](https://lcgapp-services.cern.ch/root-jenkins/job/root-pullrequests-build/99831/console).; ### Failing tests:; - [projectroot.roottest.cling.dict.ROOT-9185.roottest_cling_dict_ROOT_9185_ROOT9185](https://lcgapp-services.cern.ch/root-jenkins/job/root-pullrequests-build/99831/testReport/projectroot.roottest.cling.dict/ROOT-9185/roottest_cling_dict_ROOT_9185_ROOT9185/); - [projectroot.roottest.python.pythonizations.roottest_python_pythonizations_pythonizations](https://lcgapp-services.cern.ch/root-jenkins/job/root-pullrequests-build/99831/testReport/projectroot.roottest.python/pythonizations/roottest_python_pythonizations_pythonizations/); - [projectroot.roottest.python.pythonizations.roottest_python_pythonizations_smartptr](https://lcgapp-services.cern.ch/root-jenkins/job/root-pullrequests-build/99831/testReport/projectroot.roottest.python/pythonizations/roottest_python_pythonizations_smartptr/); - [projectroot.roottest.python.stl.roottest_python_stl_stl](https://lcgapp-services.cern.ch/root-jenkins/job/root-pullrequests-build/99831/testReport/projectroot.roottest.python/stl/roottest_python_stl_stl/),MatchSource.ISSUE_COMMENT,root-project,root,v6-32-06,https://github.com/root-project/root/pull/6696#issuecomment-714587553:252,test,tests,252,https://root.cern,https://github.com/root-project/root/pull/6696#issuecomment-714587553,5,['test'],"['testReport', 'tests']"
Testability,Build failed on ROOT-fedora30/cxx14.; Running on root-fedora30-2.cern.ch:/home/sftnight/build/workspace/root-pullrequests-build; [See console output](https://lcgapp-services.cern.ch/root-jenkins/job/root-pullrequests-build/99839/console).; ### Failing tests:; - [projectroot.roofit.roofitcore.test.gtest_roofit_roofitcore_test_testRooNLLVar](https://lcgapp-services.cern.ch/root-jenkins/job/root-pullrequests-build/99839/testReport/projectroot.roofit.roofitcore/test/gtest_roofit_roofitcore_test_testRooNLLVar/),MatchSource.ISSUE_COMMENT,root-project,root,v6-32-06,https://github.com/root-project/root/pull/6694#issuecomment-714604705:252,test,tests,252,https://root.cern,https://github.com/root-project/root/pull/6694#issuecomment-714604705,4,['test'],"['test', 'testReport', 'tests']"
Testability,"Build failed on ROOT-fedora30/cxx14.; [See cdash ](http://cdash.cern.ch/index.php?project=ROOT&filtercount=1&field1=buildname/string&compare1=65&value1=PR-5190)[See console output](https://lcgapp-services.cern.ch/root-jenkins/job/root-pullrequests-build/74816/console).; ### Errors:; - [2020-04-02T15:35:45.585Z] FAILED: hist/histdrawv7/CMakeFiles/ROOTHistDraw.dir/src/RHistDrawable.cxx.o ; - [2020-04-02T15:35:45.876Z] include/ROOT/RHistImpl.hxx:217:7: error: there are no arguments to ‘assert’ that depend on a template parameter, so a declaration of ‘assert’ must be available [-fpermissive] ; - [2020-04-02T15:35:45.876Z] include/ROOT/RHistImpl.hxx:224:7: error: there are no arguments to ‘assert’ that depend on a template parameter, so a declaration of ‘assert’ must be available [-fpermissive] ; - [2020-04-02T15:35:45.876Z] include/ROOT/RHistImpl.hxx:241:7: error: there are no arguments to ‘assert’ that depend on a template parameter, so a declaration of ‘assert’ must be available [-fpermissive] ; - [2020-04-02T15:35:45.876Z] include/ROOT/RHistImpl.hxx:723:7: error: there are no arguments to ‘assert’ that depend on a template parameter, so a declaration of ‘assert’ must be available [-fpermissive]",MatchSource.ISSUE_COMMENT,root-project,root,v6-32-06,https://github.com/root-project/root/pull/5190#issuecomment-607920562:488,assert,assert,488,https://root.cern,https://github.com/root-project/root/pull/5190#issuecomment-607920562,8,['assert'],['assert']
Testability,"Build failed on ROOT-fedora30/cxx14.; [See cdash ](http://cdash.cern.ch/index.php?project=ROOT&filtercount=1&field1=buildname/string&compare1=65&value1=PR-5190-ROOT-fedora30-cxx14&date=2020-04-06).; [See console output](https://lcgapp-services.cern.ch/root-jenkins/job/root-pullrequests-build/75174/console).; ### Errors:; - [2020-04-06T08:23:33.680Z] FAILED: hist/histdrawv7/CMakeFiles/ROOTHistDraw.dir/src/RHistDrawable.cxx.o ; - [2020-04-06T08:23:33.680Z] include/ROOT/RHistImpl.hxx:217:7: error: there are no arguments to ‘assert’ that depend on a template parameter, so a declaration of ‘assert’ must be available [-fpermissive] ; - [2020-04-06T08:23:33.680Z] include/ROOT/RHistImpl.hxx:224:7: error: there are no arguments to ‘assert’ that depend on a template parameter, so a declaration of ‘assert’ must be available [-fpermissive] ; - [2020-04-06T08:23:33.680Z] include/ROOT/RHistImpl.hxx:241:7: error: there are no arguments to ‘assert’ that depend on a template parameter, so a declaration of ‘assert’ must be available [-fpermissive] ; - [2020-04-06T08:23:33.680Z] include/ROOT/RHistImpl.hxx:723:7: error: there are no arguments to ‘assert’ that depend on a template parameter, so a declaration of ‘assert’ must be available [-fpermissive]",MatchSource.ISSUE_COMMENT,root-project,root,v6-32-06,https://github.com/root-project/root/pull/5190#issuecomment-609648812:527,assert,assert,527,https://root.cern,https://github.com/root-project/root/pull/5190#issuecomment-609648812,8,['assert'],['assert']
Testability,"Build failed on ROOT-fedora30/cxx14.; [See cdash ](http://cdash.cern.ch/index.php?project=ROOT&filtercount=1&field1=buildname/string&compare1=65&value1=PR-5190-ROOT-fedora30-cxx14&date=2020-04-09).; [See console output](https://lcgapp-services.cern.ch/root-jenkins/job/root-pullrequests-build/75994/console).; ### Warnings:; - [2020-04-09T14:15:37.249Z] /build/workspace/root-pullrequests-build/root/hist/histv7/test/axis.cxx:424:35: warning: comparison of integer expressions of different signedness: ‘int’ and ‘std::vector&lt;double&gt;::size_type’ {aka ‘long unsigned int’} [-Wsign-compare] ; - [2020-04-09T14:16:29.580Z] include/ROOT/RHistImpl.hxx:672:12: warning: ‘coord.ROOT::Experimental::Hist::RCoordArray&lt;1&gt;::&lt;anonymous&gt;.std::array&lt;double, 1&gt;::_M_elems[0]’ may be used uninitialized in this function [-Wmaybe-uninitialized] ; - [2020-04-09T14:16:29.580Z] include/ROOT/RHistImpl.hxx:680:12: warning: ‘coord.ROOT::Experimental::Hist::RCoordArray&lt;1&gt;::&lt;anonymous&gt;.std::array&lt;double, 1&gt;::_M_elems[0]’ may be used uninitialized in this function [-Wmaybe-uninitialized] ; - [2020-04-09T14:16:29.580Z] include/ROOT/RHistImpl.hxx:672:12: warning: ‘coord.ROOT::Experimental::Hist::RCoordArray&lt;1&gt;::&lt;anonymous&gt;.std::array&lt;double, 1&gt;::_M_elems[0]’ may be used uninitialized in this function [-Wmaybe-uninitialized] ; - [2020-04-09T14:16:29.581Z] include/ROOT/RHistImpl.hxx:680:12: warning: ‘coord.ROOT::Experimental::Hist::RCoordArray&lt;1&gt;::&lt;anonymous&gt;.std::array&lt;double, 1&gt;::_M_elems[0]’ may be used uninitialized in this function [-Wmaybe-uninitialized] ; - [2020-04-09T14:16:29.581Z] include/ROOT/RHistImpl.hxx:672:12: warning: ‘coord.ROOT::Experimental::Hist::RCoordArray&lt;1&gt;::&lt;anonymous&gt;.std::array&lt;double, 1&gt;::_M_elems[0]’ may be used uninitialized in this function [-Wmaybe-uninitialized] ; - [2020-04-09T14:16:29.581Z] include/ROOT/RHistImpl.hxx:680:12: warning: ‘coord.ROOT::Experimental::Hist::RCoordArray&lt",MatchSource.ISSUE_COMMENT,root-project,root,v6-32-06,https://github.com/root-project/root/pull/5190#issuecomment-611562281:412,test,test,412,https://root.cern,https://github.com/root-project/root/pull/5190#issuecomment-611562281,1,['test'],['test']
Testability,Build failed on ROOT-fedora30/cxx14.; [See cdash ](http://cdash.cern.ch/index.php?project=ROOT&filtercount=1&field1=buildname/string&compare1=65&value1=PR-5190-ROOT-fedora30-cxx14&date=2020-04-14).; [See console output](https://lcgapp-services.cern.ch/root-jenkins/job/root-pullrequests-build/76290/console).; ### Warnings:; - [2020-04-14T07:18:12.602Z] /build/workspace/root-pullrequests-build/root/hist/histv7/test/axis.cxx:432:35: warning: comparison of integer expressions of different signedness: ‘int’ and ‘std::vector&lt;double&gt;::size_type’ {aka ‘long unsigned int’} [-Wsign-compare] . ### Failing tests:; - [projectroot.hist.histv7.test.gtest_hist_histv7_test_histhistv7testUnit](https://lcgapp-services.cern.ch/root-jenkins/job/root-pullrequests-build/76290/testReport/projectroot.hist.histv7/test/gtest_hist_histv7_test_histhistv7testUnit/); - [projectroot.roottest.root.io.filemerger.roottest_root_io_filemerger_simple_lz4_compr_level1](https://lcgapp-services.cern.ch/root-jenkins/job/root-pullrequests-build/76290/testReport/projectroot.roottest.root.io/filemerger/roottest_root_io_filemerger_simple_lz4_compr_level1/); - [projectroot.roottest.root.tree.fastcloning.roottest_root_tree_fastcloning_execCheckClusterRange](https://lcgapp-services.cern.ch/root-jenkins/job/root-pullrequests-build/76290/testReport/projectroot.roottest.root.tree/fastcloning/roottest_root_tree_fastcloning_execCheckClusterRange/),MatchSource.ISSUE_COMMENT,root-project,root,v6-32-06,https://github.com/root-project/root/pull/5190#issuecomment-613276996:412,test,test,412,https://root.cern,https://github.com/root-project/root/pull/5190#issuecomment-613276996,7,['test'],"['test', 'testReport', 'tests']"
Testability,Build failed on ROOT-fedora30/cxx14.; [See cdash ](http://cdash.cern.ch/index.php?project=ROOT&filtercount=1&field1=buildname/string&compare1=65&value1=PR-5219-ROOT-fedora30-cxx14&date=2020-04-15).; [See console output](https://lcgapp-services.cern.ch/root-jenkins/job/root-pullrequests-build/76570/console).; ### Failing tests:; - [projectroot.roofit.roofitcore.test.gtest_roofit_roofitcore_test_testProxiesAndCategories](https://lcgapp-services.cern.ch/root-jenkins/job/root-pullrequests-build/76570/testReport/projectroot.roofit.roofitcore/test/gtest_roofit_roofitcore_test_testProxiesAndCategories/),MatchSource.ISSUE_COMMENT,root-project,root,v6-32-06,https://github.com/root-project/root/pull/5219#issuecomment-614194656:322,test,tests,322,https://root.cern,https://github.com/root-project/root/pull/5219#issuecomment-614194656,4,['test'],"['test', 'testReport', 'tests']"
Testability,Build failed on ROOT-fedora30/cxx14.; [See cdash ](http://cdash.cern.ch/index.php?project=ROOT&filtercount=1&field1=buildname/string&compare1=65&value1=PR-5219-ROOT-fedora30-cxx14&date=2020-04-16).; [See console output](https://lcgapp-services.cern.ch/root-jenkins/job/root-pullrequests-build/76634/console).; ### Failing tests:; - [projectroot.roofit.roofitcore.test.gtest_roofit_roofitcore_test_testProxiesAndCategories](https://lcgapp-services.cern.ch/root-jenkins/job/root-pullrequests-build/76634/testReport/projectroot.roofit.roofitcore/test/gtest_roofit_roofitcore_test_testProxiesAndCategories/),MatchSource.ISSUE_COMMENT,root-project,root,v6-32-06,https://github.com/root-project/root/pull/5219#issuecomment-614573384:322,test,tests,322,https://root.cern,https://github.com/root-project/root/pull/5219#issuecomment-614573384,4,['test'],"['test', 'testReport', 'tests']"
Testability,Build failed on ROOT-fedora30/cxx14.; [See cdash ](http://cdash.cern.ch/index.php?project=ROOT&filtercount=1&field1=buildname/string&compare1=65&value1=PR-5219-ROOT-fedora30-cxx14&date=2020-04-18).; [See console output](https://lcgapp-services.cern.ch/root-jenkins/job/root-pullrequests-build/77087/console).; ### Failing tests:; - [projectroot.roofit.roofitcore.test.gtest_roofit_roofitcore_test_testProxiesAndCategories](https://lcgapp-services.cern.ch/root-jenkins/job/root-pullrequests-build/77087/testReport/projectroot.roofit.roofitcore/test/gtest_roofit_roofitcore_test_testProxiesAndCategories/),MatchSource.ISSUE_COMMENT,root-project,root,v6-32-06,https://github.com/root-project/root/pull/5219#issuecomment-615836869:322,test,tests,322,https://root.cern,https://github.com/root-project/root/pull/5219#issuecomment-615836869,4,['test'],"['test', 'testReport', 'tests']"
Testability,Build failed on ROOT-fedora30/cxx14.; [See cdash ](http://cdash.cern.ch/index.php?project=ROOT&filtercount=1&field1=buildname/string&compare1=65&value1=PR-5228)[See console output](https://lcgapp-services.cern.ch/root-jenkins/job/root-pullrequests-build/74016/console).; ### Errors:; - [2020-03-30T12:32:33.167Z] FAILED: core/cont/test/testTypedIteration ; - [2020-03-30T12:32:33.167Z] collect2: error: ld returned 1 exit status ; - [2020-03-30T12:32:33.167Z] FAILED: core/cont/test/coreconttestUnit ; - [2020-03-30T12:32:33.167Z] collect2: error: ld returned 1 exit status,MatchSource.ISSUE_COMMENT,root-project,root,v6-32-06,https://github.com/root-project/root/pull/5228#issuecomment-605971326:331,test,test,331,https://root.cern,https://github.com/root-project/root/pull/5228#issuecomment-605971326,3,['test'],"['test', 'testTypedIteration']"
Testability,Build failed on ROOT-fedora30/cxx14.; [See cdash ](http://cdash.cern.ch/index.php?project=ROOT&filtercount=1&field1=buildname/string&compare1=65&value1=PR-5228-ROOT-fedora30-cxx14&date=2020-04-20).; [See console output](https://lcgapp-services.cern.ch/root-jenkins/job/root-pullrequests-build/77152/console).; ### Errors:; - [2020-04-20T08:23:52.342Z] FAILED: core/cont/test/testTypedIteration ; - [2020-04-20T08:23:52.342Z] collect2: error: ld returned 1 exit status,MatchSource.ISSUE_COMMENT,root-project,root,v6-32-06,https://github.com/root-project/root/pull/5228#issuecomment-616391386:370,test,test,370,https://root.cern,https://github.com/root-project/root/pull/5228#issuecomment-616391386,2,['test'],"['test', 'testTypedIteration']"
Testability,"Build failed on ROOT-fedora30/cxx14.; [See cdash ](http://cdash.cern.ch/index.php?project=ROOT&filtercount=1&field1=buildname/string&compare1=65&value1=PR-5228-ROOT-fedora30-cxx14&date=2020-04-20).; [See console output](https://lcgapp-services.cern.ch/root-jenkins/job/root-pullrequests-build/77251/console).; ### Errors:; - [2020-04-20T12:14:57.603Z] ninja: error: 'googletest-prefix/src/googletest-build/lib/gtest/libgtest.a', needed by 'core/base/test/CoreBaseTests', missing and no known rule to make it",MatchSource.ISSUE_COMMENT,root-project,root,v6-32-06,https://github.com/root-project/root/pull/5228#issuecomment-616513996:450,test,test,450,https://root.cern,https://github.com/root-project/root/pull/5228#issuecomment-616513996,1,['test'],['test']
Testability,Build failed on ROOT-fedora30/cxx14.; [See cdash ](http://cdash.cern.ch/index.php?project=ROOT&filtercount=1&field1=buildname/string&compare1=65&value1=PR-5244)[See console output](https://lcgapp-services.cern.ch/root-jenkins/job/root-pullrequests-build/73835/console).; ### Failing tests:; - [projectroot.tree.dataframe.test.gtest_tree_dataframe_test_dataframe_display](https://lcgapp-services.cern.ch/root-jenkins/job/root-pullrequests-build/73835/testReport/projectroot.tree.dataframe/test/gtest_tree_dataframe_test_dataframe_display/),MatchSource.ISSUE_COMMENT,root-project,root,v6-32-06,https://github.com/root-project/root/pull/5244#issuecomment-605622232:283,test,tests,283,https://root.cern,https://github.com/root-project/root/pull/5244#issuecomment-605622232,4,['test'],"['test', 'testReport', 'tests']"
Testability,Build failed on ROOT-fedora30/cxx14.; [See cdash ](http://cdash.cern.ch/index.php?project=ROOT&filtercount=1&field1=buildname/string&compare1=65&value1=PR-5252)[See console output](https://lcgapp-services.cern.ch/root-jenkins/job/root-pullrequests-build/74358/console).; ### Failing tests:; - [projectroot.bindings.pyroot_experimental.pythonizations.test.pyunittests_pyroot_import_load_libs](https://lcgapp-services.cern.ch/root-jenkins/job/root-pullrequests-build/74358/testReport/projectroot.bindings.pyroot_experimental.pythonizations/test/pyunittests_pyroot_import_load_libs/); - [projectroot.bindings.pyroot_experimental.pythonizations.test.pyunittests_pyroot_pyz_rdataframe_makenumpy](https://lcgapp-services.cern.ch/root-jenkins/job/root-pullrequests-build/74358/testReport/projectroot.bindings.pyroot_experimental.pythonizations/test/pyunittests_pyroot_pyz_rdataframe_makenumpy/),MatchSource.ISSUE_COMMENT,root-project,root,v6-32-06,https://github.com/root-project/root/pull/5252#issuecomment-606722650:283,test,tests,283,https://root.cern,https://github.com/root-project/root/pull/5252#issuecomment-606722650,7,['test'],"['test', 'testReport', 'tests']"
Testability,Build failed on ROOT-fedora30/cxx14.; [See cdash ](http://cdash.cern.ch/index.php?project=ROOT&filtercount=1&field1=buildname/string&compare1=65&value1=PR-5252)[See console output](https://lcgapp-services.cern.ch/root-jenkins/job/root-pullrequests-build/74438/console).; ### Failing tests:; - [projectroot.bindings.pyroot_experimental.pythonizations.test.pyunittests_pyroot_import_load_libs](https://lcgapp-services.cern.ch/root-jenkins/job/root-pullrequests-build/74438/testReport/projectroot.bindings.pyroot_experimental.pythonizations/test/pyunittests_pyroot_import_load_libs/),MatchSource.ISSUE_COMMENT,root-project,root,v6-32-06,https://github.com/root-project/root/pull/5252#issuecomment-606787383:283,test,tests,283,https://root.cern,https://github.com/root-project/root/pull/5252#issuecomment-606787383,4,['test'],"['test', 'testReport', 'tests']"
Testability,Build failed on ROOT-fedora30/cxx14.; [See cdash ](http://cdash.cern.ch/index.php?project=ROOT&filtercount=1&field1=buildname/string&compare1=65&value1=PR-5252)[See console output](https://lcgapp-services.cern.ch/root-jenkins/job/root-pullrequests-build/74502/console).; ### Failing tests:; - [projectroot.bindings.pyroot_experimental.pythonizations.test.pyunittests_pyroot_import_load_libs](https://lcgapp-services.cern.ch/root-jenkins/job/root-pullrequests-build/74502/testReport/projectroot.bindings.pyroot_experimental.pythonizations/test/pyunittests_pyroot_import_load_libs/),MatchSource.ISSUE_COMMENT,root-project,root,v6-32-06,https://github.com/root-project/root/pull/5252#issuecomment-607117112:283,test,tests,283,https://root.cern,https://github.com/root-project/root/pull/5252#issuecomment-607117112,4,['test'],"['test', 'testReport', 'tests']"
Testability,Build failed on ROOT-fedora30/cxx14.; [See cdash ](http://cdash.cern.ch/index.php?project=ROOT&filtercount=1&field1=buildname/string&compare1=65&value1=PR-5256)[See console output](https://lcgapp-services.cern.ch/root-jenkins/job/root-pullrequests-build/74170/console).; ### Failing tests:; - [projectroot.bindings.pyroot_experimental.pythonizations.test.pyunittests_pyroot_import_load_libs](https://lcgapp-services.cern.ch/root-jenkins/job/root-pullrequests-build/74170/testReport/projectroot.bindings.pyroot_experimental.pythonizations/test/pyunittests_pyroot_import_load_libs/),MatchSource.ISSUE_COMMENT,root-project,root,v6-32-06,https://github.com/root-project/root/pull/5256#issuecomment-606502428:283,test,tests,283,https://root.cern,https://github.com/root-project/root/pull/5256#issuecomment-606502428,4,['test'],"['test', 'testReport', 'tests']"
Testability,Build failed on ROOT-fedora30/cxx14.; [See cdash ](http://cdash.cern.ch/index.php?project=ROOT&filtercount=1&field1=buildname/string&compare1=65&value1=PR-5256)[See console output](https://lcgapp-services.cern.ch/root-jenkins/job/root-pullrequests-build/74211/console).; ### Failing tests:; - [projectroot.bindings.pyroot_experimental.pythonizations.test.pyunittests_pyroot_import_load_libs](https://lcgapp-services.cern.ch/root-jenkins/job/root-pullrequests-build/74211/testReport/projectroot.bindings.pyroot_experimental.pythonizations/test/pyunittests_pyroot_import_load_libs/),MatchSource.ISSUE_COMMENT,root-project,root,v6-32-06,https://github.com/root-project/root/pull/5256#issuecomment-606551182:283,test,tests,283,https://root.cern,https://github.com/root-project/root/pull/5256#issuecomment-606551182,4,['test'],"['test', 'testReport', 'tests']"
Testability,"Build failed on ROOT-fedora30/cxx14.; [See cdash ](http://cdash.cern.ch/index.php?project=ROOT&filtercount=1&field1=buildname/string&compare1=65&value1=PR-5281)[See console output](https://lcgapp-services.cern.ch/root-jenkins/job/root-pullrequests-build/74840/console).; ### Warnings:; - [2020-04-02T16:53:56.363Z] include/tbb/concurrent_hash_map.h:124:51: warning: ‘void* memset(void*, int, size_t)’ clearing an object of type ‘class tbb::interface5::internal::hash_map_base’ with no trivial copy-assignment; use value-initialization instead [-Wclass-memaccess] ; - [2020-04-02T17:04:10.487Z] include/tbb/concurrent_hash_map.h:124:51: warning: ‘void* memset(void*, int, size_t)’ clearing an object of type ‘class tbb::interface5::internal::hash_map_base’ with no trivial copy-assignment; use value-initialization instead [-Wclass-memaccess] . ### Failing tests:; - [projectroot.roottest.python.cpp.roottest_python_cpp_advanced](https://lcgapp-services.cern.ch/root-jenkins/job/root-pullrequests-build/74840/testReport/projectroot.roottest.python/cpp/roottest_python_cpp_advanced/)",MatchSource.ISSUE_COMMENT,root-project,root,v6-32-06,https://github.com/root-project/root/pull/5281#issuecomment-607985104:856,test,tests,856,https://root.cern,https://github.com/root-project/root/pull/5281#issuecomment-607985104,4,['test'],"['testReport', 'tests']"
Testability,Build failed on ROOT-fedora30/cxx14.; [See cdash ](http://cdash.cern.ch/index.php?project=ROOT&filtercount=1&field1=buildname/string&compare1=65&value1=PR-5283)[See console output](https://lcgapp-services.cern.ch/root-jenkins/job/root-pullrequests-build/74896/console).; ### Failing tests:; - [projectroot.roottest.root.io.double32.roottest_root_io_double32_make](https://lcgapp-services.cern.ch/root-jenkins/job/root-pullrequests-build/74896/testReport/projectroot.roottest.root.io/double32/roottest_root_io_double32_make/),MatchSource.ISSUE_COMMENT,root-project,root,v6-32-06,https://github.com/root-project/root/pull/5283#issuecomment-608049543:283,test,tests,283,https://root.cern,https://github.com/root-project/root/pull/5283#issuecomment-608049543,2,['test'],"['testReport', 'tests']"
Testability,Build failed on ROOT-fedora30/cxx14.; [See cdash ](http://cdash.cern.ch/index.php?project=ROOT&filtercount=1&field1=buildname/string&compare1=65&value1=PR-5287)[See console output](https://lcgapp-services.cern.ch/root-jenkins/job/root-pullrequests-build/74978/console).; ### Failing tests:; - [projectroot.test.test_stressHistFactory_interpreted](https://lcgapp-services.cern.ch/root-jenkins/job/root-pullrequests-build/74978/testReport/projectroot/test/test_stressHistFactory_interpreted/); - [projectroot.test.test_stressroostats_interpreted](https://lcgapp-services.cern.ch/root-jenkins/job/root-pullrequests-build/74978/testReport/projectroot/test/test_stressroostats_interpreted/),MatchSource.ISSUE_COMMENT,root-project,root,v6-32-06,https://github.com/root-project/root/pull/5287#issuecomment-608386840:283,test,tests,283,https://root.cern,https://github.com/root-project/root/pull/5287#issuecomment-608386840,7,['test'],"['test', 'testReport', 'tests']"
Testability,Build failed on ROOT-fedora30/cxx14.; [See cdash ](http://cdash.cern.ch/index.php?project=ROOT&filtercount=1&field1=buildname/string&compare1=65&value1=PR-5290-ROOT-fedora30-cxx14&date=2020-04-06).; [See console output](https://lcgapp-services.cern.ch/root-jenkins/job/root-pullrequests-build/75262/console).; ### Warnings:; - [2020-04-06T10:41:05.073Z] /build/workspace/root-pullrequests-build/root/tree/treeplayer/test/treeprocmt/treeprocessormt.cxx:392:20: warning: ‘UInt_t ROOT::GetImplicitMTPoolSize()’ is deprecated: Please use ROOT::GetThreadPoolSize() instead [-Wdeprecated-declarations] ; - [2020-04-06T10:41:05.073Z] /build/workspace/root-pullrequests-build/root/tree/treeplayer/test/treeprocmt/treeprocessormt.cxx:392:42: warning: ‘UInt_t ROOT::GetImplicitMTPoolSize()’ is deprecated: Please use ROOT::GetThreadPoolSize() instead [-Wdeprecated-declarations] ; - [2020-04-06T10:41:05.073Z] /build/workspace/root-pullrequests-build/root/tree/treeplayer/test/treeprocmt/treeprocessormt.cxx:392:42: warning: ‘UInt_t ROOT::GetImplicitMTPoolSize()’ is deprecated: Please use ROOT::GetThreadPoolSize() instead [-Wdeprecated-declarations] ; - [2020-04-06T10:41:05.073Z] /build/workspace/root-pullrequests-build/root/tree/treeplayer/test/treeprocmt/treeprocessormt.cxx:392:20: warning: ‘UInt_t ROOT::GetImplicitMTPoolSize()’ is deprecated: Please use ROOT::GetThreadPoolSize() instead [-Wdeprecated-declarations] ; - [2020-04-06T10:41:05.073Z] /build/workspace/root-pullrequests-build/root/tree/treeplayer/test/treeprocmt/treeprocessormt.cxx:392:42: warning: ‘UInt_t ROOT::GetImplicitMTPoolSize()’ is deprecated: Please use ROOT::GetThreadPoolSize() instead [-Wdeprecated-declarations] ; - [2020-04-06T10:41:05.073Z] /build/workspace/root-pullrequests-build/root/tree/treeplayer/test/treeprocmt/treeprocessormt.cxx:392:42: warning: ‘UInt_t ROOT::GetImplicitMTPoolSize()’ is deprecated: Please use ROOT::GetThreadPoolSize() instead [-Wdeprecated-declarations] ; - [2020-04-06T10:41:05.073Z] /build/wo,MatchSource.ISSUE_COMMENT,root-project,root,v6-32-06,https://github.com/root-project/root/pull/5290#issuecomment-609726160:416,test,test,416,https://root.cern,https://github.com/root-project/root/pull/5290#issuecomment-609726160,3,['test'],['test']
Testability,Build failed on ROOT-fedora30/cxx14.; [See cdash ](http://cdash.cern.ch/index.php?project=ROOT&filtercount=1&field1=buildname/string&compare1=65&value1=PR-5292)[See console output](https://lcgapp-services.cern.ch/root-jenkins/job/root-pullrequests-build/75050/console).; ### Failing tests:; - [projectroot.tree.dataframe.test.gtest_tree_dataframe_test_dataframe_snapshot](https://lcgapp-services.cern.ch/root-jenkins/job/root-pullrequests-build/75050/testReport/projectroot.tree.dataframe/test/gtest_tree_dataframe_test_dataframe_snapshot/); - [projectroot.roottest.root.dataframe.roottest_root_dataframe_test_trainCache](https://lcgapp-services.cern.ch/root-jenkins/job/root-pullrequests-build/75050/testReport/projectroot.roottest.root/dataframe/roottest_root_dataframe_test_trainCache/); - [projectroot.roottest.root.dataframe.roottest_root_dataframe_missingBranches](https://lcgapp-services.cern.ch/root-jenkins/job/root-pullrequests-build/75050/testReport/projectroot.roottest.root/dataframe/roottest_root_dataframe_missingBranches/); - [projectroot.roottest.root.dataframe.roottest_root_dataframe_test_readTotemNtuple](https://lcgapp-services.cern.ch/root-jenkins/job/root-pullrequests-build/75050/testReport/projectroot.roottest.root/dataframe/roottest_root_dataframe_test_readTotemNtuple/); - [projectroot.roottest.root.dataframe.roottest_root_dataframe_test_glob](https://lcgapp-services.cern.ch/root-jenkins/job/root-pullrequests-build/75050/testReport/projectroot.roottest.root/dataframe/roottest_root_dataframe_test_glob/); - [projectroot.roottest.root.dataframe.roottest_root_dataframe_regression_snapshot](https://lcgapp-services.cern.ch/root-jenkins/job/root-pullrequests-build/75050/testReport/projectroot.roottest.root/dataframe/roottest_root_dataframe_regression_snapshot/); - [projectroot.roottest.root.dataframe.roottest_root_dataframe_ctors](https://lcgapp-services.cern.ch/root-jenkins/job/root-pullrequests-build/75050/testReport/projectroot.roottest.root/dataframe/roottest_roo,MatchSource.ISSUE_COMMENT,root-project,root,v6-32-06,https://github.com/root-project/root/pull/5292#issuecomment-608546127:283,test,tests,283,https://root.cern,https://github.com/root-project/root/pull/5292#issuecomment-608546127,6,['test'],"['test', 'testReport', 'tests']"
Testability,Build failed on ROOT-fedora30/cxx14.; [See cdash ](http://cdash.cern.ch/index.php?project=ROOT&filtercount=1&field1=buildname/string&compare1=65&value1=PR-5296-ROOT-fedora30-cxx14&date=2020-04-05).; [See console output](https://lcgapp-services.cern.ch/root-jenkins/job/root-pullrequests-build/75134/console).; ### Failing tests:; - [projectroot.roottest.root.io.stdarray.roottest_root_io_stdarray_aclicModelWrite](https://lcgapp-services.cern.ch/root-jenkins/job/root-pullrequests-build/75134/testReport/projectroot.roottest.root.io/stdarray/roottest_root_io_stdarray_aclicModelWrite/); - [projectroot.roottest.root.io.uniquePointer.roottest_root_io_uniquePointer_writeUniqPtrColls](https://lcgapp-services.cern.ch/root-jenkins/job/root-pullrequests-build/75134/testReport/projectroot.roottest.root.io/uniquePointer/roottest_root_io_uniquePointer_writeUniqPtrColls/); - [projectroot.roottest.root.io.uniquePointer.roottest_root_io_uniquePointer_writePtrColls](https://lcgapp-services.cern.ch/root-jenkins/job/root-pullrequests-build/75134/testReport/projectroot.roottest.root.io/uniquePointer/roottest_root_io_uniquePointer_writePtrColls/); - [projectroot.roottest.root.dataframe.roottest_root_dataframe_writeFcc](https://lcgapp-services.cern.ch/root-jenkins/job/root-pullrequests-build/75134/testReport/projectroot.roottest.root/dataframe/roottest_root_dataframe_writeFcc/); - [projectroot.roottest.root.io.stdarray.roottest_root_io_stdarray_modelReadDictTXMLFile](https://lcgapp-services.cern.ch/root-jenkins/job/root-pullrequests-build/75134/testReport/projectroot.roottest.root.io/stdarray/roottest_root_io_stdarray_modelReadDictTXMLFile/); - [projectroot.roottest.root.io.uniquePointer.roottest_root_io_uniquePointer_readPtrColls](https://lcgapp-services.cern.ch/root-jenkins/job/root-pullrequests-build/75134/testReport/projectroot.roottest.root.io/uniquePointer/roottest_root_io_uniquePointer_readPtrColls/); - [projectroot.roottest.root.io.uniquePointer.roottest_root_io_uniquePointer_readUniq,MatchSource.ISSUE_COMMENT,root-project,root,v6-32-06,https://github.com/root-project/root/pull/5296#issuecomment-609404140:322,test,tests,322,https://root.cern,https://github.com/root-project/root/pull/5296#issuecomment-609404140,3,['test'],"['testReport', 'tests']"
Testability,Build failed on ROOT-fedora30/cxx14.; [See cdash ](http://cdash.cern.ch/index.php?project=ROOT&filtercount=1&field1=buildname/string&compare1=65&value1=PR-5296-ROOT-fedora30-cxx14&date=2020-04-05).; [See console output](https://lcgapp-services.cern.ch/root-jenkins/job/root-pullrequests-build/75142/console).; ### Failing tests:; - [projectroot.roottest.root.io.stdarray.roottest_root_io_stdarray_aclicModelWrite](https://lcgapp-services.cern.ch/root-jenkins/job/root-pullrequests-build/75142/testReport/projectroot.roottest.root.io/stdarray/roottest_root_io_stdarray_aclicModelWrite/); - [projectroot.roottest.root.io.uniquePointer.roottest_root_io_uniquePointer_writeUniqPtrColls](https://lcgapp-services.cern.ch/root-jenkins/job/root-pullrequests-build/75142/testReport/projectroot.roottest.root.io/uniquePointer/roottest_root_io_uniquePointer_writeUniqPtrColls/); - [projectroot.roottest.root.io.uniquePointer.roottest_root_io_uniquePointer_writePtrColls](https://lcgapp-services.cern.ch/root-jenkins/job/root-pullrequests-build/75142/testReport/projectroot.roottest.root.io/uniquePointer/roottest_root_io_uniquePointer_writePtrColls/); - [projectroot.roottest.root.io.stdarray.roottest_root_io_stdarray_modelReadDictTXMLFile](https://lcgapp-services.cern.ch/root-jenkins/job/root-pullrequests-build/75142/testReport/projectroot.roottest.root.io/stdarray/roottest_root_io_stdarray_modelReadDictTXMLFile/); - [projectroot.roottest.root.dataframe.roottest_root_dataframe_writeFcc](https://lcgapp-services.cern.ch/root-jenkins/job/root-pullrequests-build/75142/testReport/projectroot.roottest.root/dataframe/roottest_root_dataframe_writeFcc/); - [projectroot.roottest.root.io.uniquePointer.roottest_root_io_uniquePointer_readPtrColls](https://lcgapp-services.cern.ch/root-jenkins/job/root-pullrequests-build/75142/testReport/projectroot.roottest.root.io/uniquePointer/roottest_root_io_uniquePointer_readPtrColls/); - [projectroot.roottest.root.io.uniquePointer.roottest_root_io_uniquePointer_readUniq,MatchSource.ISSUE_COMMENT,root-project,root,v6-32-06,https://github.com/root-project/root/pull/5296#issuecomment-609407688:322,test,tests,322,https://root.cern,https://github.com/root-project/root/pull/5296#issuecomment-609407688,3,['test'],"['testReport', 'tests']"
Testability,Build failed on ROOT-fedora30/cxx14.; [See cdash ](http://cdash.cern.ch/index.php?project=ROOT&filtercount=1&field1=buildname/string&compare1=65&value1=PR-5310-ROOT-fedora30-cxx14&date=2020-04-07).; [See console output](https://lcgapp-services.cern.ch/root-jenkins/job/root-pullrequests-build/75480/console).; ### Failing tests:; - [projectroot.bindings.pyroot_experimental.pythonizations.test.pyunittests_pyroot_numbadefine](https://lcgapp-services.cern.ch/root-jenkins/job/root-pullrequests-build/75480/testReport/projectroot.bindings.pyroot_experimental.pythonizations/test/pyunittests_pyroot_numbadefine/),MatchSource.ISSUE_COMMENT,root-project,root,v6-32-06,https://github.com/root-project/root/pull/5310#issuecomment-610232604:322,test,tests,322,https://root.cern,https://github.com/root-project/root/pull/5310#issuecomment-610232604,4,['test'],"['test', 'testReport', 'tests']"
Testability,Build failed on ROOT-fedora30/cxx14.; [See cdash ](http://cdash.cern.ch/index.php?project=ROOT&filtercount=1&field1=buildname/string&compare1=65&value1=PR-5310-ROOT-fedora30-cxx14&date=2020-04-07).; [See console output](https://lcgapp-services.cern.ch/root-jenkins/job/root-pullrequests-build/75496/console).; ### Failing tests:; - [projectroot.bindings.pyroot_experimental.pythonizations.test.pyunittests_pyroot_numbadeclare](https://lcgapp-services.cern.ch/root-jenkins/job/root-pullrequests-build/75496/testReport/projectroot.bindings.pyroot_experimental.pythonizations/test/pyunittests_pyroot_numbadeclare/),MatchSource.ISSUE_COMMENT,root-project,root,v6-32-06,https://github.com/root-project/root/pull/5310#issuecomment-610259303:322,test,tests,322,https://root.cern,https://github.com/root-project/root/pull/5310#issuecomment-610259303,4,['test'],"['test', 'testReport', 'tests']"
Testability,Build failed on ROOT-fedora30/cxx14.; [See cdash ](http://cdash.cern.ch/index.php?project=ROOT&filtercount=1&field1=buildname/string&compare1=65&value1=PR-5310-ROOT-fedora30-cxx14&date=2020-04-07).; [See console output](https://lcgapp-services.cern.ch/root-jenkins/job/root-pullrequests-build/75528/console).; ### Failing tests:; - [projectroot.bindings.pyroot_experimental.pythonizations.test.pyunittests_pyroot_numbadeclare](https://lcgapp-services.cern.ch/root-jenkins/job/root-pullrequests-build/75528/testReport/projectroot.bindings.pyroot_experimental.pythonizations/test/pyunittests_pyroot_numbadeclare/),MatchSource.ISSUE_COMMENT,root-project,root,v6-32-06,https://github.com/root-project/root/pull/5310#issuecomment-610301846:322,test,tests,322,https://root.cern,https://github.com/root-project/root/pull/5310#issuecomment-610301846,4,['test'],"['test', 'testReport', 'tests']"
Testability,Build failed on ROOT-fedora30/cxx14.; [See cdash ](http://cdash.cern.ch/index.php?project=ROOT&filtercount=1&field1=buildname/string&compare1=65&value1=PR-5310-ROOT-fedora30-cxx14&date=2020-04-07).; [See console output](https://lcgapp-services.cern.ch/root-jenkins/job/root-pullrequests-build/75560/console).; ### Failing tests:; - [projectroot.bindings.pyroot_experimental.pythonizations.test.pyunittests_pyroot_numbadeclare](https://lcgapp-services.cern.ch/root-jenkins/job/root-pullrequests-build/75560/testReport/projectroot.bindings.pyroot_experimental.pythonizations/test/pyunittests_pyroot_numbadeclare/),MatchSource.ISSUE_COMMENT,root-project,root,v6-32-06,https://github.com/root-project/root/pull/5310#issuecomment-610335778:322,test,tests,322,https://root.cern,https://github.com/root-project/root/pull/5310#issuecomment-610335778,4,['test'],"['test', 'testReport', 'tests']"
Testability,Build failed on ROOT-fedora30/cxx14.; [See cdash ](http://cdash.cern.ch/index.php?project=ROOT&filtercount=1&field1=buildname/string&compare1=65&value1=PR-5310-ROOT-fedora30-cxx14&date=2020-04-15).; [See console output](https://lcgapp-services.cern.ch/root-jenkins/job/root-pullrequests-build/76402/console).; ### Failing tests:; - [projectroot.bindings.pyroot_experimental.pythonizations.test.pyunittests_pyroot_numbadeclare](https://lcgapp-services.cern.ch/root-jenkins/job/root-pullrequests-build/76402/testReport/projectroot.bindings.pyroot_experimental.pythonizations/test/pyunittests_pyroot_numbadeclare/),MatchSource.ISSUE_COMMENT,root-project,root,v6-32-06,https://github.com/root-project/root/pull/5310#issuecomment-613885585:322,test,tests,322,https://root.cern,https://github.com/root-project/root/pull/5310#issuecomment-613885585,4,['test'],"['test', 'testReport', 'tests']"
Testability,Build failed on ROOT-fedora30/cxx14.; [See cdash ](http://cdash.cern.ch/index.php?project=ROOT&filtercount=1&field1=buildname/string&compare1=65&value1=PR-5310-ROOT-fedora30-cxx14&date=2020-04-15).; [See console output](https://lcgapp-services.cern.ch/root-jenkins/job/root-pullrequests-build/76498/console).; ### Failing tests:; - [projectroot.bindings.pyroot_experimental.pythonizations.test.pyunittests_pyroot_numbadeclare](https://lcgapp-services.cern.ch/root-jenkins/job/root-pullrequests-build/76498/testReport/projectroot.bindings.pyroot_experimental.pythonizations/test/pyunittests_pyroot_numbadeclare/),MatchSource.ISSUE_COMMENT,root-project,root,v6-32-06,https://github.com/root-project/root/pull/5310#issuecomment-614031459:322,test,tests,322,https://root.cern,https://github.com/root-project/root/pull/5310#issuecomment-614031459,4,['test'],"['test', 'testReport', 'tests']"
Testability,Build failed on ROOT-fedora30/cxx14.; [See cdash ](http://cdash.cern.ch/index.php?project=ROOT&filtercount=1&field1=buildname/string&compare1=65&value1=PR-5310-ROOT-fedora30-cxx14&date=2020-04-15).; [See console output](https://lcgapp-services.cern.ch/root-jenkins/job/root-pullrequests-build/76506/console).; ### Failing tests:; - [projectroot.bindings.pyroot_experimental.pythonizations.test.pyunittests_pyroot_numbadeclare](https://lcgapp-services.cern.ch/root-jenkins/job/root-pullrequests-build/76506/testReport/projectroot.bindings.pyroot_experimental.pythonizations/test/pyunittests_pyroot_numbadeclare/),MatchSource.ISSUE_COMMENT,root-project,root,v6-32-06,https://github.com/root-project/root/pull/5310#issuecomment-614070980:322,test,tests,322,https://root.cern,https://github.com/root-project/root/pull/5310#issuecomment-614070980,4,['test'],"['test', 'testReport', 'tests']"
Testability,Build failed on ROOT-fedora30/cxx14.; [See cdash ](http://cdash.cern.ch/index.php?project=ROOT&filtercount=1&field1=buildname/string&compare1=65&value1=PR-5310-ROOT-fedora30-cxx14&date=2020-04-16).; [See console output](https://lcgapp-services.cern.ch/root-jenkins/job/root-pullrequests-build/76586/console).; ### Failing tests:; - [projectroot.bindings.pyroot_experimental.pythonizations.test.pyunittests_pyroot_numbadeclare](https://lcgapp-services.cern.ch/root-jenkins/job/root-pullrequests-build/76586/testReport/projectroot.bindings.pyroot_experimental.pythonizations/test/pyunittests_pyroot_numbadeclare/),MatchSource.ISSUE_COMMENT,root-project,root,v6-32-06,https://github.com/root-project/root/pull/5310#issuecomment-614543778:322,test,tests,322,https://root.cern,https://github.com/root-project/root/pull/5310#issuecomment-614543778,4,['test'],"['test', 'testReport', 'tests']"
Testability,Build failed on ROOT-fedora30/cxx14.; [See cdash ](http://cdash.cern.ch/index.php?project=ROOT&filtercount=1&field1=buildname/string&compare1=65&value1=PR-5316-ROOT-fedora30-cxx14&date=2020-04-08).; [See console output](https://lcgapp-services.cern.ch/root-jenkins/job/root-pullrequests-build/75810/console).; ### Errors:; - [2020-04-08T11:10:21.451Z] FAILED: roofit/roofitcore/test/CMakeFiles/testRooAbsPdf.dir/testRooAbsPdf.cxx.o ; - [2020-04-08T11:10:21.451Z] /build/workspace/root-pullrequests-build/root/roofit/roofitcore/test/testRooAbsPdf.cxx:23:19: error: ‘RooDateaSet’ was not declared in this scope; did you mean ‘RooDataSet’? ; - [2020-04-08T11:10:21.451Z] /build/workspace/root-pullrequests-build/root/roofit/roofitcore/test/testRooAbsPdf.cxx:23:30: error: template argument 1 is invalid ; - [2020-04-08T11:10:21.451Z] /build/workspace/root-pullrequests-build/root/roofit/roofitcore/test/testRooAbsPdf.cxx:23:30: error: template argument 2 is invalid ; - [2020-04-08T11:10:21.451Z] /build/workspace/root-pullrequests-build/root/roofit/roofitcore/test/testRooAbsPdf.cxx:24:67: error: expression list treated as compound expression in initializer [-fpermissive] ; - [2020-04-08T11:10:21.452Z] /build/workspace/root-pullrequests-build/root/roofit/roofitcore/test/testRooAbsPdf.cxx:24:64: error: cannot convert ‘RooCmdArg’ to ‘int’ in initialization ; - [2020-04-08T11:10:21.452Z] /build/workspace/root-pullrequests-build/root/roofit/roofitcore/test/testRooAbsPdf.cxx:25:15: error: base operand of ‘-&gt;’ is not a pointer ; - [2020-04-08T11:10:21.452Z] /build/workspace/root-pullrequests-build/root/roofit/roofitcore/test/testRooAbsPdf.cxx:27:14: error: invalid type argument of unary ‘*’ (have ‘int’) . ### Warnings:; - [2020-04-08T11:10:21.451Z] /build/workspace/root-pullrequests-build/root/roofit/roofitcore/test/testRooAbsPdf.cxx:23:45: warning: left operand of comma operator has no effect [-Wunused-value] ; - [2020-04-08T11:10:21.452Z] /build/workspace/root-pullrequests-build/root/ro,MatchSource.ISSUE_COMMENT,root-project,root,v6-32-06,https://github.com/root-project/root/pull/5316#issuecomment-610896821:378,test,test,378,https://root.cern,https://github.com/root-project/root/pull/5316#issuecomment-610896821,9,['test'],"['test', 'testRooAbsPdf']"
Testability,Build failed on ROOT-fedora30/cxx14.; [See cdash ](http://cdash.cern.ch/index.php?project=ROOT&filtercount=1&field1=buildname/string&compare1=65&value1=PR-5319-ROOT-fedora30-cxx14&date=2020-04-08).; [See console output](https://lcgapp-services.cern.ch/root-jenkins/job/root-pullrequests-build/75704/console).; ### Failing tests:; - [projectroot.roottest.root.io.filemerger.roottest_root_io_filemerger_simple_lz4_compr_level1](https://lcgapp-services.cern.ch/root-jenkins/job/root-pullrequests-build/75704/testReport/projectroot.roottest.root.io/filemerger/roottest_root_io_filemerger_simple_lz4_compr_level1/); - [projectroot.roottest.root.tree.fastcloning.roottest_root_tree_fastcloning_execCheckClusterRange](https://lcgapp-services.cern.ch/root-jenkins/job/root-pullrequests-build/75704/testReport/projectroot.roottest.root.tree/fastcloning/roottest_root_tree_fastcloning_execCheckClusterRange/),MatchSource.ISSUE_COMMENT,root-project,root,v6-32-06,https://github.com/root-project/root/pull/5319#issuecomment-610671540:322,test,tests,322,https://root.cern,https://github.com/root-project/root/pull/5319#issuecomment-610671540,3,['test'],"['testReport', 'tests']"
Testability,Build failed on ROOT-fedora30/cxx14.; [See cdash ](http://cdash.cern.ch/index.php?project=ROOT&filtercount=1&field1=buildname/string&compare1=65&value1=PR-5319-ROOT-fedora30-cxx14&date=2020-04-08).; [See console output](https://lcgapp-services.cern.ch/root-jenkins/job/root-pullrequests-build/75858/console).; ### Failing tests:; - [projectroot.roottest.root.io.filemerger.roottest_root_io_filemerger_simple_lz4_compr_level1](https://lcgapp-services.cern.ch/root-jenkins/job/root-pullrequests-build/75858/testReport/projectroot.roottest.root.io/filemerger/roottest_root_io_filemerger_simple_lz4_compr_level1/); - [projectroot.roottest.root.tree.fastcloning.roottest_root_tree_fastcloning_execCheckClusterRange](https://lcgapp-services.cern.ch/root-jenkins/job/root-pullrequests-build/75858/testReport/projectroot.roottest.root.tree/fastcloning/roottest_root_tree_fastcloning_execCheckClusterRange/),MatchSource.ISSUE_COMMENT,root-project,root,v6-32-06,https://github.com/root-project/root/pull/5319#issuecomment-611081324:322,test,tests,322,https://root.cern,https://github.com/root-project/root/pull/5319#issuecomment-611081324,3,['test'],"['testReport', 'tests']"
Testability,Build failed on ROOT-fedora30/cxx14.; [See cdash ](http://cdash.cern.ch/index.php?project=ROOT&filtercount=1&field1=buildname/string&compare1=65&value1=PR-5329-ROOT-fedora30-cxx14&date=2020-04-08).; [See console output](https://lcgapp-services.cern.ch/root-jenkins/job/root-pullrequests-build/75882/console).; ### Failing tests:; - [projectroot.bindings.pyroot_experimental.pythonizations.test.pyunittests_pyroot_pyz_rdataframe_asnumpy](https://lcgapp-services.cern.ch/root-jenkins/job/root-pullrequests-build/75882/testReport/projectroot.bindings.pyroot_experimental.pythonizations/test/pyunittests_pyroot_pyz_rdataframe_asnumpy/); - [projectroot.tree.dataframe.test.gtest_tree_dataframe_test_dataframe_interface](https://lcgapp-services.cern.ch/root-jenkins/job/root-pullrequests-build/75882/testReport/projectroot.tree.dataframe/test/gtest_tree_dataframe_test_dataframe_interface/); - [projectroot.tree.dataframe.test.gtest_tree_dataframe_test_dataframe_simple](https://lcgapp-services.cern.ch/root-jenkins/job/root-pullrequests-build/75882/testReport/projectroot.tree.dataframe/test/gtest_tree_dataframe_test_dataframe_simple/); - [projectroot.tree.dataframe.test.pyunittests_dataframe_misc](https://lcgapp-services.cern.ch/root-jenkins/job/root-pullrequests-build/75882/testReport/projectroot.tree.dataframe/test/pyunittests_dataframe_misc/),MatchSource.ISSUE_COMMENT,root-project,root,v6-32-06,https://github.com/root-project/root/pull/5329#issuecomment-611115016:322,test,tests,322,https://root.cern,https://github.com/root-project/root/pull/5329#issuecomment-611115016,13,['test'],"['test', 'testReport', 'tests']"
Testability,Build failed on ROOT-fedora30/cxx14.; [See cdash ](http://cdash.cern.ch/index.php?project=ROOT&filtercount=1&field1=buildname/string&compare1=65&value1=PR-5329-ROOT-fedora30-cxx14&date=2020-04-14).; [See console output](https://lcgapp-services.cern.ch/root-jenkins/job/root-pullrequests-build/76354/console).; ### Failing tests:; - [projectroot.bindings.pyroot_experimental.pythonizations.test.pyunittests_pyroot_pyz_rdataframe_asnumpy](https://lcgapp-services.cern.ch/root-jenkins/job/root-pullrequests-build/76354/testReport/projectroot.bindings.pyroot_experimental.pythonizations/test/pyunittests_pyroot_pyz_rdataframe_asnumpy/); - [projectroot.tree.dataframe.test.gtest_tree_dataframe_test_dataframe_interface](https://lcgapp-services.cern.ch/root-jenkins/job/root-pullrequests-build/76354/testReport/projectroot.tree.dataframe/test/gtest_tree_dataframe_test_dataframe_interface/); - [projectroot.tree.dataframe.test.gtest_tree_dataframe_test_dataframe_simple](https://lcgapp-services.cern.ch/root-jenkins/job/root-pullrequests-build/76354/testReport/projectroot.tree.dataframe/test/gtest_tree_dataframe_test_dataframe_simple/); - [projectroot.tree.dataframe.test.pyunittests_dataframe_misc](https://lcgapp-services.cern.ch/root-jenkins/job/root-pullrequests-build/76354/testReport/projectroot.tree.dataframe/test/pyunittests_dataframe_misc/),MatchSource.ISSUE_COMMENT,root-project,root,v6-32-06,https://github.com/root-project/root/pull/5329#issuecomment-613533343:322,test,tests,322,https://root.cern,https://github.com/root-project/root/pull/5329#issuecomment-613533343,13,['test'],"['test', 'testReport', 'tests']"
Testability,Build failed on ROOT-fedora30/cxx14.; [See cdash ](http://cdash.cern.ch/index.php?project=ROOT&filtercount=1&field1=buildname/string&compare1=65&value1=PR-5329-ROOT-fedora30-cxx14&date=2020-04-16).; [See console output](https://lcgapp-services.cern.ch/root-jenkins/job/root-pullrequests-build/76780/console).; ### Failing tests:; - [projectroot.tree.dataframe.test.pyunittests_dataframe_misc](https://lcgapp-services.cern.ch/root-jenkins/job/root-pullrequests-build/76780/testReport/projectroot.tree.dataframe/test/pyunittests_dataframe_misc/),MatchSource.ISSUE_COMMENT,root-project,root,v6-32-06,https://github.com/root-project/root/pull/5329#issuecomment-614786418:322,test,tests,322,https://root.cern,https://github.com/root-project/root/pull/5329#issuecomment-614786418,4,['test'],"['test', 'testReport', 'tests']"
Testability,Build failed on ROOT-fedora30/cxx14.; [See cdash ](http://cdash.cern.ch/index.php?project=ROOT&filtercount=1&field1=buildname/string&compare1=65&value1=PR-5342-ROOT-fedora30-cxx14&date=2020-04-11).; [See console output](https://lcgapp-services.cern.ch/root-jenkins/job/root-pullrequests-build/76178/console).; ### Failing tests:; - [projectroot.runtutorials.tutorial_gl_parallelcoordtrans](https://lcgapp-services.cern.ch/root-jenkins/job/root-pullrequests-build/76178/testReport/projectroot/runtutorials/tutorial_gl_parallelcoordtrans/); - [projectroot.runtutorials.tutorial_legacy_mlp_mlpRegression](https://lcgapp-services.cern.ch/root-jenkins/job/root-pullrequests-build/76178/testReport/projectroot/runtutorials/tutorial_legacy_mlp_mlpRegression/); - [projectroot.runtutorials.tutorial_roofit_rf102_dataimport](https://lcgapp-services.cern.ch/root-jenkins/job/root-pullrequests-build/76178/testReport/projectroot/runtutorials/tutorial_roofit_rf102_dataimport/); - [projectroot.runtutorials.tutorial_roofit_rf401_importttreethx](https://lcgapp-services.cern.ch/root-jenkins/job/root-pullrequests-build/76178/testReport/projectroot/runtutorials/tutorial_roofit_rf401_importttreethx/); - [projectroot.runtutorials.tutorial_roostats_rs101_limitexample](https://lcgapp-services.cern.ch/root-jenkins/job/root-pullrequests-build/76178/testReport/projectroot/runtutorials/tutorial_roostats_rs101_limitexample/); - [projectroot.runtutorials.tutorial_splot_TestSPlot](https://lcgapp-services.cern.ch/root-jenkins/job/root-pullrequests-build/76178/testReport/projectroot/runtutorials/tutorial_splot_TestSPlot/); - [projectroot.runtutorials.tutorial_tree_circular](https://lcgapp-services.cern.ch/root-jenkins/job/root-pullrequests-build/76178/testReport/projectroot/runtutorials/tutorial_tree_circular/); - [projectroot.runtutorials.tutorial_tree_parallelcoord](https://lcgapp-services.cern.ch/root-jenkins/job/root-pullrequests-build/76178/testReport/projectroot/runtutorials/tutorial_tree_parallelcoord/);,MatchSource.ISSUE_COMMENT,root-project,root,v6-32-06,https://github.com/root-project/root/pull/5342#issuecomment-612250014:322,test,tests,322,https://root.cern,https://github.com/root-project/root/pull/5342#issuecomment-612250014,4,['test'],"['testReport', 'tests']"
Testability,Build failed on ROOT-fedora30/cxx14.; [See cdash ](http://cdash.cern.ch/index.php?project=ROOT&filtercount=1&field1=buildname/string&compare1=65&value1=PR-5342-ROOT-fedora30-cxx14&date=2020-04-11).; [See console output](https://lcgapp-services.cern.ch/root-jenkins/job/root-pullrequests-build/76202/console).; ### Failing tests:; - [projectroot.roottest.root.io.directory.roottest_root_io_directory_make](https://lcgapp-services.cern.ch/root-jenkins/job/root-pullrequests-build/76202/testReport/projectroot.roottest.root.io/directory/roottest_root_io_directory_make/); - [projectroot.roottest.root.io.withoutDictionaries.roottest_root_io_withoutDictionaries_IOWithoutDictionaries](https://lcgapp-services.cern.ch/root-jenkins/job/root-pullrequests-build/76202/testReport/projectroot.roottest.root.io/withoutDictionaries/roottest_root_io_withoutDictionaries_IOWithoutDictionaries/); - [projectroot.roottest.root.tree.branches.roottest_root_tree_branches_make](https://lcgapp-services.cern.ch/root-jenkins/job/root-pullrequests-build/76202/testReport/projectroot.roottest.root.tree/branches/roottest_root_tree_branches_make/); - [projectroot.tmva.tmva.test.DNN.CNN.TMVA_DNN_CNN_MethodDL](https://lcgapp-services.cern.ch/root-jenkins/job/root-pullrequests-build/76202/testReport/projectroot.tmva.tmva.test.DNN/CNN/TMVA_DNN_CNN_MethodDL/),MatchSource.ISSUE_COMMENT,root-project,root,v6-32-06,https://github.com/root-project/root/pull/5342#issuecomment-612314754:322,test,tests,322,https://root.cern,https://github.com/root-project/root/pull/5342#issuecomment-612314754,7,['test'],"['test', 'testReport', 'tests']"
Testability,Build failed on ROOT-fedora30/cxx14.; [See cdash ](http://cdash.cern.ch/index.php?project=ROOT&filtercount=1&field1=buildname/string&compare1=65&value1=PR-5342-ROOT-fedora30-cxx14&date=2020-04-14).; [See console output](https://lcgapp-services.cern.ch/root-jenkins/job/root-pullrequests-build/76282/console).; ### Failing tests:; - [projectroot.roottest.root.io.directory.roottest_root_io_directory_make](https://lcgapp-services.cern.ch/root-jenkins/job/root-pullrequests-build/76282/testReport/projectroot.roottest.root.io/directory/roottest_root_io_directory_make/); - [projectroot.roottest.root.io.filemerger.roottest_root_io_filemerger_simple_lz4_compr_level1](https://lcgapp-services.cern.ch/root-jenkins/job/root-pullrequests-build/76282/testReport/projectroot.roottest.root.io/filemerger/roottest_root_io_filemerger_simple_lz4_compr_level1/); - [projectroot.roottest.root.tree.fastcloning.roottest_root_tree_fastcloning_execCheckClusterRange](https://lcgapp-services.cern.ch/root-jenkins/job/root-pullrequests-build/76282/testReport/projectroot.roottest.root.tree/fastcloning/roottest_root_tree_fastcloning_execCheckClusterRange/),MatchSource.ISSUE_COMMENT,root-project,root,v6-32-06,https://github.com/root-project/root/pull/5342#issuecomment-613185637:322,test,tests,322,https://root.cern,https://github.com/root-project/root/pull/5342#issuecomment-613185637,4,['test'],"['testReport', 'tests']"
Testability,Build failed on ROOT-fedora30/cxx14.; [See cdash ](http://cdash.cern.ch/index.php?project=ROOT&filtercount=1&field1=buildname/string&compare1=65&value1=PR-5342-ROOT-fedora30-cxx14&date=2020-04-16).; [See console output](https://lcgapp-services.cern.ch/root-jenkins/job/root-pullrequests-build/76806/console).; ### Failing tests:; - [projectroot.roottest.root.io.directory.roottest_root_io_directory_make](https://lcgapp-services.cern.ch/root-jenkins/job/root-pullrequests-build/76806/testReport/projectroot.roottest.root.io/directory/roottest_root_io_directory_make/),MatchSource.ISSUE_COMMENT,root-project,root,v6-32-06,https://github.com/root-project/root/pull/5342#issuecomment-614912017:322,test,tests,322,https://root.cern,https://github.com/root-project/root/pull/5342#issuecomment-614912017,2,['test'],"['testReport', 'tests']"
Testability,Build failed on ROOT-fedora30/cxx14.; [See cdash ](http://cdash.cern.ch/index.php?project=ROOT&filtercount=1&field1=buildname/string&compare1=65&value1=PR-5344-ROOT-fedora30-cxx14&date=2020-04-14).; [See console output](https://lcgapp-services.cern.ch/root-jenkins/job/root-pullrequests-build/76298/console).; ### Failing tests:; - [projectroot.roottest.root.io.filemerger.roottest_root_io_filemerger_simple_lz4_compr_level1](https://lcgapp-services.cern.ch/root-jenkins/job/root-pullrequests-build/76298/testReport/projectroot.roottest.root.io/filemerger/roottest_root_io_filemerger_simple_lz4_compr_level1/); - [projectroot.roottest.root.tree.fastcloning.roottest_root_tree_fastcloning_execCheckClusterRange](https://lcgapp-services.cern.ch/root-jenkins/job/root-pullrequests-build/76298/testReport/projectroot.roottest.root.tree/fastcloning/roottest_root_tree_fastcloning_execCheckClusterRange/),MatchSource.ISSUE_COMMENT,root-project,root,v6-32-06,https://github.com/root-project/root/pull/5344#issuecomment-613337173:322,test,tests,322,https://root.cern,https://github.com/root-project/root/pull/5344#issuecomment-613337173,3,['test'],"['testReport', 'tests']"
Testability,Build failed on ROOT-fedora30/cxx14.; [See cdash ](http://cdash.cern.ch/index.php?project=ROOT&filtercount=1&field1=buildname/string&compare1=65&value1=PR-5346-ROOT-fedora30-cxx14&date=2020-04-10).; [See console output](https://lcgapp-services.cern.ch/root-jenkins/job/root-pullrequests-build/76130/console).; ### Failing tests:; - [projectroot.tree.dataframe.test.gtest_tree_dataframe_test_dataframe_interface](https://lcgapp-services.cern.ch/root-jenkins/job/root-pullrequests-build/76130/testReport/projectroot.tree.dataframe/test/gtest_tree_dataframe_test_dataframe_interface/),MatchSource.ISSUE_COMMENT,root-project,root,v6-32-06,https://github.com/root-project/root/pull/5346#issuecomment-612148417:322,test,tests,322,https://root.cern,https://github.com/root-project/root/pull/5346#issuecomment-612148417,4,['test'],"['test', 'testReport', 'tests']"
Testability,Build failed on ROOT-fedora30/cxx14.; [See cdash ](http://cdash.cern.ch/index.php?project=ROOT&filtercount=1&field1=buildname/string&compare1=65&value1=PR-5348-ROOT-fedora30-cxx14&date=2020-04-14).; [See console output](https://lcgapp-services.cern.ch/root-jenkins/job/root-pullrequests-build/76338/console).; ### Failing tests:; - [projectroot.roottest.root.io.filemerger.roottest_root_io_filemerger_simple_lz4_compr_level1](https://lcgapp-services.cern.ch/root-jenkins/job/root-pullrequests-build/76338/testReport/projectroot.roottest.root.io/filemerger/roottest_root_io_filemerger_simple_lz4_compr_level1/); - [projectroot.roottest.root.tree.fastcloning.roottest_root_tree_fastcloning_execCheckClusterRange](https://lcgapp-services.cern.ch/root-jenkins/job/root-pullrequests-build/76338/testReport/projectroot.roottest.root.tree/fastcloning/roottest_root_tree_fastcloning_execCheckClusterRange/),MatchSource.ISSUE_COMMENT,root-project,root,v6-32-06,https://github.com/root-project/root/pull/5348#issuecomment-613496150:322,test,tests,322,https://root.cern,https://github.com/root-project/root/pull/5348#issuecomment-613496150,3,['test'],"['testReport', 'tests']"
Testability,Build failed on ROOT-fedora30/cxx14.; [See cdash ](http://cdash.cern.ch/index.php?project=ROOT&filtercount=1&field1=buildname/string&compare1=65&value1=PR-5351-ROOT-fedora30-cxx14&date=2020-04-14).; [See console output](https://lcgapp-services.cern.ch/root-jenkins/job/root-pullrequests-build/76306/console).; ### Failing tests:; - [projectroot.roottest.root.io.filemerger.roottest_root_io_filemerger_simple_lz4_compr_level1](https://lcgapp-services.cern.ch/root-jenkins/job/root-pullrequests-build/76306/testReport/projectroot.roottest.root.io/filemerger/roottest_root_io_filemerger_simple_lz4_compr_level1/); - [projectroot.roottest.root.tree.fastcloning.roottest_root_tree_fastcloning_execCheckClusterRange](https://lcgapp-services.cern.ch/root-jenkins/job/root-pullrequests-build/76306/testReport/projectroot.roottest.root.tree/fastcloning/roottest_root_tree_fastcloning_execCheckClusterRange/),MatchSource.ISSUE_COMMENT,root-project,root,v6-32-06,https://github.com/root-project/root/pull/5351#issuecomment-613348293:322,test,tests,322,https://root.cern,https://github.com/root-project/root/pull/5351#issuecomment-613348293,3,['test'],"['testReport', 'tests']"
Testability,Build failed on ROOT-fedora30/cxx14.; [See cdash ](http://cdash.cern.ch/index.php?project=ROOT&filtercount=1&field1=buildname/string&compare1=65&value1=PR-5352-ROOT-fedora30-cxx14&date=2020-04-14).; [See console output](https://lcgapp-services.cern.ch/root-jenkins/job/root-pullrequests-build/76314/console).; ### Failing tests:; - [projectroot.roottest.root.io.filemerger.roottest_root_io_filemerger_simple_lz4_compr_level1](https://lcgapp-services.cern.ch/root-jenkins/job/root-pullrequests-build/76314/testReport/projectroot.roottest.root.io/filemerger/roottest_root_io_filemerger_simple_lz4_compr_level1/); - [projectroot.roottest.root.tree.fastcloning.roottest_root_tree_fastcloning_execCheckClusterRange](https://lcgapp-services.cern.ch/root-jenkins/job/root-pullrequests-build/76314/testReport/projectroot.roottest.root.tree/fastcloning/roottest_root_tree_fastcloning_execCheckClusterRange/),MatchSource.ISSUE_COMMENT,root-project,root,v6-32-06,https://github.com/root-project/root/pull/5352#issuecomment-613442818:322,test,tests,322,https://root.cern,https://github.com/root-project/root/pull/5352#issuecomment-613442818,3,['test'],"['testReport', 'tests']"
Testability,Build failed on ROOT-fedora30/cxx14.; [See cdash ](http://cdash.cern.ch/index.php?project=ROOT&filtercount=1&field1=buildname/string&compare1=65&value1=PR-5356-ROOT-fedora30-cxx14&date=2020-04-15).; [See console output](https://lcgapp-services.cern.ch/root-jenkins/job/root-pullrequests-build/76434/console).; ### Failing tests:; - [projectroot.tree.dataframe.test.gtest_tree_dataframe_test_dataframe_nodes](https://lcgapp-services.cern.ch/root-jenkins/job/root-pullrequests-build/76434/testReport/projectroot.tree.dataframe/test/gtest_tree_dataframe_test_dataframe_nodes/); - [projectroot.tree.dataframe.test.gtest_tree_dataframe_test_dataframe_interface](https://lcgapp-services.cern.ch/root-jenkins/job/root-pullrequests-build/76434/testReport/projectroot.tree.dataframe/test/gtest_tree_dataframe_test_dataframe_interface/),MatchSource.ISSUE_COMMENT,root-project,root,v6-32-06,https://github.com/root-project/root/pull/5356#issuecomment-613909937:322,test,tests,322,https://root.cern,https://github.com/root-project/root/pull/5356#issuecomment-613909937,7,['test'],"['test', 'testReport', 'tests']"
Testability,"Build failed on ROOT-fedora30/cxx14.; [See cdash ](http://cdash.cern.ch/index.php?project=ROOT&filtercount=1&field1=buildname/string&compare1=65&value1=PR-5364-ROOT-fedora30-cxx14&date=2020-04-15).; [See console output](https://lcgapp-services.cern.ch/root-jenkins/job/root-pullrequests-build/76554/console).; ### Warnings:; - [2020-04-15T16:52:07.981Z] CMake Warning at cmake/modules/SearchInstalledSoftware.cmake:15 (_find_package): ; - [2020-04-15T16:54:54.822Z] /build/workspace/root-pullrequests-build/root/core/imt/src/TImplicitMT.cxx:65:64: warning: format ‘%s’ expects argument of type ‘char*’, but argument 3 has type ‘std::string’ {aka ‘std::__cxx11::basic_string&lt;char&gt;’} [-Wformat=] ; - [2020-04-15T16:54:56.204Z] /build/workspace/root-pullrequests-build/root/core/imt/src/TThreadExecutor.cxx:183:4: warning: control reaches end of non-void function [-Wreturn-type] ; - [2020-04-15T16:54:56.204Z] /build/workspace/root-pullrequests-build/root/core/imt/src/TThreadExecutor.cxx:194:4: warning: control reaches end of non-void function [-Wreturn-type] . ### Failing tests:; - [projectroot.roottest.root.multicore.roottest_root_multicore_loadImt](https://lcgapp-services.cern.ch/root-jenkins/job/root-pullrequests-build/76554/testReport/projectroot.roottest.root/multicore/roottest_root_multicore_loadImt/)",MatchSource.ISSUE_COMMENT,root-project,root,v6-32-06,https://github.com/root-project/root/pull/5364#issuecomment-614173775:1080,test,tests,1080,https://root.cern,https://github.com/root-project/root/pull/5364#issuecomment-614173775,2,['test'],"['testReport', 'tests']"
Testability,Build failed on ROOT-fedora30/cxx14.; [See cdash ](http://cdash.cern.ch/index.php?project=ROOT&filtercount=1&field1=buildname/string&compare1=65&value1=PR-5377-ROOT-fedora30-cxx14&date=2020-04-18).; [See console output](https://lcgapp-services.cern.ch/root-jenkins/job/root-pullrequests-build/77095/console).; ### Failing tests:; - [projectroot.tree.ntuple.v7.test.gtest_tree__v7_test_ntuple](https://lcgapp-services.cern.ch/root-jenkins/job/root-pullrequests-build/77095/testReport/projectroot.tree.ntuple.v7/test/gtest_tree__v7_test_ntuple/); - [projectroot.tree.ntuple.v7.test.gtest_tree_ntuple_v7_test_ntuple_print](https://lcgapp-services.cern.ch/root-jenkins/job/root-pullrequests-build/77095/testReport/projectroot.tree.ntuple.v7/test/gtest_tree_ntuple_v7_test_ntuple_print/); - [projectroot.tree.ntuple.v7.test.gtest_tree_ntuple_v7_test_ntuple_raw](https://lcgapp-services.cern.ch/root-jenkins/job/root-pullrequests-build/77095/testReport/projectroot.tree.ntuple.v7/test/gtest_tree_ntuple_v7_test_ntuple_raw/),MatchSource.ISSUE_COMMENT,root-project,root,v6-32-06,https://github.com/root-project/root/pull/5377#issuecomment-615846482:322,test,tests,322,https://root.cern,https://github.com/root-project/root/pull/5377#issuecomment-615846482,10,['test'],"['test', 'testReport', 'tests']"
Testability,Build failed on ROOT-fedora30/cxx14.; [See cdash ](http://cdash.cern.ch/index.php?project=ROOT&filtercount=1&field1=buildname/string&compare1=65&value1=PR-5377-ROOT-fedora30-cxx14&date=2020-04-18).; [See console output](https://lcgapp-services.cern.ch/root-jenkins/job/root-pullrequests-build/77103/console).; ### Failing tests:; - [projectroot.tree.ntuple.v7.test.gtest_tree__v7_test_ntuple](https://lcgapp-services.cern.ch/root-jenkins/job/root-pullrequests-build/77103/testReport/projectroot.tree.ntuple.v7/test/gtest_tree__v7_test_ntuple/),MatchSource.ISSUE_COMMENT,root-project,root,v6-32-06,https://github.com/root-project/root/pull/5377#issuecomment-615889797:322,test,tests,322,https://root.cern,https://github.com/root-project/root/pull/5377#issuecomment-615889797,4,['test'],"['test', 'testReport', 'tests']"
Testability,Build failed on ROOT-fedora30/cxx14.; [See cdash ](http://cdash.cern.ch/index.php?project=ROOT&filtercount=1&field1=buildname/string&compare1=65&value1=PR-5377-ROOT-fedora30-cxx14&date=2020-04-19).; [See console output](https://lcgapp-services.cern.ch/root-jenkins/job/root-pullrequests-build/77111/console).; ### Failing tests:; - [projectroot.tree.ntuple.v7.test.gtest_tree__v7_test_ntuple](https://lcgapp-services.cern.ch/root-jenkins/job/root-pullrequests-build/77111/testReport/projectroot.tree.ntuple.v7/test/gtest_tree__v7_test_ntuple/),MatchSource.ISSUE_COMMENT,root-project,root,v6-32-06,https://github.com/root-project/root/pull/5377#issuecomment-616091855:322,test,tests,322,https://root.cern,https://github.com/root-project/root/pull/5377#issuecomment-616091855,4,['test'],"['test', 'testReport', 'tests']"
Testability,"Build failed on ROOT-fedora30/cxx14.; [See console output](https://epsft-jenkins.cern.ch/job/root-pullrequests-build/71055/console).; ### Warnings:; - CMake Warning at /build/workspace/root-pullrequests-build/rootspi/jenkins/root-build.cmake:892 (message): ; - include/tbb/concurrent_hash_map.h:127:51: warning: ‘void* memset(void*, int, size_t)’ clearing an object of type ‘class tbb::interface5::internal::hash_map_base’ with no trivial copy-assignment; use value-initialization instead [-Wclass-memaccess] ; - include/tbb/concurrent_hash_map.h:127:51: warning: ‘void* memset(void*, int, size_t)’ clearing an object of type ‘class tbb::interface5::internal::hash_map_base’ with no trivial copy-assignment; use value-initialization instead [-Wclass-memaccess] . ### Failing tests:; - [projectroot.test.test_stressgraphics_interpreted](https://epsft-jenkins.cern.ch/job/root-pullrequests-build/71055/testReport/projectroot/test/test_stressgraphics_interpreted/)",MatchSource.ISSUE_COMMENT,root-project,root,v6-32-06,https://github.com/root-project/root/pull/4279#issuecomment-547064701:775,test,tests,775,https://root.cern,https://github.com/root-project/root/pull/4279#issuecomment-547064701,8,['test'],"['test', 'testReport', 'tests']"
Testability,"Build failed on ROOT-fedora30/cxx14.; [See console output](https://epsft-jenkins.cern.ch/job/root-pullrequests-build/71095/console).; ### Warnings:; - CMake Warning at /build/workspace/root-pullrequests-build/rootspi/jenkins/root-build.cmake:892 (message): ; - include/tbb/concurrent_hash_map.h:127:51: warning: ‘void* memset(void*, int, size_t)’ clearing an object of type ‘class tbb::interface5::internal::hash_map_base’ with no trivial copy-assignment; use value-initialization instead [-Wclass-memaccess] ; - include/tbb/concurrent_hash_map.h:127:51: warning: ‘void* memset(void*, int, size_t)’ clearing an object of type ‘class tbb::interface5::internal::hash_map_base’ with no trivial copy-assignment; use value-initialization instead [-Wclass-memaccess] . ### Failing tests:; - [projectroot.bindings.pyroot_experimental.PyROOT.ROOT.test.pyunittests_pyroot_cppcallable](https://epsft-jenkins.cern.ch/job/root-pullrequests-build/71095/testReport/projectroot.bindings.pyroot_experimental.PyROOT.ROOT/test/pyunittests_pyroot_cppcallable/); - [projectroot.test.test_stressgraphics_interpreted](https://epsft-jenkins.cern.ch/job/root-pullrequests-build/71095/testReport/projectroot/test/test_stressgraphics_interpreted/)",MatchSource.ISSUE_COMMENT,root-project,root,v6-32-06,https://github.com/root-project/root/pull/4279#issuecomment-547113818:775,test,tests,775,https://root.cern,https://github.com/root-project/root/pull/4279#issuecomment-547113818,14,['test'],"['test', 'testReport', 'tests']"
Testability,"Build failed on ROOT-fedora30/cxx14.; [See console output](https://epsft-jenkins.cern.ch/job/root-pullrequests-build/71167/console).; AXE### Warnings:; - CMake Warning at /build/workspace/root-pullrequests-build/rootspi/jenkins/root-build.cmake:892 (message): ; - include/tbb/concurrent_hash_map.h:127:51: warning: ‘void* memset(void*, int, size_t)’ clearing an object of type ‘class tbb::interface5::internal::hash_map_base’ with no trivial copy-assignment; use value-initialization instead [-Wclass-memaccess] ; - include/tbb/concurrent_hash_map.h:127:51: warning: ‘void* memset(void*, int, size_t)’ clearing an object of type ‘class tbb::interface5::internal::hash_map_base’ with no trivial copy-assignment; use value-initialization instead [-Wclass-memaccess] . ### Failing tests:; - [projectroot.bindings.pyroot_experimental.PyROOT.ROOT.test.pyunittests_pyroot_cppcallable](https://epsft-jenkins.cern.ch/job/root-pullrequests-build/71167/testReport/projectroot.bindings.pyroot_experimental.PyROOT.ROOT/test/pyunittests_pyroot_cppcallable/)",MatchSource.ISSUE_COMMENT,root-project,root,v6-32-06,https://github.com/root-project/root/pull/4279#issuecomment-547314147:778,test,tests,778,https://root.cern,https://github.com/root-project/root/pull/4279#issuecomment-547314147,8,['test'],"['test', 'testReport', 'tests']"
Testability,"Build failed on ROOT-fedora30/cxx14.; [See console output](https://epsft-jenkins.cern.ch/job/root-pullrequests-build/71191/console).; AXEL DEBUG: logParserAction errors=0, warnings=18; ### Warnings:; - include/tbb/concurrent_hash_map.h:127:51: warning: ‘void* memset(void*, int, size_t)’ clearing an object of type ‘class tbb::interface5::internal::hash_map_base’ with no trivial copy-assignment; use value-initialization instead [-Wclass-memaccess] ; - /build/workspace/root-pullrequests-build/root/gui/webdisplay/inc/ROOT/RWebDisplayHandle.hxx:88:27: warning: unused parameter ‘UNUSED’ [-Wunused-parameter] ; - /build/workspace/root-pullrequests-build/root/gui/webdisplay/inc/ROOT/RWebDisplayHandle.hxx:88:27: warning: unused parameter ‘UNUSED’ [-Wunused-parameter] ; - /build/workspace/root-pullrequests-build/root/gui/webdisplay/inc/ROOT/RWebDisplayHandle.hxx:88:27: warning: unused parameter ‘UNUSED’ [-Wunused-parameter] ; - /build/workspace/root-pullrequests-build/root/gui/webdisplay/inc/ROOT/RWebDisplayHandle.hxx:88:27: warning: unused parameter ‘UNUSED’ [-Wunused-parameter] ; - include/ROOT/RWebDisplayHandle.hxx:88:27: warning: unused parameter ‘UNUSED’ [-Wunused-parameter] ; - include/ROOT/RWebDisplayHandle.hxx:88:27: warning: unused parameter ‘UNUSED’ [-Wunused-parameter] ; - include/ROOT/RWebDisplayHandle.hxx:88:27: warning: unused parameter ‘UNUSED’ [-Wunused-parameter] ; - include/ROOT/RWebDisplayHandle.hxx:88:27: warning: unused parameter ‘UNUSED’ [-Wunused-parameter] ; - include/ROOT/RWebDisplayHandle.hxx:88:27: warning: unused parameter ‘UNUSED’ [-Wunused-parameter] . And 8 more",MatchSource.ISSUE_COMMENT,root-project,root,v6-32-06,https://github.com/root-project/root/pull/4585#issuecomment-547370533:146,log,logParserAction,146,https://root.cern,https://github.com/root-project/root/pull/4585#issuecomment-547370533,2,['log'],['logParserAction']
Testability,"Build failed on ROOT-fedora30/cxx14.; [See console output](https://epsft-jenkins.cern.ch/job/root-pullrequests-build/71199/console).; AXEL DEBUG: logParserAction errors=2, warnings=1; ### Errors:; - FAILED: XROOTD-prefix/src/XROOTD-stamp/XROOTD-build lib64/libXrdUtils.so lib64/libXrdClient.so lib64/libXrdCl.so ; - CMake Error at /build/workspace/root-pullrequests-build/build/XROOTD-prefix/src/XROOTD-stamp/XROOTD-build-Release.cmake:49 (message): . ### Warnings:; - CMake Warning at /build/workspace/root-pullrequests-build/rootspi/jenkins/root-build.cmake:892 (message):",MatchSource.ISSUE_COMMENT,root-project,root,v6-32-06,https://github.com/root-project/root/pull/4592#issuecomment-547391582:146,log,logParserAction,146,https://root.cern,https://github.com/root-project/root/pull/4592#issuecomment-547391582,1,['log'],['logParserAction']
Testability,Build failed on ROOT-fedora30/cxx14.; [See console output](https://epsft-jenkins.cern.ch/job/root-pullrequests-build/71568/console).; ### Failing tests:; - [projectroot.roottest.root.tree.cache.roottest_root_tree_cache_autocache](https://epsft-jenkins.cern.ch/job/root-pullrequests-build/71568/testReport/projectroot.roottest.root.tree/cache/roottest_root_tree_cache_autocache/); - [projectroot.test.test_stress](https://epsft-jenkins.cern.ch/job/root-pullrequests-build/71568/testReport/projectroot/test/test_stress/); - [projectroot.roottest.root.tree.cache.roottest_root_tree_cache_cachedChain](https://epsft-jenkins.cern.ch/job/root-pullrequests-build/71568/testReport/projectroot.roottest.root.tree/cache/roottest_root_tree_cache_cachedChain/); - [projectroot.roottest.root.tree.index.roottest_root_tree_index_make](https://epsft-jenkins.cern.ch/job/root-pullrequests-build/71568/testReport/projectroot.roottest.root.tree/index/roottest_root_tree_index_make/); - [projectroot.roottest.root.tree.entrylist.roottest_root_tree_entrylist_make](https://epsft-jenkins.cern.ch/job/root-pullrequests-build/71568/testReport/projectroot.roottest.root.tree/entrylist/roottest_root_tree_entrylist_make/); - [projectroot.runtutorials.tutorial_tree_run_h1analysis](https://epsft-jenkins.cern.ch/job/root-pullrequests-build/71568/testReport/projectroot/runtutorials/tutorial_tree_run_h1analysis/); - [projectroot.roottest.root.multicore.roottest_root_multicore_tp_process_imt](https://epsft-jenkins.cern.ch/job/root-pullrequests-build/71568/testReport/projectroot.roottest.root/multicore/roottest_root_multicore_tp_process_imt/),MatchSource.ISSUE_COMMENT,root-project,root,v6-32-06,https://github.com/root-project/root/pull/4605#issuecomment-548526469:146,test,tests,146,https://root.cern,https://github.com/root-project/root/pull/4605#issuecomment-548526469,10,['test'],"['test', 'testReport', 'tests']"
Testability,Build failed on ROOT-fedora30/cxx14.; [See console output](https://epsft-jenkins.cern.ch/job/root-pullrequests-build/71592/console).; ### Failing tests:; - [projectroot.roottest.root.multicore.roottest_root_multicore_processExecutorTreeTest](https://epsft-jenkins.cern.ch/job/root-pullrequests-build/71592/testReport/projectroot.roottest.root/multicore/roottest_root_multicore_processExecutorTreeTest/); - [projectroot.roottest.root.multicore.roottest_root_multicore_processExecutorProcess](https://epsft-jenkins.cern.ch/job/root-pullrequests-build/71592/testReport/projectroot.roottest.root/multicore/roottest_root_multicore_processExecutorProcess/),MatchSource.ISSUE_COMMENT,root-project,root,v6-32-06,https://github.com/root-project/root/pull/4605#issuecomment-548631769:146,test,tests,146,https://root.cern,https://github.com/root-project/root/pull/4605#issuecomment-548631769,3,['test'],"['testReport', 'tests']"
Testability,Build failed on ROOT-fedora30/cxx14.; [See console output](https://epsft-jenkins.cern.ch/job/root-pullrequests-build/71704/console).; ### Failing tests:; - [projectroot.tree.dataframe.test.gtest_tree_dataframe_test_dataframe_snapshot](https://epsft-jenkins.cern.ch/job/root-pullrequests-build/71704/testReport/projectroot.tree.dataframe/test/gtest_tree_dataframe_test_dataframe_snapshot/),MatchSource.ISSUE_COMMENT,root-project,root,v6-32-06,https://github.com/root-project/root/pull/4612#issuecomment-549107087:146,test,tests,146,https://root.cern,https://github.com/root-project/root/pull/4612#issuecomment-549107087,4,['test'],"['test', 'testReport', 'tests']"
Testability,Build failed on ROOT-fedora30/cxx14.; [See console output](https://epsft-jenkins.cern.ch/job/root-pullrequests-build/71712/console).; ### Failing tests:; - [projectroot.tree.dataframe.test.gtest_tree_dataframe_test_dataframe_snapshot](https://epsft-jenkins.cern.ch/job/root-pullrequests-build/71712/testReport/projectroot.tree.dataframe/test/gtest_tree_dataframe_test_dataframe_snapshot/),MatchSource.ISSUE_COMMENT,root-project,root,v6-32-06,https://github.com/root-project/root/pull/4612#issuecomment-549221895:146,test,tests,146,https://root.cern,https://github.com/root-project/root/pull/4612#issuecomment-549221895,4,['test'],"['test', 'testReport', 'tests']"
Testability,Build failed on ROOT-fedora30/cxx14.; [See console output](https://epsft-jenkins.cern.ch/job/root-pullrequests-build/71760/console).; ### Warnings:; - CMake Warning at /build/workspace/root-pullrequests-build/rootspi/jenkins/root-build.cmake:892 (message): . ### Failing tests:; - [projectroot.roottest.python.cmdLineUtils.roottest_python_cmdLineUtils_SimpleRootrm2PrepareInput](https://epsft-jenkins.cern.ch/job/root-pullrequests-build/71760/testReport/projectroot.roottest.python/cmdLineUtils/roottest_python_cmdLineUtils_SimpleRootrm2PrepareInput/); - [projectroot.roottest.python.cmdLineUtils.roottest_python_cmdLineUtils_SimpleRootrm3PrepareInput](https://epsft-jenkins.cern.ch/job/root-pullrequests-build/71760/testReport/projectroot.roottest.python/cmdLineUtils/roottest_python_cmdLineUtils_SimpleRootrm3PrepareInput/); - [projectroot.roottest.python.cmdLineUtils.roottest_python_cmdLineUtils_SimpleRootrm1PrepareInput](https://epsft-jenkins.cern.ch/job/root-pullrequests-build/71760/testReport/projectroot.roottest.python/cmdLineUtils/roottest_python_cmdLineUtils_SimpleRootrm1PrepareInput/); - [projectroot.roottest.python.cmdLineUtils.roottest_python_cmdLineUtils_SimpleRootmkdir1PrepareInput](https://epsft-jenkins.cern.ch/job/root-pullrequests-build/71760/testReport/projectroot.roottest.python/cmdLineUtils/roottest_python_cmdLineUtils_SimpleRootmkdir1PrepareInput/); - [projectroot.roottest.python.cmdLineUtils.roottest_python_cmdLineUtils_SimpleRootmkdir2PrepareInput](https://epsft-jenkins.cern.ch/job/root-pullrequests-build/71760/testReport/projectroot.roottest.python/cmdLineUtils/roottest_python_cmdLineUtils_SimpleRootmkdir2PrepareInput/); - [projectroot.roottest.python.cmdLineUtils.roottest_python_cmdLineUtils_SimpleRootmkdir3PrepareInput](https://epsft-jenkins.cern.ch/job/root-pullrequests-build/71760/testReport/projectroot.roottest.python/cmdLineUtils/roottest_python_cmdLineUtils_SimpleRootmkdir3PrepareInput/); - [projectroot.roottest.python.cmdLineUtils.roottest_python_,MatchSource.ISSUE_COMMENT,root-project,root,v6-32-06,https://github.com/root-project/root/pull/4279#issuecomment-549997392:271,test,tests,271,https://root.cern,https://github.com/root-project/root/pull/4279#issuecomment-549997392,4,['test'],"['testReport', 'tests']"
Testability,Build failed on ROOT-fedora30/cxx14.; [See console output](https://epsft-jenkins.cern.ch/job/root-pullrequests-build/71784/console).; ### Warnings:; - CMake Warning at /build/workspace/root-pullrequests-build/rootspi/jenkins/root-build.cmake:892 (message): . ### Failing tests:; - [projectroot.roottest.python.cmdLineUtils.roottest_python_cmdLineUtils_SimpleRootrm3PrepareInput](https://epsft-jenkins.cern.ch/job/root-pullrequests-build/71784/testReport/projectroot.roottest.python/cmdLineUtils/roottest_python_cmdLineUtils_SimpleRootrm3PrepareInput/); - [projectroot.roottest.python.cmdLineUtils.roottest_python_cmdLineUtils_SimpleRootrm1PrepareInput](https://epsft-jenkins.cern.ch/job/root-pullrequests-build/71784/testReport/projectroot.roottest.python/cmdLineUtils/roottest_python_cmdLineUtils_SimpleRootrm1PrepareInput/); - [projectroot.roottest.python.cmdLineUtils.roottest_python_cmdLineUtils_SimpleRootrm2PrepareInput](https://epsft-jenkins.cern.ch/job/root-pullrequests-build/71784/testReport/projectroot.roottest.python/cmdLineUtils/roottest_python_cmdLineUtils_SimpleRootrm2PrepareInput/); - [projectroot.roottest.python.cmdLineUtils.roottest_python_cmdLineUtils_SimpleRootmkdir1PrepareInput](https://epsft-jenkins.cern.ch/job/root-pullrequests-build/71784/testReport/projectroot.roottest.python/cmdLineUtils/roottest_python_cmdLineUtils_SimpleRootmkdir1PrepareInput/); - [projectroot.roottest.python.cmdLineUtils.roottest_python_cmdLineUtils_SimpleRootmkdir3PrepareInput](https://epsft-jenkins.cern.ch/job/root-pullrequests-build/71784/testReport/projectroot.roottest.python/cmdLineUtils/roottest_python_cmdLineUtils_SimpleRootmkdir3PrepareInput/); - [projectroot.roottest.python.cmdLineUtils.roottest_python_cmdLineUtils_SimpleRootmkdir2PrepareInput](https://epsft-jenkins.cern.ch/job/root-pullrequests-build/71784/testReport/projectroot.roottest.python/cmdLineUtils/roottest_python_cmdLineUtils_SimpleRootmkdir2PrepareInput/); - [projectroot.roottest.python.cmdLineUtils.roottest_python_,MatchSource.ISSUE_COMMENT,root-project,root,v6-32-06,https://github.com/root-project/root/pull/4279#issuecomment-550187750:271,test,tests,271,https://root.cern,https://github.com/root-project/root/pull/4279#issuecomment-550187750,4,['test'],"['testReport', 'tests']"
Testability,Build failed on ROOT-fedora30/cxx14.; [See console output](https://epsft-jenkins.cern.ch/job/root-pullrequests-build/71856/console).; ### Failing tests:; - [projectroot.roottest.python.pickle.roottest_python_pickle_write](https://epsft-jenkins.cern.ch/job/root-pullrequests-build/71856/testReport/projectroot.roottest.python/pickle/roottest_python_pickle_write/); - [projectroot.roottest.cling.functionTemplate.roottest_cling_functionTemplate_testcint](https://epsft-jenkins.cern.ch/job/root-pullrequests-build/71856/testReport/projectroot.roottest.cling/functionTemplate/roottest_cling_functionTemplate_testcint/); - [projectroot.roottest.python.basic.roottest_python_basic_basic](https://epsft-jenkins.cern.ch/job/root-pullrequests-build/71856/testReport/projectroot.roottest.python/basic/roottest_python_basic_basic/); - [projectroot.roottest.python.cling.roottest_python_cling_cling](https://epsft-jenkins.cern.ch/job/root-pullrequests-build/71856/testReport/projectroot.roottest.python/cling/roottest_python_cling_cling/); - [projectroot.roottest.python.basic.roottest_python_basic_datatype](https://epsft-jenkins.cern.ch/job/root-pullrequests-build/71856/testReport/projectroot.roottest.python/basic/roottest_python_basic_datatype/); - [projectroot.roottest.python.basic.roottest_python_basic_operator](https://epsft-jenkins.cern.ch/job/root-pullrequests-build/71856/testReport/projectroot.roottest.python/basic/roottest_python_basic_operator/); - [projectroot.roottest.python.basic.roottest_python_basic_overload](https://epsft-jenkins.cern.ch/job/root-pullrequests-build/71856/testReport/projectroot.roottest.python/basic/roottest_python_basic_overload/); - [projectroot.roottest.python.pickle.roottest_python_pickle_read](https://epsft-jenkins.cern.ch/job/root-pullrequests-build/71856/testReport/projectroot.roottest.python/pickle/roottest_python_pickle_read/); - [projectroot.roottest.python.memory.roottest_python_memory_memory](https://epsft-jenkins.cern.ch/job/root-pullrequests-build/71,MatchSource.ISSUE_COMMENT,root-project,root,v6-32-06,https://github.com/root-project/root/pull/4620#issuecomment-552084100:146,test,tests,146,https://root.cern,https://github.com/root-project/root/pull/4620#issuecomment-552084100,5,['test'],"['testReport', 'tests']"
Testability,Build failed on ROOT-fedora30/cxx14.; [See console output](https://epsft-jenkins.cern.ch/job/root-pullrequests-build/71904/console).; ### Failing tests:; - [projectroot.tree.dataframe.test.gtest_tree_dataframe_test_dataframe_snapshot](https://epsft-jenkins.cern.ch/job/root-pullrequests-build/71904/testReport/projectroot.tree.dataframe/test/gtest_tree_dataframe_test_dataframe_snapshot/),MatchSource.ISSUE_COMMENT,root-project,root,v6-32-06,https://github.com/root-project/root/pull/4612#issuecomment-552465116:146,test,tests,146,https://root.cern,https://github.com/root-project/root/pull/4612#issuecomment-552465116,4,['test'],"['test', 'testReport', 'tests']"
Testability,Build failed on ROOT-fedora30/cxx14.; [See console output](https://epsft-jenkins.cern.ch/job/root-pullrequests-build/71936/console).; ### Warnings:; - /build/workspace/root-pullrequests-build/root/tree/ntuple/v7/test/ntuple_float.cxx:53:25: warning: narrowing conversion of ‘((double)i + (1.0000000000000001e-1 * (double)i))’ from ‘double’ to ‘float’ [-Wnarrowing] ; - /build/workspace/root-pullrequests-build/root/tree/ntuple/v7/test/ntuple_float.cxx:53:34: warning: narrowing conversion of ‘((double)i + (1.0000000000000001e-1 * (double)i))’ from ‘double’ to ‘float’ [-Wnarrowing] ; - /build/workspace/root-pullrequests-build/root/tree/ntuple/v7/test/ntuple_float.cxx:58:25: warning: narrowing conversion of ‘(i * 1200)’ from ‘int’ to ‘float’ [-Wnarrowing] ; - /build/workspace/root-pullrequests-build/root/tree/ntuple/v7/test/ntuple_float.cxx:58:33: warning: narrowing conversion of ‘(i * 1200)’ from ‘int’ to ‘float’ [-Wnarrowing] ; - /build/workspace/root-pullrequests-build/root/tree/ntuple/v7/test/ntuple_float.cxx:58:41: warning: narrowing conversion of ‘(i * 1200)’ from ‘int’ to ‘float’ [-Wnarrowing] ; - /build/workspace/root-pullrequests-build/root/tree/ntuple/v7/test/ntuple_float.cxx:61:23: warning: division by zero [-Wdiv-by-zero] ; - /build/workspace/root-pullrequests-build/root/tree/ntuple/v7/test/ntuple_float.cxx:62:26: warning: division by zero [-Wdiv-by-zero] ; - /build/workspace/root-pullrequests-build/root/tree/ntuple/v7/test/ntuple_float.cxx:62:35: warning: division by zero [-Wdiv-by-zero] ; - /build/workspace/root-pullrequests-build/root/tree/ntuple/v7/test/ntuple_float.cxx:64:22: warning: division by zero [-Wdiv-by-zero] ; - /build/workspace/root-pullrequests-build/root/tree/ntuple/v7/test/ntuple_float.cxx:65:25: warning: division by zero [-Wdiv-by-zero] . And 67 more,MatchSource.ISSUE_COMMENT,root-project,root,v6-32-06,https://github.com/root-project/root/pull/4614#issuecomment-552954087:212,test,test,212,https://root.cern,https://github.com/root-project/root/pull/4614#issuecomment-552954087,10,['test'],['test']
Testability,Build failed on ROOT-fedora30/cxx14.; [See console output](https://epsft-jenkins.cern.ch/job/root-pullrequests-build/71944/console).; ### Failing tests:; - [projectroot.roottest.python.cling.roottest_python_cling_api](https://epsft-jenkins.cern.ch/job/root-pullrequests-build/71944/testReport/projectroot.roottest.python/cling/roottest_python_cling_api/); - [projectroot.roottest.python.cling.roottest_python_cling_class](https://epsft-jenkins.cern.ch/job/root-pullrequests-build/71944/testReport/projectroot.roottest.python/cling/roottest_python_cling_class/),MatchSource.ISSUE_COMMENT,root-project,root,v6-32-06,https://github.com/root-project/root/pull/4279#issuecomment-553007601:146,test,tests,146,https://root.cern,https://github.com/root-project/root/pull/4279#issuecomment-553007601,3,['test'],"['testReport', 'tests']"
Testability,Build failed on ROOT-fedora30/cxx14.; [See console output](https://epsft-jenkins.cern.ch/job/root-pullrequests-build/71992/console).; ### Failing tests:; - [projectroot.roottest.python.cling.roottest_python_cling_api](https://epsft-jenkins.cern.ch/job/root-pullrequests-build/71992/testReport/projectroot.roottest.python/cling/roottest_python_cling_api/); - [projectroot.roottest.python.cling.roottest_python_cling_class](https://epsft-jenkins.cern.ch/job/root-pullrequests-build/71992/testReport/projectroot.roottest.python/cling/roottest_python_cling_class/),MatchSource.ISSUE_COMMENT,root-project,root,v6-32-06,https://github.com/root-project/root/pull/4279#issuecomment-554083651:146,test,tests,146,https://root.cern,https://github.com/root-project/root/pull/4279#issuecomment-554083651,3,['test'],"['testReport', 'tests']"
Testability,Build failed on ROOT-fedora30/cxx14.; [See console output](https://epsft-jenkins.cern.ch/job/root-pullrequests-build/72000/console).; ### Failing tests:; - [projectroot.roottest.python.cling.roottest_python_cling_cling](https://epsft-jenkins.cern.ch/job/root-pullrequests-build/72000/testReport/projectroot.roottest.python/cling/roottest_python_cling_cling/),MatchSource.ISSUE_COMMENT,root-project,root,v6-32-06,https://github.com/root-project/root/pull/4625#issuecomment-554329301:146,test,tests,146,https://root.cern,https://github.com/root-project/root/pull/4625#issuecomment-554329301,2,['test'],"['testReport', 'tests']"
Testability,Build failed on ROOT-fedora30/cxx14.; [See console output](https://epsft-jenkins.cern.ch/job/root-pullrequests-build/72009/console).; ### Failing tests:; - [projectroot.roottest.python.cling.roottest_python_cling_api](https://epsft-jenkins.cern.ch/job/root-pullrequests-build/72009/testReport/projectroot.roottest.python/cling/roottest_python_cling_api/); - [projectroot.roottest.python.cling.roottest_python_cling_class](https://epsft-jenkins.cern.ch/job/root-pullrequests-build/72009/testReport/projectroot.roottest.python/cling/roottest_python_cling_class/),MatchSource.ISSUE_COMMENT,root-project,root,v6-32-06,https://github.com/root-project/root/pull/4279#issuecomment-554938158:146,test,tests,146,https://root.cern,https://github.com/root-project/root/pull/4279#issuecomment-554938158,3,['test'],"['testReport', 'tests']"
Testability,Build failed on ROOT-fedora30/cxx14.; [See console output](https://epsft-jenkins.cern.ch/job/root-pullrequests-build/72017/console).; ### Failing tests:; - [projectroot.roottest.python.cling.roottest_python_cling_api](https://epsft-jenkins.cern.ch/job/root-pullrequests-build/72017/testReport/projectroot.roottest.python/cling/roottest_python_cling_api/); - [projectroot.roottest.python.cling.roottest_python_cling_class](https://epsft-jenkins.cern.ch/job/root-pullrequests-build/72017/testReport/projectroot.roottest.python/cling/roottest_python_cling_class/),MatchSource.ISSUE_COMMENT,root-project,root,v6-32-06,https://github.com/root-project/root/pull/4279#issuecomment-555006173:146,test,tests,146,https://root.cern,https://github.com/root-project/root/pull/4279#issuecomment-555006173,3,['test'],"['testReport', 'tests']"
Testability,Build failed on ROOT-fedora30/cxx14.; [See console output](https://epsft-jenkins.cern.ch/job/root-pullrequests-build/72059/console).; ### Failing tests:; - [projectroot.roottest.python.cling.roottest_python_cling_api](https://epsft-jenkins.cern.ch/job/root-pullrequests-build/72059/testReport/projectroot.roottest.python/cling/roottest_python_cling_api/); - [projectroot.roottest.python.cling.roottest_python_cling_class](https://epsft-jenkins.cern.ch/job/root-pullrequests-build/72059/testReport/projectroot.roottest.python/cling/roottest_python_cling_class/),MatchSource.ISSUE_COMMENT,root-project,root,v6-32-06,https://github.com/root-project/root/pull/4279#issuecomment-555594802:146,test,tests,146,https://root.cern,https://github.com/root-project/root/pull/4279#issuecomment-555594802,3,['test'],"['testReport', 'tests']"
Testability,Build failed on ROOT-fedora30/cxx14.; [See console output](https://epsft-jenkins.cern.ch/job/root-pullrequests-build/72107/console).; ### Failing tests:; - [projectroot.roottest.python.cling.roottest_python_cling_api](https://epsft-jenkins.cern.ch/job/root-pullrequests-build/72107/testReport/projectroot.roottest.python/cling/roottest_python_cling_api/); - [projectroot.roottest.python.cling.roottest_python_cling_class](https://epsft-jenkins.cern.ch/job/root-pullrequests-build/72107/testReport/projectroot.roottest.python/cling/roottest_python_cling_class/),MatchSource.ISSUE_COMMENT,root-project,root,v6-32-06,https://github.com/root-project/root/pull/4279#issuecomment-556380755:146,test,tests,146,https://root.cern,https://github.com/root-project/root/pull/4279#issuecomment-556380755,3,['test'],"['testReport', 'tests']"
Testability,Build failed on ROOT-fedora30/cxx14.; [See console output](https://epsft-jenkins.cern.ch/job/root-pullrequests-build/72123/console).; ### Failing tests:; - [projectroot.roottest.python.cling.roottest_python_cling_api](https://epsft-jenkins.cern.ch/job/root-pullrequests-build/72123/testReport/projectroot.roottest.python/cling/roottest_python_cling_api/); - [projectroot.roottest.python.cling.roottest_python_cling_class](https://epsft-jenkins.cern.ch/job/root-pullrequests-build/72123/testReport/projectroot.roottest.python/cling/roottest_python_cling_class/),MatchSource.ISSUE_COMMENT,root-project,root,v6-32-06,https://github.com/root-project/root/pull/4279#issuecomment-556992374:146,test,tests,146,https://root.cern,https://github.com/root-project/root/pull/4279#issuecomment-556992374,3,['test'],"['testReport', 'tests']"
Testability,Build failed on ROOT-fedora30/cxx14.; [See console output](https://epsft-jenkins.cern.ch/job/root-pullrequests-build/72163/console).; ### Failing tests:; - [projectroot.roottest.python.cling.roottest_python_cling_api](https://epsft-jenkins.cern.ch/job/root-pullrequests-build/72163/testReport/projectroot.roottest.python/cling/roottest_python_cling_api/); - [projectroot.roottest.python.cling.roottest_python_cling_class](https://epsft-jenkins.cern.ch/job/root-pullrequests-build/72163/testReport/projectroot.roottest.python/cling/roottest_python_cling_class/),MatchSource.ISSUE_COMMENT,root-project,root,v6-32-06,https://github.com/root-project/root/pull/4279#issuecomment-557457963:146,test,tests,146,https://root.cern,https://github.com/root-project/root/pull/4279#issuecomment-557457963,3,['test'],"['testReport', 'tests']"
Testability,Build failed on ROOT-fedora30/cxx14.; [See console output](https://epsft-jenkins.cern.ch/job/root-pullrequests-build/72292/console).; ### Failing tests:; - [projectroot.roottest.cling.staticinit.ROOT-10426.roottest_cling_staticinit_ROOT_10426_ROOT_10426](https://epsft-jenkins.cern.ch/job/root-pullrequests-build/72292/testReport/projectroot.roottest.cling.staticinit/ROOT-10426/roottest_cling_staticinit_ROOT_10426_ROOT_10426/),MatchSource.ISSUE_COMMENT,root-project,root,v6-32-06,https://github.com/root-project/root/pull/4637#issuecomment-558515354:146,test,tests,146,https://root.cern,https://github.com/root-project/root/pull/4637#issuecomment-558515354,2,['test'],"['testReport', 'tests']"
Testability,Build failed on ROOT-fedora30/cxx14.; [See console output](https://epsft-jenkins.cern.ch/job/root-pullrequests-build/72332/console).; ### Failing tests:; - [projectroot.roottest.python.basic.roottest_python_basic_overload](https://epsft-jenkins.cern.ch/job/root-pullrequests-build/72332/testReport/projectroot.roottest.python/basic/roottest_python_basic_overload/); - [projectroot.roottest.python.cpp.roottest_python_cpp_advanced](https://epsft-jenkins.cern.ch/job/root-pullrequests-build/72332/testReport/projectroot.roottest.python/cpp/roottest_python_cpp_advanced/),MatchSource.ISSUE_COMMENT,root-project,root,v6-32-06,https://github.com/root-project/root/pull/4625#issuecomment-558679975:146,test,tests,146,https://root.cern,https://github.com/root-project/root/pull/4625#issuecomment-558679975,3,['test'],"['testReport', 'tests']"
Testability,Build failed on ROOT-fedora30/cxx14.; [See console output](https://epsft-jenkins.cern.ch/job/root-pullrequests-build/72340/console).; ### Failing tests:; - [projectroot.roottest.python.cling.roottest_python_cling_api](https://epsft-jenkins.cern.ch/job/root-pullrequests-build/72340/testReport/projectroot.roottest.python/cling/roottest_python_cling_api/); - [projectroot.roottest.python.cling.roottest_python_cling_class](https://epsft-jenkins.cern.ch/job/root-pullrequests-build/72340/testReport/projectroot.roottest.python/cling/roottest_python_cling_class/),MatchSource.ISSUE_COMMENT,root-project,root,v6-32-06,https://github.com/root-project/root/pull/4647#issuecomment-558687371:146,test,tests,146,https://root.cern,https://github.com/root-project/root/pull/4647#issuecomment-558687371,3,['test'],"['testReport', 'tests']"
Testability,Build failed on ROOT-fedora30/cxx14.; [See console output](https://epsft-jenkins.cern.ch/job/root-pullrequests-build/72372/console).; ### Failing tests:; - [projectroot.tree.treeplayer.test.gtest_tree_treeplayer_test_treeprocessormt](https://epsft-jenkins.cern.ch/job/root-pullrequests-build/72372/testReport/projectroot.tree.treeplayer/test/gtest_tree_treeplayer_test_treeprocessormt/),MatchSource.ISSUE_COMMENT,root-project,root,v6-32-06,https://github.com/root-project/root/pull/4637#issuecomment-559368101:146,test,tests,146,https://root.cern,https://github.com/root-project/root/pull/4637#issuecomment-559368101,4,['test'],"['test', 'testReport', 'tests']"
Testability,"Build failed on ROOT-fedora30/cxx14.; [See console output](https://epsft-jenkins.cern.ch/job/root-pullrequests-build/72589/console).; ### Warnings:; - /build/workspace/root-pullrequests-build/root/test/stress.cxx:1636:38: warning: format ‘%d’ expects argument of type ‘int’, but argument 3 has type ‘TDirectory*’ [-Wformat=] ; - /build/workspace/root-pullrequests-build/root/test/stress.cxx:1636:57: warning: format ‘%d’ expects argument of type ‘int’, but argument 4 has type ‘TDirectory*’ [-Wformat=] ; - /build/workspace/root-pullrequests-build/root/test/stress.cxx:1636:79: warning: format ‘%d’ expects argument of type ‘int’, but argument 5 has type ‘TDirectory*’ [-Wformat=] ; - /build/workspace/root-pullrequests-build/root/test/stress.cxx:1636:95: warning: format ‘%d’ expects argument of type ‘int’, but argument 6 has type ‘TDirectory*’ [-Wformat=] ; - /build/workspace/root-pullrequests-build/root/test/stress.cxx:1636:129: warning: format ‘%d’ expects argument of type ‘int’, but argument 8 has type ‘TDirectory*’ [-Wformat=]",MatchSource.ISSUE_COMMENT,root-project,root,v6-32-06,https://github.com/root-project/root/pull/4649#issuecomment-560469983:197,test,test,197,https://root.cern,https://github.com/root-project/root/pull/4649#issuecomment-560469983,5,['test'],['test']
Testability,"Build failed on ROOT-fedora30/cxx14.; [See console output](https://epsft-jenkins.cern.ch/job/root-pullrequests-build/72605/console).; ### Warnings:; - /build/workspace/root-pullrequests-build/root/test/stress.cxx:1636:112: warning: format ‘%p’ expects argument of type ‘void*’, but argument 7 has type ‘int’ [-Wformat=]",MatchSource.ISSUE_COMMENT,root-project,root,v6-32-06,https://github.com/root-project/root/pull/4649#issuecomment-560494354:197,test,test,197,https://root.cern,https://github.com/root-project/root/pull/4649#issuecomment-560494354,1,['test'],['test']
Testability,Build failed on ROOT-fedora30/cxx14.; [See console output](https://epsft-jenkins.cern.ch/job/root-pullrequests-build/72631/console).; ### Failing tests:; - [projectroot.roottest.root.io.filemerger.roottest_root_io_filemerger_simple_lz4_compr_level9](https://epsft-jenkins.cern.ch/job/root-pullrequests-build/72631/testReport/projectroot.roottest.root.io/filemerger/roottest_root_io_filemerger_simple_lz4_compr_level9/); - [projectroot.roottest.root.io.filemerger.roottest_root_io_filemerger_simple_default_compr_level9](https://epsft-jenkins.cern.ch/job/root-pullrequests-build/72631/testReport/projectroot.roottest.root.io/filemerger/roottest_root_io_filemerger_simple_default_compr_level9/); - [projectroot.roottest.root.io.filemerger.roottest_root_io_filemerger_simple_default_compr_level9_datageneration](https://epsft-jenkins.cern.ch/job/root-pullrequests-build/72631/testReport/projectroot.roottest.root.io/filemerger/roottest_root_io_filemerger_simple_default_compr_level9_datageneration/); - [projectroot.roottest.root.io.filemerger.roottest_root_io_filemerger_simple_lzma_compr_level9](https://epsft-jenkins.cern.ch/job/root-pullrequests-build/72631/testReport/projectroot.roottest.root.io/filemerger/roottest_root_io_filemerger_simple_lzma_compr_level9/); - [projectroot.roottest.root.io.filemerger.roottest_root_io_filemerger_simplex2_default_compr_level9](https://epsft-jenkins.cern.ch/job/root-pullrequests-build/72631/testReport/projectroot.roottest.root.io/filemerger/roottest_root_io_filemerger_simplex2_default_compr_level9/); - [projectroot.roottest.root.io.filemerger.roottest_root_io_filemerger_simplek_default_compr_deflevel](https://epsft-jenkins.cern.ch/job/root-pullrequests-build/72631/testReport/projectroot.roottest.root.io/filemerger/roottest_root_io_filemerger_simplek_default_compr_deflevel/); - [projectroot.roottest.root.io.filemerger.roottest_root_io_filemerger_simplek_lzma_compr_level9](https://epsft-jenkins.cern.ch/job/root-pullrequests-build/72631/testReport/proj,MatchSource.ISSUE_COMMENT,root-project,root,v6-32-06,https://github.com/root-project/root/pull/4668#issuecomment-561327079:146,test,tests,146,https://root.cern,https://github.com/root-project/root/pull/4668#issuecomment-561327079,4,['test'],"['testReport', 'tests']"
Testability,Build failed on ROOT-fedora30/cxx14.; [See console output](https://epsft-jenkins.cern.ch/job/root-pullrequests-build/72751/console).; ### Failing tests:; - [projectroot.tmva.tmva.test.DNN.TMVA_DNN_BatchNormalization_Cpu](https://epsft-jenkins.cern.ch/job/root-pullrequests-build/72751/testReport/projectroot.tmva.tmva.test/DNN/TMVA_DNN_BatchNormalization_Cpu/),MatchSource.ISSUE_COMMENT,root-project,root,v6-32-06,https://github.com/root-project/root/pull/4531#issuecomment-562598888:146,test,tests,146,https://root.cern,https://github.com/root-project/root/pull/4531#issuecomment-562598888,4,['test'],"['test', 'testReport', 'tests']"
Testability,Build failed on ROOT-fedora30/cxx14.; [See console output](https://epsft-jenkins.cern.ch/job/root-pullrequests-build/72767/console).; ### Failing tests:; - [projectroot.roottest.root.aclic.misc.roottest_root_aclic_misc_assertmyfun](https://epsft-jenkins.cern.ch/job/root-pullrequests-build/72767/testReport/projectroot.roottest.root.aclic/misc/roottest_root_aclic_misc_assertmyfun/),MatchSource.ISSUE_COMMENT,root-project,root,v6-32-06,https://github.com/root-project/root/pull/4647#issuecomment-562619931:146,test,tests,146,https://root.cern,https://github.com/root-project/root/pull/4647#issuecomment-562619931,2,['test'],"['testReport', 'tests']"
Testability,Build failed on ROOT-fedora30/cxx14.; [See console output](https://epsft-jenkins.cern.ch/job/root-pullrequests-build/72799/console).; ### Failing tests:; - [projectroot.roottest.python.cmdLineUtils.roottest_python_cmdLineUtils_SimpleRootrm2PrepareInput](https://epsft-jenkins.cern.ch/job/root-pullrequests-build/72799/testReport/projectroot.roottest.python/cmdLineUtils/roottest_python_cmdLineUtils_SimpleRootrm2PrepareInput/); - [projectroot.roottest.python.cmdLineUtils.roottest_python_cmdLineUtils_SimpleRootrm1PrepareInput](https://epsft-jenkins.cern.ch/job/root-pullrequests-build/72799/testReport/projectroot.roottest.python/cmdLineUtils/roottest_python_cmdLineUtils_SimpleRootrm1PrepareInput/); - [projectroot.roottest.python.cmdLineUtils.roottest_python_cmdLineUtils_SimpleRootmkdir1PrepareInput](https://epsft-jenkins.cern.ch/job/root-pullrequests-build/72799/testReport/projectroot.roottest.python/cmdLineUtils/roottest_python_cmdLineUtils_SimpleRootmkdir1PrepareInput/); - [projectroot.roottest.python.cmdLineUtils.roottest_python_cmdLineUtils_SimpleRootrm3PrepareInput](https://epsft-jenkins.cern.ch/job/root-pullrequests-build/72799/testReport/projectroot.roottest.python/cmdLineUtils/roottest_python_cmdLineUtils_SimpleRootrm3PrepareInput/); - [projectroot.roottest.python.cmdLineUtils.roottest_python_cmdLineUtils_SimpleRootmkdir3PrepareInput](https://epsft-jenkins.cern.ch/job/root-pullrequests-build/72799/testReport/projectroot.roottest.python/cmdLineUtils/roottest_python_cmdLineUtils_SimpleRootmkdir3PrepareInput/); - [projectroot.roottest.python.cmdLineUtils.roottest_python_cmdLineUtils_SimpleRootmkdir2PrepareInput](https://epsft-jenkins.cern.ch/job/root-pullrequests-build/72799/testReport/projectroot.roottest.python/cmdLineUtils/roottest_python_cmdLineUtils_SimpleRootmkdir2PrepareInput/); - [projectroot.roottest.python.cmdLineUtils.roottest_python_cmdLineUtils_SimpleRootcp1PrepareInput](https://epsft-jenkins.cern.ch/job/root-pullrequests-build/72799/testReport/projectroo,MatchSource.ISSUE_COMMENT,root-project,root,v6-32-06,https://github.com/root-project/root/pull/4675#issuecomment-562926668:146,test,tests,146,https://root.cern,https://github.com/root-project/root/pull/4675#issuecomment-562926668,4,['test'],"['testReport', 'tests']"
Testability,Build failed on ROOT-fedora30/cxx14.; [See console output](https://epsft-jenkins.cern.ch/job/root-pullrequests-build/72823/console).; ### Errors:; - FAILED: core/clingutils/test/coreclingutilstestUnit ; - collect2: error: ld returned 1 exit status,MatchSource.ISSUE_COMMENT,root-project,root,v6-32-06,https://github.com/root-project/root/pull/4675#issuecomment-562970818:173,test,test,173,https://root.cern,https://github.com/root-project/root/pull/4675#issuecomment-562970818,1,['test'],['test']
Testability,Build failed on ROOT-fedora30/cxx14.; [See console output](https://epsft-jenkins.cern.ch/job/root-pullrequests-build/72865/console).; ### Failing tests:; - [projectroot.tmva.tmva.test.gtest_tmva_tmva_test_TestOptimizeConfigParameters](https://epsft-jenkins.cern.ch/job/root-pullrequests-build/72865/testReport/projectroot.tmva.tmva/test/gtest_tmva_tmva_test_TestOptimizeConfigParameters/); - [projectroot.tmva.tmva.test.DNN.CNN.TMVA_DNN_CNN_MethodDL_CPU](https://epsft-jenkins.cern.ch/job/root-pullrequests-build/72865/testReport/projectroot.tmva.tmva.test.DNN/CNN/TMVA_DNN_CNN_MethodDL_CPU/),MatchSource.ISSUE_COMMENT,root-project,root,v6-32-06,https://github.com/root-project/root/pull/4531#issuecomment-563325338:146,test,tests,146,https://root.cern,https://github.com/root-project/root/pull/4531#issuecomment-563325338,7,['test'],"['test', 'testReport', 'tests']"
Testability,Build failed on ROOT-fedora30/cxx14.; [See console output](https://epsft-jenkins.cern.ch/job/root-pullrequests-build/72873/console).; ### Failing tests:; - [projectroot.tmva.tmva.test.gtest_tmva_tmva_test_TestOptimizeConfigParameters](https://epsft-jenkins.cern.ch/job/root-pullrequests-build/72873/testReport/projectroot.tmva.tmva/test/gtest_tmva_tmva_test_TestOptimizeConfigParameters/); - [projectroot.tmva.tmva.test.DNN.CNN.TMVA_DNN_CNN_MethodDL_CPU](https://epsft-jenkins.cern.ch/job/root-pullrequests-build/72873/testReport/projectroot.tmva.tmva.test.DNN/CNN/TMVA_DNN_CNN_MethodDL_CPU/),MatchSource.ISSUE_COMMENT,root-project,root,v6-32-06,https://github.com/root-project/root/pull/4677#issuecomment-563345874:146,test,tests,146,https://root.cern,https://github.com/root-project/root/pull/4677#issuecomment-563345874,7,['test'],"['test', 'testReport', 'tests']"
Testability,Build failed on ROOT-fedora30/cxx14.; [See console output](https://epsft-jenkins.cern.ch/job/root-pullrequests-build/72881/console).; ### Failing tests:; - [projectroot.tmva.tmva.test.gtest_tmva_tmva_test_TestOptimizeConfigParameters](https://epsft-jenkins.cern.ch/job/root-pullrequests-build/72881/testReport/projectroot.tmva.tmva/test/gtest_tmva_tmva_test_TestOptimizeConfigParameters/); - [projectroot.tmva.tmva.test.DNN.CNN.TMVA_DNN_CNN_MethodDL_CPU](https://epsft-jenkins.cern.ch/job/root-pullrequests-build/72881/testReport/projectroot.tmva.tmva.test.DNN/CNN/TMVA_DNN_CNN_MethodDL_CPU/),MatchSource.ISSUE_COMMENT,root-project,root,v6-32-06,https://github.com/root-project/root/pull/4375#issuecomment-563491182:146,test,tests,146,https://root.cern,https://github.com/root-project/root/pull/4375#issuecomment-563491182,7,['test'],"['test', 'testReport', 'tests']"
Testability,Build failed on ROOT-fedora30/cxx14.; [See console output](https://epsft-jenkins.cern.ch/job/root-pullrequests-build/72930/console).; ### Failing tests:; - [projectroot.roottest.python.cling.roottest_python_cling_class](https://epsft-jenkins.cern.ch/job/root-pullrequests-build/72930/testReport/projectroot.roottest.python/cling/roottest_python_cling_class/),MatchSource.ISSUE_COMMENT,root-project,root,v6-32-06,https://github.com/root-project/root/pull/4647#issuecomment-564110843:146,test,tests,146,https://root.cern,https://github.com/root-project/root/pull/4647#issuecomment-564110843,2,['test'],"['testReport', 'tests']"
Testability,Build failed on ROOT-fedora30/cxx14.; [See console output](https://epsft-jenkins.cern.ch/job/root-pullrequests-build/73156/console).; ### Failing tests:; - [projectroot.test.test_stressIOPlugins_xroot](https://epsft-jenkins.cern.ch/job/root-pullrequests-build/73156/testReport/projectroot/test/test_stressIOPlugins_xroot/); - [projectroot.test.test_stressIOPlugins_http](https://epsft-jenkins.cern.ch/job/root-pullrequests-build/73156/testReport/projectroot/test/test_stressIOPlugins_http/); - [projectroot.test.test_stressgraphics_interpreted](https://epsft-jenkins.cern.ch/job/root-pullrequests-build/73156/testReport/projectroot/test/test_stressgraphics_interpreted/),MatchSource.ISSUE_COMMENT,root-project,root,v6-32-06,https://github.com/root-project/root/pull/4688#issuecomment-565076072:146,test,tests,146,https://root.cern,https://github.com/root-project/root/pull/4688#issuecomment-565076072,10,['test'],"['test', 'testReport', 'tests']"
Testability,Build failed on ROOT-fedora30/cxx14.; [See console output](https://epsft-jenkins.cern.ch/job/root-pullrequests-build/73164/console).; ### Failing tests:; - [projectroot.test.test_stressIOPlugins_http](https://epsft-jenkins.cern.ch/job/root-pullrequests-build/73164/testReport/projectroot/test/test_stressIOPlugins_http/); - [projectroot.test.test_stressIOPlugins_xroot](https://epsft-jenkins.cern.ch/job/root-pullrequests-build/73164/testReport/projectroot/test/test_stressIOPlugins_xroot/); - [projectroot.test.test_stressgraphics_interpreted](https://epsft-jenkins.cern.ch/job/root-pullrequests-build/73164/testReport/projectroot/test/test_stressgraphics_interpreted/),MatchSource.ISSUE_COMMENT,root-project,root,v6-32-06,https://github.com/root-project/root/pull/4686#issuecomment-565082512:146,test,tests,146,https://root.cern,https://github.com/root-project/root/pull/4686#issuecomment-565082512,10,['test'],"['test', 'testReport', 'tests']"
Testability,Build failed on ROOT-fedora30/cxx14.; [See console output](https://epsft-jenkins.cern.ch/job/root-pullrequests-build/73220/console).; ### Errors:; - FAILED: core/clingutils/test/coreclingutilstestUnit ; - collect2: error: ld returned 1 exit status,MatchSource.ISSUE_COMMENT,root-project,root,v6-32-06,https://github.com/root-project/root/pull/4675#issuecomment-565314548:173,test,test,173,https://root.cern,https://github.com/root-project/root/pull/4675#issuecomment-565314548,1,['test'],['test']
Testability,Build failed on ROOT-fedora30/cxx14.; [See console output](https://epsft-jenkins.cern.ch/job/root-pullrequests-build/73228/console).; ### Errors:; - FAILED: core/clingutils/test/coreclingutilstestUnit ; - collect2: error: ld returned 1 exit status,MatchSource.ISSUE_COMMENT,root-project,root,v6-32-06,https://github.com/root-project/root/pull/4675#issuecomment-565338233:173,test,test,173,https://root.cern,https://github.com/root-project/root/pull/4675#issuecomment-565338233,1,['test'],['test']
Testability,Build failed on ROOT-fedora30/cxx14.; [See console output](https://epsft-jenkins.cern.ch/job/root-pullrequests-build/73340/console).; ### Failing tests:; - [projectroot.roottest.root.aclic.misc.roottest_root_aclic_misc_assertmyfun](https://epsft-jenkins.cern.ch/job/root-pullrequests-build/73340/testReport/projectroot.roottest.root.aclic/misc/roottest_root_aclic_misc_assertmyfun/),MatchSource.ISSUE_COMMENT,root-project,root,v6-32-06,https://github.com/root-project/root/pull/4686#issuecomment-565453418:146,test,tests,146,https://root.cern,https://github.com/root-project/root/pull/4686#issuecomment-565453418,2,['test'],"['testReport', 'tests']"
Testability,Build failed on ROOT-fedora30/cxx14.; [See console output](https://epsft-jenkins.cern.ch/job/root-pullrequests-build/73413/console).; ### Failing tests:; - [projectroot.roottest.root.aclic.misc.roottest_root_aclic_misc_assertmyfun](https://epsft-jenkins.cern.ch/job/root-pullrequests-build/73413/testReport/projectroot.roottest.root.aclic/misc/roottest_root_aclic_misc_assertmyfun/),MatchSource.ISSUE_COMMENT,root-project,root,v6-32-06,https://github.com/root-project/root/pull/4576#issuecomment-565703432:146,test,tests,146,https://root.cern,https://github.com/root-project/root/pull/4576#issuecomment-565703432,2,['test'],"['testReport', 'tests']"
Testability,Build failed on ROOT-fedora30/cxx14.; [See console output](https://epsft-jenkins.cern.ch/job/root-pullrequests-build/73501/console).; ### Failing tests:; - [projectroot.roottest.root.aclic.misc.roottest_root_aclic_misc_assertmyfun](https://epsft-jenkins.cern.ch/job/root-pullrequests-build/73501/testReport/projectroot.roottest.root.aclic/misc/roottest_root_aclic_misc_assertmyfun/),MatchSource.ISSUE_COMMENT,root-project,root,v6-32-06,https://github.com/root-project/root/pull/4693#issuecomment-566216518:146,test,tests,146,https://root.cern,https://github.com/root-project/root/pull/4693#issuecomment-566216518,2,['test'],"['testReport', 'tests']"
Testability,Build failed on ROOT-fedora30/cxx14.; [See console output](https://epsft-jenkins.cern.ch/job/root-pullrequests-build/73653/console).; ### Errors:; - FAILED: roottest/root/roofitstats/vectorisedPDFs/testLegendre ; - collect2: error: ld returned 1 exit status,MatchSource.ISSUE_COMMENT,root-project,root,v6-32-06,https://github.com/root-project/root/pull/4536#issuecomment-567108312:198,test,testLegendre,198,https://root.cern,https://github.com/root-project/root/pull/4536#issuecomment-567108312,1,['test'],['testLegendre']
Testability,Build failed on ROOT-fedora30/cxx14.; [See console output](https://epsft-jenkins.cern.ch/job/root-pullrequests-build/73677/console).; ### Errors:; - FAILED: roottest/root/roofitstats/vectorisedPDFs/testLegendre ; - collect2: error: ld returned 1 exit status,MatchSource.ISSUE_COMMENT,root-project,root,v6-32-06,https://github.com/root-project/root/pull/4536#issuecomment-567210016:198,test,testLegendre,198,https://root.cern,https://github.com/root-project/root/pull/4536#issuecomment-567210016,1,['test'],['testLegendre']
Testability,Build failed on ROOT-fedora30/cxx14.; [See console output](https://epsft-jenkins.cern.ch/job/root-pullrequests-build/73867/console).; ### Failing tests:; - [projectroot.roottest.root.tree.chain.roottest_root_tree_chain_make](https://epsft-jenkins.cern.ch/job/root-pullrequests-build/73867/testReport/projectroot.roottest.root.tree/chain/roottest_root_tree_chain_make/); - [projectroot.roottest.root.multicore.roottest_root_multicore_fork](https://epsft-jenkins.cern.ch/job/root-pullrequests-build/73867/testReport/projectroot.roottest.root/multicore/roottest_root_multicore_fork/),MatchSource.ISSUE_COMMENT,root-project,root,v6-32-06,https://github.com/root-project/root/pull/4712#issuecomment-568775914:146,test,tests,146,https://root.cern,https://github.com/root-project/root/pull/4712#issuecomment-568775914,3,['test'],"['testReport', 'tests']"
Testability,Build failed on ROOT-fedora30/cxx14.; [See console output](https://epsft-jenkins.cern.ch/job/root-pullrequests-build/74257/console).; ### Failing tests:; - [projectroot.roottest.cling.functionTemplate.roottest_cling_functionTemplate_testcint](https://epsft-jenkins.cern.ch/job/root-pullrequests-build/74257/testReport/projectroot.roottest.cling/functionTemplate/roottest_cling_functionTemplate_testcint/),MatchSource.ISSUE_COMMENT,root-project,root,v6-32-06,https://github.com/root-project/root/pull/4733#issuecomment-571708735:146,test,tests,146,https://root.cern,https://github.com/root-project/root/pull/4733#issuecomment-571708735,2,['test'],"['testReport', 'tests']"
Testability,Build failed on ROOT-fedora30/cxx14.; [See console output](https://epsft-jenkins.cern.ch/job/root-pullrequests-build/74318/console).; ### Failing tests:; - [projectroot.roottest.cling.functionTemplate.roottest_cling_functionTemplate_testcint](https://epsft-jenkins.cern.ch/job/root-pullrequests-build/74318/testReport/projectroot.roottest.cling/functionTemplate/roottest_cling_functionTemplate_testcint/),MatchSource.ISSUE_COMMENT,root-project,root,v6-32-06,https://github.com/root-project/root/pull/4733#issuecomment-571978020:146,test,tests,146,https://root.cern,https://github.com/root-project/root/pull/4733#issuecomment-571978020,2,['test'],"['testReport', 'tests']"
Testability,Build failed on ROOT-fedora30/cxx14.; [See console output](https://epsft-jenkins.cern.ch/job/root-pullrequests-build/74742/console).; ### Failing tests:; - [projectroot.core.metacling.test.gtest_core_metacling_test_coremetaclingtestUnit](https://epsft-jenkins.cern.ch/job/root-pullrequests-build/74742/testReport/projectroot.core.metacling/test/gtest_core_metacling_test_coremetaclingtestUnit/); - [projectroot.interpreter.clingtest_check_cling](https://epsft-jenkins.cern.ch/job/root-pullrequests-build/74742/testReport/projectroot/interpreter/clingtest_check_cling/),MatchSource.ISSUE_COMMENT,root-project,root,v6-32-06,https://github.com/root-project/root/pull/4750#issuecomment-573583168:146,test,tests,146,https://root.cern,https://github.com/root-project/root/pull/4750#issuecomment-573583168,5,['test'],"['test', 'testReport', 'tests']"
Testability,Build failed on ROOT-fedora30/cxx14.; [See console output](https://epsft-jenkins.cern.ch/job/root-pullrequests-build/74822/console).; ### Failing tests:; - [projectroot.test.test_stressroofit_interpreted](https://epsft-jenkins.cern.ch/job/root-pullrequests-build/74822/testReport/projectroot/test/test_stressroofit_interpreted/),MatchSource.ISSUE_COMMENT,root-project,root,v6-32-06,https://github.com/root-project/root/pull/4764#issuecomment-574152487:146,test,tests,146,https://root.cern,https://github.com/root-project/root/pull/4764#issuecomment-574152487,4,['test'],"['test', 'testReport', 'tests']"
Testability,Build failed on ROOT-fedora30/cxx14.; [See console output](https://epsft-jenkins.cern.ch/job/root-pullrequests-build/75179/console).; ### Failing tests:; - [projectroot.tree.dataframe.test.gtest_tree_dataframe_test_dataframe_histomodels](https://epsft-jenkins.cern.ch/job/root-pullrequests-build/75179/testReport/projectroot.tree.dataframe/test/gtest_tree_dataframe_test_dataframe_histomodels/); - [projectroot.tree.ntuple.v7.test.gtest_tree_ntuple_v7_test_ntuple_raw](https://epsft-jenkins.cern.ch/job/root-pullrequests-build/75179/testReport/projectroot.tree.ntuple.v7/test/gtest_tree_ntuple_v7_test_ntuple_raw/); - [projectroot.tree.ntuple.v7.test.gtest_tree__v7_test_ntuple](https://epsft-jenkins.cern.ch/job/root-pullrequests-build/75179/testReport/projectroot.tree.ntuple.v7/test/gtest_tree__v7_test_ntuple/); - [projectroot.roottest.root.dataframe.roottest_root_dataframe_typeguessing](https://epsft-jenkins.cern.ch/job/root-pullrequests-build/75179/testReport/projectroot.roottest.root/dataframe/roottest_root_dataframe_typeguessing/); - [projectroot.roottest.root.dataframe.roottest_root_dataframe_regression_multipletriggerrun](https://epsft-jenkins.cern.ch/job/root-pullrequests-build/75179/testReport/projectroot.roottest.root/dataframe/roottest_root_dataframe_regression_multipletriggerrun/); - [projectroot.math.mathcore.test.gtest_math_mathcore_test_stressMathCoreUnit](https://epsft-jenkins.cern.ch/job/root-pullrequests-build/75179/testReport/projectroot.math.mathcore/test/gtest_math_mathcore_test_stressMathCoreUnit/); - [projectroot.test.test_stressmathcore_interpreted](https://epsft-jenkins.cern.ch/job/root-pullrequests-build/75179/testReport/projectroot/test/test_stressmathcore_interpreted/); - [projectroot.roottest.cling.dict.ROOT-8096.roottest_cling_dict_ROOT_8096_load](https://epsft-jenkins.cern.ch/job/root-pullrequests-build/75179/testReport/projectroot.roottest.cling.dict/ROOT-8096/roottest_cling_dict_ROOT_8096_load/); - [projectroot.roottest.python.pickle.roottest_,MatchSource.ISSUE_COMMENT,root-project,root,v6-32-06,https://github.com/root-project/root/pull/4016#issuecomment-575511931:146,test,tests,146,https://root.cern,https://github.com/root-project/root/pull/4016#issuecomment-575511931,11,['test'],"['test', 'testReport', 'tests']"
Testability,Build failed on ROOT-fedora30/cxx14.; [See console output](https://epsft-jenkins.cern.ch/job/root-pullrequests-build/75260/console).; ### Failing tests:; - [projectroot.tree.dataframe.test.gtest_tree_dataframe_test_dataframe_friends](https://epsft-jenkins.cern.ch/job/root-pullrequests-build/75260/testReport/projectroot.tree.dataframe/test/gtest_tree_dataframe_test_dataframe_friends/),MatchSource.ISSUE_COMMENT,root-project,root,v6-32-06,https://github.com/root-project/root/pull/4803#issuecomment-575646116:146,test,tests,146,https://root.cern,https://github.com/root-project/root/pull/4803#issuecomment-575646116,4,['test'],"['test', 'testReport', 'tests']"
Testability,Build failed on ROOT-fedora30/cxx14.; [See console output](https://epsft-jenkins.cern.ch/job/root-pullrequests-build/75662/console).; ### Failing tests:; - [projectroot.core.metacling.test.gtest_core_metacling_test_coremetaclingtestUnit](https://epsft-jenkins.cern.ch/job/root-pullrequests-build/75662/testReport/projectroot.core.metacling/test/gtest_core_metacling_test_coremetaclingtestUnit/); - [projectroot.math.mathcore.test.gtest_math_mathcore_test_stressMathCoreUnit](https://epsft-jenkins.cern.ch/job/root-pullrequests-build/75662/testReport/projectroot.math.mathcore/test/gtest_math_mathcore_test_stressMathCoreUnit/); - [projectroot.bindings.pyroot.test.pyunittests_pyroot_rdataframe_asnumpy](https://epsft-jenkins.cern.ch/job/root-pullrequests-build/75662/testReport/projectroot.bindings.pyroot/test/pyunittests_pyroot_rdataframe_asnumpy/); - [projectroot.tree.dataframe.test.gtest_tree_dataframe_test_dataframe_simple](https://epsft-jenkins.cern.ch/job/root-pullrequests-build/75662/testReport/projectroot.tree.dataframe/test/gtest_tree_dataframe_test_dataframe_simple/); - [projectroot.roottest.cling.autoauto.roottest_cling_autoauto_assertROOT8445_auto](https://epsft-jenkins.cern.ch/job/root-pullrequests-build/75662/testReport/projectroot.roottest.cling/autoauto/roottest_cling_autoauto_assertROOT8445_auto/); - [projectroot.roottest.python.basic.roottest_python_basic_basic](https://epsft-jenkins.cern.ch/job/root-pullrequests-build/75662/testReport/projectroot.roottest.python/basic/roottest_python_basic_basic/); - [projectroot.roottest.python.pickle.roottest_python_pickle_read](https://epsft-jenkins.cern.ch/job/root-pullrequests-build/75662/testReport/projectroot.roottest.python/pickle/roottest_python_pickle_read/); - [projectroot.roottest.python.cpp.roottest_python_cpp_cpp](https://epsft-jenkins.cern.ch/job/root-pullrequests-build/75662/testReport/projectroot.roottest.python/cpp/roottest_python_cpp_cpp/); - [projectroot.roottest.python.function.roottest_python_function_fu,MatchSource.ISSUE_COMMENT,root-project,root,v6-32-06,https://github.com/root-project/root/pull/4016#issuecomment-577205886:146,test,tests,146,https://root.cern,https://github.com/root-project/root/pull/4016#issuecomment-577205886,12,['test'],"['test', 'testReport', 'tests']"
Testability,"Build failed on ROOT-fedora30/cxx14.; [See console output](https://epsft-jenkins.cern.ch/job/root-pullrequests-build/75878/console).; ### Errors:; - FAILED: math/mathmore/test/CMakeFiles/testGSLRootFinder.dir/testGSLRootFinder.cxx.o ; - include/Math/Functor.h:181:9: error: conflicting return type specified for ‘auto ROOT::Math::FunctorGradHandler&lt;ParentFunctor, Func, GradFunc&gt;::Clone() const [with ParentFunctor = ROOT::Math::GradFunctor1D; Func = double (*)(double); GradFunc = double (*)(double)]’ ; - FAILED: math/mathmore/test/CMakeFiles/stressMathMoreUnit.dir/StatFunction.cxx.o ; - include/Math/Functor.h:181:9: error: conflicting return type specified for ‘auto ROOT::Math::FunctorGradHandler&lt;ParentFunctor, Func, GradFunc&gt;::Clone() const [with ParentFunctor = ROOT::Math::GradFunctor1D; Func = StatFunction::TestInverse2(ROOT::Math::RootFinder::EType)::&lt;lambda(double)&gt;; GradFunc = StatFunction]’ ; - include/Math/Functor.h:161:4: error: ‘ROOT::Math::FunctorGradHandler&lt;ParentFunctor, Func, GradFunc&gt;::FunctorGradHandler(const Func&, const GradFunc&) [with ParentFunctor = ROOT::Math::GradFunctor1D; Func = StatFunction::TestInverse2(ROOT::Math::RootFinder::EType)::&lt;lambda(double)&gt;; GradFunc = StatFunction]’, declared using local type ‘const StatFunction::TestInverse2(ROOT::Math::RootFinder::EType)::&lt;lambda(double)&gt;’, is used but never defined [-fpermissive] . ### Warnings:; - include/Math/Functor.h:161:4: warning: ‘ROOT::Math::FunctorGradHandler&lt;ParentFunctor, Func, GradFunc&gt;::FunctorGradHandler(const Func&, const GradFunc&) [with ParentFunctor = ROOT::Math::GradFunctor1D; Func = StatFunction::TestInverse2(ROOT::Math::RootFinder::EType)::&lt;lambda(double)&gt;; GradFunc = StatFunction]’ used but never defined",MatchSource.ISSUE_COMMENT,root-project,root,v6-32-06,https://github.com/root-project/root/pull/4805#issuecomment-577584181:171,test,test,171,https://root.cern,https://github.com/root-project/root/pull/4805#issuecomment-577584181,4,['test'],"['test', 'testGSLRootFinder']"
Testability,Build failed on ROOT-fedora30/cxx14.; [See console output](https://epsft-jenkins.cern.ch/job/root-pullrequests-build/75902/console).; ### Failing tests:; - [projectroot.core.metacling.test.gtest_core_metacling_test_coremetaclingtestUnit](https://epsft-jenkins.cern.ch/job/root-pullrequests-build/75902/testReport/projectroot.core.metacling/test/gtest_core_metacling_test_coremetaclingtestUnit/); - [projectroot.interpreter.clingtest_check_cling](https://epsft-jenkins.cern.ch/job/root-pullrequests-build/75902/testReport/projectroot/interpreter/clingtest_check_cling/),MatchSource.ISSUE_COMMENT,root-project,root,v6-32-06,https://github.com/root-project/root/pull/4843#issuecomment-577623007:146,test,tests,146,https://root.cern,https://github.com/root-project/root/pull/4843#issuecomment-577623007,5,['test'],"['test', 'testReport', 'tests']"
Testability,Build failed on ROOT-fedora30/cxx14.; [See console output](https://epsft-jenkins.cern.ch/job/root-pullrequests-build/75966/console).; ### Failing tests:; - [projectroot.tree.dataframe.test.gtest_tree_dataframe_test_dataframe_display](https://epsft-jenkins.cern.ch/job/root-pullrequests-build/75966/testReport/projectroot.tree.dataframe/test/gtest_tree_dataframe_test_dataframe_display/),MatchSource.ISSUE_COMMENT,root-project,root,v6-32-06,https://github.com/root-project/root/pull/4850#issuecomment-578084381:146,test,tests,146,https://root.cern,https://github.com/root-project/root/pull/4850#issuecomment-578084381,4,['test'],"['test', 'testReport', 'tests']"
Testability,Build failed on ROOT-fedora30/cxx14.; [See console output](https://epsft-jenkins.cern.ch/job/root-pullrequests-build/76046/console).; ### Failing tests:; - [projectroot.tree.dataframe.test.gtest_tree_dataframe_test_dataframe_histomodels](https://epsft-jenkins.cern.ch/job/root-pullrequests-build/76046/testReport/projectroot.tree.dataframe/test/gtest_tree_dataframe_test_dataframe_histomodels/); - [projectroot.tree.ntuple.v7.test.gtest_tree_ntuple_v7_test_ntuple_raw](https://epsft-jenkins.cern.ch/job/root-pullrequests-build/76046/testReport/projectroot.tree.ntuple.v7/test/gtest_tree_ntuple_v7_test_ntuple_raw/); - [projectroot.tree.ntuple.v7.test.gtest_tree__v7_test_ntuple](https://epsft-jenkins.cern.ch/job/root-pullrequests-build/76046/testReport/projectroot.tree.ntuple.v7/test/gtest_tree__v7_test_ntuple/); - [projectroot.roottest.root.dataframe.roottest_root_dataframe_typeguessing](https://epsft-jenkins.cern.ch/job/root-pullrequests-build/76046/testReport/projectroot.roottest.root/dataframe/roottest_root_dataframe_typeguessing/); - [projectroot.roottest.root.dataframe.roottest_root_dataframe_regression_multipletriggerrun](https://epsft-jenkins.cern.ch/job/root-pullrequests-build/76046/testReport/projectroot.roottest.root/dataframe/roottest_root_dataframe_regression_multipletriggerrun/); - [projectroot.math.mathcore.test.gtest_math_mathcore_test_stressMathCoreUnit](https://epsft-jenkins.cern.ch/job/root-pullrequests-build/76046/testReport/projectroot.math.mathcore/test/gtest_math_mathcore_test_stressMathCoreUnit/); - [projectroot.test.test_stressmathcore_interpreted](https://epsft-jenkins.cern.ch/job/root-pullrequests-build/76046/testReport/projectroot/test/test_stressmathcore_interpreted/); - [projectroot.roottest.cling.dict.ROOT-8096.roottest_cling_dict_ROOT_8096_load](https://epsft-jenkins.cern.ch/job/root-pullrequests-build/76046/testReport/projectroot.roottest.cling.dict/ROOT-8096/roottest_cling_dict_ROOT_8096_load/); - [projectroot.roottest.cling.template.separate,MatchSource.ISSUE_COMMENT,root-project,root,v6-32-06,https://github.com/root-project/root/pull/4016#issuecomment-578172236:146,test,tests,146,https://root.cern,https://github.com/root-project/root/pull/4016#issuecomment-578172236,11,['test'],"['test', 'testReport', 'tests']"
Testability,Build failed on ROOT-fedora30/cxx14.; [See console output](https://epsft-jenkins.cern.ch/job/root-pullrequests-build/76167/console).; ### Failing tests:; - [projectroot.tree.dataframe.test.gtest_tree_dataframe_test_dataframe_histomodels](https://epsft-jenkins.cern.ch/job/root-pullrequests-build/76167/testReport/projectroot.tree.dataframe/test/gtest_tree_dataframe_test_dataframe_histomodels/); - [projectroot.tree.ntuple.v7.test.gtest_tree_ntuple_v7_test_ntuple_raw](https://epsft-jenkins.cern.ch/job/root-pullrequests-build/76167/testReport/projectroot.tree.ntuple.v7/test/gtest_tree_ntuple_v7_test_ntuple_raw/); - [projectroot.tree.ntuple.v7.test.gtest_tree__v7_test_ntuple](https://epsft-jenkins.cern.ch/job/root-pullrequests-build/76167/testReport/projectroot.tree.ntuple.v7/test/gtest_tree__v7_test_ntuple/); - [projectroot.roottest.root.dataframe.roottest_root_dataframe_regression_multipletriggerrun](https://epsft-jenkins.cern.ch/job/root-pullrequests-build/76167/testReport/projectroot.roottest.root/dataframe/roottest_root_dataframe_regression_multipletriggerrun/); - [projectroot.roottest.root.dataframe.roottest_root_dataframe_typeguessing](https://epsft-jenkins.cern.ch/job/root-pullrequests-build/76167/testReport/projectroot.roottest.root/dataframe/roottest_root_dataframe_typeguessing/); - [projectroot.math.mathcore.test.gtest_math_mathcore_test_stressMathCoreUnit](https://epsft-jenkins.cern.ch/job/root-pullrequests-build/76167/testReport/projectroot.math.mathcore/test/gtest_math_mathcore_test_stressMathCoreUnit/); - [projectroot.test.test_stressmathcore_interpreted](https://epsft-jenkins.cern.ch/job/root-pullrequests-build/76167/testReport/projectroot/test/test_stressmathcore_interpreted/); - [projectroot.roottest.python.pickle.roottest_python_pickle_read](https://epsft-jenkins.cern.ch/job/root-pullrequests-build/76167/testReport/projectroot.roottest.python/pickle/roottest_python_pickle_read/); - [projectroot.test.test_stresshistofit_interpreted](https://epsft-jenkins.,MatchSource.ISSUE_COMMENT,root-project,root,v6-32-06,https://github.com/root-project/root/pull/4016#issuecomment-578423512:146,test,tests,146,https://root.cern,https://github.com/root-project/root/pull/4016#issuecomment-578423512,11,['test'],"['test', 'testReport', 'tests']"
Testability,Build failed on ROOT-fedora30/cxx14.; [See console output](https://epsft-jenkins.cern.ch/job/root-pullrequests-build/76215/console).; ### Failing tests:; - [projectroot.roottest.root.tree.cache.roottest_root_tree_cache_autocache](https://epsft-jenkins.cern.ch/job/root-pullrequests-build/76215/testReport/projectroot.roottest.root.tree/cache/roottest_root_tree_cache_autocache/); - [projectroot.roottest.root.io.filemerger.roottest_root_io_filemerger_simple_zlib_compr_level1](https://epsft-jenkins.cern.ch/job/root-pullrequests-build/76215/testReport/projectroot.roottest.root.io/filemerger/roottest_root_io_filemerger_simple_zlib_compr_level1/); - [projectroot.roottest.root.io.filemerger.roottest_root_io_filemerger_simple_lz4_compr_level1](https://epsft-jenkins.cern.ch/job/root-pullrequests-build/76215/testReport/projectroot.roottest.root.io/filemerger/roottest_root_io_filemerger_simple_lz4_compr_level1/); - [projectroot.roottest.root.io.transient.base.roottest_root_io_transient_base_hadd_autoload](https://epsft-jenkins.cern.ch/job/root-pullrequests-build/76215/testReport/projectroot.roottest.root.io.transient/base/roottest_root_io_transient_base_hadd_autoload/); - [projectroot.roottest.root.io.treeForeign.roottest_root_io_treeForeign_testForeignDraw](https://epsft-jenkins.cern.ch/job/root-pullrequests-build/76215/testReport/projectroot.roottest.root.io/treeForeign/roottest_root_io_treeForeign_testForeignDraw/); - [projectroot.roottest.root.tree.cache.roottest_root_tree_cache_multiTree](https://epsft-jenkins.cern.ch/job/root-pullrequests-build/76215/testReport/projectroot.roottest.root.tree/cache/roottest_root_tree_cache_multiTree/); - [projectroot.roottest.root.tree.cache.roottest_root_tree_cache_perfstattest](https://epsft-jenkins.cern.ch/job/root-pullrequests-build/76215/testReport/projectroot.roottest.root.tree/cache/roottest_root_tree_cache_perfstattest/); - [projectroot.roottest.root.tree.cloning.roottest_root_tree_cloning_exectrim](https://epsft-jenkins.cern.ch/job/,MatchSource.ISSUE_COMMENT,root-project,root,v6-32-06,https://github.com/root-project/root/pull/4864#issuecomment-578687595:146,test,tests,146,https://root.cern,https://github.com/root-project/root/pull/4864#issuecomment-578687595,4,['test'],"['testReport', 'tests']"
Testability,Build failed on ROOT-fedora30/cxx14.; [See console output](https://epsft-jenkins.cern.ch/job/root-pullrequests-build/76231/console).; ### Failing tests:; - [projectroot.roottest.root.tree.cache.roottest_root_tree_cache_autocache](https://epsft-jenkins.cern.ch/job/root-pullrequests-build/76231/testReport/projectroot.roottest.root.tree/cache/roottest_root_tree_cache_autocache/); - [projectroot.roottest.root.io.filemerger.roottest_root_io_filemerger_simple_zlib_compr_level1](https://epsft-jenkins.cern.ch/job/root-pullrequests-build/76231/testReport/projectroot.roottest.root.io/filemerger/roottest_root_io_filemerger_simple_zlib_compr_level1/); - [projectroot.roottest.root.io.filemerger.roottest_root_io_filemerger_simple_lz4_compr_level1](https://epsft-jenkins.cern.ch/job/root-pullrequests-build/76231/testReport/projectroot.roottest.root.io/filemerger/roottest_root_io_filemerger_simple_lz4_compr_level1/); - [projectroot.roottest.root.io.transient.base.roottest_root_io_transient_base_hadd_autoload](https://epsft-jenkins.cern.ch/job/root-pullrequests-build/76231/testReport/projectroot.roottest.root.io.transient/base/roottest_root_io_transient_base_hadd_autoload/); - [projectroot.roottest.root.io.treeForeign.roottest_root_io_treeForeign_testForeignDraw](https://epsft-jenkins.cern.ch/job/root-pullrequests-build/76231/testReport/projectroot.roottest.root.io/treeForeign/roottest_root_io_treeForeign_testForeignDraw/); - [projectroot.roottest.root.tree.cache.roottest_root_tree_cache_multiTree](https://epsft-jenkins.cern.ch/job/root-pullrequests-build/76231/testReport/projectroot.roottest.root.tree/cache/roottest_root_tree_cache_multiTree/); - [projectroot.roottest.root.tree.cache.roottest_root_tree_cache_perfstattest](https://epsft-jenkins.cern.ch/job/root-pullrequests-build/76231/testReport/projectroot.roottest.root.tree/cache/roottest_root_tree_cache_perfstattest/); - [projectroot.roottest.root.tree.cloning.roottest_root_tree_cloning_exectrim](https://epsft-jenkins.cern.ch/job/,MatchSource.ISSUE_COMMENT,root-project,root,v6-32-06,https://github.com/root-project/root/pull/4865#issuecomment-578702172:146,test,tests,146,https://root.cern,https://github.com/root-project/root/pull/4865#issuecomment-578702172,4,['test'],"['testReport', 'tests']"
Testability,Build failed on ROOT-fedora30/cxx14.; [See console output](https://epsft-jenkins.cern.ch/job/root-pullrequests-build/76287/console).; ### Failing tests:; - [projectroot.tree.dataframe.test.gtest_tree_dataframe_test_dataframe_histomodels](https://epsft-jenkins.cern.ch/job/root-pullrequests-build/76287/testReport/projectroot.tree.dataframe/test/gtest_tree_dataframe_test_dataframe_histomodels/); - [projectroot.tree.ntuple.v7.test.gtest_tree_ntuple_v7_test_ntuple_raw](https://epsft-jenkins.cern.ch/job/root-pullrequests-build/76287/testReport/projectroot.tree.ntuple.v7/test/gtest_tree_ntuple_v7_test_ntuple_raw/); - [projectroot.tree.ntuple.v7.test.gtest_tree__v7_test_ntuple](https://epsft-jenkins.cern.ch/job/root-pullrequests-build/76287/testReport/projectroot.tree.ntuple.v7/test/gtest_tree__v7_test_ntuple/); - [projectroot.roottest.root.dataframe.roottest_root_dataframe_typeguessing](https://epsft-jenkins.cern.ch/job/root-pullrequests-build/76287/testReport/projectroot.roottest.root/dataframe/roottest_root_dataframe_typeguessing/); - [projectroot.roottest.root.dataframe.roottest_root_dataframe_regression_multipletriggerrun](https://epsft-jenkins.cern.ch/job/root-pullrequests-build/76287/testReport/projectroot.roottest.root/dataframe/roottest_root_dataframe_regression_multipletriggerrun/); - [projectroot.math.mathcore.test.gtest_math_mathcore_test_stressMathCoreUnit](https://epsft-jenkins.cern.ch/job/root-pullrequests-build/76287/testReport/projectroot.math.mathcore/test/gtest_math_mathcore_test_stressMathCoreUnit/); - [projectroot.test.test_stressmathcore_interpreted](https://epsft-jenkins.cern.ch/job/root-pullrequests-build/76287/testReport/projectroot/test/test_stressmathcore_interpreted/); - [projectroot.roottest.python.pickle.roottest_python_pickle_read](https://epsft-jenkins.cern.ch/job/root-pullrequests-build/76287/testReport/projectroot.roottest.python/pickle/roottest_python_pickle_read/); - [projectroot.test.test_stresshistofit_interpreted](https://epsft-jenkins.,MatchSource.ISSUE_COMMENT,root-project,root,v6-32-06,https://github.com/root-project/root/pull/4016#issuecomment-578743900:146,test,tests,146,https://root.cern,https://github.com/root-project/root/pull/4016#issuecomment-578743900,11,['test'],"['test', 'testReport', 'tests']"
Testability,Build failed on ROOT-fedora30/cxx14.; [See console output](https://epsft-jenkins.cern.ch/job/root-pullrequests-build/76487/console).; ### Failing tests:; - [projectroot.roottest.root.aclic.load.roottest_root_aclic_load_autoloadNamespace](https://epsft-jenkins.cern.ch/job/root-pullrequests-build/76487/testReport/projectroot.roottest.root.aclic/load/roottest_root_aclic_load_autoloadNamespace/); - [projectroot.roottest.root.meta.autoloading.classInNamespace.roottest_root_meta_autoloading_classInNamespace_execClassInNamespace_auto](https://epsft-jenkins.cern.ch/job/root-pullrequests-build/76487/testReport/projectroot.roottest.root.meta.autoloading/classInNamespace/roottest_root_meta_autoloading_classInNamespace_execClassInNamespace_auto/); - [projectroot.roottest.root.meta.autoloading.headerParsingOnDemand.roottest_root_meta_autoloading_headerParsingOnDemand_execCheckComplexTypedefs](https://epsft-jenkins.cern.ch/job/root-pullrequests-build/76487/testReport/projectroot.roottest.root.meta.autoloading/headerParsingOnDemand/roottest_root_meta_autoloading_headerParsingOnDemand_execCheckComplexTypedefs/),MatchSource.ISSUE_COMMENT,root-project,root,v6-32-06,https://github.com/root-project/root/pull/4016#issuecomment-579203613:146,test,tests,146,https://root.cern,https://github.com/root-project/root/pull/4016#issuecomment-579203613,4,['test'],"['testReport', 'tests']"
Testability,Build failed on ROOT-fedora30/cxx14.; [See console output](https://epsft-jenkins.cern.ch/job/root-pullrequests-build/76503/console).; ### Failing tests:; - [projectroot.roottest.root.aclic.load.roottest_root_aclic_load_autoloadNamespace](https://epsft-jenkins.cern.ch/job/root-pullrequests-build/76503/testReport/projectroot.roottest.root.aclic/load/roottest_root_aclic_load_autoloadNamespace/); - [projectroot.roottest.root.meta.autoloading.classInNamespace.roottest_root_meta_autoloading_classInNamespace_execClassInNamespace_auto](https://epsft-jenkins.cern.ch/job/root-pullrequests-build/76503/testReport/projectroot.roottest.root.meta.autoloading/classInNamespace/roottest_root_meta_autoloading_classInNamespace_execClassInNamespace_auto/); - [projectroot.roottest.root.meta.autoloading.headerParsingOnDemand.roottest_root_meta_autoloading_headerParsingOnDemand_execCheckComplexTypedefs](https://epsft-jenkins.cern.ch/job/root-pullrequests-build/76503/testReport/projectroot.roottest.root.meta.autoloading/headerParsingOnDemand/roottest_root_meta_autoloading_headerParsingOnDemand_execCheckComplexTypedefs/),MatchSource.ISSUE_COMMENT,root-project,root,v6-32-06,https://github.com/root-project/root/pull/4016#issuecomment-579218263:146,test,tests,146,https://root.cern,https://github.com/root-project/root/pull/4016#issuecomment-579218263,4,['test'],"['testReport', 'tests']"
Testability,Build failed on ROOT-fedora30/cxx14.; [See console output](https://epsft-jenkins.cern.ch/job/root-pullrequests-build/76543/console).; ### Failing tests:; - [projectroot.tree.treeplayer.test.gtest_tree_treeplayer_test_treeprocessormt](https://epsft-jenkins.cern.ch/job/root-pullrequests-build/76543/testReport/projectroot.tree.treeplayer/test/gtest_tree_treeplayer_test_treeprocessormt/),MatchSource.ISSUE_COMMENT,root-project,root,v6-32-06,https://github.com/root-project/root/pull/4879#issuecomment-579265418:146,test,tests,146,https://root.cern,https://github.com/root-project/root/pull/4879#issuecomment-579265418,4,['test'],"['test', 'testReport', 'tests']"
Testability,Build failed on ROOT-fedora30/cxx14.; [See console output](https://epsft-jenkins.cern.ch/job/root-pullrequests-build/76583/console).; ### Failing tests:; - [projectroot.roottest.root.multicore.roottest_root_multicore_tp_process_imt](https://epsft-jenkins.cern.ch/job/root-pullrequests-build/76583/testReport/projectroot.roottest.root/multicore/roottest_root_multicore_tp_process_imt/),MatchSource.ISSUE_COMMENT,root-project,root,v6-32-06,https://github.com/root-project/root/pull/4879#issuecomment-579310831:146,test,tests,146,https://root.cern,https://github.com/root-project/root/pull/4879#issuecomment-579310831,2,['test'],"['testReport', 'tests']"
Testability,Build failed on ROOT-fedora30/cxx14.; [See console output](https://epsft-jenkins.cern.ch/job/root-pullrequests-build/76608/console).; ### Errors:; - 406/1948 Test #289: tutorial-dataframe-df002_dataModel ................................................................***Failed Error regular expression found in output. Regex=[: error:] 0.79 sec ; - 408/1948 Test #291: tutorial-dataframe-df004_cutFlowReport ............................................................***Failed Error regular expression found in output. Regex=[: error:] 1.09 sec ; - 417/1948 Test #301: tutorial-dataframe-df015_LazyDataSource ...........................................................***Failed Error regular expression found in output. Regex=[: error:] 0.97 sec ; - 834/1948 Test #725: tutorial-roostats-StandardFrequentistDiscovery ....................................................***Failed Error regular expression found in output. Regex=[: error:] 16.44 sec ; - 959/1948 Test #864: tutorial-v7-draw_legend.cxx .......................................................................***Failed Error regular expression found in output. Regex=[: error:] 0.94 sec ; - 960/1948 Test #862: tutorial-v7-concurrentfill.cxx ....................................................................***Failed Error regular expression found in output. Regex=[: error:] 1.25 sec ; - 961/1948 Test #863: tutorial-v7-draw.cxx ..............................................................................***Failed Error regular expression found in output. Regex=[: error:] 1.32 sec ; - 962/1948 Test #866: tutorial-v7-draw_rh1.cxx ..........................................................................***Failed Error regular expression found in output. Regex=[: error:] 0.85 sec ; - 963/1948 Test #865: tutorial-v7-draw_mt.cxx ...........................................................................***Failed Error regular expression found in output. Regex=[: error:] 0.93 sec ; - 965/1948 Test #867: tutorial-v7-draw_subpa,MatchSource.ISSUE_COMMENT,root-project,root,v6-32-06,https://github.com/root-project/root/pull/4016#issuecomment-579471787:158,Test,Test,158,https://root.cern,https://github.com/root-project/root/pull/4016#issuecomment-579471787,5,['Test'],['Test']
Testability,Build failed on ROOT-fedora30/cxx14.; [See console output](https://epsft-jenkins.cern.ch/job/root-pullrequests-build/76640/console).; ### Errors:; - 417/1949 Test #301: tutorial-dataframe-df015_LazyDataSource ...........................................................***Failed Error regular expression found in output. Regex=[: error:] 0.96 sec ; - 834/1949 Test #725: tutorial-roostats-StandardFrequentistDiscovery ....................................................***Failed Error regular expression found in output. Regex=[: error:] 15.23 sec ; - 959/1949 Test #864: tutorial-v7-draw_legend.cxx .......................................................................***Failed Error regular expression found in output. Regex=[: error:] 0.94 sec ; - 960/1949 Test #862: tutorial-v7-concurrentfill.cxx ....................................................................***Failed Error regular expression found in output. Regex=[: error:] 1.26 sec ; - 961/1949 Test #863: tutorial-v7-draw.cxx ..............................................................................***Failed Error regular expression found in output. Regex=[: error:] 1.42 sec ; - 962/1949 Test #866: tutorial-v7-draw_rh1.cxx ..........................................................................***Failed Error regular expression found in output. Regex=[: error:] 0.84 sec ; - 963/1949 Test #865: tutorial-v7-draw_mt.cxx ...........................................................................***Failed Error regular expression found in output. Regex=[: error:] 0.88 sec ; - 964/1949 Test #867: tutorial-v7-draw_subpads.cxx ......................................................................***Failed Error regular expression found in output. Regex=[: error:] 0.89 sec ; - 971/1949 Test #869: tutorial-v7-histops.cxx ...........................................................................***Failed Error regular expression found in output. Regex=[: error:] 2.74 sec ; - 973/1949 Test #876: tutorial-v7-perf.cxx .,MatchSource.ISSUE_COMMENT,root-project,root,v6-32-06,https://github.com/root-project/root/pull/4016#issuecomment-579676099:158,Test,Test,158,https://root.cern,https://github.com/root-project/root/pull/4016#issuecomment-579676099,5,['Test'],['Test']
Testability,Build failed on ROOT-fedora30/cxx14.; [See console output](https://epsft-jenkins.cern.ch/job/root-pullrequests-build/76689/console).; ### Failing tests:; - [projectroot.test.test_stressentrylist](https://epsft-jenkins.cern.ch/job/root-pullrequests-build/76689/testReport/projectroot/test/test_stressentrylist/); - [projectroot.test.test_stressentrylist_interpreted](https://epsft-jenkins.cern.ch/job/root-pullrequests-build/76689/testReport/projectroot/test/test_stressentrylist_interpreted/); - [projectroot.tree.dataframe.test.gtest_tree_dataframe_test_datasource_root](https://epsft-jenkins.cern.ch/job/root-pullrequests-build/76689/testReport/projectroot.tree.dataframe/test/gtest_tree_dataframe_test_datasource_root/); - [projectroot.tree.dataframe.test.gtest_tree_dataframe_test_dataframe_snapshot](https://epsft-jenkins.cern.ch/job/root-pullrequests-build/76689/testReport/projectroot.tree.dataframe/test/gtest_tree_dataframe_test_dataframe_snapshot/); - [projectroot.tree.treeplayer.test.gtest_tree_treeplayer_test_treetreeplayertestUnit](https://epsft-jenkins.cern.ch/job/root-pullrequests-build/76689/testReport/projectroot.tree.treeplayer/test/gtest_tree_treeplayer_test_treetreeplayertestUnit/); - [projectroot.roottest.root.dataframe.roottest_root_dataframe_test_snapshotNFiles](https://epsft-jenkins.cern.ch/job/root-pullrequests-build/76689/testReport/projectroot.roottest.root/dataframe/roottest_root_dataframe_test_snapshotNFiles/); - [projectroot.roottest.root.dataframe.roottest_root_dataframe_test_glob](https://epsft-jenkins.cern.ch/job/root-pullrequests-build/76689/testReport/projectroot.roottest.root/dataframe/roottest_root_dataframe_test_glob/); - [projectroot.roottest.root.tree.cache.roottest_root_tree_cache_cachedChain](https://epsft-jenkins.cern.ch/job/root-pullrequests-build/76689/testReport/projectroot.roottest.root.tree/cache/roottest_root_tree_cache_cachedChain/); - [projectroot.roottest.root.tree.chain.roottest_root_tree_chain_make](https://epsft-jenkins.cern.c,MatchSource.ISSUE_COMMENT,root-project,root,v6-32-06,https://github.com/root-project/root/pull/4888#issuecomment-579804535:146,test,tests,146,https://root.cern,https://github.com/root-project/root/pull/4888#issuecomment-579804535,14,['test'],"['test', 'testReport', 'tests']"
Testability,Build failed on ROOT-fedora30/cxx14.; [See console output](https://epsft-jenkins.cern.ch/job/root-pullrequests-build/76721/console).; ### Failing tests:; - [projectroot.test.test_stressentrylist](https://epsft-jenkins.cern.ch/job/root-pullrequests-build/76721/testReport/projectroot/test/test_stressentrylist/); - [projectroot.test.test_stressentrylist_interpreted](https://epsft-jenkins.cern.ch/job/root-pullrequests-build/76721/testReport/projectroot/test/test_stressentrylist_interpreted/); - [projectroot.tree.dataframe.test.gtest_tree_dataframe_test_datasource_root](https://epsft-jenkins.cern.ch/job/root-pullrequests-build/76721/testReport/projectroot.tree.dataframe/test/gtest_tree_dataframe_test_datasource_root/); - [projectroot.tree.dataframe.test.gtest_tree_dataframe_test_dataframe_snapshot](https://epsft-jenkins.cern.ch/job/root-pullrequests-build/76721/testReport/projectroot.tree.dataframe/test/gtest_tree_dataframe_test_dataframe_snapshot/); - [projectroot.tree.treeplayer.test.gtest_tree_treeplayer_test_treetreeplayertestUnit](https://epsft-jenkins.cern.ch/job/root-pullrequests-build/76721/testReport/projectroot.tree.treeplayer/test/gtest_tree_treeplayer_test_treetreeplayertestUnit/); - [projectroot.runtutorials.tutorial_multicore_mp102_readNtuplesFillHistosAndFit](https://epsft-jenkins.cern.ch/job/root-pullrequests-build/76721/testReport/projectroot/runtutorials/tutorial_multicore_mp102_readNtuplesFillHistosAndFit/); - [projectroot.runtutorials.tutorial_tree_run_h1analysis](https://epsft-jenkins.cern.ch/job/root-pullrequests-build/76721/testReport/projectroot/runtutorials/tutorial_tree_run_h1analysis/); - [projectroot.roottest.root.dataframe.roottest_root_dataframe_test_snapshotNFiles](https://epsft-jenkins.cern.ch/job/root-pullrequests-build/76721/testReport/projectroot.roottest.root/dataframe/roottest_root_dataframe_test_snapshotNFiles/); - [projectroot.roottest.root.dataframe.roottest_root_dataframe_test_glob](https://epsft-jenkins.cern.ch/job/root-pullreques,MatchSource.ISSUE_COMMENT,root-project,root,v6-32-06,https://github.com/root-project/root/pull/4888#issuecomment-579894629:146,test,tests,146,https://root.cern,https://github.com/root-project/root/pull/4888#issuecomment-579894629,14,['test'],"['test', 'testReport', 'tests']"
Testability,Build failed on ROOT-fedora30/cxx14.; [See console output](https://epsft-jenkins.cern.ch/job/root-pullrequests-build/76778/console).; ### Errors:; - 417/1949 Test #301: tutorial-dataframe-df015_LazyDataSource ...........................................................***Failed Error regular expression found in output. Regex=[: error:] 0.96 sec ; - 834/1949 Test #725: tutorial-roostats-StandardFrequentistDiscovery ....................................................***Failed Error regular expression found in output. Regex=[: error:] 15.33 sec ; - 959/1949 Test #864: tutorial-v7-draw_legend.cxx .......................................................................***Failed Error regular expression found in output. Regex=[: error:] 0.92 sec ; - 960/1949 Test #862: tutorial-v7-concurrentfill.cxx ....................................................................***Failed Error regular expression found in output. Regex=[: error:] 1.16 sec ; - 961/1949 Test #863: tutorial-v7-draw.cxx ..............................................................................***Failed Error regular expression found in output. Regex=[: error:] 1.24 sec ; - 962/1949 Test #866: tutorial-v7-draw_rh1.cxx ..........................................................................***Failed Error regular expression found in output. Regex=[: error:] 0.86 sec ; - 963/1949 Test #865: tutorial-v7-draw_mt.cxx ...........................................................................***Failed Error regular expression found in output. Regex=[: error:] 0.94 sec ; - 965/1949 Test #867: tutorial-v7-draw_subpads.cxx ......................................................................***Failed Error regular expression found in output. Regex=[: error:] 0.88 sec ; - 971/1949 Test #869: tutorial-v7-histops.cxx ...........................................................................***Failed Error regular expression found in output. Regex=[: error:] 2.92 sec ; - 974/1949 Test #876: tutorial-v7-perf.cxx .,MatchSource.ISSUE_COMMENT,root-project,root,v6-32-06,https://github.com/root-project/root/pull/4016#issuecomment-579954419:158,Test,Test,158,https://root.cern,https://github.com/root-project/root/pull/4016#issuecomment-579954419,5,['Test'],['Test']
Testability,Build failed on ROOT-fedora30/cxx14.; [See console output](https://epsft-jenkins.cern.ch/job/root-pullrequests-build/76803/console).; ### Failing tests:; - [projectroot.roottest.root.io.directory.roottest_root_io_directory_make](https://epsft-jenkins.cern.ch/job/root-pullrequests-build/76803/testReport/projectroot.roottest.root.io/directory/roottest_root_io_directory_make/),MatchSource.ISSUE_COMMENT,root-project,root,v6-32-06,https://github.com/root-project/root/pull/4895#issuecomment-580215799:146,test,tests,146,https://root.cern,https://github.com/root-project/root/pull/4895#issuecomment-580215799,2,['test'],"['testReport', 'tests']"
Testability,Build failed on ROOT-fedora30/cxx14.; [See console output](https://epsft-jenkins.cern.ch/job/root-pullrequests-build/77053/console).; ### Errors:; - 417/1951 Test #301: tutorial-dataframe-df015_LazyDataSource ...........................................................***Failed Error regular expression found in output. Regex=[: error:] 1.01 sec ; - 835/1951 Test #726: tutorial-roostats-StandardFrequentistDiscovery ....................................................***Failed Error regular expression found in output. Regex=[: error:] 15.70 sec ; - 960/1951 Test #863: tutorial-v7-concurrentfill.cxx ....................................................................***Failed Error regular expression found in output. Regex=[: error:] 1.26 sec . ### Failing tests:; - [projectroot.tree.dataframe.test.gtest_tree_dataframe_test_dataframe_histomodels](https://epsft-jenkins.cern.ch/job/root-pullrequests-build/77053/testReport/projectroot.tree.dataframe/test/gtest_tree_dataframe_test_dataframe_histomodels/); - [projectroot.tree.ntuple.v7.test.gtest_tree_ntuple_v7_test_ntuple_raw](https://epsft-jenkins.cern.ch/job/root-pullrequests-build/77053/testReport/projectroot.tree.ntuple.v7/test/gtest_tree_ntuple_v7_test_ntuple_raw/); - [projectroot.tree.ntuple.v7.test.gtest_tree__v7_test_ntuple](https://epsft-jenkins.cern.ch/job/root-pullrequests-build/77053/testReport/projectroot.tree.ntuple.v7/test/gtest_tree__v7_test_ntuple/); - [projectroot.runtutorials.tutorial_dataframe_df005_fillAnyObject](https://epsft-jenkins.cern.ch/job/root-pullrequests-build/77053/testReport/projectroot/runtutorials/tutorial_dataframe_df005_fillAnyObject/); - [projectroot.runtutorials.tutorial_dataframe_df015_LazyDataSource](https://epsft-jenkins.cern.ch/job/root-pullrequests-build/77053/testReport/projectroot/runtutorials/tutorial_dataframe_df015_LazyDataSource/); - [projectroot.runtutorials.tutorial_dataframe_df010_trivialDataSource](https://epsft-jenkins.cern.ch/job/root-pullrequests-build/77053/testReport,MatchSource.ISSUE_COMMENT,root-project,root,v6-32-06,https://github.com/root-project/root/pull/4016#issuecomment-581347501:158,Test,Test,158,https://root.cern,https://github.com/root-project/root/pull/4016#issuecomment-581347501,7,"['Test', 'test']","['Test', 'test', 'testReport', 'tests']"
Testability,Build failed on ROOT-fedora30/cxx14.; [See console output](https://epsft-jenkins.cern.ch/job/root-pullrequests-build/77173/console).; ### Errors:; - 417/1951 Test #301: tutorial-dataframe-df015_LazyDataSource ...........................................................***Failed Error regular expression found in output. Regex=[: error:] 0.97 sec ; - 835/1951 Test #726: tutorial-roostats-StandardFrequentistDiscovery ....................................................***Failed Error regular expression found in output. Regex=[: error:] 15.33 sec ; - 960/1951 Test #863: tutorial-v7-concurrentfill.cxx ....................................................................***Failed Error regular expression found in output. Regex=[: error:] 1.26 sec . ### Failing tests:; - [projectroot.tree.dataframe.test.gtest_tree_dataframe_test_dataframe_histomodels](https://epsft-jenkins.cern.ch/job/root-pullrequests-build/77173/testReport/projectroot.tree.dataframe/test/gtest_tree_dataframe_test_dataframe_histomodels/); - [projectroot.tree.ntuple.v7.test.gtest_tree_ntuple_v7_test_ntuple_raw](https://epsft-jenkins.cern.ch/job/root-pullrequests-build/77173/testReport/projectroot.tree.ntuple.v7/test/gtest_tree_ntuple_v7_test_ntuple_raw/); - [projectroot.tree.ntuple.v7.test.gtest_tree__v7_test_ntuple](https://epsft-jenkins.cern.ch/job/root-pullrequests-build/77173/testReport/projectroot.tree.ntuple.v7/test/gtest_tree__v7_test_ntuple/); - [projectroot.runtutorials.tutorial_dataframe_df005_fillAnyObject](https://epsft-jenkins.cern.ch/job/root-pullrequests-build/77173/testReport/projectroot/runtutorials/tutorial_dataframe_df005_fillAnyObject/); - [projectroot.runtutorials.tutorial_dataframe_df015_LazyDataSource](https://epsft-jenkins.cern.ch/job/root-pullrequests-build/77173/testReport/projectroot/runtutorials/tutorial_dataframe_df015_LazyDataSource/); - [projectroot.runtutorials.tutorial_dataframe_df010_trivialDataSource](https://epsft-jenkins.cern.ch/job/root-pullrequests-build/77173/testReport,MatchSource.ISSUE_COMMENT,root-project,root,v6-32-06,https://github.com/root-project/root/pull/4016#issuecomment-581594948:158,Test,Test,158,https://root.cern,https://github.com/root-project/root/pull/4016#issuecomment-581594948,7,"['Test', 'test']","['Test', 'test', 'testReport', 'tests']"
Testability,Build failed on ROOT-fedora30/cxx14.; [See console output](https://epsft-jenkins.cern.ch/job/root-pullrequests-build/77518/console).; ### Failing tests:; - [projectroot.tree.dataframe.test.pyunittests_dataframe_misc](https://epsft-jenkins.cern.ch/job/root-pullrequests-build/77518/testReport/projectroot.tree.dataframe/test/pyunittests_dataframe_misc/); - [projectroot.tree.dataframe.test.pyunittests_dataframe_histograms](https://epsft-jenkins.cern.ch/job/root-pullrequests-build/77518/testReport/projectroot.tree.dataframe/test/pyunittests_dataframe_histograms/); - [projectroot.tree.dataframe.test.pyunittests_dataframe_cache](https://epsft-jenkins.cern.ch/job/root-pullrequests-build/77518/testReport/projectroot.tree.dataframe/test/pyunittests_dataframe_cache/); - [projectroot.roottest.cling.functionTemplate.roottest_cling_functionTemplate_testcint](https://epsft-jenkins.cern.ch/job/root-pullrequests-build/77518/testReport/projectroot.roottest.cling/functionTemplate/roottest_cling_functionTemplate_testcint/); - [projectroot.roottest.root.meta.tclass.regression.roottest_root_meta_tclass_regression_execNormalizationInfPy](https://epsft-jenkins.cern.ch/job/root-pullrequests-build/77518/testReport/projectroot.roottest.root.meta.tclass/regression/roottest_root_meta_tclass_regression_execNormalizationInfPy/); - [projectroot.roottest.root.roofitstats.roottest_root_roofitstats_read_scientificnotation](https://epsft-jenkins.cern.ch/job/root-pullrequests-build/77518/testReport/projectroot.roottest.root/roofitstats/roottest_root_roofitstats_read_scientificnotation/); - [projectroot.roottest.root.meta.enumPayloadManipulation.roottest_root_meta_enumPayloadManipulation_checkEnumFwdDecl](https://epsft-jenkins.cern.ch/job/root-pullrequests-build/77518/testReport/projectroot.roottest.root.meta/enumPayloadManipulation/roottest_root_meta_enumPayloadManipulation_checkEnumFwdDecl/),MatchSource.ISSUE_COMMENT,root-project,root,v6-32-06,https://github.com/root-project/root/pull/4945#issuecomment-582889184:146,test,tests,146,https://root.cern,https://github.com/root-project/root/pull/4945#issuecomment-582889184,14,['test'],"['test', 'testReport', 'tests']"
Testability,Build failed on ROOT-fedora30/cxx14.; [See console output](https://epsft-jenkins.cern.ch/job/root-pullrequests-build/77559/console).; ### Failing tests:; - [projectroot.tree.dataframe.test.pyunittests_dataframe_misc](https://epsft-jenkins.cern.ch/job/root-pullrequests-build/77559/testReport/projectroot.tree.dataframe/test/pyunittests_dataframe_misc/); - [projectroot.tree.dataframe.test.pyunittests_dataframe_histograms](https://epsft-jenkins.cern.ch/job/root-pullrequests-build/77559/testReport/projectroot.tree.dataframe/test/pyunittests_dataframe_histograms/); - [projectroot.tree.dataframe.test.pyunittests_dataframe_cache](https://epsft-jenkins.cern.ch/job/root-pullrequests-build/77559/testReport/projectroot.tree.dataframe/test/pyunittests_dataframe_cache/); - [projectroot.roottest.cling.functionTemplate.roottest_cling_functionTemplate_testcint](https://epsft-jenkins.cern.ch/job/root-pullrequests-build/77559/testReport/projectroot.roottest.cling/functionTemplate/roottest_cling_functionTemplate_testcint/); - [projectroot.roottest.root.meta.tclass.regression.roottest_root_meta_tclass_regression_execNormalizationInfPy](https://epsft-jenkins.cern.ch/job/root-pullrequests-build/77559/testReport/projectroot.roottest.root.meta.tclass/regression/roottest_root_meta_tclass_regression_execNormalizationInfPy/); - [projectroot.roottest.root.roofitstats.roottest_root_roofitstats_read_scientificnotation](https://epsft-jenkins.cern.ch/job/root-pullrequests-build/77559/testReport/projectroot.roottest.root/roofitstats/roottest_root_roofitstats_read_scientificnotation/); - [projectroot.roottest.root.meta.enumPayloadManipulation.roottest_root_meta_enumPayloadManipulation_checkEnumFwdDecl](https://epsft-jenkins.cern.ch/job/root-pullrequests-build/77559/testReport/projectroot.roottest.root.meta/enumPayloadManipulation/roottest_root_meta_enumPayloadManipulation_checkEnumFwdDecl/),MatchSource.ISSUE_COMMENT,root-project,root,v6-32-06,https://github.com/root-project/root/pull/4945#issuecomment-582916212:146,test,tests,146,https://root.cern,https://github.com/root-project/root/pull/4945#issuecomment-582916212,14,['test'],"['test', 'testReport', 'tests']"
Testability,Build failed on ROOT-fedora30/cxx14.; [See console output](https://epsft-jenkins.cern.ch/job/root-pullrequests-build/77591/console).; ### Failing tests:; - [projectroot.tree.dataframe.test.pyunittests_dataframe_misc](https://epsft-jenkins.cern.ch/job/root-pullrequests-build/77591/testReport/projectroot.tree.dataframe/test/pyunittests_dataframe_misc/); - [projectroot.tree.dataframe.test.pyunittests_dataframe_histograms](https://epsft-jenkins.cern.ch/job/root-pullrequests-build/77591/testReport/projectroot.tree.dataframe/test/pyunittests_dataframe_histograms/); - [projectroot.tree.dataframe.test.pyunittests_dataframe_cache](https://epsft-jenkins.cern.ch/job/root-pullrequests-build/77591/testReport/projectroot.tree.dataframe/test/pyunittests_dataframe_cache/); - [projectroot.roottest.cling.functionTemplate.roottest_cling_functionTemplate_testcint](https://epsft-jenkins.cern.ch/job/root-pullrequests-build/77591/testReport/projectroot.roottest.cling/functionTemplate/roottest_cling_functionTemplate_testcint/); - [projectroot.roottest.root.meta.tclass.regression.roottest_root_meta_tclass_regression_execNormalizationInfPy](https://epsft-jenkins.cern.ch/job/root-pullrequests-build/77591/testReport/projectroot.roottest.root.meta.tclass/regression/roottest_root_meta_tclass_regression_execNormalizationInfPy/); - [projectroot.roottest.root.roofitstats.roottest_root_roofitstats_read_scientificnotation](https://epsft-jenkins.cern.ch/job/root-pullrequests-build/77591/testReport/projectroot.roottest.root/roofitstats/roottest_root_roofitstats_read_scientificnotation/); - [projectroot.roottest.root.meta.enumPayloadManipulation.roottest_root_meta_enumPayloadManipulation_checkEnumFwdDecl](https://epsft-jenkins.cern.ch/job/root-pullrequests-build/77591/testReport/projectroot.roottest.root.meta/enumPayloadManipulation/roottest_root_meta_enumPayloadManipulation_checkEnumFwdDecl/),MatchSource.ISSUE_COMMENT,root-project,root,v6-32-06,https://github.com/root-project/root/pull/4945#issuecomment-582968782:146,test,tests,146,https://root.cern,https://github.com/root-project/root/pull/4945#issuecomment-582968782,14,['test'],"['test', 'testReport', 'tests']"
Testability,Build failed on ROOT-fedora30/cxx14.; [See console output](https://epsft-jenkins.cern.ch/job/root-pullrequests-build/77623/console).; ### Failing tests:; - [projectroot.tree.dataframe.test.pyunittests_dataframe_misc](https://epsft-jenkins.cern.ch/job/root-pullrequests-build/77623/testReport/projectroot.tree.dataframe/test/pyunittests_dataframe_misc/); - [projectroot.tree.dataframe.test.pyunittests_dataframe_histograms](https://epsft-jenkins.cern.ch/job/root-pullrequests-build/77623/testReport/projectroot.tree.dataframe/test/pyunittests_dataframe_histograms/); - [projectroot.tree.dataframe.test.pyunittests_dataframe_cache](https://epsft-jenkins.cern.ch/job/root-pullrequests-build/77623/testReport/projectroot.tree.dataframe/test/pyunittests_dataframe_cache/); - [projectroot.roottest.cling.functionTemplate.roottest_cling_functionTemplate_testcint](https://epsft-jenkins.cern.ch/job/root-pullrequests-build/77623/testReport/projectroot.roottest.cling/functionTemplate/roottest_cling_functionTemplate_testcint/); - [projectroot.roottest.root.meta.tclass.regression.roottest_root_meta_tclass_regression_execNormalizationInfPy](https://epsft-jenkins.cern.ch/job/root-pullrequests-build/77623/testReport/projectroot.roottest.root.meta.tclass/regression/roottest_root_meta_tclass_regression_execNormalizationInfPy/); - [projectroot.roottest.root.roofitstats.roottest_root_roofitstats_read_scientificnotation](https://epsft-jenkins.cern.ch/job/root-pullrequests-build/77623/testReport/projectroot.roottest.root/roofitstats/roottest_root_roofitstats_read_scientificnotation/); - [projectroot.roottest.root.meta.enumPayloadManipulation.roottest_root_meta_enumPayloadManipulation_checkEnumFwdDecl](https://epsft-jenkins.cern.ch/job/root-pullrequests-build/77623/testReport/projectroot.roottest.root.meta/enumPayloadManipulation/roottest_root_meta_enumPayloadManipulation_checkEnumFwdDecl/),MatchSource.ISSUE_COMMENT,root-project,root,v6-32-06,https://github.com/root-project/root/pull/4945#issuecomment-582998955:146,test,tests,146,https://root.cern,https://github.com/root-project/root/pull/4945#issuecomment-582998955,14,['test'],"['test', 'testReport', 'tests']"
Testability,Build failed on ROOT-fedora30/cxx14.; [See console output](https://epsft-jenkins.cern.ch/job/root-pullrequests-build/77671/console).; ### Failing tests:; - [projectroot.bindings.pyroot_experimental.pythonizations.test.pyunittests_pyroot_root_module](https://epsft-jenkins.cern.ch/job/root-pullrequests-build/77671/testReport/projectroot.bindings.pyroot_experimental.pythonizations/test/pyunittests_pyroot_root_module/); - [projectroot.bindings.pyroot_experimental.pythonizations.test.pyunittests_pyroot_pyz_pretty_printing](https://epsft-jenkins.cern.ch/job/root-pullrequests-build/77671/testReport/projectroot.bindings.pyroot_experimental.pythonizations/test/pyunittests_pyroot_pyz_pretty_printing/); - [projectroot.bindings.pyroot_experimental.pythonizations.test.pyunittests_pyroot_pyz_array_interface](https://epsft-jenkins.cern.ch/job/root-pullrequests-build/77671/testReport/projectroot.bindings.pyroot_experimental.pythonizations/test/pyunittests_pyroot_pyz_array_interface/); - [projectroot.bindings.pyroot_experimental.pythonizations.test.pyunittests_pyroot_pyz_tobject_contains](https://epsft-jenkins.cern.ch/job/root-pullrequests-build/77671/testReport/projectroot.bindings.pyroot_experimental.pythonizations/test/pyunittests_pyroot_pyz_tobject_contains/); - [projectroot.bindings.pyroot_experimental.pythonizations.test.pyunittests_pyroot_pyz_tobject_comparisonops](https://epsft-jenkins.cern.ch/job/root-pullrequests-build/77671/testReport/projectroot.bindings.pyroot_experimental.pythonizations/test/pyunittests_pyroot_pyz_tobject_comparisonops/); - [projectroot.bindings.pyroot_experimental.pythonizations.test.pyunittests_pyroot_pyz_tclass_dynamiccast](https://epsft-jenkins.cern.ch/job/root-pullrequests-build/77671/testReport/projectroot.bindings.pyroot_experimental.pythonizations/test/pyunittests_pyroot_pyz_tclass_dynamiccast/); - [projectroot.bindings.pyroot_experimental.pythonizations.test.pyunittests_pyroot_pyz_tdirectoryfile_attrsyntax_get](https://epsft-jenkins.cern.ch/job,MatchSource.ISSUE_COMMENT,root-project,root,v6-32-06,https://github.com/root-project/root/pull/4945#issuecomment-583324937:146,test,tests,146,https://root.cern,https://github.com/root-project/root/pull/4945#issuecomment-583324937,10,['test'],"['test', 'testReport', 'tests']"
Testability,Build failed on ROOT-fedora30/cxx14.; [See console output](https://epsft-jenkins.cern.ch/job/root-pullrequests-build/77743/console).; ### Failing tests:; - [projectroot.bindings.pyroot_experimental.pythonizations.test.pyunittests_pyroot_root_module](https://epsft-jenkins.cern.ch/job/root-pullrequests-build/77743/testReport/projectroot.bindings.pyroot_experimental.pythonizations/test/pyunittests_pyroot_root_module/); - [projectroot.bindings.pyroot_experimental.pythonizations.test.pyunittests_pyroot_pyz_pretty_printing](https://epsft-jenkins.cern.ch/job/root-pullrequests-build/77743/testReport/projectroot.bindings.pyroot_experimental.pythonizations/test/pyunittests_pyroot_pyz_pretty_printing/); - [projectroot.bindings.pyroot_experimental.pythonizations.test.pyunittests_pyroot_pyz_array_interface](https://epsft-jenkins.cern.ch/job/root-pullrequests-build/77743/testReport/projectroot.bindings.pyroot_experimental.pythonizations/test/pyunittests_pyroot_pyz_array_interface/); - [projectroot.bindings.pyroot_experimental.pythonizations.test.pyunittests_pyroot_pyz_tobject_contains](https://epsft-jenkins.cern.ch/job/root-pullrequests-build/77743/testReport/projectroot.bindings.pyroot_experimental.pythonizations/test/pyunittests_pyroot_pyz_tobject_contains/); - [projectroot.bindings.pyroot_experimental.pythonizations.test.pyunittests_pyroot_pyz_tobject_comparisonops](https://epsft-jenkins.cern.ch/job/root-pullrequests-build/77743/testReport/projectroot.bindings.pyroot_experimental.pythonizations/test/pyunittests_pyroot_pyz_tobject_comparisonops/); - [projectroot.bindings.pyroot_experimental.pythonizations.test.pyunittests_pyroot_pyz_tclass_dynamiccast](https://epsft-jenkins.cern.ch/job/root-pullrequests-build/77743/testReport/projectroot.bindings.pyroot_experimental.pythonizations/test/pyunittests_pyroot_pyz_tclass_dynamiccast/); - [projectroot.bindings.pyroot_experimental.pythonizations.test.pyunittests_pyroot_pyz_tdirectory_attrsyntax](https://epsft-jenkins.cern.ch/job/root-pu,MatchSource.ISSUE_COMMENT,root-project,root,v6-32-06,https://github.com/root-project/root/pull/4945#issuecomment-583386481:146,test,tests,146,https://root.cern,https://github.com/root-project/root/pull/4945#issuecomment-583386481,10,['test'],"['test', 'testReport', 'tests']"
Testability,Build failed on ROOT-fedora30/cxx14.; [See console output](https://epsft-jenkins.cern.ch/job/root-pullrequests-build/77879/console).; ### Errors:; - 419/1953 Test #303: tutorial-dataframe-df015_LazyDataSource ...........................................................***Failed Error regular expression found in output. Regex=[: error:] 1.09 sec ; - 837/1953 Test #728: tutorial-roostats-StandardFrequentistDiscovery ....................................................***Failed Error regular expression found in output. Regex=[: error:] 15.97 sec ; - 962/1953 Test #865: tutorial-v7-concurrentfill.cxx ....................................................................***Failed Error regular expression found in output. Regex=[: error:] 1.27 sec . ### Failing tests:; - [projectroot.tree.dataframe.test.gtest_tree_dataframe_test_dataframe_histomodels](https://epsft-jenkins.cern.ch/job/root-pullrequests-build/77879/testReport/projectroot.tree.dataframe/test/gtest_tree_dataframe_test_dataframe_histomodels/); - [projectroot.runtutorials.tutorial_dataframe_df005_fillAnyObject](https://epsft-jenkins.cern.ch/job/root-pullrequests-build/77879/testReport/projectroot/runtutorials/tutorial_dataframe_df005_fillAnyObject/); - [projectroot.runtutorials.tutorial_dataframe_df015_LazyDataSource](https://epsft-jenkins.cern.ch/job/root-pullrequests-build/77879/testReport/projectroot/runtutorials/tutorial_dataframe_df015_LazyDataSource/); - [projectroot.runtutorials.tutorial_dataframe_df010_trivialDataSource](https://epsft-jenkins.cern.ch/job/root-pullrequests-build/77879/testReport/projectroot/runtutorials/tutorial_dataframe_df010_trivialDataSource/); - [projectroot.tree.ntuple.v7.test.gtest_tree__v7_test_ntuple](https://epsft-jenkins.cern.ch/job/root-pullrequests-build/77879/testReport/projectroot.tree.ntuple.v7/test/gtest_tree__v7_test_ntuple/); - [projectroot.runtutorials.tutorial_dataframe_df027_SQliteDependencyOverVersion](https://epsft-jenkins.cern.ch/job/root-pullrequests-build/77879/te,MatchSource.ISSUE_COMMENT,root-project,root,v6-32-06,https://github.com/root-project/root/pull/4016#issuecomment-584608085:158,Test,Test,158,https://root.cern,https://github.com/root-project/root/pull/4016#issuecomment-584608085,7,"['Test', 'test']","['Test', 'test', 'testReport', 'tests']"
Testability,"Build failed on ROOT-fedora30/cxx14.; [See console output](https://epsft-jenkins.cern.ch/job/root-pullrequests-build/77967/console).; ### Errors:; - FAILED: tree/dataframe/test/CMakeFiles/dataframe_simple.dir/dataframe_simple.cxx.o ; - /build/workspace/root-pullrequests-build/root/tree/dataframe/test/dataframe_simple.cxx:939:114: error: no matching function for call to ‘ROOT::RDF::RInterface&lt;ROOT::Detail::RDF::RLoopManager, void&gt;::Snapshot&lt;int, int&gt;(const char* const&, const char* const&, &lt;brace-enclosed initializer list&gt;, &lt;brace-enclosed initializer list&gt;)’ ; - /build/workspace/root-pullrequests-build/root/tree/dataframe/test/dataframe_simple.cxx:974:85: error: no matching function for call to ‘ROOT::RDF::RInterface&lt;ROOT::Detail::RDF::RLoopManager, void&gt;::Snapshot&lt;int&gt;(const char [2], const char*&, &lt;brace-enclosed initializer list&gt;, &lt;brace-enclosed initializer list&gt;)’ ; - FAILED: tree/dataframe/test/CMakeFiles/dataframe_snapshot.dir/dataframe_snapshot.cxx.o ; - /build/workspace/root-pullrequests-build/root/tree/dataframe/test/dataframe_snapshot.cxx:602:68: error: could not convert ‘{""RECREATE"", ROOT::kZLIB, 0, 0, 99, true}’ from ‘&lt;brace-enclosed initializer list&gt;’ to ‘ROOT::RDF::RSnapshotOptions’",MatchSource.ISSUE_COMMENT,root-project,root,v6-32-06,https://github.com/root-project/root/pull/4965#issuecomment-585096834:172,test,test,172,https://root.cern,https://github.com/root-project/root/pull/4965#issuecomment-585096834,5,['test'],['test']
Testability,Build failed on ROOT-fedora30/cxx14.; [See console output](https://epsft-jenkins.cern.ch/job/root-pullrequests-build/78192/console).; ### Failing tests:; - [projectroot.roottest.root.meta.ROOT-7181.roottest_root_meta_ROOT_7181_make](https://epsft-jenkins.cern.ch/job/root-pullrequests-build/78192/testReport/projectroot.roottest.root.meta/ROOT-7181/roottest_root_meta_ROOT_7181_make/); - [projectroot.roottest.root.meta.cmsUnload.roottest_root_meta_cmsUnload_make](https://epsft-jenkins.cern.ch/job/root-pullrequests-build/78192/testReport/projectroot.roottest.root.meta/cmsUnload/roottest_root_meta_cmsUnload_make/); - [projectroot.roottest.root.multicore.roottest_root_multicore_exectsinclude](https://epsft-jenkins.cern.ch/job/root-pullrequests-build/78192/testReport/projectroot.roottest.root/multicore/roottest_root_multicore_exectsinclude/),MatchSource.ISSUE_COMMENT,root-project,root,v6-32-06,https://github.com/root-project/root/pull/4987#issuecomment-586048350:146,test,tests,146,https://root.cern,https://github.com/root-project/root/pull/4987#issuecomment-586048350,4,['test'],"['testReport', 'tests']"
Testability,Build failed on ROOT-fedora30/cxx14.; [See console output](https://epsft-jenkins.cern.ch/job/root-pullrequests-build/78336/console).; ### Failing tests:; - [projectroot.roottest.root.io.newClassDef.roottest_root_io_newClassDef_make](https://epsft-jenkins.cern.ch/job/root-pullrequests-build/78336/testReport/projectroot.roottest.root.io/newClassDef/roottest_root_io_newClassDef_make/),MatchSource.ISSUE_COMMENT,root-project,root,v6-32-06,https://github.com/root-project/root/pull/4987#issuecomment-586285248:146,test,tests,146,https://root.cern,https://github.com/root-project/root/pull/4987#issuecomment-586285248,2,['test'],"['testReport', 'tests']"
Testability,Build failed on ROOT-fedora30/cxx14.; [See console output](https://epsft-jenkins.cern.ch/job/root-pullrequests-build/78432/console).; ### Errors:; - 420/1953 Test #303: tutorial-dataframe-df015_LazyDataSource ...........................................................***Failed Error regular expression found in output. Regex=[: error:] 1.00 sec ; - 962/1953 Test #865: tutorial-v7-concurrentfill.cxx ....................................................................***Failed Error regular expression found in output. Regex=[: error:] 1.21 sec . ### Failing tests:; - [projectroot.tree.dataframe.test.gtest_tree_dataframe_test_dataframe_histomodels](https://epsft-jenkins.cern.ch/job/root-pullrequests-build/78432/testReport/projectroot.tree.dataframe/test/gtest_tree_dataframe_test_dataframe_histomodels/); - [projectroot.runtutorials.tutorial_dataframe_df005_fillAnyObject](https://epsft-jenkins.cern.ch/job/root-pullrequests-build/78432/testReport/projectroot/runtutorials/tutorial_dataframe_df005_fillAnyObject/); - [projectroot.tree.ntuple.v7.test.gtest_tree__v7_test_ntuple](https://epsft-jenkins.cern.ch/job/root-pullrequests-build/78432/testReport/projectroot.tree.ntuple.v7/test/gtest_tree__v7_test_ntuple/); - [projectroot.runtutorials.tutorial_dataframe_df015_LazyDataSource](https://epsft-jenkins.cern.ch/job/root-pullrequests-build/78432/testReport/projectroot/runtutorials/tutorial_dataframe_df015_LazyDataSource/); - [projectroot.runtutorials.tutorial_dataframe_df010_trivialDataSource](https://epsft-jenkins.cern.ch/job/root-pullrequests-build/78432/testReport/projectroot/runtutorials/tutorial_dataframe_df010_trivialDataSource/); - [projectroot.runtutorials.tutorial_dataframe_df027_SQliteDependencyOverVersion](https://epsft-jenkins.cern.ch/job/root-pullrequests-build/78432/testReport/projectroot/runtutorials/tutorial_dataframe_df027_SQliteDependencyOverVersion/); - [projectroot.runtutorials.tutorial_tmva_tmva103_Application](https://epsft-jenkins.cern.ch/job/root-pullreques,MatchSource.ISSUE_COMMENT,root-project,root,v6-32-06,https://github.com/root-project/root/pull/4016#issuecomment-586346610:158,Test,Test,158,https://root.cern,https://github.com/root-project/root/pull/4016#issuecomment-586346610,7,"['Test', 'test']","['Test', 'test', 'testReport', 'tests']"
Testability,Build failed on ROOT-fedora30/cxx14.; [See console output](https://epsft-jenkins.cern.ch/job/root-pullrequests-build/78456/console).; ### Failing tests:; - [projectroot.roofit.roofit.test.gtest_roofit_roofit_test_testRooJohnson](https://epsft-jenkins.cern.ch/job/root-pullrequests-build/78456/testReport/projectroot.roofit.roofit/test/gtest_roofit_roofit_test_testRooJohnson/); - [projectroot.test.test_stressroofit_interpreted](https://epsft-jenkins.cern.ch/job/root-pullrequests-build/78456/testReport/projectroot/test/test_stressroofit_interpreted/); - [projectroot.test.test_stressHistFactory_interpreted](https://epsft-jenkins.cern.ch/job/root-pullrequests-build/78456/testReport/projectroot/test/test_stressHistFactory_interpreted/); - [projectroot.test.test_stressroostats_interpreted](https://epsft-jenkins.cern.ch/job/root-pullrequests-build/78456/testReport/projectroot/test/test_stressroostats_interpreted/),MatchSource.ISSUE_COMMENT,root-project,root,v6-32-06,https://github.com/root-project/root/pull/5003#issuecomment-586361648:146,test,tests,146,https://root.cern,https://github.com/root-project/root/pull/5003#issuecomment-586361648,13,['test'],"['test', 'testReport', 'tests']"
Testability,Build failed on ROOT-fedora30/cxx14.; [See console output](https://epsft-jenkins.cern.ch/job/root-pullrequests-build/78616/console).; ### Failing tests:; - [projectroot.roottest.root.tree.fastcloning.roottest_root_tree_fastcloning_runoutoforder_datageneration](https://epsft-jenkins.cern.ch/job/root-pullrequests-build/78616/testReport/projectroot.roottest.root.tree/fastcloning/roottest_root_tree_fastcloning_runoutoforder_datageneration/); - [projectroot.roottest.root.tree.fastcloning.roottest_root_tree_fastcloning_make_CloneTree](https://epsft-jenkins.cern.ch/job/root-pullrequests-build/78616/testReport/projectroot.roottest.root.tree/fastcloning/roottest_root_tree_fastcloning_make_CloneTree/); - [projectroot.io.io.test.gtest_io_io_test_TBufferMerger](https://epsft-jenkins.cern.ch/job/root-pullrequests-build/78616/testReport/projectroot.io.io/test/gtest_io_io_test_TBufferMerger/); - [projectroot.io.io.test.gtest_io_io_test_TFileMerger](https://epsft-jenkins.cern.ch/job/root-pullrequests-build/78616/testReport/projectroot.io.io/test/gtest_io_io_test_TFileMerger/); - [projectroot.test.test_stressIOPlugins_xroot](https://epsft-jenkins.cern.ch/job/root-pullrequests-build/78616/testReport/projectroot/test/test_stressIOPlugins_xroot/); - [projectroot.test.test_stressIOPlugins_http](https://epsft-jenkins.cern.ch/job/root-pullrequests-build/78616/testReport/projectroot/test/test_stressIOPlugins_http/); - [projectroot.roottest.root.io.emulated.roottest_root_io_emulated_make](https://epsft-jenkins.cern.ch/job/root-pullrequests-build/78616/testReport/projectroot.roottest.root.io/emulated/roottest_root_io_emulated_make/); - [projectroot.roottest.root.io.filemerger.roottest_root_io_filemerger_simple_zlib_compr_level1](https://epsft-jenkins.cern.ch/job/root-pullrequests-build/78616/testReport/projectroot.roottest.root.io/filemerger/roottest_root_io_filemerger_simple_zlib_compr_level1/); - [projectroot.roottest.root.io.filemerger.roottest_root_io_filemerger_simple_lz4_compr_level1](h,MatchSource.ISSUE_COMMENT,root-project,root,v6-32-06,https://github.com/root-project/root/pull/5012#issuecomment-586626864:146,test,tests,146,https://root.cern,https://github.com/root-project/root/pull/5012#issuecomment-586626864,7,['test'],"['test', 'testReport', 'tests']"
Testability,Build failed on ROOT-fedora30/cxx14.; [See console output](https://epsft-jenkins.cern.ch/job/root-pullrequests-build/78624/console).; ### Failing tests:; - [projectroot.tree.dataframe.test.gtest_tree_dataframe_test_dataframe_regression](https://epsft-jenkins.cern.ch/job/root-pullrequests-build/78624/testReport/projectroot.tree.dataframe/test/gtest_tree_dataframe_test_dataframe_regression/); - [projectroot.tree.dataframe.test.gtest_tree_dataframe_test_dataframe_snapshot](https://epsft-jenkins.cern.ch/job/root-pullrequests-build/78624/testReport/projectroot.tree.dataframe/test/gtest_tree_dataframe_test_dataframe_snapshot/); - [projectroot.tree.dataframe.test.gtest_tree_dataframe_test_dataframe_simple](https://epsft-jenkins.cern.ch/job/root-pullrequests-build/78624/testReport/projectroot.tree.dataframe/test/gtest_tree_dataframe_test_dataframe_simple/); - [projectroot.roottest.root.dataframe.roottest_root_dataframe_test_snapshotNFiles](https://epsft-jenkins.cern.ch/job/root-pullrequests-build/78624/testReport/projectroot.roottest.root/dataframe/roottest_root_dataframe_test_snapshotNFiles/); - [projectroot.roottest.root.dataframe.roottest_root_dataframe_test_snapshot](https://epsft-jenkins.cern.ch/job/root-pullrequests-build/78624/testReport/projectroot.roottest.root/dataframe/roottest_root_dataframe_test_snapshot/); - [projectroot.roottest.root.dataframe.roottest_root_dataframe_test_gdirectoryRestore](https://epsft-jenkins.cern.ch/job/root-pullrequests-build/78624/testReport/projectroot.roottest.root/dataframe/roottest_root_dataframe_test_gdirectoryRestore/); - [projectroot.roottest.root.dataframe.roottest_root_dataframe_test_snapshot_manytasks](https://epsft-jenkins.cern.ch/job/root-pullrequests-build/78624/testReport/projectroot.roottest.root/dataframe/roottest_root_dataframe_test_snapshot_manytasks/); - [projectroot.roottest.root.tree.fastcloning.roottest_root_tree_fastcloning_runoutoforder_datageneration](https://epsft-jenkins.cern.ch/job/root-pullrequests-build/7862,MatchSource.ISSUE_COMMENT,root-project,root,v6-32-06,https://github.com/root-project/root/pull/5013#issuecomment-586623766:146,test,tests,146,https://root.cern,https://github.com/root-project/root/pull/5013#issuecomment-586623766,10,['test'],"['test', 'testReport', 'tests']"
Testability,Build failed on ROOT-fedora30/cxx14.; [See console output](https://epsft-jenkins.cern.ch/job/root-pullrequests-build/78635/console).; ### Failing tests:; - [projectroot.roottest.root.tree.fastcloning.roottest_root_tree_fastcloning_runoutoforder_datageneration](https://epsft-jenkins.cern.ch/job/root-pullrequests-build/78635/testReport/projectroot.roottest.root.tree/fastcloning/roottest_root_tree_fastcloning_runoutoforder_datageneration/); - [projectroot.roottest.root.tree.fastcloning.roottest_root_tree_fastcloning_make_CloneTree](https://epsft-jenkins.cern.ch/job/root-pullrequests-build/78635/testReport/projectroot.roottest.root.tree/fastcloning/roottest_root_tree_fastcloning_make_CloneTree/); - [projectroot.io.io.test.gtest_io_io_test_TBufferMerger](https://epsft-jenkins.cern.ch/job/root-pullrequests-build/78635/testReport/projectroot.io.io/test/gtest_io_io_test_TBufferMerger/); - [projectroot.io.io.test.gtest_io_io_test_TFileMerger](https://epsft-jenkins.cern.ch/job/root-pullrequests-build/78635/testReport/projectroot.io.io/test/gtest_io_io_test_TFileMerger/); - [projectroot.roottest.root.io.filemerger.roottest_root_io_filemerger_simple_zlib_compr_level1](https://epsft-jenkins.cern.ch/job/root-pullrequests-build/78635/testReport/projectroot.roottest.root.io/filemerger/roottest_root_io_filemerger_simple_zlib_compr_level1/); - [projectroot.roottest.root.io.filemerger.roottest_root_io_filemerger_simple_lz4_compr_level1](https://epsft-jenkins.cern.ch/job/root-pullrequests-build/78635/testReport/projectroot.roottest.root.io/filemerger/roottest_root_io_filemerger_simple_lz4_compr_level1/); - [projectroot.roottest.root.meta.evolution.roottest_root_meta_evolution_baseClass_merge1](https://epsft-jenkins.cern.ch/job/root-pullrequests-build/78635/testReport/projectroot.roottest.root.meta/evolution/roottest_root_meta_evolution_baseClass_merge1/); - [projectroot.roottest.root.meta.evolution.roottest_root_meta_evolution_baseClass_merge2](https://epsft-jenkins.cern.ch/job/root-pul,MatchSource.ISSUE_COMMENT,root-project,root,v6-32-06,https://github.com/root-project/root/pull/5012#issuecomment-586721443:146,test,tests,146,https://root.cern,https://github.com/root-project/root/pull/5012#issuecomment-586721443,7,['test'],"['test', 'testReport', 'tests']"
Testability,Build failed on ROOT-fedora30/cxx14.; [See console output](https://epsft-jenkins.cern.ch/job/root-pullrequests-build/78636/console).; ### Failing tests:; - [projectroot.roottest.root.tree.fastcloning.roottest_root_tree_fastcloning_runoutoforder_datageneration](https://epsft-jenkins.cern.ch/job/root-pullrequests-build/78636/testReport/projectroot.roottest.root.tree/fastcloning/roottest_root_tree_fastcloning_runoutoforder_datageneration/); - [projectroot.roottest.root.tree.fastcloning.roottest_root_tree_fastcloning_make_CloneTree](https://epsft-jenkins.cern.ch/job/root-pullrequests-build/78636/testReport/projectroot.roottest.root.tree/fastcloning/roottest_root_tree_fastcloning_make_CloneTree/); - [projectroot.io.io.test.gtest_io_io_test_TBufferMerger](https://epsft-jenkins.cern.ch/job/root-pullrequests-build/78636/testReport/projectroot.io.io/test/gtest_io_io_test_TBufferMerger/); - [projectroot.io.io.test.gtest_io_io_test_TFileMerger](https://epsft-jenkins.cern.ch/job/root-pullrequests-build/78636/testReport/projectroot.io.io/test/gtest_io_io_test_TFileMerger/); - [projectroot.tree.dataframe.test.gtest_tree_dataframe_test_dataframe_regression](https://epsft-jenkins.cern.ch/job/root-pullrequests-build/78636/testReport/projectroot.tree.dataframe/test/gtest_tree_dataframe_test_dataframe_regression/); - [projectroot.tree.dataframe.test.gtest_tree_dataframe_test_dataframe_snapshot](https://epsft-jenkins.cern.ch/job/root-pullrequests-build/78636/testReport/projectroot.tree.dataframe/test/gtest_tree_dataframe_test_dataframe_snapshot/); - [projectroot.tree.dataframe.test.gtest_tree_dataframe_test_dataframe_simple](https://epsft-jenkins.cern.ch/job/root-pullrequests-build/78636/testReport/projectroot.tree.dataframe/test/gtest_tree_dataframe_test_dataframe_simple/); - [projectroot.roottest.root.dataframe.roottest_root_dataframe_test_snapshotNFiles](https://epsft-jenkins.cern.ch/job/root-pullrequests-build/78636/testReport/projectroot.roottest.root/dataframe/roottest_root_datafr,MatchSource.ISSUE_COMMENT,root-project,root,v6-32-06,https://github.com/root-project/root/pull/5013#issuecomment-586715741:146,test,tests,146,https://root.cern,https://github.com/root-project/root/pull/5013#issuecomment-586715741,7,['test'],"['test', 'testReport', 'tests']"
Testability,Build failed on ROOT-fedora30/cxx14.; [See console output](https://epsft-jenkins.cern.ch/job/root-pullrequests-build/78712/console).; ### Failing tests:; - [projectroot.roottest.root.multicore.roottest_root_multicore_TThreadedObjectAutoMemManagement](https://epsft-jenkins.cern.ch/job/root-pullrequests-build/78712/testReport/projectroot.roottest.root/multicore/roottest_root_multicore_TThreadedObjectAutoMemManagement/),MatchSource.ISSUE_COMMENT,root-project,root,v6-32-06,https://github.com/root-project/root/pull/5020#issuecomment-586940469:146,test,tests,146,https://root.cern,https://github.com/root-project/root/pull/5020#issuecomment-586940469,2,['test'],"['testReport', 'tests']"
Testability,Build failed on ROOT-fedora30/cxx14.; [See console output](https://epsft-jenkins.cern.ch/job/root-pullrequests-build/78760/console).; ### Failing tests:; - [projectroot.test.test_stressIOPlugins_http](https://epsft-jenkins.cern.ch/job/root-pullrequests-build/78760/testReport/projectroot/test/test_stressIOPlugins_http/); - [projectroot.test.test_stressIOPlugins_xroot](https://epsft-jenkins.cern.ch/job/root-pullrequests-build/78760/testReport/projectroot/test/test_stressIOPlugins_xroot/); - [projectroot.roottest.root.io.emulated.roottest_root_io_emulated_make](https://epsft-jenkins.cern.ch/job/root-pullrequests-build/78760/testReport/projectroot.roottest.root.io/emulated/roottest_root_io_emulated_make/); - [projectroot.roottest.root.tree.fastcloning.roottest_root_tree_fastcloning_execCheckClusterRange](https://epsft-jenkins.cern.ch/job/root-pullrequests-build/78760/testReport/projectroot.roottest.root.tree/fastcloning/roottest_root_tree_fastcloning_execCheckClusterRange/); - [projectroot.roottest.root.treeformula.formulaio.roottest_root_treeformula_formulaio_make](https://epsft-jenkins.cern.ch/job/root-pullrequests-build/78760/testReport/projectroot.roottest.root.treeformula/formulaio/roottest_root_treeformula_formulaio_make/),MatchSource.ISSUE_COMMENT,root-project,root,v6-32-06,https://github.com/root-project/root/pull/5012#issuecomment-587006731:146,test,tests,146,https://root.cern,https://github.com/root-project/root/pull/5012#issuecomment-587006731,10,['test'],"['test', 'testReport', 'tests']"
Testability,Build failed on ROOT-fedora30/cxx14.; [See console output](https://epsft-jenkins.cern.ch/job/root-pullrequests-build/78768/console).; ### Failing tests:; - [projectroot.test.test_stressIOPlugins_xroot](https://epsft-jenkins.cern.ch/job/root-pullrequests-build/78768/testReport/projectroot/test/test_stressIOPlugins_xroot/); - [projectroot.test.test_stressIOPlugins_http](https://epsft-jenkins.cern.ch/job/root-pullrequests-build/78768/testReport/projectroot/test/test_stressIOPlugins_http/); - [projectroot.roottest.root.io.emulated.roottest_root_io_emulated_make](https://epsft-jenkins.cern.ch/job/root-pullrequests-build/78768/testReport/projectroot.roottest.root.io/emulated/roottest_root_io_emulated_make/); - [projectroot.roottest.root.tree.fastcloning.roottest_root_tree_fastcloning_execCheckClusterRange](https://epsft-jenkins.cern.ch/job/root-pullrequests-build/78768/testReport/projectroot.roottest.root.tree/fastcloning/roottest_root_tree_fastcloning_execCheckClusterRange/); - [projectroot.roottest.root.treeformula.formulaio.roottest_root_treeformula_formulaio_make](https://epsft-jenkins.cern.ch/job/root-pullrequests-build/78768/testReport/projectroot.roottest.root.treeformula/formulaio/roottest_root_treeformula_formulaio_make/),MatchSource.ISSUE_COMMENT,root-project,root,v6-32-06,https://github.com/root-project/root/pull/5013#issuecomment-587031235:146,test,tests,146,https://root.cern,https://github.com/root-project/root/pull/5013#issuecomment-587031235,10,['test'],"['test', 'testReport', 'tests']"
Testability,Build failed on ROOT-fedora30/cxx14.; [See console output](https://epsft-jenkins.cern.ch/job/root-pullrequests-build/78800/console).; ### Failing tests:; - [projectroot.roottest.root.io.transient.base.roottest_root_io_transient_base_WriteFile](https://epsft-jenkins.cern.ch/job/root-pullrequests-build/78800/testReport/projectroot.roottest.root.io.transient/base/roottest_root_io_transient_base_WriteFile/); - [projectroot.roottest.root.io.transient.base.roottest_root_io_transient_base_hadd_autoload](https://epsft-jenkins.cern.ch/job/root-pullrequests-build/78800/testReport/projectroot.roottest.root.io.transient/base/roottest_root_io_transient_base_hadd_autoload/),MatchSource.ISSUE_COMMENT,root-project,root,v6-32-06,https://github.com/root-project/root/pull/5019#issuecomment-587097476:146,test,tests,146,https://root.cern,https://github.com/root-project/root/pull/5019#issuecomment-587097476,3,['test'],"['testReport', 'tests']"
Testability,Build failed on ROOT-fedora30/cxx14.; [See console output](https://epsft-jenkins.cern.ch/job/root-pullrequests-build/78808/console).; ### Failing tests:; - [projectroot.roottest.root.tree.fastcloning.roottest_root_tree_fastcloning_execCheckClusterRange](https://epsft-jenkins.cern.ch/job/root-pullrequests-build/78808/testReport/projectroot.roottest.root.tree/fastcloning/roottest_root_tree_fastcloning_execCheckClusterRange/),MatchSource.ISSUE_COMMENT,root-project,root,v6-32-06,https://github.com/root-project/root/pull/5013#issuecomment-587107347:146,test,tests,146,https://root.cern,https://github.com/root-project/root/pull/5013#issuecomment-587107347,2,['test'],"['testReport', 'tests']"
Testability,Build failed on ROOT-fedora30/cxx14.; [See console output](https://epsft-jenkins.cern.ch/job/root-pullrequests-build/78816/console).; ### Failing tests:; - [projectroot.roottest.root.tree.fastcloning.roottest_root_tree_fastcloning_execCheckClusterRange](https://epsft-jenkins.cern.ch/job/root-pullrequests-build/78816/testReport/projectroot.roottest.root.tree/fastcloning/roottest_root_tree_fastcloning_execCheckClusterRange/),MatchSource.ISSUE_COMMENT,root-project,root,v6-32-06,https://github.com/root-project/root/pull/5012#issuecomment-587111877:146,test,tests,146,https://root.cern,https://github.com/root-project/root/pull/5012#issuecomment-587111877,2,['test'],"['testReport', 'tests']"
Testability,Build failed on ROOT-fedora30/cxx14.; [See console output](https://epsft-jenkins.cern.ch/job/root-pullrequests-build/78856/console).; ### Failing tests:; - [projectroot.roottest.root.tree.fastcloning.roottest_root_tree_fastcloning_execCheckClusterRange](https://epsft-jenkins.cern.ch/job/root-pullrequests-build/78856/testReport/projectroot.roottest.root.tree/fastcloning/roottest_root_tree_fastcloning_execCheckClusterRange/),MatchSource.ISSUE_COMMENT,root-project,root,v6-32-06,https://github.com/root-project/root/pull/5012#issuecomment-587128886:146,test,tests,146,https://root.cern,https://github.com/root-project/root/pull/5012#issuecomment-587128886,2,['test'],"['testReport', 'tests']"
Testability,Build failed on ROOT-fedora30/cxx14.; [See console output](https://epsft-jenkins.cern.ch/job/root-pullrequests-build/78880/console).; ### Failing tests:; - [projectroot.roottest.root.tree.fastcloning.roottest_root_tree_fastcloning_execCheckClusterRange](https://epsft-jenkins.cern.ch/job/root-pullrequests-build/78880/testReport/projectroot.roottest.root.tree/fastcloning/roottest_root_tree_fastcloning_execCheckClusterRange/),MatchSource.ISSUE_COMMENT,root-project,root,v6-32-06,https://github.com/root-project/root/pull/5013#issuecomment-587144033:146,test,tests,146,https://root.cern,https://github.com/root-project/root/pull/5013#issuecomment-587144033,2,['test'],"['testReport', 'tests']"
Testability,Build failed on ROOT-fedora30/cxx14.; [See console output](https://epsft-jenkins.cern.ch/job/root-pullrequests-build/78888/console).; ### Failing tests:; - [projectroot.roottest.root.tree.fastcloning.roottest_root_tree_fastcloning_execCheckClusterRange](https://epsft-jenkins.cern.ch/job/root-pullrequests-build/78888/testReport/projectroot.roottest.root.tree/fastcloning/roottest_root_tree_fastcloning_execCheckClusterRange/),MatchSource.ISSUE_COMMENT,root-project,root,v6-32-06,https://github.com/root-project/root/pull/5013#issuecomment-587154790:146,test,tests,146,https://root.cern,https://github.com/root-project/root/pull/5013#issuecomment-587154790,2,['test'],"['testReport', 'tests']"
Testability,Build failed on ROOT-fedora30/cxx14.; [See console output](https://epsft-jenkins.cern.ch/job/root-pullrequests-build/79128/console).; ### Failing tests:; - [projectroot.roottest.python.pickle.roottest_python_pickle_write](https://epsft-jenkins.cern.ch/job/root-pullrequests-build/79128/testReport/projectroot.roottest.python/pickle/roottest_python_pickle_write/); - [projectroot.bindings.pyroot_experimental.pythonizations.test.pyunittests_pyroot_pyz_pretty_printing](https://epsft-jenkins.cern.ch/job/root-pullrequests-build/79128/testReport/projectroot.bindings.pyroot_experimental.pythonizations/test/pyunittests_pyroot_pyz_pretty_printing/); - [projectroot.bindings.pyroot_experimental.pythonizations.test.pyunittests_pyroot_pyz_array_interface](https://epsft-jenkins.cern.ch/job/root-pullrequests-build/79128/testReport/projectroot.bindings.pyroot_experimental.pythonizations/test/pyunittests_pyroot_pyz_array_interface/); - [projectroot.bindings.pyroot_experimental.pythonizations.test.pyunittests_pyroot_pyz_ttree_branch_attr](https://epsft-jenkins.cern.ch/job/root-pullrequests-build/79128/testReport/projectroot.bindings.pyroot_experimental.pythonizations/test/pyunittests_pyroot_pyz_ttree_branch_attr/); - [projectroot.bindings.pyroot_experimental.pythonizations.test.pyunittests_pyroot_pyz_ttree_setbranchaddress](https://epsft-jenkins.cern.ch/job/root-pullrequests-build/79128/testReport/projectroot.bindings.pyroot_experimental.pythonizations/test/pyunittests_pyroot_pyz_ttree_setbranchaddress/); - [projectroot.bindings.pyroot_experimental.pythonizations.test.pyunittests_pyroot_pyz_ttree_asmatrix](https://epsft-jenkins.cern.ch/job/root-pullrequests-build/79128/testReport/projectroot.bindings.pyroot_experimental.pythonizations/test/pyunittests_pyroot_pyz_ttree_asmatrix/); - [projectroot.bindings.pyroot_experimental.pythonizations.test.pyunittests_pyroot_pyz_ttree_branch](https://epsft-jenkins.cern.ch/job/root-pullrequests-build/79128/testReport/projectroot.bindings.pyroot_experim,MatchSource.ISSUE_COMMENT,root-project,root,v6-32-06,https://github.com/root-project/root/pull/5036#issuecomment-588165320:146,test,tests,146,https://root.cern,https://github.com/root-project/root/pull/5036#issuecomment-588165320,9,['test'],"['test', 'testReport', 'tests']"
Testability,Build failed on ROOT-fedora30/cxx14.; [See console output](https://epsft-jenkins.cern.ch/job/root-pullrequests-build/79152/console).; ### Failing tests:; - [projectroot.bindings.pyroot_experimental.pythonizations.test.pyunittests_pyroot_pyz_rdataframe_asnumpy](https://epsft-jenkins.cern.ch/job/root-pullrequests-build/79152/testReport/projectroot.bindings.pyroot_experimental.pythonizations/test/pyunittests_pyroot_pyz_rdataframe_asnumpy/); - [projectroot.roottest.root.html.roottest_root_html_runMakeIndex](https://epsft-jenkins.cern.ch/job/root-pullrequests-build/79152/testReport/projectroot.roottest.root/html/roottest_root_html_runMakeIndex/),MatchSource.ISSUE_COMMENT,root-project,root,v6-32-06,https://github.com/root-project/root/pull/5036#issuecomment-588259096:146,test,tests,146,https://root.cern,https://github.com/root-project/root/pull/5036#issuecomment-588259096,5,['test'],"['test', 'testReport', 'tests']"
Testability,"Build failed on ROOT-fedora30/cxx14.; [See console output](https://epsft-jenkins.cern.ch/job/root-pullrequests-build/79192/console).; ### Warnings:; - include/tbb/concurrent_hash_map.h:124:51: warning: ‘void* memset(void*, int, size_t)’ clearing an object of type ‘class tbb::interface5::internal::hash_map_base’ with no trivial copy-assignment; use value-initialization instead [-Wclass-memaccess] ; - include/tbb/concurrent_hash_map.h:124:51: warning: ‘void* memset(void*, int, size_t)’ clearing an object of type ‘class tbb::interface5::internal::hash_map_base’ with no trivial copy-assignment; use value-initialization instead [-Wclass-memaccess] . ### Failing tests:; - [projectroot.roottest.root.tree.fastcloning.roottest_root_tree_fastcloning_execCheckClusterRange](https://epsft-jenkins.cern.ch/job/root-pullrequests-build/79192/testReport/projectroot.roottest.root.tree/fastcloning/roottest_root_tree_fastcloning_execCheckClusterRange/)",MatchSource.ISSUE_COMMENT,root-project,root,v6-32-06,https://github.com/root-project/root/pull/5038#issuecomment-588335594:665,test,tests,665,https://root.cern,https://github.com/root-project/root/pull/5038#issuecomment-588335594,4,['test'],"['testReport', 'tests']"
Testability,Build failed on ROOT-fedora30/cxx14.; [See console output](https://epsft-jenkins.cern.ch/job/root-pullrequests-build/79273/console).; ### Failing tests:; - [projectroot.test.test_stressroostats_interpreted](https://epsft-jenkins.cern.ch/job/root-pullrequests-build/79273/testReport/projectroot/test/test_stressroostats_interpreted/),MatchSource.ISSUE_COMMENT,root-project,root,v6-32-06,https://github.com/root-project/root/pull/5041#issuecomment-589066212:146,test,tests,146,https://root.cern,https://github.com/root-project/root/pull/5041#issuecomment-589066212,4,['test'],"['test', 'testReport', 'tests']"
Testability,Build failed on ROOT-fedora30/cxx14.; [See console output](https://epsft-jenkins.cern.ch/job/root-pullrequests-build/79418/console).; ### Failing tests:; - [projectroot.roottest.root.dataframe.roottest_root_dataframe_typeguessing](https://epsft-jenkins.cern.ch/job/root-pullrequests-build/79418/testReport/projectroot.roottest.root/dataframe/roottest_root_dataframe_typeguessing/),MatchSource.ISSUE_COMMENT,root-project,root,v6-32-06,https://github.com/root-project/root/pull/4850#issuecomment-589638429:146,test,tests,146,https://root.cern,https://github.com/root-project/root/pull/4850#issuecomment-589638429,2,['test'],"['testReport', 'tests']"
Testability,Build failed on ROOT-fedora30/cxx14.; [See console output](https://epsft-jenkins.cern.ch/job/root-pullrequests-build/79538/console).; ### Failing tests:; - [projectroot.runtutorials.tutorial_v7_histops.cxx](https://epsft-jenkins.cern.ch/job/root-pullrequests-build/79538/testReport/projectroot/runtutorials/tutorial_v7_histops_cxx/),MatchSource.ISSUE_COMMENT,root-project,root,v6-32-06,https://github.com/root-project/root/pull/5030#issuecomment-589931469:146,test,tests,146,https://root.cern,https://github.com/root-project/root/pull/5030#issuecomment-589931469,2,['test'],"['testReport', 'tests']"
Testability,Build failed on ROOT-fedora30/cxx14.; [See console output](https://epsft-jenkins.cern.ch/job/root-pullrequests-build/79554/console).; ### Failing tests:; - [projectroot.runtutorials.tutorial_v7_histops.cxx](https://epsft-jenkins.cern.ch/job/root-pullrequests-build/79554/testReport/projectroot/runtutorials/tutorial_v7_histops_cxx/),MatchSource.ISSUE_COMMENT,root-project,root,v6-32-06,https://github.com/root-project/root/pull/4016#issuecomment-590071042:146,test,tests,146,https://root.cern,https://github.com/root-project/root/pull/4016#issuecomment-590071042,2,['test'],"['testReport', 'tests']"
Testability,Build failed on ROOT-fedora30/cxx14.; [See console output](https://epsft-jenkins.cern.ch/job/root-pullrequests-build/79570/console).; ### Failing tests:; - [projectroot.runtutorials.tutorial_v7_histops.cxx](https://epsft-jenkins.cern.ch/job/root-pullrequests-build/79570/testReport/projectroot/runtutorials/tutorial_v7_histops_cxx/),MatchSource.ISSUE_COMMENT,root-project,root,v6-32-06,https://github.com/root-project/root/pull/4016#issuecomment-590229938:146,test,tests,146,https://root.cern,https://github.com/root-project/root/pull/4016#issuecomment-590229938,2,['test'],"['testReport', 'tests']"
Testability,Build failed on ROOT-fedora30/cxx14.; [See console output](https://epsft-jenkins.cern.ch/job/root-pullrequests-build/79578/console).; ### Failing tests:; - [projectroot.runtutorials.tutorial_v7_histops.cxx](https://epsft-jenkins.cern.ch/job/root-pullrequests-build/79578/testReport/projectroot/runtutorials/tutorial_v7_histops_cxx/),MatchSource.ISSUE_COMMENT,root-project,root,v6-32-06,https://github.com/root-project/root/pull/5030#issuecomment-590245196:146,test,tests,146,https://root.cern,https://github.com/root-project/root/pull/5030#issuecomment-590245196,2,['test'],"['testReport', 'tests']"
Testability,Build failed on ROOT-fedora30/cxx14.; [See console output](https://epsft-jenkins.cern.ch/job/root-pullrequests-build/79586/console).; ### Failing tests:; - [projectroot.core.thread.test.gtest_core_thread_test_testTThreadedObject](https://epsft-jenkins.cern.ch/job/root-pullrequests-build/79586/testReport/projectroot.core.thread/test/gtest_core_thread_test_testTThreadedObject/); - [projectroot.core.thread.test.gtest_core_thread_test_corethreadtestUnit](https://epsft-jenkins.cern.ch/job/root-pullrequests-build/79586/testReport/projectroot.core.thread/test/gtest_core_thread_test_corethreadtestUnit/); - [projectroot.tree.treeplayer.test.gtest_tree_treeplayer_test_treeprocessormt](https://epsft-jenkins.cern.ch/job/root-pullrequests-build/79586/testReport/projectroot.tree.treeplayer/test/gtest_tree_treeplayer_test_treeprocessormt/); - [projectroot.roottest.root.multicore.roottest_root_multicore_checkTThreadedObjectCopies](https://epsft-jenkins.cern.ch/job/root-pullrequests-build/79586/testReport/projectroot.roottest.root/multicore/roottest_root_multicore_checkTThreadedObjectCopies/); - [projectroot.roottest.root.multicore.roottest_root_multicore_TThreadedObjectAutoMemManagement](https://epsft-jenkins.cern.ch/job/root-pullrequests-build/79586/testReport/projectroot.roottest.root/multicore/roottest_root_multicore_TThreadedObjectAutoMemManagement/),MatchSource.ISSUE_COMMENT,root-project,root,v6-32-06,https://github.com/root-project/root/pull/5049#issuecomment-590255001:146,test,tests,146,https://root.cern,https://github.com/root-project/root/pull/5049#issuecomment-590255001,12,['test'],"['test', 'testReport', 'tests']"
Testability,Build failed on ROOT-fedora30/cxx14.; [See console output](https://epsft-jenkins.cern.ch/job/root-pullrequests-build/79610/console).; ### Failing tests:; - [projectroot.core.thread.test.gtest_core_thread_test_testTThreadedObject](https://epsft-jenkins.cern.ch/job/root-pullrequests-build/79610/testReport/projectroot.core.thread/test/gtest_core_thread_test_testTThreadedObject/); - [projectroot.core.thread.test.gtest_core_thread_test_corethreadtestUnit](https://epsft-jenkins.cern.ch/job/root-pullrequests-build/79610/testReport/projectroot.core.thread/test/gtest_core_thread_test_corethreadtestUnit/); - [projectroot.tree.treeplayer.test.gtest_tree_treeplayer_test_treeprocessormt](https://epsft-jenkins.cern.ch/job/root-pullrequests-build/79610/testReport/projectroot.tree.treeplayer/test/gtest_tree_treeplayer_test_treeprocessormt/); - [projectroot.roottest.root.multicore.roottest_root_multicore_TThreadedObjectAutoMemManagement](https://epsft-jenkins.cern.ch/job/root-pullrequests-build/79610/testReport/projectroot.roottest.root/multicore/roottest_root_multicore_TThreadedObjectAutoMemManagement/),MatchSource.ISSUE_COMMENT,root-project,root,v6-32-06,https://github.com/root-project/root/pull/5049#issuecomment-590308127:146,test,tests,146,https://root.cern,https://github.com/root-project/root/pull/5049#issuecomment-590308127,11,['test'],"['test', 'testReport', 'tests']"
Testability,Build failed on ROOT-fedora30/cxx14.; [See console output](https://epsft-jenkins.cern.ch/job/root-pullrequests-build/79706/console).; ### Failing tests:; - [projectroot.runtutorials.tutorial_v7_histops.cxx](https://epsft-jenkins.cern.ch/job/root-pullrequests-build/79706/testReport/projectroot/runtutorials/tutorial_v7_histops_cxx/),MatchSource.ISSUE_COMMENT,root-project,root,v6-32-06,https://github.com/root-project/root/pull/5051#issuecomment-590949960:146,test,tests,146,https://root.cern,https://github.com/root-project/root/pull/5051#issuecomment-590949960,2,['test'],"['testReport', 'tests']"
Testability,Build failed on ROOT-fedora30/cxx14.; [See console output](https://epsft-jenkins.cern.ch/job/root-pullrequests-build/79731/console).; ### Failing tests:; - [projectroot.tree.tree.test.gtest_tree_tree_test_testTChainParsing](https://epsft-jenkins.cern.ch/job/root-pullrequests-build/79731/testReport/projectroot.tree.tree/test/gtest_tree_tree_test_testTChainParsing/),MatchSource.ISSUE_COMMENT,root-project,root,v6-32-06,https://github.com/root-project/root/pull/5056#issuecomment-590962846:146,test,tests,146,https://root.cern,https://github.com/root-project/root/pull/5056#issuecomment-590962846,4,['test'],"['test', 'testReport', 'tests']"
Testability,Build failed on ROOT-fedora30/cxx14.; [See console output](https://epsft-jenkins.cern.ch/job/root-pullrequests-build/79747/console).; ### Failing tests:; - [projectroot.tree.tree.test.gtest_tree_tree_test_testTChainParsing](https://epsft-jenkins.cern.ch/job/root-pullrequests-build/79747/testReport/projectroot.tree.tree/test/gtest_tree_tree_test_testTChainParsing/),MatchSource.ISSUE_COMMENT,root-project,root,v6-32-06,https://github.com/root-project/root/pull/4911#issuecomment-590985313:146,test,tests,146,https://root.cern,https://github.com/root-project/root/pull/4911#issuecomment-590985313,4,['test'],"['test', 'testReport', 'tests']"
Testability,Build failed on ROOT-fedora30/cxx14.; [See console output](https://epsft-jenkins.cern.ch/job/root-pullrequests-build/79755/console).; ### Failing tests:; - [projectroot.tree.tree.test.gtest_tree_tree_test_testTChainParsing](https://epsft-jenkins.cern.ch/job/root-pullrequests-build/79755/testReport/projectroot.tree.tree/test/gtest_tree_tree_test_testTChainParsing/),MatchSource.ISSUE_COMMENT,root-project,root,v6-32-06,https://github.com/root-project/root/pull/5056#issuecomment-591007684:146,test,tests,146,https://root.cern,https://github.com/root-project/root/pull/5056#issuecomment-591007684,4,['test'],"['test', 'testReport', 'tests']"
Testability,Build failed on ROOT-fedora30/cxx14.; [See console output](https://epsft-jenkins.cern.ch/job/root-pullrequests-build/79763/console).; ### Failing tests:; - [projectroot.tree.tree.test.gtest_tree_tree_test_testTChainParsing](https://epsft-jenkins.cern.ch/job/root-pullrequests-build/79763/testReport/projectroot.tree.tree/test/gtest_tree_tree_test_testTChainParsing/),MatchSource.ISSUE_COMMENT,root-project,root,v6-32-06,https://github.com/root-project/root/pull/5016#issuecomment-591060726:146,test,tests,146,https://root.cern,https://github.com/root-project/root/pull/5016#issuecomment-591060726,4,['test'],"['test', 'testReport', 'tests']"
Testability,Build failed on ROOT-fedora30/cxx14.; [See console output](https://epsft-jenkins.cern.ch/job/root-pullrequests-build/79773/console).; ### Failing tests:; - [projectroot.tree.tree.test.gtest_tree_tree_test_testTChainParsing](https://epsft-jenkins.cern.ch/job/root-pullrequests-build/79773/testReport/projectroot.tree.tree/test/gtest_tree_tree_test_testTChainParsing/),MatchSource.ISSUE_COMMENT,root-project,root,v6-32-06,https://github.com/root-project/root/pull/3647#issuecomment-591347674:146,test,tests,146,https://root.cern,https://github.com/root-project/root/pull/3647#issuecomment-591347674,4,['test'],"['test', 'testReport', 'tests']"
Testability,Build failed on ROOT-fedora30/cxx14.; [See console output](https://epsft-jenkins.cern.ch/job/root-pullrequests-build/79795/console).; ### Failing tests:; - [projectroot.tree.tree.test.gtest_tree_tree_test_testTChainParsing](https://epsft-jenkins.cern.ch/job/root-pullrequests-build/79795/testReport/projectroot.tree.tree/test/gtest_tree_tree_test_testTChainParsing/),MatchSource.ISSUE_COMMENT,root-project,root,v6-32-06,https://github.com/root-project/root/pull/5058#issuecomment-591364580:146,test,tests,146,https://root.cern,https://github.com/root-project/root/pull/5058#issuecomment-591364580,4,['test'],"['test', 'testReport', 'tests']"
Testability,Build failed on ROOT-fedora30/cxx14.; [See console output](https://epsft-jenkins.cern.ch/job/root-pullrequests-build/79803/console).; ### Failing tests:; - [projectroot.tree.tree.test.gtest_tree_tree_test_testTChainParsing](https://epsft-jenkins.cern.ch/job/root-pullrequests-build/79803/testReport/projectroot.tree.tree/test/gtest_tree_tree_test_testTChainParsing/),MatchSource.ISSUE_COMMENT,root-project,root,v6-32-06,https://github.com/root-project/root/pull/5053#issuecomment-591371211:146,test,tests,146,https://root.cern,https://github.com/root-project/root/pull/5053#issuecomment-591371211,4,['test'],"['test', 'testReport', 'tests']"
Testability,Build failed on ROOT-fedora30/cxx14.; [See console output](https://epsft-jenkins.cern.ch/job/root-pullrequests-build/79811/console).; ### Failing tests:; - [projectroot.tree.tree.test.gtest_tree_tree_test_testTChainParsing](https://epsft-jenkins.cern.ch/job/root-pullrequests-build/79811/testReport/projectroot.tree.tree/test/gtest_tree_tree_test_testTChainParsing/),MatchSource.ISSUE_COMMENT,root-project,root,v6-32-06,https://github.com/root-project/root/pull/5059#issuecomment-591379001:146,test,tests,146,https://root.cern,https://github.com/root-project/root/pull/5059#issuecomment-591379001,4,['test'],"['test', 'testReport', 'tests']"
Testability,Build failed on ROOT-fedora30/cxx14.; [See console output](https://epsft-jenkins.cern.ch/job/root-pullrequests-build/79819/console).; ### Failing tests:; - [projectroot.tree.tree.test.gtest_tree_tree_test_testTChainParsing](https://epsft-jenkins.cern.ch/job/root-pullrequests-build/79819/testReport/projectroot.tree.tree/test/gtest_tree_tree_test_testTChainParsing/),MatchSource.ISSUE_COMMENT,root-project,root,v6-32-06,https://github.com/root-project/root/pull/4736#issuecomment-591384723:146,test,tests,146,https://root.cern,https://github.com/root-project/root/pull/4736#issuecomment-591384723,4,['test'],"['test', 'testReport', 'tests']"
Testability,Build failed on ROOT-fedora30/cxx14.; [See console output](https://epsft-jenkins.cern.ch/job/root-pullrequests-build/79835/console).; ### Failing tests:; - [projectroot.tree.tree.test.gtest_tree_tree_test_testTChainParsing](https://epsft-jenkins.cern.ch/job/root-pullrequests-build/79835/testReport/projectroot.tree.tree/test/gtest_tree_tree_test_testTChainParsing/),MatchSource.ISSUE_COMMENT,root-project,root,v6-32-06,https://github.com/root-project/root/pull/5058#issuecomment-591442294:146,test,tests,146,https://root.cern,https://github.com/root-project/root/pull/5058#issuecomment-591442294,4,['test'],"['test', 'testReport', 'tests']"
Testability,Build failed on ROOT-fedora30/cxx14.; [See console output](https://epsft-jenkins.cern.ch/job/root-pullrequests-build/79851/console).; ### Failing tests:; - [projectroot.tree.tree.test.gtest_tree_tree_test_testTChainParsing](https://epsft-jenkins.cern.ch/job/root-pullrequests-build/79851/testReport/projectroot.tree.tree/test/gtest_tree_tree_test_testTChainParsing/),MatchSource.ISSUE_COMMENT,root-project,root,v6-32-06,https://github.com/root-project/root/pull/5062#issuecomment-591450415:146,test,tests,146,https://root.cern,https://github.com/root-project/root/pull/5062#issuecomment-591450415,4,['test'],"['test', 'testReport', 'tests']"
Testability,Build failed on ROOT-fedora30/cxx14.; [See console output](https://epsft-jenkins.cern.ch/job/root-pullrequests-build/79859/console).; ### Failing tests:; - [projectroot.tree.tree.test.gtest_tree_tree_test_testTChainParsing](https://epsft-jenkins.cern.ch/job/root-pullrequests-build/79859/testReport/projectroot.tree.tree/test/gtest_tree_tree_test_testTChainParsing/),MatchSource.ISSUE_COMMENT,root-project,root,v6-32-06,https://github.com/root-project/root/pull/5062#issuecomment-591463448:146,test,tests,146,https://root.cern,https://github.com/root-project/root/pull/5062#issuecomment-591463448,4,['test'],"['test', 'testReport', 'tests']"
Testability,Build failed on ROOT-fedora30/cxx14.; [See console output](https://epsft-jenkins.cern.ch/job/root-pullrequests-build/80014/console).; ### Failing tests:; - [projectroot.test.test_periodic_build](https://epsft-jenkins.cern.ch/job/root-pullrequests-build/80014/testReport/projectroot/test/test_periodic_build/),MatchSource.ISSUE_COMMENT,root-project,root,v6-32-06,https://github.com/root-project/root/pull/5072#issuecomment-592539545:146,test,tests,146,https://root.cern,https://github.com/root-project/root/pull/5072#issuecomment-592539545,4,['test'],"['test', 'testReport', 'tests']"
Testability,Build failed on ROOT-fedora30/cxx14.; [See console output](https://epsft-jenkins.cern.ch/job/root-pullrequests-build/80151/console).; ### Failing tests:; - [projectroot.roottest.python.cmdLineUtils.roottest_python_cmdLineUtils_SimpleRootrm1PrepareInput](https://epsft-jenkins.cern.ch/job/root-pullrequests-build/80151/testReport/projectroot.roottest.python/cmdLineUtils/roottest_python_cmdLineUtils_SimpleRootrm1PrepareInput/); - [projectroot.roottest.python.cmdLineUtils.roottest_python_cmdLineUtils_SimpleRootmkdir1PrepareInput](https://epsft-jenkins.cern.ch/job/root-pullrequests-build/80151/testReport/projectroot.roottest.python/cmdLineUtils/roottest_python_cmdLineUtils_SimpleRootmkdir1PrepareInput/); - [projectroot.roottest.python.cmdLineUtils.roottest_python_cmdLineUtils_SimpleRootrm3PrepareInput](https://epsft-jenkins.cern.ch/job/root-pullrequests-build/80151/testReport/projectroot.roottest.python/cmdLineUtils/roottest_python_cmdLineUtils_SimpleRootrm3PrepareInput/); - [projectroot.roottest.python.cmdLineUtils.roottest_python_cmdLineUtils_SimpleRootrm2PrepareInput](https://epsft-jenkins.cern.ch/job/root-pullrequests-build/80151/testReport/projectroot.roottest.python/cmdLineUtils/roottest_python_cmdLineUtils_SimpleRootrm2PrepareInput/); - [projectroot.roottest.python.cmdLineUtils.roottest_python_cmdLineUtils_SimpleRootmkdir2PrepareInput](https://epsft-jenkins.cern.ch/job/root-pullrequests-build/80151/testReport/projectroot.roottest.python/cmdLineUtils/roottest_python_cmdLineUtils_SimpleRootmkdir2PrepareInput/); - [projectroot.roottest.python.cmdLineUtils.roottest_python_cmdLineUtils_SimpleRootmkdir3PrepareInput](https://epsft-jenkins.cern.ch/job/root-pullrequests-build/80151/testReport/projectroot.roottest.python/cmdLineUtils/roottest_python_cmdLineUtils_SimpleRootmkdir3PrepareInput/); - [projectroot.roottest.python.cmdLineUtils.roottest_python_cmdLineUtils_SimpleRootcp1PrepareInput](https://epsft-jenkins.cern.ch/job/root-pullrequests-build/80151/testReport/projectroo,MatchSource.ISSUE_COMMENT,root-project,root,v6-32-06,https://github.com/root-project/root/pull/5083#issuecomment-593946068:146,test,tests,146,https://root.cern,https://github.com/root-project/root/pull/5083#issuecomment-593946068,4,['test'],"['testReport', 'tests']"
Testability,Build failed on ROOT-fedora30/cxx14.; [See console output](https://epsft-jenkins.cern.ch/job/root-pullrequests-build/80425/console).; ### Failing tests:; - [projectroot.graf2d.gpadv7.test.gtest_graf2d_gpadv7_test_graf2dgpadv7testUnit](https://epsft-jenkins.cern.ch/job/root-pullrequests-build/80425/testReport/projectroot.graf2d.gpadv7/test/gtest_graf2d_gpadv7_test_graf2dgpadv7testUnit/); - [projectroot.tree.dataframe.test.gtest_tree_dataframe_test_dataframe_histomodels](https://epsft-jenkins.cern.ch/job/root-pullrequests-build/80425/testReport/projectroot.tree.dataframe/test/gtest_tree_dataframe_test_dataframe_histomodels/); - [projectroot.tree.ntuple.v7.test.gtest_tree__v7_test_ntuple](https://epsft-jenkins.cern.ch/job/root-pullrequests-build/80425/testReport/projectroot.tree.ntuple.v7/test/gtest_tree__v7_test_ntuple/); - [projectroot.roottest.root.dataframe.roottest_root_dataframe_test_trainCache](https://epsft-jenkins.cern.ch/job/root-pullrequests-build/80425/testReport/projectroot.roottest.root/dataframe/roottest_root_dataframe_test_trainCache/); - [projectroot.roottest.root.dataframe.roottest_root_dataframe_test_chainZombieFile](https://epsft-jenkins.cern.ch/job/root-pullrequests-build/80425/testReport/projectroot.roottest.root/dataframe/roottest_root_dataframe_test_chainZombieFile/); - [projectroot.roottest.root.dataframe.roottest_root_dataframe_typeguessing](https://epsft-jenkins.cern.ch/job/root-pullrequests-build/80425/testReport/projectroot.roottest.root/dataframe/roottest_root_dataframe_typeguessing/); - [projectroot.roottest.root.dataframe.roottest_root_dataframe_regression_multipletriggerrun](https://epsft-jenkins.cern.ch/job/root-pullrequests-build/80425/testReport/projectroot.roottest.root/dataframe/roottest_root_dataframe_regression_multipletriggerrun/); - [projectroot.bindings.pyroot_experimental.pythonizations.test.pyunittests_pyroot_cppcallable](https://epsft-jenkins.cern.ch/job/root-pullrequests-build/80425/testReport/projectroot.bindings.pyroot_ex,MatchSource.ISSUE_COMMENT,root-project,root,v6-32-06,https://github.com/root-project/root/pull/5094#issuecomment-595791061:146,test,tests,146,https://root.cern,https://github.com/root-project/root/pull/5094#issuecomment-595791061,11,['test'],"['test', 'testReport', 'tests']"
Testability,Build failed on ROOT-fedora30/cxx14.; [See console output](https://epsft-jenkins.cern.ch/job/root-pullrequests-build/80466/console).; ### Failing tests:; - [projectroot.hist.histdrawv7.test.gtest_hist_histdrawv7_test_histhistdrawv7testUnit](https://epsft-jenkins.cern.ch/job/root-pullrequests-build/80466/testReport/projectroot.hist.histdrawv7/test/gtest_hist_histdrawv7_test_histhistdrawv7testUnit/),MatchSource.ISSUE_COMMENT,root-project,root,v6-32-06,https://github.com/root-project/root/pull/5098#issuecomment-595892470:146,test,tests,146,https://root.cern,https://github.com/root-project/root/pull/5098#issuecomment-595892470,4,['test'],"['test', 'testReport', 'tests']"
Testability,Build failed on ROOT-fedora30/cxx14.; [See console output](https://epsft-jenkins.cern.ch/job/root-pullrequests-build/80668/console).; ### Failing tests:; - [projectroot.roottest.root.tree.cache.roottest_root_tree_cache_LastCluster](https://epsft-jenkins.cern.ch/job/root-pullrequests-build/80668/testReport/projectroot.roottest.root.tree/cache/roottest_root_tree_cache_LastCluster/); - [projectroot.roottest.root.tree.fastcloning.roottest_root_tree_fastcloning_execCheckClusterRange](https://epsft-jenkins.cern.ch/job/root-pullrequests-build/80668/testReport/projectroot.roottest.root.tree/fastcloning/roottest_root_tree_fastcloning_execCheckClusterRange/),MatchSource.ISSUE_COMMENT,root-project,root,v6-32-06,https://github.com/root-project/root/pull/5118#issuecomment-596807323:146,test,tests,146,https://root.cern,https://github.com/root-project/root/pull/5118#issuecomment-596807323,3,['test'],"['testReport', 'tests']"
Testability,Build failed on ROOT-fedora30/cxx14.; [See console output](https://epsft-jenkins.cern.ch/job/root-pullrequests-build/80725/console).; ### Errors:; - 1005/2026 Test #911: tutorial-v7-draw_legend.cxx .......................................................................***Failed Error regular expression found in output. Regex=[: error:] 1.04 sec . ### Failing tests:; - [projectroot.runtutorials.tutorial_v7_draw_legend.cxx](https://epsft-jenkins.cern.ch/job/root-pullrequests-build/80725/testReport/projectroot/runtutorials/tutorial_v7_draw_legend_cxx/); - [projectroot.roottest.root.tree.cache.roottest_root_tree_cache_LastCluster](https://epsft-jenkins.cern.ch/job/root-pullrequests-build/80725/testReport/projectroot.roottest.root.tree/cache/roottest_root_tree_cache_LastCluster/); - [projectroot.roottest.root.tree.fastcloning.roottest_root_tree_fastcloning_execCheckClusterRange](https://epsft-jenkins.cern.ch/job/root-pullrequests-build/80725/testReport/projectroot.roottest.root.tree/fastcloning/roottest_root_tree_fastcloning_execCheckClusterRange/),MatchSource.ISSUE_COMMENT,root-project,root,v6-32-06,https://github.com/root-project/root/pull/5118#issuecomment-597134131:159,Test,Test,159,https://root.cern,https://github.com/root-project/root/pull/5118#issuecomment-597134131,5,"['Test', 'test']","['Test', 'testReport', 'tests']"
Testability,Build failed on ROOT-fedora30/cxx14.; [See console output](https://epsft-jenkins.cern.ch/job/root-pullrequests-build/80781/console).; ### Errors:; - 1005/2026 Test #911: tutorial-v7-draw_legend.cxx .......................................................................***Failed Error regular expression found in output. Regex=[: error:] 1.02 sec . ### Failing tests:; - [projectroot.runtutorials.tutorial_tmva_TMVACrossValidationApplication](https://epsft-jenkins.cern.ch/job/root-pullrequests-build/80781/testReport/projectroot/runtutorials/tutorial_tmva_TMVACrossValidationApplication/); - [projectroot.runtutorials.tutorial_v7_draw_legend.cxx](https://epsft-jenkins.cern.ch/job/root-pullrequests-build/80781/testReport/projectroot/runtutorials/tutorial_v7_draw_legend_cxx/),MatchSource.ISSUE_COMMENT,root-project,root,v6-32-06,https://github.com/root-project/root/pull/5118#issuecomment-597216900:159,Test,Test,159,https://root.cern,https://github.com/root-project/root/pull/5118#issuecomment-597216900,4,"['Test', 'test']","['Test', 'testReport', 'tests']"
Testability,Build failed on ROOT-fedora30/cxx14.; [See console output](https://epsft-jenkins.cern.ch/job/root-pullrequests-build/80797/console).; ### Errors:; - 1006/2027 Test #912: tutorial-v7-draw_legend.cxx .......................................................................***Failed Error regular expression found in output. Regex=[: error:] 1.22 sec . ### Failing tests:; - [projectroot.runtutorials.tutorial_v7_draw_legend.cxx](https://epsft-jenkins.cern.ch/job/root-pullrequests-build/80797/testReport/projectroot/runtutorials/tutorial_v7_draw_legend_cxx/),MatchSource.ISSUE_COMMENT,root-project,root,v6-32-06,https://github.com/root-project/root/pull/5099#issuecomment-597237375:159,Test,Test,159,https://root.cern,https://github.com/root-project/root/pull/5099#issuecomment-597237375,3,"['Test', 'test']","['Test', 'testReport', 'tests']"
Testability,Build failed on ROOT-fedora30/cxx14.; [See console output](https://epsft-jenkins.cern.ch/job/root-pullrequests-build/80837/console).; ### Errors:; - 1005/2026 Test #911: tutorial-v7-draw_legend.cxx .......................................................................***Failed Error regular expression found in output. Regex=[: error:] 1.10 sec . ### Failing tests:; - [projectroot.runtutorials.tutorial_v7_draw_legend.cxx](https://epsft-jenkins.cern.ch/job/root-pullrequests-build/80837/testReport/projectroot/runtutorials/tutorial_v7_draw_legend_cxx/),MatchSource.ISSUE_COMMENT,root-project,root,v6-32-06,https://github.com/root-project/root/pull/5126#issuecomment-597290591:159,Test,Test,159,https://root.cern,https://github.com/root-project/root/pull/5126#issuecomment-597290591,3,"['Test', 'test']","['Test', 'testReport', 'tests']"
Testability,Build failed on ROOT-fedora30/cxx14.; [See console output](https://lcgapp-services.cern.ch/root-jenkins/job/root-pullrequests-build/71055/console).; ### Failing tests:; - [projectroot.tree.dataframe.test.gtest_tree_dataframe_test_dataframe_nodes](https://lcgapp-services.cern.ch/root-jenkins/job/root-pullrequests-build/71055/testReport/projectroot.tree.dataframe/test/gtest_tree_dataframe_test_dataframe_nodes/); - [projectroot.tree.dataframe.test.gtest_tree_dataframe_test_dataframe_vecops](https://lcgapp-services.cern.ch/root-jenkins/job/root-pullrequests-build/71055/testReport/projectroot.tree.dataframe/test/gtest_tree_dataframe_test_dataframe_vecops/); - [projectroot.tree.dataframe.test.gtest_tree_dataframe_test_datasource_root](https://lcgapp-services.cern.ch/root-jenkins/job/root-pullrequests-build/71055/testReport/projectroot.tree.dataframe/test/gtest_tree_dataframe_test_datasource_root/); - [projectroot.tree.dataframe.test.gtest_tree_dataframe_test_datasource_sqlite](https://lcgapp-services.cern.ch/root-jenkins/job/root-pullrequests-build/71055/testReport/projectroot.tree.dataframe/test/gtest_tree_dataframe_test_datasource_sqlite/); - [projectroot.tree.dataframe.test.gtest_tree_dataframe_test_dataframe_snapshot](https://lcgapp-services.cern.ch/root-jenkins/job/root-pullrequests-build/71055/testReport/projectroot.tree.dataframe/test/gtest_tree_dataframe_test_dataframe_snapshot/); - [projectroot.roottest.root.dataframe.roottest_root_dataframe_regression_snapshot](https://lcgapp-services.cern.ch/root-jenkins/job/root-pullrequests-build/71055/testReport/projectroot.roottest.root/dataframe/roottest_root_dataframe_regression_snapshot/); - [projectroot.roottest.root.dataframe.roottest_root_dataframe_test_snapshot](https://lcgapp-services.cern.ch/root-jenkins/job/root-pullrequests-build/71055/testReport/projectroot.roottest.root/dataframe/roottest_root_dataframe_test_snapshot/); - [projectroot.roottest.root.dataframe.roottest_root_dataframe_test_readFcc](https://lcgapp-s,MatchSource.ISSUE_COMMENT,root-project,root,v6-32-06,https://github.com/root-project/root/pull/5139#issuecomment-597828757:161,test,tests,161,https://root.cern,https://github.com/root-project/root/pull/5139#issuecomment-597828757,11,['test'],"['test', 'testReport', 'tests']"
Testability,Build failed on ROOT-fedora30/cxx14.; [See console output](https://lcgapp-services.cern.ch/root-jenkins/job/root-pullrequests-build/71063/console).; ### Failing tests:; - [projectroot.tree.dataframe.test.gtest_tree_dataframe_test_dataframe_nodes](https://lcgapp-services.cern.ch/root-jenkins/job/root-pullrequests-build/71063/testReport/projectroot.tree.dataframe/test/gtest_tree_dataframe_test_dataframe_nodes/); - [projectroot.tree.dataframe.test.gtest_tree_dataframe_test_dataframe_vecops](https://lcgapp-services.cern.ch/root-jenkins/job/root-pullrequests-build/71063/testReport/projectroot.tree.dataframe/test/gtest_tree_dataframe_test_dataframe_vecops/); - [projectroot.tree.dataframe.test.gtest_tree_dataframe_test_datasource_root](https://lcgapp-services.cern.ch/root-jenkins/job/root-pullrequests-build/71063/testReport/projectroot.tree.dataframe/test/gtest_tree_dataframe_test_datasource_root/); - [projectroot.tree.dataframe.test.gtest_tree_dataframe_test_datasource_sqlite](https://lcgapp-services.cern.ch/root-jenkins/job/root-pullrequests-build/71063/testReport/projectroot.tree.dataframe/test/gtest_tree_dataframe_test_datasource_sqlite/); - [projectroot.tree.dataframe.test.gtest_tree_dataframe_test_dataframe_snapshot](https://lcgapp-services.cern.ch/root-jenkins/job/root-pullrequests-build/71063/testReport/projectroot.tree.dataframe/test/gtest_tree_dataframe_test_dataframe_snapshot/); - [projectroot.roottest.root.dataframe.roottest_root_dataframe_regression_snapshot](https://lcgapp-services.cern.ch/root-jenkins/job/root-pullrequests-build/71063/testReport/projectroot.roottest.root/dataframe/roottest_root_dataframe_regression_snapshot/); - [projectroot.roottest.root.dataframe.roottest_root_dataframe_test_snapshot](https://lcgapp-services.cern.ch/root-jenkins/job/root-pullrequests-build/71063/testReport/projectroot.roottest.root/dataframe/roottest_root_dataframe_test_snapshot/); - [projectroot.roottest.root.dataframe.roottest_root_dataframe_test_readFcc](https://lcgapp-s,MatchSource.ISSUE_COMMENT,root-project,root,v6-32-06,https://github.com/root-project/root/pull/5140#issuecomment-597837152:161,test,tests,161,https://root.cern,https://github.com/root-project/root/pull/5140#issuecomment-597837152,11,['test'],"['test', 'testReport', 'tests']"
Testability,Build failed on ROOT-fedora30/cxx14.; [See console output](https://lcgapp-services.cern.ch/root-jenkins/job/root-pullrequests-build/71167/console).; ### Failing tests:; - [projectroot.roottest.root.io.uniquePointer.roottest_root_io_uniquePointer_aclicDataMemberSelection](https://lcgapp-services.cern.ch/root-jenkins/job/root-pullrequests-build/71167/testReport/projectroot.roottest.root.io/uniquePointer/roottest_root_io_uniquePointer_aclicDataMemberSelection/),MatchSource.ISSUE_COMMENT,root-project,root,v6-32-06,https://github.com/root-project/root/pull/5123#issuecomment-598062778:161,test,tests,161,https://root.cern,https://github.com/root-project/root/pull/5123#issuecomment-598062778,2,['test'],"['testReport', 'tests']"
Testability,Build failed on ROOT-fedora30/cxx14.; [See console output](https://lcgapp-services.cern.ch/root-jenkins/job/root-pullrequests-build/71223/console).; ### Failing tests:; - [projectroot.roottest.root.io.newdelete.roottest_root_io_newdelete_make](https://lcgapp-services.cern.ch/root-jenkins/job/root-pullrequests-build/71223/testReport/projectroot.roottest.root.io/newdelete/roottest_root_io_newdelete_make/),MatchSource.ISSUE_COMMENT,root-project,root,v6-32-06,https://github.com/root-project/root/pull/5133#issuecomment-598198554:161,test,tests,161,https://root.cern,https://github.com/root-project/root/pull/5133#issuecomment-598198554,2,['test'],"['testReport', 'tests']"
Testability,Build failed on ROOT-fedora30/cxx14.; [See console output](https://lcgapp-services.cern.ch/root-jenkins/job/root-pullrequests-build/71327/console).; ### Failing tests:; - [projectroot.runtutorials.tutorial_tmva_TMVACrossValidationApplication](https://lcgapp-services.cern.ch/root-jenkins/job/root-pullrequests-build/71327/testReport/projectroot/runtutorials/tutorial_tmva_TMVACrossValidationApplication/),MatchSource.ISSUE_COMMENT,root-project,root,v6-32-06,https://github.com/root-project/root/pull/5099#issuecomment-598368123:161,test,tests,161,https://root.cern,https://github.com/root-project/root/pull/5099#issuecomment-598368123,2,['test'],"['testReport', 'tests']"
Testability,Build failed on ROOT-fedora30/cxx14.; [See console output](https://lcgapp-services.cern.ch/root-jenkins/job/root-pullrequests-build/71415/console).; ### Failing tests:; - [projectroot.roottest.root.dataframe.roottest_root_dataframe_test_splitcoll_arrayview](https://lcgapp-services.cern.ch/root-jenkins/job/root-pullrequests-build/71415/testReport/projectroot.roottest.root/dataframe/roottest_root_dataframe_test_splitcoll_arrayview/),MatchSource.ISSUE_COMMENT,root-project,root,v6-32-06,https://github.com/root-project/root/pull/5154#issuecomment-598851768:161,test,tests,161,https://root.cern,https://github.com/root-project/root/pull/5154#issuecomment-598851768,2,['test'],"['testReport', 'tests']"
Testability,Build failed on ROOT-fedora30/cxx14.; [See console output](https://lcgapp-services.cern.ch/root-jenkins/job/root-pullrequests-build/71423/console).; ### Failing tests:; - [projectroot.roottest.root.dataframe.roottest_root_dataframe_test_splitcoll_arrayview](https://lcgapp-services.cern.ch/root-jenkins/job/root-pullrequests-build/71423/testReport/projectroot.roottest.root/dataframe/roottest_root_dataframe_test_splitcoll_arrayview/),MatchSource.ISSUE_COMMENT,root-project,root,v6-32-06,https://github.com/root-project/root/pull/5154#issuecomment-598882487:161,test,tests,161,https://root.cern,https://github.com/root-project/root/pull/5154#issuecomment-598882487,2,['test'],"['testReport', 'tests']"
Testability,Build failed on ROOT-fedora30/cxx14.; [See console output](https://lcgapp-services.cern.ch/root-jenkins/job/root-pullrequests-build/71439/console).; ### Failing tests:; - [projectroot.roottest.root.dataframe.roottest_root_dataframe_test_splitcoll_arrayview](https://lcgapp-services.cern.ch/root-jenkins/job/root-pullrequests-build/71439/testReport/projectroot.roottest.root/dataframe/roottest_root_dataframe_test_splitcoll_arrayview/),MatchSource.ISSUE_COMMENT,root-project,root,v6-32-06,https://github.com/root-project/root/pull/5133#issuecomment-598888949:161,test,tests,161,https://root.cern,https://github.com/root-project/root/pull/5133#issuecomment-598888949,2,['test'],"['testReport', 'tests']"
Testability,Build failed on ROOT-fedora30/cxx14.; [See console output](https://lcgapp-services.cern.ch/root-jenkins/job/root-pullrequests-build/71471/console).; ### Failing tests:; - [projectroot.roottest.root.dataframe.roottest_root_dataframe_test_splitcoll_arrayview](https://lcgapp-services.cern.ch/root-jenkins/job/root-pullrequests-build/71471/testReport/projectroot.roottest.root/dataframe/roottest_root_dataframe_test_splitcoll_arrayview/),MatchSource.ISSUE_COMMENT,root-project,root,v6-32-06,https://github.com/root-project/root/pull/5155#issuecomment-598903829:161,test,tests,161,https://root.cern,https://github.com/root-project/root/pull/5155#issuecomment-598903829,2,['test'],"['testReport', 'tests']"
Testability,Build failed on ROOT-fedora30/cxx14.; [See console output](https://lcgapp-services.cern.ch/root-jenkins/job/root-pullrequests-build/71527/console).; ### Failing tests:; - [projectroot.roottest.root.dataframe.roottest_root_dataframe_test_splitcoll_arrayview](https://lcgapp-services.cern.ch/root-jenkins/job/root-pullrequests-build/71527/testReport/projectroot.roottest.root/dataframe/roottest_root_dataframe_test_splitcoll_arrayview/),MatchSource.ISSUE_COMMENT,root-project,root,v6-32-06,https://github.com/root-project/root/pull/5133#issuecomment-598924442:161,test,tests,161,https://root.cern,https://github.com/root-project/root/pull/5133#issuecomment-598924442,2,['test'],"['testReport', 'tests']"
Testability,Build failed on ROOT-fedora30/cxx14.; [See console output](https://lcgapp-services.cern.ch/root-jenkins/job/root-pullrequests-build/71607/console).; ### Failing tests:; - [projectroot.roottest.root.dataframe.roottest_root_dataframe_test_splitcoll_arrayview](https://lcgapp-services.cern.ch/root-jenkins/job/root-pullrequests-build/71607/testReport/projectroot.roottest.root/dataframe/roottest_root_dataframe_test_splitcoll_arrayview/),MatchSource.ISSUE_COMMENT,root-project,root,v6-32-06,https://github.com/root-project/root/pull/5154#issuecomment-598956058:161,test,tests,161,https://root.cern,https://github.com/root-project/root/pull/5154#issuecomment-598956058,2,['test'],"['testReport', 'tests']"
Testability,Build failed on ROOT-fedora30/cxx14.; [See console output](https://lcgapp-services.cern.ch/root-jenkins/job/root-pullrequests-build/71615/console).; ### Failing tests:; - [projectroot.roottest.root.dataframe.roottest_root_dataframe_test_splitcoll_arrayview](https://lcgapp-services.cern.ch/root-jenkins/job/root-pullrequests-build/71615/testReport/projectroot.roottest.root/dataframe/roottest_root_dataframe_test_splitcoll_arrayview/),MatchSource.ISSUE_COMMENT,root-project,root,v6-32-06,https://github.com/root-project/root/pull/5146#issuecomment-599137447:161,test,tests,161,https://root.cern,https://github.com/root-project/root/pull/5146#issuecomment-599137447,2,['test'],"['testReport', 'tests']"
Testability,Build failed on ROOT-fedora30/cxx14.; [See console output](https://lcgapp-services.cern.ch/root-jenkins/job/root-pullrequests-build/71623/console).; ### Failing tests:; - [projectroot.roottest.root.dataframe.roottest_root_dataframe_test_splitcoll_arrayview](https://lcgapp-services.cern.ch/root-jenkins/job/root-pullrequests-build/71623/testReport/projectroot.roottest.root/dataframe/roottest_root_dataframe_test_splitcoll_arrayview/),MatchSource.ISSUE_COMMENT,root-project,root,v6-32-06,https://github.com/root-project/root/pull/5159#issuecomment-599236122:161,test,tests,161,https://root.cern,https://github.com/root-project/root/pull/5159#issuecomment-599236122,2,['test'],"['testReport', 'tests']"
Testability,Build failed on ROOT-fedora30/cxx14.; [See console output](https://lcgapp-services.cern.ch/root-jenkins/job/root-pullrequests-build/71631/console).; ### Failing tests:; - [projectroot.roottest.root.dataframe.roottest_root_dataframe_test_splitcoll_arrayview](https://lcgapp-services.cern.ch/root-jenkins/job/root-pullrequests-build/71631/testReport/projectroot.roottest.root/dataframe/roottest_root_dataframe_test_splitcoll_arrayview/),MatchSource.ISSUE_COMMENT,root-project,root,v6-32-06,https://github.com/root-project/root/pull/5162#issuecomment-599239272:161,test,tests,161,https://root.cern,https://github.com/root-project/root/pull/5162#issuecomment-599239272,2,['test'],"['testReport', 'tests']"
Testability,Build failed on ROOT-fedora30/cxx14.; [See console output](https://lcgapp-services.cern.ch/root-jenkins/job/root-pullrequests-build/71639/console).; ### Failing tests:; - [projectroot.roottest.root.dataframe.roottest_root_dataframe_test_splitcoll_arrayview](https://lcgapp-services.cern.ch/root-jenkins/job/root-pullrequests-build/71639/testReport/projectroot.roottest.root/dataframe/roottest_root_dataframe_test_splitcoll_arrayview/),MatchSource.ISSUE_COMMENT,root-project,root,v6-32-06,https://github.com/root-project/root/pull/5161#issuecomment-599241211:161,test,tests,161,https://root.cern,https://github.com/root-project/root/pull/5161#issuecomment-599241211,2,['test'],"['testReport', 'tests']"
Testability,Build failed on ROOT-fedora30/cxx14.; [See console output](https://lcgapp-services.cern.ch/root-jenkins/job/root-pullrequests-build/71647/console).; ### Failing tests:; - [projectroot.roottest.root.dataframe.roottest_root_dataframe_test_splitcoll_arrayview](https://lcgapp-services.cern.ch/root-jenkins/job/root-pullrequests-build/71647/testReport/projectroot.roottest.root/dataframe/roottest_root_dataframe_test_splitcoll_arrayview/),MatchSource.ISSUE_COMMENT,root-project,root,v6-32-06,https://github.com/root-project/root/pull/5160#issuecomment-599244018:161,test,tests,161,https://root.cern,https://github.com/root-project/root/pull/5160#issuecomment-599244018,2,['test'],"['testReport', 'tests']"
Testability,Build failed on ROOT-fedora30/cxx14.; [See console output](https://lcgapp-services.cern.ch/root-jenkins/job/root-pullrequests-build/71655/console).; ### Failing tests:; - [projectroot.roottest.root.dataframe.roottest_root_dataframe_test_splitcoll_arrayview](https://lcgapp-services.cern.ch/root-jenkins/job/root-pullrequests-build/71655/testReport/projectroot.roottest.root/dataframe/roottest_root_dataframe_test_splitcoll_arrayview/),MatchSource.ISSUE_COMMENT,root-project,root,v6-32-06,https://github.com/root-project/root/pull/5158#issuecomment-599246984:161,test,tests,161,https://root.cern,https://github.com/root-project/root/pull/5158#issuecomment-599246984,2,['test'],"['testReport', 'tests']"
Testability,Build failed on ROOT-fedora30/cxx14.; [See console output](https://lcgapp-services.cern.ch/root-jenkins/job/root-pullrequests-build/71663/console).; ### Failing tests:; - [projectroot.roottest.root.dataframe.roottest_root_dataframe_test_splitcoll_arrayview](https://lcgapp-services.cern.ch/root-jenkins/job/root-pullrequests-build/71663/testReport/projectroot.roottest.root/dataframe/roottest_root_dataframe_test_splitcoll_arrayview/),MatchSource.ISSUE_COMMENT,root-project,root,v6-32-06,https://github.com/root-project/root/pull/5157#issuecomment-599248662:161,test,tests,161,https://root.cern,https://github.com/root-project/root/pull/5157#issuecomment-599248662,2,['test'],"['testReport', 'tests']"
Testability,Build failed on ROOT-fedora30/cxx14.; [See console output](https://lcgapp-services.cern.ch/root-jenkins/job/root-pullrequests-build/71687/console).; ### Failing tests:; - [projectroot.roottest.root.dataframe.roottest_root_dataframe_test_splitcoll_arrayview](https://lcgapp-services.cern.ch/root-jenkins/job/root-pullrequests-build/71687/testReport/projectroot.roottest.root/dataframe/roottest_root_dataframe_test_splitcoll_arrayview/),MatchSource.ISSUE_COMMENT,root-project,root,v6-32-06,https://github.com/root-project/root/pull/5123#issuecomment-599254147:161,test,tests,161,https://root.cern,https://github.com/root-project/root/pull/5123#issuecomment-599254147,2,['test'],"['testReport', 'tests']"
Testability,Build failed on ROOT-fedora30/cxx14.; [See console output](https://lcgapp-services.cern.ch/root-jenkins/job/root-pullrequests-build/71695/console).; ### Failing tests:; - [projectroot.roottest.root.dataframe.roottest_root_dataframe_test_splitcoll_arrayview](https://lcgapp-services.cern.ch/root-jenkins/job/root-pullrequests-build/71695/testReport/projectroot.roottest.root/dataframe/roottest_root_dataframe_test_splitcoll_arrayview/),MatchSource.ISSUE_COMMENT,root-project,root,v6-32-06,https://github.com/root-project/root/pull/5159#issuecomment-599432468:161,test,tests,161,https://root.cern,https://github.com/root-project/root/pull/5159#issuecomment-599432468,2,['test'],"['testReport', 'tests']"
Testability,Build failed on ROOT-fedora30/cxx14.; [See console output](https://lcgapp-services.cern.ch/root-jenkins/job/root-pullrequests-build/71711/console).; ### Failing tests:; - [projectroot.roottest.root.dataframe.roottest_root_dataframe_test_splitcoll_arrayview](https://lcgapp-services.cern.ch/root-jenkins/job/root-pullrequests-build/71711/testReport/projectroot.roottest.root/dataframe/roottest_root_dataframe_test_splitcoll_arrayview/),MatchSource.ISSUE_COMMENT,root-project,root,v6-32-06,https://github.com/root-project/root/pull/5108#issuecomment-599449962:161,test,tests,161,https://root.cern,https://github.com/root-project/root/pull/5108#issuecomment-599449962,2,['test'],"['testReport', 'tests']"
Testability,Build failed on ROOT-fedora30/cxx14.; [See console output](https://lcgapp-services.cern.ch/root-jenkins/job/root-pullrequests-build/71737/console).; ### Failing tests:; - [projectroot.roottest.cling.dict.roottest_cling_dict_rundefaultargs_compiled](https://lcgapp-services.cern.ch/root-jenkins/job/root-pullrequests-build/71737/testReport/projectroot.roottest.cling/dict/roottest_cling_dict_rundefaultargs_compiled/); - [projectroot.roottest.root.dataframe.roottest_root_dataframe_test_splitcoll_arrayview](https://lcgapp-services.cern.ch/root-jenkins/job/root-pullrequests-build/71737/testReport/projectroot.roottest.root/dataframe/roottest_root_dataframe_test_splitcoll_arrayview/),MatchSource.ISSUE_COMMENT,root-project,root,v6-32-06,https://github.com/root-project/root/pull/5154#issuecomment-599470037:161,test,tests,161,https://root.cern,https://github.com/root-project/root/pull/5154#issuecomment-599470037,3,['test'],"['testReport', 'tests']"
Testability,Build failed on ROOT-fedora30/cxx14.; [See console output](https://lcgapp-services.cern.ch/root-jenkins/job/root-pullrequests-build/71746/console).; ### Failing tests:; - [projectroot.roottest.root.dataframe.roottest_root_dataframe_test_splitcoll_arrayview](https://lcgapp-services.cern.ch/root-jenkins/job/root-pullrequests-build/71746/testReport/projectroot.roottest.root/dataframe/roottest_root_dataframe_test_splitcoll_arrayview/),MatchSource.ISSUE_COMMENT,root-project,root,v6-32-06,https://github.com/root-project/root/pull/5086#issuecomment-599476450:161,test,tests,161,https://root.cern,https://github.com/root-project/root/pull/5086#issuecomment-599476450,2,['test'],"['testReport', 'tests']"
Testability,Build failed on ROOT-fedora30/cxx14.; [See console output](https://lcgapp-services.cern.ch/root-jenkins/job/root-pullrequests-build/71754/console).; ### Warnings:. ### Failing tests:; - [projectroot.roottest.root.dataframe.roottest_root_dataframe_test_splitcoll_arrayview](https://lcgapp-services.cern.ch/root-jenkins/job/root-pullrequests-build/71754/testReport/projectroot.roottest.root/dataframe/roottest_root_dataframe_test_splitcoll_arrayview/),MatchSource.ISSUE_COMMENT,root-project,root,v6-32-06,https://github.com/root-project/root/pull/5163#issuecomment-599497745:176,test,tests,176,https://root.cern,https://github.com/root-project/root/pull/5163#issuecomment-599497745,2,['test'],"['testReport', 'tests']"
Testability,Build failed on ROOT-fedora30/cxx14.; [See console output](https://lcgapp-services.cern.ch/root-jenkins/job/root-pullrequests-build/71762/console).; ### Failing tests:; - [projectroot.roottest.root.dataframe.roottest_root_dataframe_test_splitcoll_arrayview](https://lcgapp-services.cern.ch/root-jenkins/job/root-pullrequests-build/71762/testReport/projectroot.roottest.root/dataframe/roottest_root_dataframe_test_splitcoll_arrayview/),MatchSource.ISSUE_COMMENT,root-project,root,v6-32-06,https://github.com/root-project/root/pull/5164#issuecomment-599513663:161,test,tests,161,https://root.cern,https://github.com/root-project/root/pull/5164#issuecomment-599513663,2,['test'],"['testReport', 'tests']"
Testability,Build failed on ROOT-fedora30/cxx14.; [See console output](https://lcgapp-services.cern.ch/root-jenkins/job/root-pullrequests-build/71770/console).; ### Failing tests:; - [projectroot.roottest.root.dataframe.roottest_root_dataframe_test_splitcoll_arrayview](https://lcgapp-services.cern.ch/root-jenkins/job/root-pullrequests-build/71770/testReport/projectroot.roottest.root/dataframe/roottest_root_dataframe_test_splitcoll_arrayview/),MatchSource.ISSUE_COMMENT,root-project,root,v6-32-06,https://github.com/root-project/root/pull/5165#issuecomment-599521152:161,test,tests,161,https://root.cern,https://github.com/root-project/root/pull/5165#issuecomment-599521152,2,['test'],"['testReport', 'tests']"
Testability,Build failed on ROOT-fedora30/cxx14.; [See console output](https://lcgapp-services.cern.ch/root-jenkins/job/root-pullrequests-build/71794/console).; ### Failing tests:; - [projectroot.roottest.scripts.roottest_scripts_utils](https://lcgapp-services.cern.ch/root-jenkins/job/root-pullrequests-build/71794/testReport/projectroot.roottest/scripts/roottest_scripts_utils/); - [projectroot.roottest.root.io.arrayobject.roottest_root_io_arrayobject_make](https://lcgapp-services.cern.ch/root-jenkins/job/root-pullrequests-build/71794/testReport/projectroot.roottest.root.io/arrayobject/roottest_root_io_arrayobject_make/); - [projectroot.roottest.root.io.clones.roottest_root_io_clones_make](https://lcgapp-services.cern.ch/root-jenkins/job/root-pullrequests-build/71794/testReport/projectroot.roottest.root.io/clones/roottest_root_io_clones_make/); - [projectroot.roottest.root.io.buffer.roottest_root_io_buffer_make](https://lcgapp-services.cern.ch/root-jenkins/job/root-pullrequests-build/71794/testReport/projectroot.roottest.root.io/buffer/roottest_root_io_buffer_make/); - [projectroot.roottest.root.io.alloc.roottest_root_io_alloc_make](https://lcgapp-services.cern.ch/root-jenkins/job/root-pullrequests-build/71794/testReport/projectroot.roottest.root.io/alloc/roottest_root_io_alloc_make/); - [projectroot.roottest.root.io.customCollection.roottest_root_io_customCollection_make](https://lcgapp-services.cern.ch/root-jenkins/job/root-pullrequests-build/71794/testReport/projectroot.roottest.root.io/customCollection/roottest_root_io_customCollection_make/); - [projectroot.roottest.root.io.directory.roottest_root_io_directory_make](https://lcgapp-services.cern.ch/root-jenkins/job/root-pullrequests-build/71794/testReport/projectroot.roottest.root.io/directory/roottest_root_io_directory_make/); - [projectroot.roottest.root.io.interface.roottest_root_io_interface_make](https://lcgapp-services.cern.ch/root-jenkins/job/root-pullrequests-build/71794/testReport/projectroot.roottest.root.io/interfa,MatchSource.ISSUE_COMMENT,root-project,root,v6-32-06,https://github.com/root-project/root/pull/5154#issuecomment-599545996:161,test,tests,161,https://root.cern,https://github.com/root-project/root/pull/5154#issuecomment-599545996,5,['test'],"['testReport', 'tests']"
Testability,Build failed on ROOT-fedora30/cxx14.; [See console output](https://lcgapp-services.cern.ch/root-jenkins/job/root-pullrequests-build/71802/console).; ### Failing tests:; - [projectroot.roottest.root.dataframe.roottest_root_dataframe_test_splitcoll_arrayview](https://lcgapp-services.cern.ch/root-jenkins/job/root-pullrequests-build/71802/testReport/projectroot.roottest.root/dataframe/roottest_root_dataframe_test_splitcoll_arrayview/),MatchSource.ISSUE_COMMENT,root-project,root,v6-32-06,https://github.com/root-project/root/pull/5148#issuecomment-599554331:161,test,tests,161,https://root.cern,https://github.com/root-project/root/pull/5148#issuecomment-599554331,2,['test'],"['testReport', 'tests']"
Testability,Build failed on ROOT-fedora30/cxx14.; [See console output](https://lcgapp-services.cern.ch/root-jenkins/job/root-pullrequests-build/71866/console).; ### Failing tests:; - [projectroot.tmva.tmva.test.DNN.RNN.TMVA_DNN_RNN_Backpropagation_Cpu](https://lcgapp-services.cern.ch/root-jenkins/job/root-pullrequests-build/71866/testReport/projectroot.tmva.tmva.test.DNN/RNN/TMVA_DNN_RNN_Backpropagation_Cpu/),MatchSource.ISSUE_COMMENT,root-project,root,v6-32-06,https://github.com/root-project/root/pull/5167#issuecomment-599663594:161,test,tests,161,https://root.cern,https://github.com/root-project/root/pull/5167#issuecomment-599663594,4,['test'],"['test', 'testReport', 'tests']"
Testability,Build failed on ROOT-fedora30/cxx14.; [See console output](https://lcgapp-services.cern.ch/root-jenkins/job/root-pullrequests-build/71986/console).; ### Failing tests:; - [projectroot.bindings.pyroot_experimental.pythonizations.test.pyunittests_pyroot_cppcallable](https://lcgapp-services.cern.ch/root-jenkins/job/root-pullrequests-build/71986/testReport/projectroot.bindings.pyroot_experimental.pythonizations/test/pyunittests_pyroot_cppcallable/),MatchSource.ISSUE_COMMENT,root-project,root,v6-32-06,https://github.com/root-project/root/pull/5083#issuecomment-600055943:161,test,tests,161,https://root.cern,https://github.com/root-project/root/pull/5083#issuecomment-600055943,4,['test'],"['test', 'testReport', 'tests']"
Testability,Build failed on ROOT-fedora30/cxx14.; [See console output](https://lcgapp-services.cern.ch/root-jenkins/job/root-pullrequests-build/71994/console).; ### Failing tests:; - [projectroot.bindings.pyroot_experimental.pythonizations.test.pyunittests_pyroot_cppcallable](https://lcgapp-services.cern.ch/root-jenkins/job/root-pullrequests-build/71994/testReport/projectroot.bindings.pyroot_experimental.pythonizations/test/pyunittests_pyroot_cppcallable/),MatchSource.ISSUE_COMMENT,root-project,root,v6-32-06,https://github.com/root-project/root/pull/5083#issuecomment-600105140:161,test,tests,161,https://root.cern,https://github.com/root-project/root/pull/5083#issuecomment-600105140,4,['test'],"['test', 'testReport', 'tests']"
Testability,Build failed on ROOT-fedora30/cxx14.; [See console output](https://lcgapp-services.cern.ch/root-jenkins/job/root-pullrequests-build/72002/console).; ### Failing tests:; - [projectroot.bindings.pyroot_experimental.pythonizations.test.pyunittests_pyroot_cppcallable](https://lcgapp-services.cern.ch/root-jenkins/job/root-pullrequests-build/72002/testReport/projectroot.bindings.pyroot_experimental.pythonizations/test/pyunittests_pyroot_cppcallable/),MatchSource.ISSUE_COMMENT,root-project,root,v6-32-06,https://github.com/root-project/root/pull/5083#issuecomment-600168125:161,test,tests,161,https://root.cern,https://github.com/root-project/root/pull/5083#issuecomment-600168125,4,['test'],"['test', 'testReport', 'tests']"
Testability,Build failed on ROOT-fedora30/cxx14.; [See console output](https://lcgapp-services.cern.ch/root-jenkins/job/root-pullrequests-build/72034/console).; ### Failing tests:; - [projectroot.roottest.root.dataframe.roottest_root_dataframe_test_splitcoll_arrayview](https://lcgapp-services.cern.ch/root-jenkins/job/root-pullrequests-build/72034/testReport/projectroot.roottest.root/dataframe/roottest_root_dataframe_test_splitcoll_arrayview/),MatchSource.ISSUE_COMMENT,root-project,root,v6-32-06,https://github.com/root-project/root/pull/5171#issuecomment-600200268:161,test,tests,161,https://root.cern,https://github.com/root-project/root/pull/5171#issuecomment-600200268,2,['test'],"['testReport', 'tests']"
Testability,Build failed on ROOT-fedora30/cxx14.; [See console output](https://lcgapp-services.cern.ch/root-jenkins/job/root-pullrequests-build/72042/console).; ### Failing tests:; - [projectroot.bindings.pyroot_experimental.pythonizations.test.pyunittests_pyroot_cppcallable](https://lcgapp-services.cern.ch/root-jenkins/job/root-pullrequests-build/72042/testReport/projectroot.bindings.pyroot_experimental.pythonizations/test/pyunittests_pyroot_cppcallable/),MatchSource.ISSUE_COMMENT,root-project,root,v6-32-06,https://github.com/root-project/root/pull/5083#issuecomment-600246955:161,test,tests,161,https://root.cern,https://github.com/root-project/root/pull/5083#issuecomment-600246955,4,['test'],"['test', 'testReport', 'tests']"
Testability,Build failed on ROOT-fedora30/cxx14.; [See console output](https://lcgapp-services.cern.ch/root-jenkins/job/root-pullrequests-build/72058/console).; ### Failing tests:; - [projectroot.roottest.root.io.alloc.roottest_root_io_alloc_make](https://lcgapp-services.cern.ch/root-jenkins/job/root-pullrequests-build/72058/testReport/projectroot.roottest.root.io/alloc/roottest_root_io_alloc_make/); - [projectroot.roottest.root.io.customCollection.roottest_root_io_customCollection_make](https://lcgapp-services.cern.ch/root-jenkins/job/root-pullrequests-build/72058/testReport/projectroot.roottest.root.io/customCollection/roottest_root_io_customCollection_make/); - [projectroot.roottest.root.meta.tclass.roottest_root_meta_tclass_execReadSimplePair](https://lcgapp-services.cern.ch/root-jenkins/job/root-pullrequests-build/72058/testReport/projectroot.roottest.root.meta/tclass/roottest_root_meta_tclass_execReadSimplePair/); - [projectroot.roottest.root.treeformula.string.roottest_root_treeformula_string_make](https://lcgapp-services.cern.ch/root-jenkins/job/root-pullrequests-build/72058/testReport/projectroot.roottest.root.treeformula/string/roottest_root_treeformula_string_make/),MatchSource.ISSUE_COMMENT,root-project,root,v6-32-06,https://github.com/root-project/root/pull/1306#issuecomment-600535198:161,test,tests,161,https://root.cern,https://github.com/root-project/root/pull/1306#issuecomment-600535198,5,['test'],"['testReport', 'tests']"
Testability,Build failed on ROOT-fedora30/cxx14.; [See console output](https://lcgapp-services.cern.ch/root-jenkins/job/root-pullrequests-build/72074/console).; ### Failing tests:; - [projectroot.test.test_stressIOPlugins_xroot](https://lcgapp-services.cern.ch/root-jenkins/job/root-pullrequests-build/72074/testReport/projectroot/test/test_stressIOPlugins_xroot/); - [projectroot.tree.treeplayer.test.gtest_tree_treeplayer_test_treeprocessormt](https://lcgapp-services.cern.ch/root-jenkins/job/root-pullrequests-build/72074/testReport/projectroot.tree.treeplayer/test/gtest_tree_treeplayer_test_treeprocessormt/),MatchSource.ISSUE_COMMENT,root-project,root,v6-32-06,https://github.com/root-project/root/pull/5173#issuecomment-600550382:161,test,tests,161,https://root.cern,https://github.com/root-project/root/pull/5173#issuecomment-600550382,7,['test'],"['test', 'testReport', 'tests']"
Testability,Build failed on ROOT-fedora30/cxx14.; [See console output](https://lcgapp-services.cern.ch/root-jenkins/job/root-pullrequests-build/72202/console).; ### Failing tests:; - [projectroot.roottest.root.dataframe.roottest_root_dataframe_test_splitcoll_arrayview](https://lcgapp-services.cern.ch/root-jenkins/job/root-pullrequests-build/72202/testReport/projectroot.roottest.root/dataframe/roottest_root_dataframe_test_splitcoll_arrayview/),MatchSource.ISSUE_COMMENT,root-project,root,v6-32-06,https://github.com/root-project/root/pull/5178#issuecomment-601070432:161,test,tests,161,https://root.cern,https://github.com/root-project/root/pull/5178#issuecomment-601070432,2,['test'],"['testReport', 'tests']"
Testability,Build failed on ROOT-fedora30/cxx14.; [See console output](https://lcgapp-services.cern.ch/root-jenkins/job/root-pullrequests-build/72258/console).; ### Failing tests:; - [projectroot.roottest.root.dataframe.roottest_root_dataframe_test_splitcoll_arrayview](https://lcgapp-services.cern.ch/root-jenkins/job/root-pullrequests-build/72258/testReport/projectroot.roottest.root/dataframe/roottest_root_dataframe_test_splitcoll_arrayview/),MatchSource.ISSUE_COMMENT,root-project,root,v6-32-06,https://github.com/root-project/root/pull/5178#issuecomment-601146248:161,test,tests,161,https://root.cern,https://github.com/root-project/root/pull/5178#issuecomment-601146248,2,['test'],"['testReport', 'tests']"
Testability,Build failed on ROOT-fedora30/cxx14.; [See console output](https://lcgapp-services.cern.ch/root-jenkins/job/root-pullrequests-build/72322/console).; ### Failing tests:; - [projectroot.roottest.root.meta.roottest_root_meta_countIncludePaths](https://lcgapp-services.cern.ch/root-jenkins/job/root-pullrequests-build/72322/testReport/projectroot.roottest.root/meta/roottest_root_meta_countIncludePaths/),MatchSource.ISSUE_COMMENT,root-project,root,v6-32-06,https://github.com/root-project/root/pull/5181#issuecomment-601316204:161,test,tests,161,https://root.cern,https://github.com/root-project/root/pull/5181#issuecomment-601316204,2,['test'],"['testReport', 'tests']"
Testability,Build failed on ROOT-fedora30/cxx14.; [See console output](https://lcgapp-services.cern.ch/root-jenkins/job/root-pullrequests-build/72387/console).; ### Failing tests:; - [projectroot.roottest.root.meta.roottest_root_meta_countIncludePaths](https://lcgapp-services.cern.ch/root-jenkins/job/root-pullrequests-build/72387/testReport/projectroot.roottest.root/meta/roottest_root_meta_countIncludePaths/),MatchSource.ISSUE_COMMENT,root-project,root,v6-32-06,https://github.com/root-project/root/pull/5181#issuecomment-601658360:161,test,tests,161,https://root.cern,https://github.com/root-project/root/pull/5181#issuecomment-601658360,2,['test'],"['testReport', 'tests']"
Testability,Build failed on ROOT-fedora30/cxx14.; [See console output](https://lcgapp-services.cern.ch/root-jenkins/job/root-pullrequests-build/72427/console).; ### Failing tests:; - [projectroot.roottest.root.meta.roottest_root_meta_countIncludePaths](https://lcgapp-services.cern.ch/root-jenkins/job/root-pullrequests-build/72427/testReport/projectroot.roottest.root/meta/roottest_root_meta_countIncludePaths/),MatchSource.ISSUE_COMMENT,root-project,root,v6-32-06,https://github.com/root-project/root/pull/5181#issuecomment-601684351:161,test,tests,161,https://root.cern,https://github.com/root-project/root/pull/5181#issuecomment-601684351,2,['test'],"['testReport', 'tests']"
Testability,Build failed on ROOT-fedora30/cxx14.; [See console output](https://lcgapp-services.cern.ch/root-jenkins/job/root-pullrequests-build/72499/console).; ### Failing tests:; - [projectroot.hist.histv7.test.gtest_hist_histv7_test_histhistv7testUnit](https://lcgapp-services.cern.ch/root-jenkins/job/root-pullrequests-build/72499/testReport/projectroot.hist.histv7/test/gtest_hist_histv7_test_histhistv7testUnit/),MatchSource.ISSUE_COMMENT,root-project,root,v6-32-06,https://github.com/root-project/root/pull/5190#issuecomment-601843774:161,test,tests,161,https://root.cern,https://github.com/root-project/root/pull/5190#issuecomment-601843774,4,['test'],"['test', 'testReport', 'tests']"
Testability,Build failed on ROOT-fedora30/cxx14.; [See console output](https://lcgapp-services.cern.ch/root-jenkins/job/root-pullrequests-build/72507/console).; ### Failing tests:; - [projectroot.roottest.root.aclic.misc.roottest_root_aclic_misc_runrelpath](https://lcgapp-services.cern.ch/root-jenkins/job/root-pullrequests-build/72507/testReport/projectroot.roottest.root.aclic/misc/roottest_root_aclic_misc_runrelpath/),MatchSource.ISSUE_COMMENT,root-project,root,v6-32-06,https://github.com/root-project/root/pull/5181#issuecomment-601859130:161,test,tests,161,https://root.cern,https://github.com/root-project/root/pull/5181#issuecomment-601859130,2,['test'],"['testReport', 'tests']"
Testability,Build failed on ROOT-fedora30/cxx14.; [See console output](https://lcgapp-services.cern.ch/root-jenkins/job/root-pullrequests-build/72539/console).; ### Failing tests:; - [projectroot.roottest.root.aclic.misc.roottest_root_aclic_misc_runrelpath](https://lcgapp-services.cern.ch/root-jenkins/job/root-pullrequests-build/72539/testReport/projectroot.roottest.root.aclic/misc/roottest_root_aclic_misc_runrelpath/),MatchSource.ISSUE_COMMENT,root-project,root,v6-32-06,https://github.com/root-project/root/pull/5181#issuecomment-601917971:161,test,tests,161,https://root.cern,https://github.com/root-project/root/pull/5181#issuecomment-601917971,2,['test'],"['testReport', 'tests']"
Testability,Build failed on ROOT-fedora30/cxx14.; [See console output](https://lcgapp-services.cern.ch/root-jenkins/job/root-pullrequests-build/72563/console).; ### Failing tests:; - [projectroot.roottest.root.aclic.misc.roottest_root_aclic_misc_runrelpath](https://lcgapp-services.cern.ch/root-jenkins/job/root-pullrequests-build/72563/testReport/projectroot.roottest.root.aclic/misc/roottest_root_aclic_misc_runrelpath/),MatchSource.ISSUE_COMMENT,root-project,root,v6-32-06,https://github.com/root-project/root/pull/5181#issuecomment-601936133:161,test,tests,161,https://root.cern,https://github.com/root-project/root/pull/5181#issuecomment-601936133,2,['test'],"['testReport', 'tests']"
Testability,Build failed on ROOT-fedora30/cxx14.; [See console output](https://lcgapp-services.cern.ch/root-jenkins/job/root-pullrequests-build/72571/console).; ### Failing tests:; - [projectroot.roottest.root.aclic.misc.roottest_root_aclic_misc_runrelpath](https://lcgapp-services.cern.ch/root-jenkins/job/root-pullrequests-build/72571/testReport/projectroot.roottest.root.aclic/misc/roottest_root_aclic_misc_runrelpath/),MatchSource.ISSUE_COMMENT,root-project,root,v6-32-06,https://github.com/root-project/root/pull/5181#issuecomment-601950257:161,test,tests,161,https://root.cern,https://github.com/root-project/root/pull/5181#issuecomment-601950257,2,['test'],"['testReport', 'tests']"
Testability,Build failed on ROOT-fedora30/cxx14.; [See console output](https://lcgapp-services.cern.ch/root-jenkins/job/root-pullrequests-build/72595/console).; ### Failing tests:; - [projectroot.roottest.root.aclic.misc.roottest_root_aclic_misc_runrelpath](https://lcgapp-services.cern.ch/root-jenkins/job/root-pullrequests-build/72595/testReport/projectroot.roottest.root.aclic/misc/roottest_root_aclic_misc_runrelpath/),MatchSource.ISSUE_COMMENT,root-project,root,v6-32-06,https://github.com/root-project/root/pull/5181#issuecomment-602063565:161,test,tests,161,https://root.cern,https://github.com/root-project/root/pull/5181#issuecomment-602063565,2,['test'],"['testReport', 'tests']"
Testability,Build failed on ROOT-fedora30/cxx14.; [See console output](https://lcgapp-services.cern.ch/root-jenkins/job/root-pullrequests-build/72974/console).; ### Failing tests:; - [projectroot.roottest.root.dataframe.roottest_root_dataframe_test_chainZombieFile](https://lcgapp-services.cern.ch/root-jenkins/job/root-pullrequests-build/72974/testReport/projectroot.roottest.root/dataframe/roottest_root_dataframe_test_chainZombieFile/); - [projectroot.roottest.root.dataframe.roottest_root_dataframe_typeguessing](https://lcgapp-services.cern.ch/root-jenkins/job/root-pullrequests-build/72974/testReport/projectroot.roottest.root/dataframe/roottest_root_dataframe_typeguessing/),MatchSource.ISSUE_COMMENT,root-project,root,v6-32-06,https://github.com/root-project/root/pull/5207#issuecomment-603126754:161,test,tests,161,https://root.cern,https://github.com/root-project/root/pull/5207#issuecomment-603126754,3,['test'],"['testReport', 'tests']"
Testability,Build failed on ROOT-fedora30/cxx14.; [See console output](https://lcgapp-services.cern.ch/root-jenkins/job/root-pullrequests-build/73023/console).; ### Warnings:. ### Failing tests:; - [projectroot.hist.histv7.test.gtest_hist_histv7_test_histhistv7testUnit](https://lcgapp-services.cern.ch/root-jenkins/job/root-pullrequests-build/73023/testReport/projectroot.hist.histv7/test/gtest_hist_histv7_test_histhistv7testUnit/),MatchSource.ISSUE_COMMENT,root-project,root,v6-32-06,https://github.com/root-project/root/pull/5190#issuecomment-603199579:176,test,tests,176,https://root.cern,https://github.com/root-project/root/pull/5190#issuecomment-603199579,4,['test'],"['test', 'testReport', 'tests']"
Testability,Build failed on ROOT-fedora30/cxx14.; [See console output](https://lcgapp-services.cern.ch/root-jenkins/job/root-pullrequests-build/73079/console).; ### Failing tests:; - [projectroot.roottest.root.meta.genreflex.rootPCMs.roottest_root_meta_genreflex_rootPCMs_execFindBackPCMNames](https://lcgapp-services.cern.ch/root-jenkins/job/root-pullrequests-build/73079/testReport/projectroot.roottest.root.meta.genreflex/rootPCMs/roottest_root_meta_genreflex_rootPCMs_execFindBackPCMNames/),MatchSource.ISSUE_COMMENT,root-project,root,v6-32-06,https://github.com/root-project/root/pull/5211#issuecomment-603266996:161,test,tests,161,https://root.cern,https://github.com/root-project/root/pull/5211#issuecomment-603266996,2,['test'],"['testReport', 'tests']"
Testability,Build failed on ROOT-fedora30/cxx14.; [See console output](https://lcgapp-services.cern.ch/root-jenkins/job/root-pullrequests-build/73119/console).; ### Warnings:. ### Failing tests:; - [projectroot.hist.histv7.test.gtest_hist_histv7_test_histhistv7testUnit](https://lcgapp-services.cern.ch/root-jenkins/job/root-pullrequests-build/73119/testReport/projectroot.hist.histv7/test/gtest_hist_histv7_test_histhistv7testUnit/),MatchSource.ISSUE_COMMENT,root-project,root,v6-32-06,https://github.com/root-project/root/pull/5190#issuecomment-603356523:176,test,tests,176,https://root.cern,https://github.com/root-project/root/pull/5190#issuecomment-603356523,4,['test'],"['test', 'testReport', 'tests']"
Testability,Build failed on ROOT-fedora30/cxx14.; [See console output](https://lcgapp-services.cern.ch/root-jenkins/job/root-pullrequests-build/73271/console).; ### Failing tests:; - [projectroot.math.minuit2.test.minuit2_testMinimizer](https://lcgapp-services.cern.ch/root-jenkins/job/root-pullrequests-build/73271/testReport/projectroot.math.minuit2/test/minuit2_testMinimizer/); - [projectroot.roottest.root.roofitstats.gtesttest_root_roofitstats_stabilityTests](https://lcgapp-services.cern.ch/root-jenkins/job/root-pullrequests-build/73271/testReport/projectroot.roottest.root/roofitstats/gtesttest_root_roofitstats_stabilityTests/),MatchSource.ISSUE_COMMENT,root-project,root,v6-32-06,https://github.com/root-project/root/pull/5216#issuecomment-603937398:161,test,tests,161,https://root.cern,https://github.com/root-project/root/pull/5216#issuecomment-603937398,5,['test'],"['test', 'testReport', 'tests']"
Testability,Build failed on ROOT-fedora30/cxx14.; [See console output](https://lcgapp-services.cern.ch/root-jenkins/job/root-pullrequests-build/73559/console).; ### Failing tests:; - [projectroot.graf2d.gpadv7.test.gtest_graf2d_gpadv7_test_graf2dgpadv7testUnit](https://lcgapp-services.cern.ch/root-jenkins/job/root-pullrequests-build/73559/testReport/projectroot.graf2d.gpadv7/test/gtest_graf2d_gpadv7_test_graf2dgpadv7testUnit/); - [projectroot.tree.dataframe.test.gtest_tree_dataframe_test_dataframe_histomodels](https://lcgapp-services.cern.ch/root-jenkins/job/root-pullrequests-build/73559/testReport/projectroot.tree.dataframe/test/gtest_tree_dataframe_test_dataframe_histomodels/); - [projectroot.tree.ntuple.v7.test.gtest_tree__v7_test_ntuple](https://lcgapp-services.cern.ch/root-jenkins/job/root-pullrequests-build/73559/testReport/projectroot.tree.ntuple.v7/test/gtest_tree__v7_test_ntuple/); - [projectroot.roottest.root.dataframe.roottest_root_dataframe_test_trainCache](https://lcgapp-services.cern.ch/root-jenkins/job/root-pullrequests-build/73559/testReport/projectroot.roottest.root/dataframe/roottest_root_dataframe_test_trainCache/); - [projectroot.roottest.root.dataframe.roottest_root_dataframe_test_chainZombieFile](https://lcgapp-services.cern.ch/root-jenkins/job/root-pullrequests-build/73559/testReport/projectroot.roottest.root/dataframe/roottest_root_dataframe_test_chainZombieFile/); - [projectroot.roottest.root.dataframe.roottest_root_dataframe_regression_multipletriggerrun](https://lcgapp-services.cern.ch/root-jenkins/job/root-pullrequests-build/73559/testReport/projectroot.roottest.root/dataframe/roottest_root_dataframe_regression_multipletriggerrun/); - [projectroot.roottest.root.dataframe.roottest_root_dataframe_typeguessing](https://lcgapp-services.cern.ch/root-jenkins/job/root-pullrequests-build/73559/testReport/projectroot.roottest.root/dataframe/roottest_root_dataframe_typeguessing/); - [projectroot.test.test_stressmathcore_interpreted](https://lcgapp-services.cern,MatchSource.ISSUE_COMMENT,root-project,root,v6-32-06,https://github.com/root-project/root/pull/5094#issuecomment-604670641:161,test,tests,161,https://root.cern,https://github.com/root-project/root/pull/5094#issuecomment-604670641,10,['test'],"['test', 'testReport', 'tests']"
Testability,Build failed on ROOT-fedora30/cxx14.; [See console output](https://lcgapp-services.cern.ch/root-jenkins/job/root-pullrequests-build/73679/console).; ### Failing tests:; - [projectroot.roottest.root.tree.cloning.roottest_root_tree_cloning_runtreeCloneTest2](https://lcgapp-services.cern.ch/root-jenkins/job/root-pullrequests-build/73679/testReport/projectroot.roottest.root.tree/cloning/roottest_root_tree_cloning_runtreeCloneTest2/); - [projectroot.roottest.root.tree.cloning.roottest_root_tree_cloning_exectrim](https://lcgapp-services.cern.ch/root-jenkins/job/root-pullrequests-build/73679/testReport/projectroot.roottest.root.tree/cloning/roottest_root_tree_cloning_exectrim/); - [projectroot.roottest.root.tree.cloning.roottest_root_tree_cloning_treeCloneTest](https://lcgapp-services.cern.ch/root-jenkins/job/root-pullrequests-build/73679/testReport/projectroot.roottest.root.tree/cloning/roottest_root_tree_cloning_treeCloneTest/); - [projectroot.roottest.root.tree.cloning.roottest_root_tree_cloning_mergeWithDir](https://lcgapp-services.cern.ch/root-jenkins/job/root-pullrequests-build/73679/testReport/projectroot.roottest.root.tree/cloning/roottest_root_tree_cloning_mergeWithDir/); - [projectroot.roottest.root.tree.cloning.roottest_root_tree_cloning_deepClass](https://lcgapp-services.cern.ch/root-jenkins/job/root-pullrequests-build/73679/testReport/projectroot.roottest.root.tree/cloning/roottest_root_tree_cloning_deepClass/); - [projectroot.roottest.root.tree.cloning.roottest_root_tree_cloning_index](https://lcgapp-services.cern.ch/root-jenkins/job/root-pullrequests-build/73679/testReport/projectroot.roottest.root.tree/cloning/roottest_root_tree_cloning_index/); - [projectroot.roottest.root.tree.cloning.roottest_root_tree_cloning_assertBranchCount](https://lcgapp-services.cern.ch/root-jenkins/job/root-pullrequests-build/73679/testReport/projectroot.roottest.root.tree/cloning/roottest_root_tree_cloning_assertBranchCount/); - [projectroot.roottest.root.meta.MakeProject.roottes,MatchSource.ISSUE_COMMENT,root-project,root,v6-32-06,https://github.com/root-project/root/pull/5235#issuecomment-604980891:161,test,tests,161,https://root.cern,https://github.com/root-project/root/pull/5235#issuecomment-604980891,4,['test'],"['testReport', 'tests']"
Testability,Build failed on ROOT-fedora30/cxx14.; [See console output](https://lcgapp-services.cern.ch/root-jenkins/job/root-pullrequests-build/73786/console).; ### Failing tests:; - [projectroot.test.test_stressmathcore_interpreted](https://lcgapp-services.cern.ch/root-jenkins/job/root-pullrequests-build/73786/testReport/projectroot/test/test_stressmathcore_interpreted/); - [projectroot.test.test_stresshistofit_interpreted](https://lcgapp-services.cern.ch/root-jenkins/job/root-pullrequests-build/73786/testReport/projectroot/test/test_stresshistofit_interpreted/); - [projectroot.graf2d.gpadv7.test.gtest_graf2d_gpadv7_test_graf2dgpadv7testUnit](https://lcgapp-services.cern.ch/root-jenkins/job/root-pullrequests-build/73786/testReport/projectroot.graf2d.gpadv7/test/gtest_graf2d_gpadv7_test_graf2dgpadv7testUnit/); - [projectroot.roottest.root.dataframe.roottest_root_dataframe_test_trainCache](https://lcgapp-services.cern.ch/root-jenkins/job/root-pullrequests-build/73786/testReport/projectroot.roottest.root/dataframe/roottest_root_dataframe_test_trainCache/); - [projectroot.roottest.root.dataframe.roottest_root_dataframe_test_chainZombieFile](https://lcgapp-services.cern.ch/root-jenkins/job/root-pullrequests-build/73786/testReport/projectroot.roottest.root/dataframe/roottest_root_dataframe_test_chainZombieFile/); - [projectroot.roottest.root.dataframe.roottest_root_dataframe_typeguessing](https://lcgapp-services.cern.ch/root-jenkins/job/root-pullrequests-build/73786/testReport/projectroot.roottest.root/dataframe/roottest_root_dataframe_typeguessing/); - [projectroot.roottest.root.dataframe.roottest_root_dataframe_regression_multipletriggerrun](https://lcgapp-services.cern.ch/root-jenkins/job/root-pullrequests-build/73786/testReport/projectroot.roottest.root/dataframe/roottest_root_dataframe_regression_multipletriggerrun/); - [projectroot.tree.dataframe.test.gtest_tree_dataframe_test_dataframe_histomodels](https://lcgapp-services.cern.ch/root-jenkins/job/root-pullrequests-build/73786/,MatchSource.ISSUE_COMMENT,root-project,root,v6-32-06,https://github.com/root-project/root/pull/5094#issuecomment-605467184:161,test,tests,161,https://root.cern,https://github.com/root-project/root/pull/5094#issuecomment-605467184,11,['test'],"['test', 'testReport', 'tests']"
Testability,Build failed on ROOT-fedora30/cxx14.; [See console output](https://lcgapp-services.cern.ch/root-jenkins/job/root-pullrequests-build/73802/console).; ### Failing tests:; - [projectroot.test.test_stressmathcore_interpreted](https://lcgapp-services.cern.ch/root-jenkins/job/root-pullrequests-build/73802/testReport/projectroot/test/test_stressmathcore_interpreted/); - [projectroot.test.test_stresshistofit_interpreted](https://lcgapp-services.cern.ch/root-jenkins/job/root-pullrequests-build/73802/testReport/projectroot/test/test_stresshistofit_interpreted/); - [projectroot.graf2d.gpadv7.test.gtest_graf2d_gpadv7_test_graf2dgpadv7testUnit](https://lcgapp-services.cern.ch/root-jenkins/job/root-pullrequests-build/73802/testReport/projectroot.graf2d.gpadv7/test/gtest_graf2d_gpadv7_test_graf2dgpadv7testUnit/); - [projectroot.roottest.root.dataframe.roottest_root_dataframe_test_trainCache](https://lcgapp-services.cern.ch/root-jenkins/job/root-pullrequests-build/73802/testReport/projectroot.roottest.root/dataframe/roottest_root_dataframe_test_trainCache/); - [projectroot.roottest.root.dataframe.roottest_root_dataframe_test_chainZombieFile](https://lcgapp-services.cern.ch/root-jenkins/job/root-pullrequests-build/73802/testReport/projectroot.roottest.root/dataframe/roottest_root_dataframe_test_chainZombieFile/); - [projectroot.roottest.root.dataframe.roottest_root_dataframe_typeguessing](https://lcgapp-services.cern.ch/root-jenkins/job/root-pullrequests-build/73802/testReport/projectroot.roottest.root/dataframe/roottest_root_dataframe_typeguessing/); - [projectroot.roottest.root.dataframe.roottest_root_dataframe_regression_multipletriggerrun](https://lcgapp-services.cern.ch/root-jenkins/job/root-pullrequests-build/73802/testReport/projectroot.roottest.root/dataframe/roottest_root_dataframe_regression_multipletriggerrun/); - [projectroot.tree.dataframe.test.gtest_tree_dataframe_test_dataframe_histomodels](https://lcgapp-services.cern.ch/root-jenkins/job/root-pullrequests-build/73802/,MatchSource.ISSUE_COMMENT,root-project,root,v6-32-06,https://github.com/root-project/root/pull/5094#issuecomment-605490783:161,test,tests,161,https://root.cern,https://github.com/root-project/root/pull/5094#issuecomment-605490783,11,['test'],"['test', 'testReport', 'tests']"
Testability,Build failed on ROOT-fedora31/noimt.; Running Allocate node on root-jenkins-01.cern.ch:/var/lib/jenkins/workspace/root-pullrequests-build; Running Allocate node on root-fedora-31-1.cern.ch:/build/workspace/root-pullrequests-build; [See cdash](http://cdash.cern.ch/index.php?project=ROOT&filtercount=1&field1=buildname/string&compare1=65&value1=PR-5412-ROOT-fedora31-noimt&date=2020-04-21).; [See console output](https://lcgapp-services.cern.ch/root-jenkins/job/root-pullrequests-build/77697/console).; ### Failing tests:; - [projectroot.math.foam.test.gtest_math_foam_test_testTFoam](https://lcgapp-services.cern.ch/root-jenkins/job/root-pullrequests-build/77697/testReport/projectroot.math.foam/test/gtest_math_foam_test_testTFoam/),MatchSource.ISSUE_COMMENT,root-project,root,v6-32-06,https://github.com/root-project/root/pull/5412#issuecomment-617239019:514,test,tests,514,https://root.cern,https://github.com/root-project/root/pull/5412#issuecomment-617239019,4,['test'],"['test', 'testReport', 'tests']"
Testability,Build failed on ROOT-fedora31/noimt.; Running on root-fedora-31-1.cern.ch:/build/workspace/root-pullrequests-build; [See cdash](http://cdash.cern.ch/index.php?project=ROOT&filtercount=1&field1=buildname/string&compare1=65&value1=PR-2703-ROOT-fedora31-noimt&date=2020-05-22).; [See console output](https://lcgapp-services.cern.ch/root-jenkins/job/root-pullrequests-build/83196/console).; ### Failing tests:; - [projectroot.roottest.root.multicore.roottest_root_multicore_tclass_methods_libgen_build](https://lcgapp-services.cern.ch/root-jenkins/job/root-pullrequests-build/83196/testReport/projectroot.roottest.root/multicore/roottest_root_multicore_tclass_methods_libgen_build/); - [projectroot.roottest.root.multicore.roottest_root_multicore_fork](https://lcgapp-services.cern.ch/root-jenkins/job/root-pullrequests-build/83196/testReport/projectroot.roottest.root/multicore/roottest_root_multicore_fork/),MatchSource.ISSUE_COMMENT,root-project,root,v6-32-06,https://github.com/root-project/root/pull/2703#issuecomment-632750747:399,test,tests,399,https://root.cern,https://github.com/root-project/root/pull/2703#issuecomment-632750747,3,['test'],"['testReport', 'tests']"
Testability,Build failed on ROOT-fedora31/noimt.; Running on root-fedora-31-1.cern.ch:/build/workspace/root-pullrequests-build; [See cdash](http://cdash.cern.ch/index.php?project=ROOT&filtercount=1&field1=buildname/string&compare1=65&value1=PR-3760-ROOT-fedora31-noimt&date=2020-05-06).; [See console output](https://lcgapp-services.cern.ch/root-jenkins/job/root-pullrequests-build/80796/console).; ### Errors:; - [2020-05-06T15:27:23.723Z] 654/1983 Test #346: tutorial-dataframe-df103_NanoAODHiggsAnalysis .....................................................***Failed Error regular expression found in output. Regex=[: error:] 1.99 sec . ### Failing tests:; - [projectroot.runtutorials.tutorial_dataframe_df103_NanoAODHiggsAnalysis](https://lcgapp-services.cern.ch/root-jenkins/job/root-pullrequests-build/80796/testReport/projectroot/runtutorials/tutorial_dataframe_df103_NanoAODHiggsAnalysis/),MatchSource.ISSUE_COMMENT,root-project,root,v6-32-06,https://github.com/root-project/root/pull/3760#issuecomment-624723977:438,Test,Test,438,https://root.cern,https://github.com/root-project/root/pull/3760#issuecomment-624723977,3,"['Test', 'test']","['Test', 'testReport', 'tests']"
Testability,Build failed on ROOT-fedora31/noimt.; Running on root-fedora-31-1.cern.ch:/build/workspace/root-pullrequests-build; [See cdash](http://cdash.cern.ch/index.php?project=ROOT&filtercount=1&field1=buildname/string&compare1=65&value1=PR-3760-ROOT-fedora31-noimt&date=2020-05-18).; [See console output](https://lcgapp-services.cern.ch/root-jenkins/job/root-pullrequests-build/82639/console).; ### Failing tests:; - [projectroot.roottest.root.io.filemerger.roottest_root_io_filemerger_simple_zlib_compr_level6](https://lcgapp-services.cern.ch/root-jenkins/job/root-pullrequests-build/82639/testReport/projectroot.roottest.root.io/filemerger/roottest_root_io_filemerger_simple_zlib_compr_level6/); - [projectroot.roottest.root.io.filemerger.roottest_root_io_filemerger_simplex2_zlib_compr_level9](https://lcgapp-services.cern.ch/root-jenkins/job/root-pullrequests-build/82639/testReport/projectroot.roottest.root.io/filemerger/roottest_root_io_filemerger_simplex2_zlib_compr_level9/); - [projectroot.roottest.root.io.filemerger.roottest_root_io_filemerger_simple_lz4_compr_level1](https://lcgapp-services.cern.ch/root-jenkins/job/root-pullrequests-build/82639/testReport/projectroot.roottest.root.io/filemerger/roottest_root_io_filemerger_simple_lz4_compr_level1/); - [projectroot.roottest.root.io.filemerger.roottest_root_io_filemerger_simplef_default_compr_level9](https://lcgapp-services.cern.ch/root-jenkins/job/root-pullrequests-build/82639/testReport/projectroot.roottest.root.io/filemerger/roottest_root_io_filemerger_simplef_default_compr_level9/),MatchSource.ISSUE_COMMENT,root-project,root,v6-32-06,https://github.com/root-project/root/pull/3760#issuecomment-630227316:399,test,tests,399,https://root.cern,https://github.com/root-project/root/pull/3760#issuecomment-630227316,5,['test'],"['testReport', 'tests']"
Testability,Build failed on ROOT-fedora31/noimt.; Running on root-fedora-31-1.cern.ch:/build/workspace/root-pullrequests-build; [See cdash](http://cdash.cern.ch/index.php?project=ROOT&filtercount=1&field1=buildname/string&compare1=65&value1=PR-4717-ROOT-fedora31-noimt&date=2020-04-28).; [See console output](https://lcgapp-services.cern.ch/root-jenkins/job/root-pullrequests-build/79154/console).; ### Failing tests:; - [projectroot.roottest.root.multicore.roottest_root_multicore_tclass_methods_libgen_build](https://lcgapp-services.cern.ch/root-jenkins/job/root-pullrequests-build/79154/testReport/projectroot.roottest.root/multicore/roottest_root_multicore_tclass_methods_libgen_build/); - [projectroot.roottest.root.multicore.roottest_root_multicore_fork](https://lcgapp-services.cern.ch/root-jenkins/job/root-pullrequests-build/79154/testReport/projectroot.roottest.root/multicore/roottest_root_multicore_fork/),MatchSource.ISSUE_COMMENT,root-project,root,v6-32-06,https://github.com/root-project/root/pull/4717#issuecomment-620633112:399,test,tests,399,https://root.cern,https://github.com/root-project/root/pull/4717#issuecomment-620633112,3,['test'],"['testReport', 'tests']"
Testability,Build failed on ROOT-fedora31/noimt.; Running on root-fedora-31-1.cern.ch:/build/workspace/root-pullrequests-build; [See cdash](http://cdash.cern.ch/index.php?project=ROOT&filtercount=1&field1=buildname/string&compare1=65&value1=PR-4717-ROOT-fedora31-noimt&date=2020-04-29).; [See console output](https://lcgapp-services.cern.ch/root-jenkins/job/root-pullrequests-build/79371/console).; ### Failing tests:; - [projectroot.roottest.root.io.stdarray.roottest_root_io_stdarray_colWiseWrite_1](https://lcgapp-services.cern.ch/root-jenkins/job/root-pullrequests-build/79371/testReport/projectroot.roottest.root.io/stdarray/roottest_root_io_stdarray_colWiseWrite_1/); - [projectroot.roottest.root.io.stdarray.roottest_root_io_stdarray_colWiseRead_11](https://lcgapp-services.cern.ch/root-jenkins/job/root-pullrequests-build/79371/testReport/projectroot.roottest.root.io/stdarray/roottest_root_io_stdarray_colWiseRead_11/); - [projectroot.roottest.root.io.stdarray.roottest_root_io_stdarray_colWiseRead_12](https://lcgapp-services.cern.ch/root-jenkins/job/root-pullrequests-build/79371/testReport/projectroot.roottest.root.io/stdarray/roottest_root_io_stdarray_colWiseRead_12/); - [projectroot.roottest.root.io.stdarray.roottest_root_io_stdarray_aclic01](https://lcgapp-services.cern.ch/root-jenkins/job/root-pullrequests-build/79371/testReport/projectroot.roottest.root.io/stdarray/roottest_root_io_stdarray_aclic01/),MatchSource.ISSUE_COMMENT,root-project,root,v6-32-06,https://github.com/root-project/root/pull/4717#issuecomment-621277795:399,test,tests,399,https://root.cern,https://github.com/root-project/root/pull/4717#issuecomment-621277795,5,['test'],"['testReport', 'tests']"
Testability,Build failed on ROOT-fedora31/noimt.; Running on root-fedora-31-1.cern.ch:/build/workspace/root-pullrequests-build; [See cdash](http://cdash.cern.ch/index.php?project=ROOT&filtercount=1&field1=buildname/string&compare1=65&value1=PR-4717-ROOT-fedora31-noimt&date=2020-05-01).; [See console output](https://lcgapp-services.cern.ch/root-jenkins/job/root-pullrequests-build/79846/console).; ### Failing tests:; - [projectroot.roottest.root.dataframe.roottest_root_dataframe_test_stringfiltercolumn](https://lcgapp-services.cern.ch/root-jenkins/job/root-pullrequests-build/79846/testReport/projectroot.roottest.root/dataframe/roottest_root_dataframe_test_stringfiltercolumn/); - [projectroot.roottest.root.io.stdarray.roottest_root_io_stdarray_colWiseRead_31](https://lcgapp-services.cern.ch/root-jenkins/job/root-pullrequests-build/79846/testReport/projectroot.roottest.root.io/stdarray/roottest_root_io_stdarray_colWiseRead_31/),MatchSource.ISSUE_COMMENT,root-project,root,v6-32-06,https://github.com/root-project/root/pull/4717#issuecomment-622430988:399,test,tests,399,https://root.cern,https://github.com/root-project/root/pull/4717#issuecomment-622430988,3,['test'],"['testReport', 'tests']"
Testability,Build failed on ROOT-fedora31/noimt.; Running on root-fedora-31-1.cern.ch:/build/workspace/root-pullrequests-build; [See cdash](http://cdash.cern.ch/index.php?project=ROOT&filtercount=1&field1=buildname/string&compare1=65&value1=PR-4717-ROOT-fedora31-noimt&date=2020-05-01).; [See console output](https://lcgapp-services.cern.ch/root-jenkins/job/root-pullrequests-build/79854/console).; ### Failing tests:; - [projectroot.roottest.root.io.stdarray.roottest_root_io_stdarray_colWiseRead_31](https://lcgapp-services.cern.ch/root-jenkins/job/root-pullrequests-build/79854/testReport/projectroot.roottest.root.io/stdarray/roottest_root_io_stdarray_colWiseRead_31/),MatchSource.ISSUE_COMMENT,root-project,root,v6-32-06,https://github.com/root-project/root/pull/4717#issuecomment-622514476:399,test,tests,399,https://root.cern,https://github.com/root-project/root/pull/4717#issuecomment-622514476,2,['test'],"['testReport', 'tests']"
Testability,Build failed on ROOT-fedora31/noimt.; Running on root-fedora-31-1.cern.ch:/build/workspace/root-pullrequests-build; [See cdash](http://cdash.cern.ch/index.php?project=ROOT&filtercount=1&field1=buildname/string&compare1=65&value1=PR-4717-ROOT-fedora31-noimt&date=2020-05-02).; [See console output](https://lcgapp-services.cern.ch/root-jenkins/job/root-pullrequests-build/79870/console).; ### Failing tests:; - [projectroot.roottest.root.io.stdarray.roottest_root_io_stdarray_aclic01](https://lcgapp-services.cern.ch/root-jenkins/job/root-pullrequests-build/79870/testReport/projectroot.roottest.root.io/stdarray/roottest_root_io_stdarray_aclic01/),MatchSource.ISSUE_COMMENT,root-project,root,v6-32-06,https://github.com/root-project/root/pull/4717#issuecomment-622922816:399,test,tests,399,https://root.cern,https://github.com/root-project/root/pull/4717#issuecomment-622922816,2,['test'],"['testReport', 'tests']"
Testability,Build failed on ROOT-fedora31/noimt.; Running on root-fedora-31-1.cern.ch:/build/workspace/root-pullrequests-build; [See cdash](http://cdash.cern.ch/index.php?project=ROOT&filtercount=1&field1=buildname/string&compare1=65&value1=PR-4717-ROOT-fedora31-noimt&date=2020-05-02).; [See console output](https://lcgapp-services.cern.ch/root-jenkins/job/root-pullrequests-build/79878/console).; ### Failing tests:; - [projectroot.roottest.root.io.uniquePointer.roottest_root_io_uniquePointer_writeUniqPtrColls](https://lcgapp-services.cern.ch/root-jenkins/job/root-pullrequests-build/79878/testReport/projectroot.roottest.root.io/uniquePointer/roottest_root_io_uniquePointer_writeUniqPtrColls/); - [projectroot.roottest.root.io.uniquePointer.roottest_root_io_uniquePointer_readUniqPtrColls](https://lcgapp-services.cern.ch/root-jenkins/job/root-pullrequests-build/79878/testReport/projectroot.roottest.root.io/uniquePointer/roottest_root_io_uniquePointer_readUniqPtrColls/); - [projectroot.roottest.root.io.uniquePointer.roottest_root_io_uniquePointer_crossReadPtrColls](https://lcgapp-services.cern.ch/root-jenkins/job/root-pullrequests-build/79878/testReport/projectroot.roottest.root.io/uniquePointer/roottest_root_io_uniquePointer_crossReadPtrColls/),MatchSource.ISSUE_COMMENT,root-project,root,v6-32-06,https://github.com/root-project/root/pull/4717#issuecomment-622935324:399,test,tests,399,https://root.cern,https://github.com/root-project/root/pull/4717#issuecomment-622935324,4,['test'],"['testReport', 'tests']"
Testability,Build failed on ROOT-fedora31/noimt.; Running on root-fedora-31-1.cern.ch:/build/workspace/root-pullrequests-build; [See cdash](http://cdash.cern.ch/index.php?project=ROOT&filtercount=1&field1=buildname/string&compare1=65&value1=PR-4717-ROOT-fedora31-noimt&date=2020-05-03).; [See console output](https://lcgapp-services.cern.ch/root-jenkins/job/root-pullrequests-build/79942/console).; ### Failing tests:; - [projectroot.roottest.root.meta.roottest_root_meta_runmissingInfo_auto](https://lcgapp-services.cern.ch/root-jenkins/job/root-pullrequests-build/79942/testReport/projectroot.roottest.root/meta/roottest_root_meta_runmissingInfo_auto/); - [projectroot.roottest.root.math.smatrix.roottest_root_math_smatrix_testKalman](https://lcgapp-services.cern.ch/root-jenkins/job/root-pullrequests-build/79942/testReport/projectroot.roottest.root.math/smatrix/roottest_root_math_smatrix_testKalman/),MatchSource.ISSUE_COMMENT,root-project,root,v6-32-06,https://github.com/root-project/root/pull/4717#issuecomment-623074661:399,test,tests,399,https://root.cern,https://github.com/root-project/root/pull/4717#issuecomment-623074661,3,['test'],"['testReport', 'tests']"
Testability,Build failed on ROOT-fedora31/noimt.; Running on root-fedora-31-1.cern.ch:/build/workspace/root-pullrequests-build; [See cdash](http://cdash.cern.ch/index.php?project=ROOT&filtercount=1&field1=buildname/string&compare1=65&value1=PR-4717-ROOT-fedora31-noimt&date=2020-05-03).; [See console output](https://lcgapp-services.cern.ch/root-jenkins/job/root-pullrequests-build/79950/console).; ### Failing tests:; - [projectroot.roottest.root.io.stdarray.roottest_root_io_stdarray_colWiseWrite_2](https://lcgapp-services.cern.ch/root-jenkins/job/root-pullrequests-build/79950/testReport/projectroot.roottest.root.io/stdarray/roottest_root_io_stdarray_colWiseWrite_2/); - [projectroot.roottest.root.io.stdarray.roottest_root_io_stdarray_colWiseRead_21](https://lcgapp-services.cern.ch/root-jenkins/job/root-pullrequests-build/79950/testReport/projectroot.roottest.root.io/stdarray/roottest_root_io_stdarray_colWiseRead_21/); - [projectroot.roottest.root.io.stdarray.roottest_root_io_stdarray_colWiseRead_22](https://lcgapp-services.cern.ch/root-jenkins/job/root-pullrequests-build/79950/testReport/projectroot.roottest.root.io/stdarray/roottest_root_io_stdarray_colWiseRead_22/),MatchSource.ISSUE_COMMENT,root-project,root,v6-32-06,https://github.com/root-project/root/pull/4717#issuecomment-623085220:399,test,tests,399,https://root.cern,https://github.com/root-project/root/pull/4717#issuecomment-623085220,4,['test'],"['testReport', 'tests']"
Testability,Build failed on ROOT-fedora31/noimt.; Running on root-fedora-31-1.cern.ch:/build/workspace/root-pullrequests-build; [See cdash](http://cdash.cern.ch/index.php?project=ROOT&filtercount=1&field1=buildname/string&compare1=65&value1=PR-4717-ROOT-fedora31-noimt&date=2020-05-03).; [See console output](https://lcgapp-services.cern.ch/root-jenkins/job/root-pullrequests-build/79990/console).; ### Failing tests:; - [projectroot.runtutorials.tutorial_tmva_TMVA_Higgs_Classification](https://lcgapp-services.cern.ch/root-jenkins/job/root-pullrequests-build/79990/testReport/projectroot/runtutorials/tutorial_tmva_TMVA_Higgs_Classification/); - [projectroot.runtutorials.tutorial_tmva_TMVA_RNN_Classification](https://lcgapp-services.cern.ch/root-jenkins/job/root-pullrequests-build/79990/testReport/projectroot/runtutorials/tutorial_tmva_TMVA_RNN_Classification/),MatchSource.ISSUE_COMMENT,root-project,root,v6-32-06,https://github.com/root-project/root/pull/4717#issuecomment-623142086:399,test,tests,399,https://root.cern,https://github.com/root-project/root/pull/4717#issuecomment-623142086,3,['test'],"['testReport', 'tests']"
Testability,Build failed on ROOT-fedora31/noimt.; Running on root-fedora-31-1.cern.ch:/build/workspace/root-pullrequests-build; [See cdash](http://cdash.cern.ch/index.php?project=ROOT&filtercount=1&field1=buildname/string&compare1=65&value1=PR-4717-ROOT-fedora31-noimt&date=2020-05-04).; [See console output](https://lcgapp-services.cern.ch/root-jenkins/job/root-pullrequests-build/79998/console).; ### Failing tests:; - [projectroot.runtutorials.tutorial_tmva_TMVA_Higgs_Classification](https://lcgapp-services.cern.ch/root-jenkins/job/root-pullrequests-build/79998/testReport/projectroot/runtutorials/tutorial_tmva_TMVA_Higgs_Classification/); - [projectroot.runtutorials.tutorial_tmva_TMVA_RNN_Classification](https://lcgapp-services.cern.ch/root-jenkins/job/root-pullrequests-build/79998/testReport/projectroot/runtutorials/tutorial_tmva_TMVA_RNN_Classification/); - [projectroot.roottest.root.io.stdarray.roottest_root_io_stdarray_colWiseRead_21](https://lcgapp-services.cern.ch/root-jenkins/job/root-pullrequests-build/79998/testReport/projectroot.roottest.root.io/stdarray/roottest_root_io_stdarray_colWiseRead_21/),MatchSource.ISSUE_COMMENT,root-project,root,v6-32-06,https://github.com/root-project/root/pull/4717#issuecomment-623294896:399,test,tests,399,https://root.cern,https://github.com/root-project/root/pull/4717#issuecomment-623294896,4,['test'],"['testReport', 'tests']"
Testability,Build failed on ROOT-fedora31/noimt.; Running on root-fedora-31-1.cern.ch:/build/workspace/root-pullrequests-build; [See cdash](http://cdash.cern.ch/index.php?project=ROOT&filtercount=1&field1=buildname/string&compare1=65&value1=PR-5094-ROOT-fedora31-noimt&date=2020-05-14).; [See console output](https://lcgapp-services.cern.ch/root-jenkins/job/root-pullrequests-build/82117/console).; ### Failing tests:; - [projectroot.bindings.pyroot_experimental.pythonizations.test.pyunittests_pyroot_numbadeclare](https://lcgapp-services.cern.ch/root-jenkins/job/root-pullrequests-build/82117/testReport/projectroot.bindings.pyroot_experimental.pythonizations/test/pyunittests_pyroot_numbadeclare/); - [projectroot.roofit.roofit.test.gtest_roofit_roofit_test_testRooGaussian](https://lcgapp-services.cern.ch/root-jenkins/job/root-pullrequests-build/82117/testReport/projectroot.roofit.roofit/test/gtest_roofit_roofit_test_testRooGaussian/); - [projectroot.roofit.roofit.test.gtest_roofit_roofit_test_testRooPoisson](https://lcgapp-services.cern.ch/root-jenkins/job/root-pullrequests-build/82117/testReport/projectroot.roofit.roofit/test/gtest_roofit_roofit_test_testRooPoisson/); - [projectroot.roofit.roofit.test.gtest_roofit_roofit_test_testRooBernstein](https://lcgapp-services.cern.ch/root-jenkins/job/root-pullrequests-build/82117/testReport/projectroot.roofit.roofit/test/gtest_roofit_roofit_test_testRooBernstein/); - [projectroot.roofit.roofit.test.gtest_roofit_roofit_test_testRooExponential](https://lcgapp-services.cern.ch/root-jenkins/job/root-pullrequests-build/82117/testReport/projectroot.roofit.roofit/test/gtest_roofit_roofit_test_testRooExponential/); - [projectroot.roofit.roofitcore.test.gtest_roofit_roofitcore_test_testRooWrapperPdf](https://lcgapp-services.cern.ch/root-jenkins/job/root-pullrequests-build/82117/testReport/projectroot.roofit.roofitcore/test/gtest_roofit_roofitcore_test_testRooWrapperPdf/); - [projectroot.roofit.roostats.test.gtest_roofit_roostats_test_testSPlot](https:,MatchSource.ISSUE_COMMENT,root-project,root,v6-32-06,https://github.com/root-project/root/pull/5094#issuecomment-628640319:399,test,tests,399,https://root.cern,https://github.com/root-project/root/pull/5094#issuecomment-628640319,8,['test'],"['test', 'testReport', 'tests']"
Testability,Build failed on ROOT-fedora31/noimt.; Running on root-fedora-31-1.cern.ch:/build/workspace/root-pullrequests-build; [See cdash](http://cdash.cern.ch/index.php?project=ROOT&filtercount=1&field1=buildname/string&compare1=65&value1=PR-5094-ROOT-fedora31-noimt&date=2020-05-14).; [See console output](https://lcgapp-services.cern.ch/root-jenkins/job/root-pullrequests-build/82126/console).; ### Failing tests:; - [projectroot.roofit.roofit.test.gtest_roofit_roofit_test_testRooGaussian](https://lcgapp-services.cern.ch/root-jenkins/job/root-pullrequests-build/82126/testReport/projectroot.roofit.roofit/test/gtest_roofit_roofit_test_testRooGaussian/); - [projectroot.roofit.roofit.test.gtest_roofit_roofit_test_testRooPoisson](https://lcgapp-services.cern.ch/root-jenkins/job/root-pullrequests-build/82126/testReport/projectroot.roofit.roofit/test/gtest_roofit_roofit_test_testRooPoisson/); - [projectroot.roofit.roofit.test.gtest_roofit_roofit_test_testRooBernstein](https://lcgapp-services.cern.ch/root-jenkins/job/root-pullrequests-build/82126/testReport/projectroot.roofit.roofit/test/gtest_roofit_roofit_test_testRooBernstein/); - [projectroot.roofit.roofit.test.gtest_roofit_roofit_test_testRooExponential](https://lcgapp-services.cern.ch/root-jenkins/job/root-pullrequests-build/82126/testReport/projectroot.roofit.roofit/test/gtest_roofit_roofit_test_testRooExponential/); - [projectroot.roofit.roofitcore.test.gtest_roofit_roofitcore_test_testRooWrapperPdf](https://lcgapp-services.cern.ch/root-jenkins/job/root-pullrequests-build/82126/testReport/projectroot.roofit.roofitcore/test/gtest_roofit_roofitcore_test_testRooWrapperPdf/); - [projectroot.roofit.roostats.test.gtest_roofit_roostats_test_testSPlot](https://lcgapp-services.cern.ch/root-jenkins/job/root-pullrequests-build/82126/testReport/projectroot.roofit.roostats/test/gtest_roofit_roostats_test_testSPlot/); - [projectroot.roottest.root.meta.loadAllLibs.roottest_root_meta_loadAllLibs_LoadAllLibs](https://lcgapp-services.cern.ch/root,MatchSource.ISSUE_COMMENT,root-project,root,v6-32-06,https://github.com/root-project/root/pull/5094#issuecomment-628667527:399,test,tests,399,https://root.cern,https://github.com/root-project/root/pull/5094#issuecomment-628667527,8,['test'],"['test', 'testReport', 'tests']"
Testability,Build failed on ROOT-fedora31/noimt.; Running on root-fedora-31-1.cern.ch:/build/workspace/root-pullrequests-build; [See cdash](http://cdash.cern.ch/index.php?project=ROOT&filtercount=1&field1=buildname/string&compare1=65&value1=PR-5094-ROOT-fedora31-noimt&date=2020-05-14).; [See console output](https://lcgapp-services.cern.ch/root-jenkins/job/root-pullrequests-build/82158/console).; ### Failing tests:; - [projectroot.bindings.pyroot_experimental.pythonizations.test.pyunittests_pyroot_numbadeclare](https://lcgapp-services.cern.ch/root-jenkins/job/root-pullrequests-build/82158/testReport/projectroot.bindings.pyroot_experimental.pythonizations/test/pyunittests_pyroot_numbadeclare/); - [projectroot.roofit.roofit.test.gtest_roofit_roofit_test_testRooGaussian](https://lcgapp-services.cern.ch/root-jenkins/job/root-pullrequests-build/82158/testReport/projectroot.roofit.roofit/test/gtest_roofit_roofit_test_testRooGaussian/); - [projectroot.roofit.roofit.test.gtest_roofit_roofit_test_testRooPoisson](https://lcgapp-services.cern.ch/root-jenkins/job/root-pullrequests-build/82158/testReport/projectroot.roofit.roofit/test/gtest_roofit_roofit_test_testRooPoisson/); - [projectroot.roofit.roofit.test.gtest_roofit_roofit_test_testRooBernstein](https://lcgapp-services.cern.ch/root-jenkins/job/root-pullrequests-build/82158/testReport/projectroot.roofit.roofit/test/gtest_roofit_roofit_test_testRooBernstein/); - [projectroot.roofit.roofit.test.gtest_roofit_roofit_test_testRooExponential](https://lcgapp-services.cern.ch/root-jenkins/job/root-pullrequests-build/82158/testReport/projectroot.roofit.roofit/test/gtest_roofit_roofit_test_testRooExponential/); - [projectroot.roofit.roofitcore.test.gtest_roofit_roofitcore_test_testRooWrapperPdf](https://lcgapp-services.cern.ch/root-jenkins/job/root-pullrequests-build/82158/testReport/projectroot.roofit.roofitcore/test/gtest_roofit_roofitcore_test_testRooWrapperPdf/); - [projectroot.roofit.roostats.test.gtest_roofit_roostats_test_testSPlot](https:,MatchSource.ISSUE_COMMENT,root-project,root,v6-32-06,https://github.com/root-project/root/pull/5094#issuecomment-628759477:399,test,tests,399,https://root.cern,https://github.com/root-project/root/pull/5094#issuecomment-628759477,8,['test'],"['test', 'testReport', 'tests']"
Testability,Build failed on ROOT-fedora31/noimt.; Running on root-fedora-31-1.cern.ch:/build/workspace/root-pullrequests-build; [See cdash](http://cdash.cern.ch/index.php?project=ROOT&filtercount=1&field1=buildname/string&compare1=65&value1=PR-5094-ROOT-fedora31-noimt&date=2020-05-17).; [See console output](https://lcgapp-services.cern.ch/root-jenkins/job/root-pullrequests-build/82539/console).; ### Failing tests:; - [projectroot.roofit.roofit.test.gtest_roofit_roofit_test_testRooGaussian](https://lcgapp-services.cern.ch/root-jenkins/job/root-pullrequests-build/82539/testReport/projectroot.roofit.roofit/test/gtest_roofit_roofit_test_testRooGaussian/); - [projectroot.roofit.roofit.test.gtest_roofit_roofit_test_testRooPoisson](https://lcgapp-services.cern.ch/root-jenkins/job/root-pullrequests-build/82539/testReport/projectroot.roofit.roofit/test/gtest_roofit_roofit_test_testRooPoisson/); - [projectroot.roofit.roofit.test.gtest_roofit_roofit_test_testRooBernstein](https://lcgapp-services.cern.ch/root-jenkins/job/root-pullrequests-build/82539/testReport/projectroot.roofit.roofit/test/gtest_roofit_roofit_test_testRooBernstein/); - [projectroot.roofit.roofit.test.gtest_roofit_roofit_test_testRooExponential](https://lcgapp-services.cern.ch/root-jenkins/job/root-pullrequests-build/82539/testReport/projectroot.roofit.roofit/test/gtest_roofit_roofit_test_testRooExponential/); - [projectroot.roofit.roofitcore.test.gtest_roofit_roofitcore_test_testRooWrapperPdf](https://lcgapp-services.cern.ch/root-jenkins/job/root-pullrequests-build/82539/testReport/projectroot.roofit.roofitcore/test/gtest_roofit_roofitcore_test_testRooWrapperPdf/); - [projectroot.roofit.roostats.test.gtest_roofit_roostats_test_testSPlot](https://lcgapp-services.cern.ch/root-jenkins/job/root-pullrequests-build/82539/testReport/projectroot.roofit.roostats/test/gtest_roofit_roostats_test_testSPlot/); - [projectroot.roofit.roofitcore.test.gtest_roofit_roofitcore_test_testProxiesAndCategories](https://lcgapp-services.cern.ch/r,MatchSource.ISSUE_COMMENT,root-project,root,v6-32-06,https://github.com/root-project/root/pull/5094#issuecomment-629745887:399,test,tests,399,https://root.cern,https://github.com/root-project/root/pull/5094#issuecomment-629745887,8,['test'],"['test', 'testReport', 'tests']"
Testability,Build failed on ROOT-fedora31/noimt.; Running on root-fedora-31-1.cern.ch:/build/workspace/root-pullrequests-build; [See cdash](http://cdash.cern.ch/index.php?project=ROOT&filtercount=1&field1=buildname/string&compare1=65&value1=PR-5094-ROOT-fedora31-noimt&date=2020-05-17).; [See console output](https://lcgapp-services.cern.ch/root-jenkins/job/root-pullrequests-build/82547/console).; ### Failing tests:; - [projectroot.test.test_stressmathcore_interpreted](https://lcgapp-services.cern.ch/root-jenkins/job/root-pullrequests-build/82547/testReport/projectroot/test/test_stressmathcore_interpreted/); - [projectroot.roottest.root.meta.roottest_root_meta_execTypedefList_auto](https://lcgapp-services.cern.ch/root-jenkins/job/root-pullrequests-build/82547/testReport/projectroot.roottest.root/meta/roottest_root_meta_execTypedefList_auto/); - [projectroot.roottest.root.meta.loadAllLibs.roottest_root_meta_loadAllLibs_LoadAllLibs](https://lcgapp-services.cern.ch/root-jenkins/job/root-pullrequests-build/82547/testReport/projectroot.roottest.root.meta/loadAllLibs/roottest_root_meta_loadAllLibs_LoadAllLibs/); - [projectroot.roottest.root.meta.loadAllLibs.roottest_root_meta_loadAllLibs_LoadAllLibsAZ](https://lcgapp-services.cern.ch/root-jenkins/job/root-pullrequests-build/82547/testReport/projectroot.roottest.root.meta/loadAllLibs/roottest_root_meta_loadAllLibs_LoadAllLibsAZ/); - [projectroot.roottest.root.meta.loadAllLibs.roottest_root_meta_loadAllLibs_LoadAllLibsZA](https://lcgapp-services.cern.ch/root-jenkins/job/root-pullrequests-build/82547/testReport/projectroot.roottest.root.meta/loadAllLibs/roottest_root_meta_loadAllLibs_LoadAllLibsZA/); - [projectroot.test.test_stressHistFactory](https://lcgapp-services.cern.ch/root-jenkins/job/root-pullrequests-build/82547/testReport/projectroot/test/test_stressHistFactory/); - [projectroot.test.fit.test_fit_testFitPerf](https://lcgapp-services.cern.ch/root-jenkins/job/root-pullrequests-build/82547/testReport/projectroot.test/fit/test_fit_te,MatchSource.ISSUE_COMMENT,root-project,root,v6-32-06,https://github.com/root-project/root/pull/5094#issuecomment-629750125:399,test,tests,399,https://root.cern,https://github.com/root-project/root/pull/5094#issuecomment-629750125,6,['test'],"['test', 'testReport', 'tests']"
Testability,Build failed on ROOT-fedora31/noimt.; Running on root-fedora-31-1.cern.ch:/build/workspace/root-pullrequests-build; [See cdash](http://cdash.cern.ch/index.php?project=ROOT&filtercount=1&field1=buildname/string&compare1=65&value1=PR-5094-ROOT-fedora31-noimt&date=2020-05-18).; [See console output](https://lcgapp-services.cern.ch/root-jenkins/job/root-pullrequests-build/82563/console).; ### Failing tests:; - [projectroot.roofit.roofitcore.test.gtest_roofit_roofitcore_test_testProxiesAndCategories](https://lcgapp-services.cern.ch/root-jenkins/job/root-pullrequests-build/82563/testReport/projectroot.roofit.roofitcore/test/gtest_roofit_roofitcore_test_testProxiesAndCategories/); - [projectroot.test.test_stressmathcore_interpreted](https://lcgapp-services.cern.ch/root-jenkins/job/root-pullrequests-build/82563/testReport/projectroot/test/test_stressmathcore_interpreted/); - [projectroot.test.test_stresshistofit_interpreted](https://lcgapp-services.cern.ch/root-jenkins/job/root-pullrequests-build/82563/testReport/projectroot/test/test_stresshistofit_interpreted/); - [projectroot.roottest.root.io.filemerger.roottest_root_io_filemerger_simple_zlib_compr_level6](https://lcgapp-services.cern.ch/root-jenkins/job/root-pullrequests-build/82563/testReport/projectroot.roottest.root.io/filemerger/roottest_root_io_filemerger_simple_zlib_compr_level6/); - [projectroot.roottest.root.io.filemerger.roottest_root_io_filemerger_simplex2_zlib_compr_level9](https://lcgapp-services.cern.ch/root-jenkins/job/root-pullrequests-build/82563/testReport/projectroot.roottest.root.io/filemerger/roottest_root_io_filemerger_simplex2_zlib_compr_level9/); - [projectroot.roottest.root.io.filemerger.roottest_root_io_filemerger_simple_lz4_compr_level1](https://lcgapp-services.cern.ch/root-jenkins/job/root-pullrequests-build/82563/testReport/projectroot.roottest.root.io/filemerger/roottest_root_io_filemerger_simple_lz4_compr_level1/); - [projectroot.roottest.root.io.filemerger.roottest_root_io_filemerger_simplef,MatchSource.ISSUE_COMMENT,root-project,root,v6-32-06,https://github.com/root-project/root/pull/5094#issuecomment-629989102:399,test,tests,399,https://root.cern,https://github.com/root-project/root/pull/5094#issuecomment-629989102,8,['test'],"['test', 'testReport', 'tests']"
Testability,Build failed on ROOT-fedora31/noimt.; Running on root-fedora-31-1.cern.ch:/build/workspace/root-pullrequests-build; [See cdash](http://cdash.cern.ch/index.php?project=ROOT&filtercount=1&field1=buildname/string&compare1=65&value1=PR-5094-ROOT-fedora31-noimt&date=2020-05-22).; [See console output](https://lcgapp-services.cern.ch/root-jenkins/job/root-pullrequests-build/83124/console).; ### Failing tests:; - [projectroot.roofit.roofitcore.test.gtest_roofit_roofitcore_test_testProxiesAndCategories](https://lcgapp-services.cern.ch/root-jenkins/job/root-pullrequests-build/83124/testReport/projectroot.roofit.roofitcore/test/gtest_roofit_roofitcore_test_testProxiesAndCategories/); - [projectroot.test.test_stressmathcore_interpreted](https://lcgapp-services.cern.ch/root-jenkins/job/root-pullrequests-build/83124/testReport/projectroot/test/test_stressmathcore_interpreted/); - [projectroot.test.test_stresshistofit_interpreted](https://lcgapp-services.cern.ch/root-jenkins/job/root-pullrequests-build/83124/testReport/projectroot/test/test_stresshistofit_interpreted/); - [projectroot.roottest.root.meta.roottest_root_meta_execTypedefList_auto](https://lcgapp-services.cern.ch/root-jenkins/job/root-pullrequests-build/83124/testReport/projectroot.roottest.root/meta/roottest_root_meta_execTypedefList_auto/); - [projectroot.roottest.root.meta.loadAllLibs.roottest_root_meta_loadAllLibs_LoadAllLibs](https://lcgapp-services.cern.ch/root-jenkins/job/root-pullrequests-build/83124/testReport/projectroot.roottest.root.meta/loadAllLibs/roottest_root_meta_loadAllLibs_LoadAllLibs/); - [projectroot.roottest.root.meta.loadAllLibs.roottest_root_meta_loadAllLibs_LoadAllLibsAZ](https://lcgapp-services.cern.ch/root-jenkins/job/root-pullrequests-build/83124/testReport/projectroot.roottest.root.meta/loadAllLibs/roottest_root_meta_loadAllLibs_LoadAllLibsAZ/); - [projectroot.roottest.root.meta.loadAllLibs.roottest_root_meta_loadAllLibs_LoadAllLibsZA](https://lcgapp-services.cern.ch/root-jenkins/job/root-pu,MatchSource.ISSUE_COMMENT,root-project,root,v6-32-06,https://github.com/root-project/root/pull/5094#issuecomment-632527339:399,test,tests,399,https://root.cern,https://github.com/root-project/root/pull/5094#issuecomment-632527339,8,['test'],"['test', 'testReport', 'tests']"
Testability,Build failed on ROOT-fedora31/noimt.; Running on root-fedora-31-1.cern.ch:/build/workspace/root-pullrequests-build; [See cdash](http://cdash.cern.ch/index.php?project=ROOT&filtercount=1&field1=buildname/string&compare1=65&value1=PR-5094-ROOT-fedora31-noimt&date=2020-05-25).; [See console output](https://lcgapp-services.cern.ch/root-jenkins/job/root-pullrequests-build/83487/console).; ### Failing tests:; - [projectroot.roofit.roofitcore.test.gtest_roofit_roofitcore_test_testProxiesAndCategories](https://lcgapp-services.cern.ch/root-jenkins/job/root-pullrequests-build/83487/testReport/projectroot.roofit.roofitcore/test/gtest_roofit_roofitcore_test_testProxiesAndCategories/); - [projectroot.test.test_stressmathcore_interpreted](https://lcgapp-services.cern.ch/root-jenkins/job/root-pullrequests-build/83487/testReport/projectroot/test/test_stressmathcore_interpreted/); - [projectroot.test.test_stresshistofit_interpreted](https://lcgapp-services.cern.ch/root-jenkins/job/root-pullrequests-build/83487/testReport/projectroot/test/test_stresshistofit_interpreted/); - [projectroot.roottest.root.meta.roottest_root_meta_execTypedefList_auto](https://lcgapp-services.cern.ch/root-jenkins/job/root-pullrequests-build/83487/testReport/projectroot.roottest.root/meta/roottest_root_meta_execTypedefList_auto/); - [projectroot.roottest.root.meta.loadAllLibs.roottest_root_meta_loadAllLibs_LoadAllLibs](https://lcgapp-services.cern.ch/root-jenkins/job/root-pullrequests-build/83487/testReport/projectroot.roottest.root.meta/loadAllLibs/roottest_root_meta_loadAllLibs_LoadAllLibs/); - [projectroot.roottest.root.meta.loadAllLibs.roottest_root_meta_loadAllLibs_LoadAllLibsAZ](https://lcgapp-services.cern.ch/root-jenkins/job/root-pullrequests-build/83487/testReport/projectroot.roottest.root.meta/loadAllLibs/roottest_root_meta_loadAllLibs_LoadAllLibsAZ/); - [projectroot.roottest.root.meta.loadAllLibs.roottest_root_meta_loadAllLibs_LoadAllLibsZA](https://lcgapp-services.cern.ch/root-jenkins/job/root-pu,MatchSource.ISSUE_COMMENT,root-project,root,v6-32-06,https://github.com/root-project/root/pull/5094#issuecomment-633682297:399,test,tests,399,https://root.cern,https://github.com/root-project/root/pull/5094#issuecomment-633682297,8,['test'],"['test', 'testReport', 'tests']"
Testability,Build failed on ROOT-fedora31/noimt.; Running on root-fedora-31-1.cern.ch:/build/workspace/root-pullrequests-build; [See cdash](http://cdash.cern.ch/index.php?project=ROOT&filtercount=1&field1=buildname/string&compare1=65&value1=PR-5094-ROOT-fedora31-noimt&date=2020-05-27).; [See console output](https://lcgapp-services.cern.ch/root-jenkins/job/root-pullrequests-build/83800/console).; ### Failing tests:; - [projectroot.roofit.roofitcore.test.gtest_roofit_roofitcore_test_testProxiesAndCategories](https://lcgapp-services.cern.ch/root-jenkins/job/root-pullrequests-build/83800/testReport/projectroot.roofit.roofitcore/test/gtest_roofit_roofitcore_test_testProxiesAndCategories/); - [projectroot.test.test_stressmathcore_interpreted](https://lcgapp-services.cern.ch/root-jenkins/job/root-pullrequests-build/83800/testReport/projectroot/test/test_stressmathcore_interpreted/); - [projectroot.test.test_stresshistofit_interpreted](https://lcgapp-services.cern.ch/root-jenkins/job/root-pullrequests-build/83800/testReport/projectroot/test/test_stresshistofit_interpreted/); - [projectroot.roottest.root.meta.roottest_root_meta_execTypedefList_auto](https://lcgapp-services.cern.ch/root-jenkins/job/root-pullrequests-build/83800/testReport/projectroot.roottest.root/meta/roottest_root_meta_execTypedefList_auto/); - [projectroot.roottest.root.meta.cmsUnload.roottest_root_meta_cmsUnload_make](https://lcgapp-services.cern.ch/root-jenkins/job/root-pullrequests-build/83800/testReport/projectroot.roottest.root.meta/cmsUnload/roottest_root_meta_cmsUnload_make/); - [projectroot.roottest.root.meta.loadAllLibs.roottest_root_meta_loadAllLibs_LoadAllLibs](https://lcgapp-services.cern.ch/root-jenkins/job/root-pullrequests-build/83800/testReport/projectroot.roottest.root.meta/loadAllLibs/roottest_root_meta_loadAllLibs_LoadAllLibs/); - [projectroot.roottest.root.meta.loadAllLibs.roottest_root_meta_loadAllLibs_LoadAllLibsAZ](https://lcgapp-services.cern.ch/root-jenkins/job/root-pullrequests-build/83800/tes,MatchSource.ISSUE_COMMENT,root-project,root,v6-32-06,https://github.com/root-project/root/pull/5094#issuecomment-634793276:399,test,tests,399,https://root.cern,https://github.com/root-project/root/pull/5094#issuecomment-634793276,8,['test'],"['test', 'testReport', 'tests']"
Testability,Build failed on ROOT-fedora31/noimt.; Running on root-fedora-31-1.cern.ch:/build/workspace/root-pullrequests-build; [See cdash](http://cdash.cern.ch/index.php?project=ROOT&filtercount=1&field1=buildname/string&compare1=65&value1=PR-5094-ROOT-fedora31-noimt&date=2020-05-29).; [See console output](https://lcgapp-services.cern.ch/root-jenkins/job/root-pullrequests-build/84323/console).; ### Failing tests:; - [projectroot.roofit.roofitcore.test.gtest_roofit_roofitcore_test_testProxiesAndCategories](https://lcgapp-services.cern.ch/root-jenkins/job/root-pullrequests-build/84323/testReport/projectroot.roofit.roofitcore/test/gtest_roofit_roofitcore_test_testProxiesAndCategories/); - [projectroot.test.test_stressmathcore_interpreted](https://lcgapp-services.cern.ch/root-jenkins/job/root-pullrequests-build/84323/testReport/projectroot/test/test_stressmathcore_interpreted/); - [projectroot.test.test_stresshistofit_interpreted](https://lcgapp-services.cern.ch/root-jenkins/job/root-pullrequests-build/84323/testReport/projectroot/test/test_stresshistofit_interpreted/); - [projectroot.roottest.root.meta.roottest_root_meta_execTypedefList_auto](https://lcgapp-services.cern.ch/root-jenkins/job/root-pullrequests-build/84323/testReport/projectroot.roottest.root/meta/roottest_root_meta_execTypedefList_auto/); - [projectroot.roottest.root.meta.cmsUnload.roottest_root_meta_cmsUnload_make](https://lcgapp-services.cern.ch/root-jenkins/job/root-pullrequests-build/84323/testReport/projectroot.roottest.root.meta/cmsUnload/roottest_root_meta_cmsUnload_make/),MatchSource.ISSUE_COMMENT,root-project,root,v6-32-06,https://github.com/root-project/root/pull/5094#issuecomment-636147279:399,test,tests,399,https://root.cern,https://github.com/root-project/root/pull/5094#issuecomment-636147279,12,['test'],"['test', 'testReport', 'tests']"
Testability,Build failed on ROOT-fedora31/noimt.; Running on root-fedora-31-1.cern.ch:/build/workspace/root-pullrequests-build; [See cdash](http://cdash.cern.ch/index.php?project=ROOT&filtercount=1&field1=buildname/string&compare1=65&value1=PR-5094-ROOT-fedora31-noimt&date=2020-05-29).; [See console output](https://lcgapp-services.cern.ch/root-jenkins/job/root-pullrequests-build/84331/console).; ### Failing tests:; - [projectroot.test.test_stresshistofit_interpreted](https://lcgapp-services.cern.ch/root-jenkins/job/root-pullrequests-build/84331/testReport/projectroot/test/test_stresshistofit_interpreted/),MatchSource.ISSUE_COMMENT,root-project,root,v6-32-06,https://github.com/root-project/root/pull/5094#issuecomment-636172838:399,test,tests,399,https://root.cern,https://github.com/root-project/root/pull/5094#issuecomment-636172838,4,['test'],"['test', 'testReport', 'tests']"
Testability,Build failed on ROOT-fedora31/noimt.; Running on root-fedora-31-1.cern.ch:/build/workspace/root-pullrequests-build; [See cdash](http://cdash.cern.ch/index.php?project=ROOT&filtercount=1&field1=buildname/string&compare1=65&value1=PR-5094-ROOT-fedora31-noimt&date=2020-05-30).; [See console output](https://lcgapp-services.cern.ch/root-jenkins/job/root-pullrequests-build/84339/console).; ### Failing tests:; - [projectroot.roottest.root.io.uniquePointer.roottest_root_io_uniquePointer_simpleWriteRead](https://lcgapp-services.cern.ch/root-jenkins/job/root-pullrequests-build/84339/testReport/projectroot.roottest.root.io/uniquePointer/roottest_root_io_uniquePointer_simpleWriteRead/); - [projectroot.roofit.roofitcore.test.gtest_roofit_roofitcore_test_testProxiesAndCategories](https://lcgapp-services.cern.ch/root-jenkins/job/root-pullrequests-build/84339/testReport/projectroot.roofit.roofitcore/test/gtest_roofit_roofitcore_test_testProxiesAndCategories/); - [projectroot.tree.dataframe.test.gtest_tree_dataframe_test_dataframe_simple](https://lcgapp-services.cern.ch/root-jenkins/job/root-pullrequests-build/84339/testReport/projectroot.tree.dataframe/test/gtest_tree_dataframe_test_dataframe_simple/); - [projectroot.roottest.root.dataframe.roottest_root_dataframe_testIMT](https://lcgapp-services.cern.ch/root-jenkins/job/root-pullrequests-build/84339/testReport/projectroot.roottest.root/dataframe/roottest_root_dataframe_testIMT/); - [projectroot.roottest.root.hist.roottest_root_hist_mergeTH2Poly](https://lcgapp-services.cern.ch/root-jenkins/job/root-pullrequests-build/84339/testReport/projectroot.roottest.root/hist/roottest_root_hist_mergeTH2Poly/); - [projectroot.roottest.root.io.webfile.roottest_root_io_webfile_make](https://lcgapp-services.cern.ch/root-jenkins/job/root-pullrequests-build/84339/testReport/projectroot.roottest.root.io/webfile/roottest_root_io_webfile_make/); - [projectroot.roottest.root.io.uniquePointer.roottest_root_io_uniquePointer_simpleRead](https://lcgapp-serv,MatchSource.ISSUE_COMMENT,root-project,root,v6-32-06,https://github.com/root-project/root/pull/5094#issuecomment-636277740:399,test,tests,399,https://root.cern,https://github.com/root-project/root/pull/5094#issuecomment-636277740,6,['test'],"['test', 'testReport', 'tests']"
Testability,Build failed on ROOT-fedora31/noimt.; Running on root-fedora-31-1.cern.ch:/build/workspace/root-pullrequests-build; [See cdash](http://cdash.cern.ch/index.php?project=ROOT&filtercount=1&field1=buildname/string&compare1=65&value1=PR-5094-ROOT-fedora31-noimt&date=2020-05-30).; [See console output](https://lcgapp-services.cern.ch/root-jenkins/job/root-pullrequests-build/84347/console).; ### Failing tests:; - [projectroot.roottest.root.io.uniquePointer.roottest_root_io_uniquePointer_simpleWriteRead](https://lcgapp-services.cern.ch/root-jenkins/job/root-pullrequests-build/84347/testReport/projectroot.roottest.root.io/uniquePointer/roottest_root_io_uniquePointer_simpleWriteRead/); - [projectroot.test.test_stressmathcore_interpreted](https://lcgapp-services.cern.ch/root-jenkins/job/root-pullrequests-build/84347/testReport/projectroot/test/test_stressmathcore_interpreted/); - [projectroot.test.test_stresshistofit_interpreted](https://lcgapp-services.cern.ch/root-jenkins/job/root-pullrequests-build/84347/testReport/projectroot/test/test_stresshistofit_interpreted/); - [projectroot.roottest.root.io.uniquePointer.roottest_root_io_uniquePointer_simpleRead](https://lcgapp-services.cern.ch/root-jenkins/job/root-pullrequests-build/84347/testReport/projectroot.roottest.root.io/uniquePointer/roottest_root_io_uniquePointer_simpleRead/); - [projectroot.roottest.root.tree.cloning.roottest_root_tree_cloning_treeCloneTest](https://lcgapp-services.cern.ch/root-jenkins/job/root-pullrequests-build/84347/testReport/projectroot.roottest.root.tree/cloning/roottest_root_tree_cloning_treeCloneTest/); - [projectroot.roottest.root.tree.selector.roottest_root_tree_selector_make](https://lcgapp-services.cern.ch/root-jenkins/job/root-pullrequests-build/84347/testReport/projectroot.roottest.root.tree/selector/roottest_root_tree_selector_make/),MatchSource.ISSUE_COMMENT,root-project,root,v6-32-06,https://github.com/root-project/root/pull/5094#issuecomment-636282440:399,test,tests,399,https://root.cern,https://github.com/root-project/root/pull/5094#issuecomment-636282440,11,['test'],"['test', 'testReport', 'tests']"
Testability,Build failed on ROOT-fedora31/noimt.; Running on root-fedora-31-1.cern.ch:/build/workspace/root-pullrequests-build; [See cdash](http://cdash.cern.ch/index.php?project=ROOT&filtercount=1&field1=buildname/string&compare1=65&value1=PR-5094-ROOT-fedora31-noimt&date=2020-06-03).; [See console output](https://lcgapp-services.cern.ch/root-jenkins/job/root-pullrequests-build/84828/console).; ### Failing tests:; - [projectroot.roottest.root.io.uniquePointer.roottest_root_io_uniquePointer_simpleWriteRead](https://lcgapp-services.cern.ch/root-jenkins/job/root-pullrequests-build/84828/testReport/projectroot.roottest.root.io/uniquePointer/roottest_root_io_uniquePointer_simpleWriteRead/); - [projectroot.tree.dataframe.test.gtest_tree_dataframe_test_dataframe_display](https://lcgapp-services.cern.ch/root-jenkins/job/root-pullrequests-build/84828/testReport/projectroot.tree.dataframe/test/gtest_tree_dataframe_test_dataframe_display/); - [projectroot.test.test_stresshistofit_interpreted](https://lcgapp-services.cern.ch/root-jenkins/job/root-pullrequests-build/84828/testReport/projectroot/test/test_stresshistofit_interpreted/); - [projectroot.roottest.root.io.uniquePointer.roottest_root_io_uniquePointer_simpleRead](https://lcgapp-services.cern.ch/root-jenkins/job/root-pullrequests-build/84828/testReport/projectroot.roottest.root.io/uniquePointer/roottest_root_io_uniquePointer_simpleRead/); - [projectroot.roottest.root.meta.roottest_root_meta_execTypedefList_auto](https://lcgapp-services.cern.ch/root-jenkins/job/root-pullrequests-build/84828/testReport/projectroot.roottest.root/meta/roottest_root_meta_execTypedefList_auto/); - [projectroot.roottest.root.meta.callfunc.roottest_root_meta_callfunc_execResolveAt_auto](https://lcgapp-services.cern.ch/root-jenkins/job/root-pullrequests-build/84828/testReport/projectroot.roottest.root.meta/callfunc/roottest_root_meta_callfunc_execResolveAt_auto/); - [projectroot.roottest.root.tree.cloning.roottest_root_tree_cloning_treeCloneTest](https://lcga,MatchSource.ISSUE_COMMENT,root-project,root,v6-32-06,https://github.com/root-project/root/pull/5094#issuecomment-638116818:399,test,tests,399,https://root.cern,https://github.com/root-project/root/pull/5094#issuecomment-638116818,6,['test'],"['test', 'testReport', 'tests']"
Testability,Build failed on ROOT-fedora31/noimt.; Running on root-fedora-31-1.cern.ch:/build/workspace/root-pullrequests-build; [See cdash](http://cdash.cern.ch/index.php?project=ROOT&filtercount=1&field1=buildname/string&compare1=65&value1=PR-5094-ROOT-fedora31-noimt&date=2020-06-03).; [See console output](https://lcgapp-services.cern.ch/root-jenkins/job/root-pullrequests-build/84916/console).; ### Warnings:; - [2020-06-03T15:03:14.906Z] /build/workspace/root-pullrequests-build/root/core/metacling/src/TCling.cxx:1151:36: warning: unused variable ‘FE’ [-Wunused-variable] . ### Failing tests:; - [projectroot.bindings.pyroot_experimental.pythonizations.test.pyunittests_pyroot_numbadeclare](https://lcgapp-services.cern.ch/root-jenkins/job/root-pullrequests-build/84916/testReport/projectroot.bindings.pyroot_experimental.pythonizations/test/pyunittests_pyroot_numbadeclare/); - [projectroot.tree.dataframe.test.gtest_tree_dataframe_test_dataframe_display](https://lcgapp-services.cern.ch/root-jenkins/job/root-pullrequests-build/84916/testReport/projectroot.tree.dataframe/test/gtest_tree_dataframe_test_dataframe_display/); - [projectroot.roottest.python.JupyROOT.roottest_python_JupyROOT_cppcompleter_doctest](https://lcgapp-services.cern.ch/root-jenkins/job/root-pullrequests-build/84916/testReport/projectroot.roottest.python/JupyROOT/roottest_python_JupyROOT_cppcompleter_doctest/); - [projectroot.test.test_stresshistofit_interpreted](https://lcgapp-services.cern.ch/root-jenkins/job/root-pullrequests-build/84916/testReport/projectroot/test/test_stresshistofit_interpreted/); - [projectroot.roottest.root.hist.roottest_root_hist_assertSparseToTHn](https://lcgapp-services.cern.ch/root-jenkins/job/root-pullrequests-build/84916/testReport/projectroot.roottest.root/hist/roottest_root_hist_assertSparseToTHn/); - [projectroot.roottest.root.meta.roottest_root_meta_execTypedefList_auto](https://lcgapp-services.cern.ch/root-jenkins/job/root-pullrequests-build/84916/testReport/projectroot.roottest.root,MatchSource.ISSUE_COMMENT,root-project,root,v6-32-06,https://github.com/root-project/root/pull/5094#issuecomment-638262213:580,test,tests,580,https://root.cern,https://github.com/root-project/root/pull/5094#issuecomment-638262213,5,['test'],"['test', 'testReport', 'tests']"
Testability,Build failed on ROOT-fedora31/noimt.; Running on root-fedora-31-1.cern.ch:/build/workspace/root-pullrequests-build; [See cdash](http://cdash.cern.ch/index.php?project=ROOT&filtercount=1&field1=buildname/string&compare1=65&value1=PR-5094-ROOT-fedora31-noimt&date=2020-06-03).; [See console output](https://lcgapp-services.cern.ch/root-jenkins/job/root-pullrequests-build/84932/console).; ### Errors:; - [2020-06-03T16:22:16.268Z] 650/1987 Test #339: tutorial-dataframe-df024_Display ..................................................................***Failed Error regular expression found in output. Regex=[: error:] 4.98 sec ; - [2020-06-03T16:23:08.513Z] 932/1987 Test #631: tutorial-math-quasirandom .........................................................................***Failed Error regular expression found in output. Regex=[: error:] 0.29 sec ; - [2020-06-03T16:23:18.049Z] 951/1987 Test #653: tutorial-roofit-rf105_funcbinding .................................................................***Failed Error regular expression found in output. Regex=[: error:] 0.33 sec . ### Warnings:; - [2020-06-03T16:15:25.847Z] /build/workspace/root-pullrequests-build/root/core/metacling/src/TCling.cxx:1151:36: warning: unused variable ‘FE’ [-Wunused-variable] . ### Failing tests:; - [projectroot.test.test_stressmathcore_interpreted](https://lcgapp-services.cern.ch/root-jenkins/job/root-pullrequests-build/84932/testReport/projectroot/test/test_stressmathcore_interpreted/); - [projectroot.tree.dataframe.test.gtest_tree_dataframe_test_dataframe_display](https://lcgapp-services.cern.ch/root-jenkins/job/root-pullrequests-build/84932/testReport/projectroot.tree.dataframe/test/gtest_tree_dataframe_test_dataframe_display/); - [projectroot.runtutorials.tutorial_dataframe_df024_Display](https://lcgapp-services.cern.ch/root-jenkins/job/root-pullrequests-build/84932/testReport/projectroot/runtutorials/tutorial_dataframe_df024_Display/); - [projectroot.test.test_stresshistofit_interpreted](https:,MatchSource.ISSUE_COMMENT,root-project,root,v6-32-06,https://github.com/root-project/root/pull/5094#issuecomment-638312769:438,Test,Test,438,https://root.cern,https://github.com/root-project/root/pull/5094#issuecomment-638312769,3,['Test'],['Test']
Testability,Build failed on ROOT-fedora31/noimt.; Running on root-fedora-31-1.cern.ch:/build/workspace/root-pullrequests-build; [See cdash](http://cdash.cern.ch/index.php?project=ROOT&filtercount=1&field1=buildname/string&compare1=65&value1=PR-5094-ROOT-fedora31-noimt&date=2020-06-03).; [See console output](https://lcgapp-services.cern.ch/root-jenkins/job/root-pullrequests-build/84940/console).; ### Failing tests:; - [projectroot.roottest.python.JupyROOT.roottest_python_JupyROOT_cppcompleter_doctest](https://lcgapp-services.cern.ch/root-jenkins/job/root-pullrequests-build/84940/testReport/projectroot.roottest.python/JupyROOT/roottest_python_JupyROOT_cppcompleter_doctest/); - [projectroot.test.test_stresshistofit_interpreted](https://lcgapp-services.cern.ch/root-jenkins/job/root-pullrequests-build/84940/testReport/projectroot/test/test_stresshistofit_interpreted/),MatchSource.ISSUE_COMMENT,root-project,root,v6-32-06,https://github.com/root-project/root/pull/5094#issuecomment-638329298:399,test,tests,399,https://root.cern,https://github.com/root-project/root/pull/5094#issuecomment-638329298,5,['test'],"['test', 'testReport', 'tests']"
Testability,Build failed on ROOT-fedora31/noimt.; Running on root-fedora-31-1.cern.ch:/build/workspace/root-pullrequests-build; [See cdash](http://cdash.cern.ch/index.php?project=ROOT&filtercount=1&field1=buildname/string&compare1=65&value1=PR-5094-ROOT-fedora31-noimt&date=2020-06-04).; [See console output](https://lcgapp-services.cern.ch/root-jenkins/job/root-pullrequests-build/85076/console).; ### Failing tests:; - [projectroot.roottest.python.JupyROOT.roottest_python_JupyROOT_cppcompleter_doctest](https://lcgapp-services.cern.ch/root-jenkins/job/root-pullrequests-build/85076/testReport/projectroot.roottest.python/JupyROOT/roottest_python_JupyROOT_cppcompleter_doctest/); - [projectroot.test.test_stresshistofit_interpreted](https://lcgapp-services.cern.ch/root-jenkins/job/root-pullrequests-build/85076/testReport/projectroot/test/test_stresshistofit_interpreted/),MatchSource.ISSUE_COMMENT,root-project,root,v6-32-06,https://github.com/root-project/root/pull/5094#issuecomment-638829933:399,test,tests,399,https://root.cern,https://github.com/root-project/root/pull/5094#issuecomment-638829933,5,['test'],"['test', 'testReport', 'tests']"
Testability,Build failed on ROOT-fedora31/noimt.; Running on root-fedora-31-1.cern.ch:/build/workspace/root-pullrequests-build; [See cdash](http://cdash.cern.ch/index.php?project=ROOT&filtercount=1&field1=buildname/string&compare1=65&value1=PR-5094-ROOT-fedora31-noimt&date=2020-06-04).; [See console output](https://lcgapp-services.cern.ch/root-jenkins/job/root-pullrequests-build/85141/console).; ### Errors:; - [2020-06-04T16:27:56.526Z] 951/1987 Test #653: tutorial-roofit-rf105_funcbinding .................................................................***Failed Error regular expression found in output. Regex=[: error:] 0.27 sec ; - [2020-06-04T16:30:10.434Z] 1152/1987 Test #867: tutorial-unfold-testUnfold7c ......................................................................***Failed Error regular expression found in output. Regex=[: error:] 0.70 sec . ### Failing tests:; - [projectroot.runtutorials.tutorial_multicore_mp101_fillNtuples](https://lcgapp-services.cern.ch/root-jenkins/job/root-pullrequests-build/85141/testReport/projectroot/runtutorials/tutorial_multicore_mp101_fillNtuples/); - [projectroot.runtutorials.tutorial_multicore_mp102_readNtuplesFillHistosAndFit](https://lcgapp-services.cern.ch/root-jenkins/job/root-pullrequests-build/85141/testReport/projectroot/runtutorials/tutorial_multicore_mp102_readNtuplesFillHistosAndFit/); - [projectroot.runtutorials.tutorial_roofit_rf105_funcbinding](https://lcgapp-services.cern.ch/root-jenkins/job/root-pullrequests-build/85141/testReport/projectroot/runtutorials/tutorial_roofit_rf105_funcbinding/); - [projectroot.runtutorials.tutorial_tmva_envelope_classification](https://lcgapp-services.cern.ch/root-jenkins/job/root-pullrequests-build/85141/testReport/projectroot/runtutorials/tutorial_tmva_envelope_classification/); - [projectroot.runtutorials.tutorial_unfold_testUnfold7c](https://lcgapp-services.cern.ch/root-jenkins/job/root-pullrequests-build/85141/testReport/projectroot/runtutorials/tutorial_unfold_testUnfold7c/); - [proj,MatchSource.ISSUE_COMMENT,root-project,root,v6-32-06,https://github.com/root-project/root/pull/5094#issuecomment-638971534:438,Test,Test,438,https://root.cern,https://github.com/root-project/root/pull/5094#issuecomment-638971534,3,"['Test', 'test']","['Test', 'tests']"
Testability,Build failed on ROOT-fedora31/noimt.; Running on root-fedora-31-1.cern.ch:/build/workspace/root-pullrequests-build; [See cdash](http://cdash.cern.ch/index.php?project=ROOT&filtercount=1&field1=buildname/string&compare1=65&value1=PR-5094-ROOT-fedora31-noimt&date=2020-06-04).; [See console output](https://lcgapp-services.cern.ch/root-jenkins/job/root-pullrequests-build/85237/console).; ### Failing tests:; - [projectroot.test.test_stressmathcore_interpreted](https://lcgapp-services.cern.ch/root-jenkins/job/root-pullrequests-build/85237/testReport/projectroot/test/test_stressmathcore_interpreted/); - [projectroot.test.test_stresshistofit_interpreted](https://lcgapp-services.cern.ch/root-jenkins/job/root-pullrequests-build/85237/testReport/projectroot/test/test_stresshistofit_interpreted/); - [projectroot.bindings.pyroot.pythonizations.test.pyunittests_pyroot_numbadeclare](https://lcgapp-services.cern.ch/root-jenkins/job/root-pullrequests-build/85237/testReport/projectroot.bindings.pyroot.pythonizations/test/pyunittests_pyroot_numbadeclare/); - [projectroot.roottest.python.JupyROOT.roottest_python_JupyROOT_cppcompleter_doctest](https://lcgapp-services.cern.ch/root-jenkins/job/root-pullrequests-build/85237/testReport/projectroot.roottest.python/JupyROOT/roottest_python_JupyROOT_cppcompleter_doctest/); - [projectroot.roottest.root.hist.formula.roottest_root_hist_formula_runstring](https://lcgapp-services.cern.ch/root-jenkins/job/root-pullrequests-build/85237/testReport/projectroot.roottest.root.hist/formula/roottest_root_hist_formula_runstring/); - [projectroot.roottest.root.meta.cmsUnload.roottest_root_meta_cmsUnload_make](https://lcgapp-services.cern.ch/root-jenkins/job/root-pullrequests-build/85237/testReport/projectroot.roottest.root.meta/cmsUnload/roottest_root_meta_cmsUnload_make/),MatchSource.ISSUE_COMMENT,root-project,root,v6-32-06,https://github.com/root-project/root/pull/5094#issuecomment-639071794:399,test,tests,399,https://root.cern,https://github.com/root-project/root/pull/5094#issuecomment-639071794,13,['test'],"['test', 'testReport', 'tests']"
Testability,Build failed on ROOT-fedora31/noimt.; Running on root-fedora-31-1.cern.ch:/build/workspace/root-pullrequests-build; [See cdash](http://cdash.cern.ch/index.php?project=ROOT&filtercount=1&field1=buildname/string&compare1=65&value1=PR-5094-ROOT-fedora31-noimt&date=2020-06-05).; [See console output](https://lcgapp-services.cern.ch/root-jenkins/job/root-pullrequests-build/85309/console).; ### Failing tests:; - [projectroot.bindings.pyroot.pythonizations.test.pyunittests_pyroot_numbadeclare](https://lcgapp-services.cern.ch/root-jenkins/job/root-pullrequests-build/85309/testReport/projectroot.bindings.pyroot.pythonizations/test/pyunittests_pyroot_numbadeclare/); - [projectroot.roottest.python.JupyROOT.roottest_python_JupyROOT_cppcompleter_doctest](https://lcgapp-services.cern.ch/root-jenkins/job/root-pullrequests-build/85309/testReport/projectroot.roottest.python/JupyROOT/roottest_python_JupyROOT_cppcompleter_doctest/); - [projectroot.roottest.root.meta.callfunc.roottest_root_meta_callfunc_execResolveAt_auto](https://lcgapp-services.cern.ch/root-jenkins/job/root-pullrequests-build/85309/testReport/projectroot.roottest.root.meta/callfunc/roottest_root_meta_callfunc_execResolveAt_auto/),MatchSource.ISSUE_COMMENT,root-project,root,v6-32-06,https://github.com/root-project/root/pull/5094#issuecomment-639274419:399,test,tests,399,https://root.cern,https://github.com/root-project/root/pull/5094#issuecomment-639274419,6,['test'],"['test', 'testReport', 'tests']"
Testability,Build failed on ROOT-fedora31/noimt.; Running on root-fedora-31-1.cern.ch:/build/workspace/root-pullrequests-build; [See cdash](http://cdash.cern.ch/index.php?project=ROOT&filtercount=1&field1=buildname/string&compare1=65&value1=PR-5094-ROOT-fedora31-noimt&date=2020-06-05).; [See console output](https://lcgapp-services.cern.ch/root-jenkins/job/root-pullrequests-build/85407/console).; ### Failing tests:; - [projectroot.bindings.pyroot.pythonizations.test.pyunittests_pyroot_numbadeclare](https://lcgapp-services.cern.ch/root-jenkins/job/root-pullrequests-build/85407/testReport/projectroot.bindings.pyroot.pythonizations/test/pyunittests_pyroot_numbadeclare/); - [projectroot.roofit.roofit.test.gtest_roofit_roofit_test_testRooGaussian](https://lcgapp-services.cern.ch/root-jenkins/job/root-pullrequests-build/85407/testReport/projectroot.roofit.roofit/test/gtest_roofit_roofit_test_testRooGaussian/); - [projectroot.roofit.roofit.test.gtest_roofit_roofit_test_testRooPoisson](https://lcgapp-services.cern.ch/root-jenkins/job/root-pullrequests-build/85407/testReport/projectroot.roofit.roofit/test/gtest_roofit_roofit_test_testRooPoisson/); - [projectroot.roofit.roofit.test.gtest_roofit_roofit_test_testRooBernstein](https://lcgapp-services.cern.ch/root-jenkins/job/root-pullrequests-build/85407/testReport/projectroot.roofit.roofit/test/gtest_roofit_roofit_test_testRooBernstein/); - [projectroot.roofit.roofit.test.gtest_roofit_roofit_test_testRooExponential](https://lcgapp-services.cern.ch/root-jenkins/job/root-pullrequests-build/85407/testReport/projectroot.roofit.roofit/test/gtest_roofit_roofit_test_testRooExponential/); - [projectroot.roofit.roofitcore.test.gtest_roofit_roofitcore_test_testRooWrapperPdf](https://lcgapp-services.cern.ch/root-jenkins/job/root-pullrequests-build/85407/testReport/projectroot.roofit.roofitcore/test/gtest_roofit_roofitcore_test_testRooWrapperPdf/); - [projectroot.roofit.roostats.test.gtest_roofit_roostats_test_testSPlot](https://lcgapp-services.cern.ch/,MatchSource.ISSUE_COMMENT,root-project,root,v6-32-06,https://github.com/root-project/root/pull/5094#issuecomment-639383677:399,test,tests,399,https://root.cern,https://github.com/root-project/root/pull/5094#issuecomment-639383677,8,['test'],"['test', 'testReport', 'tests']"
Testability,Build failed on ROOT-fedora31/noimt.; Running on root-fedora-31-1.cern.ch:/build/workspace/root-pullrequests-build; [See cdash](http://cdash.cern.ch/index.php?project=ROOT&filtercount=1&field1=buildname/string&compare1=65&value1=PR-5094-ROOT-fedora31-noimt&date=2020-06-05).; [See console output](https://lcgapp-services.cern.ch/root-jenkins/job/root-pullrequests-build/85423/console).; ### Failing tests:; - [projectroot.test.test_stressmathcore_interpreted](https://lcgapp-services.cern.ch/root-jenkins/job/root-pullrequests-build/85423/testReport/projectroot/test/test_stressmathcore_interpreted/); - [projectroot.roottest.python.JupyROOT.roottest_python_JupyROOT_cppcompleter_doctest](https://lcgapp-services.cern.ch/root-jenkins/job/root-pullrequests-build/85423/testReport/projectroot.roottest.python/JupyROOT/roottest_python_JupyROOT_cppcompleter_doctest/),MatchSource.ISSUE_COMMENT,root-project,root,v6-32-06,https://github.com/root-project/root/pull/5094#issuecomment-639419670:399,test,tests,399,https://root.cern,https://github.com/root-project/root/pull/5094#issuecomment-639419670,5,['test'],"['test', 'testReport', 'tests']"
Testability,Build failed on ROOT-fedora31/noimt.; Running on root-fedora-31-1.cern.ch:/build/workspace/root-pullrequests-build; [See cdash](http://cdash.cern.ch/index.php?project=ROOT&filtercount=1&field1=buildname/string&compare1=65&value1=PR-5094-ROOT-fedora31-noimt&date=2020-06-08).; [See console output](https://lcgapp-services.cern.ch/root-jenkins/job/root-pullrequests-build/85780/console).; ### Failing tests:; - [projectroot.roottest.root.io.uniquePointer.roottest_root_io_uniquePointer_simpleWriteReadConst](https://lcgapp-services.cern.ch/root-jenkins/job/root-pullrequests-build/85780/testReport/projectroot.roottest.root.io/uniquePointer/roottest_root_io_uniquePointer_simpleWriteReadConst/); - [projectroot.bindings.pyroot.pythonizations.test.pyunittests_pyroot_numbadeclare](https://lcgapp-services.cern.ch/root-jenkins/job/root-pullrequests-build/85780/testReport/projectroot.bindings.pyroot.pythonizations/test/pyunittests_pyroot_numbadeclare/); - [projectroot.test.test_stressmathcore_interpreted](https://lcgapp-services.cern.ch/root-jenkins/job/root-pullrequests-build/85780/testReport/projectroot/test/test_stressmathcore_interpreted/); - [projectroot.roottest.python.JupyROOT.roottest_python_JupyROOT_cppcompleter_doctest](https://lcgapp-services.cern.ch/root-jenkins/job/root-pullrequests-build/85780/testReport/projectroot.roottest.python/JupyROOT/roottest_python_JupyROOT_cppcompleter_doctest/); - [projectroot.roottest.root.io.uniquePointer.roottest_root_io_uniquePointer_simpleReadConst](https://lcgapp-services.cern.ch/root-jenkins/job/root-pullrequests-build/85780/testReport/projectroot.roottest.root.io/uniquePointer/roottest_root_io_uniquePointer_simpleReadConst/),MatchSource.ISSUE_COMMENT,root-project,root,v6-32-06,https://github.com/root-project/root/pull/5094#issuecomment-640399771:399,test,tests,399,https://root.cern,https://github.com/root-project/root/pull/5094#issuecomment-640399771,10,['test'],"['test', 'testReport', 'tests']"
Testability,Build failed on ROOT-fedora31/noimt.; Running on root-fedora-31-1.cern.ch:/build/workspace/root-pullrequests-build; [See cdash](http://cdash.cern.ch/index.php?project=ROOT&filtercount=1&field1=buildname/string&compare1=65&value1=PR-5094-ROOT-fedora31-noimt&date=2020-06-09).; [See console output](https://lcgapp-services.cern.ch/root-jenkins/job/root-pullrequests-build/86081/console).; ### Failing tests:; - [projectroot.roottest.root.io.uniquePointer.roottest_root_io_uniquePointer_simpleWriteReadConst](https://lcgapp-services.cern.ch/root-jenkins/job/root-pullrequests-build/86081/testReport/projectroot.roottest.root.io/uniquePointer/roottest_root_io_uniquePointer_simpleWriteReadConst/); - [projectroot.roottest.python.JupyROOT.roottest_python_JupyROOT_cppcompleter_doctest](https://lcgapp-services.cern.ch/root-jenkins/job/root-pullrequests-build/86081/testReport/projectroot.roottest.python/JupyROOT/roottest_python_JupyROOT_cppcompleter_doctest/); - [projectroot.roottest.root.io.uniquePointer.roottest_root_io_uniquePointer_simpleReadConst](https://lcgapp-services.cern.ch/root-jenkins/job/root-pullrequests-build/86081/testReport/projectroot.roottest.root.io/uniquePointer/roottest_root_io_uniquePointer_simpleReadConst/),MatchSource.ISSUE_COMMENT,root-project,root,v6-32-06,https://github.com/root-project/root/pull/5094#issuecomment-641253756:399,test,tests,399,https://root.cern,https://github.com/root-project/root/pull/5094#issuecomment-641253756,4,['test'],"['testReport', 'tests']"
Testability,Build failed on ROOT-fedora31/noimt.; Running on root-fedora-31-1.cern.ch:/build/workspace/root-pullrequests-build; [See cdash](http://cdash.cern.ch/index.php?project=ROOT&filtercount=1&field1=buildname/string&compare1=65&value1=PR-5094-ROOT-fedora31-noimt&date=2020-06-09).; [See console output](https://lcgapp-services.cern.ch/root-jenkins/job/root-pullrequests-build/86179/console).; ### Failing tests:; - [projectroot.roottest.python.JupyROOT.roottest_python_JupyROOT_cppcompleter_doctest](https://lcgapp-services.cern.ch/root-jenkins/job/root-pullrequests-build/86179/testReport/projectroot.roottest.python/JupyROOT/roottest_python_JupyROOT_cppcompleter_doctest/),MatchSource.ISSUE_COMMENT,root-project,root,v6-32-06,https://github.com/root-project/root/pull/5094#issuecomment-641525952:399,test,tests,399,https://root.cern,https://github.com/root-project/root/pull/5094#issuecomment-641525952,2,['test'],"['testReport', 'tests']"
Testability,Build failed on ROOT-fedora31/noimt.; Running on root-fedora-31-1.cern.ch:/build/workspace/root-pullrequests-build; [See cdash](http://cdash.cern.ch/index.php?project=ROOT&filtercount=1&field1=buildname/string&compare1=65&value1=PR-5094-ROOT-fedora31-noimt&date=2020-06-09).; [See console output](https://lcgapp-services.cern.ch/root-jenkins/job/root-pullrequests-build/86187/console).; ### Failing tests:; - [projectroot.roottest.cling.other.roottest_cling_other_execValuePrint](https://lcgapp-services.cern.ch/root-jenkins/job/root-pullrequests-build/86187/testReport/projectroot.roottest.cling/other/roottest_cling_other_execValuePrint/); - [projectroot.roottest.python.JupyROOT.roottest_python_JupyROOT_cppcompleter_doctest](https://lcgapp-services.cern.ch/root-jenkins/job/root-pullrequests-build/86187/testReport/projectroot.roottest.python/JupyROOT/roottest_python_JupyROOT_cppcompleter_doctest/),MatchSource.ISSUE_COMMENT,root-project,root,v6-32-06,https://github.com/root-project/root/pull/5094#issuecomment-641542107:399,test,tests,399,https://root.cern,https://github.com/root-project/root/pull/5094#issuecomment-641542107,3,['test'],"['testReport', 'tests']"
Testability,Build failed on ROOT-fedora31/noimt.; Running on root-fedora-31-1.cern.ch:/build/workspace/root-pullrequests-build; [See cdash](http://cdash.cern.ch/index.php?project=ROOT&filtercount=1&field1=buildname/string&compare1=65&value1=PR-5094-ROOT-fedora31-noimt&date=2020-06-10).; [See console output](https://lcgapp-services.cern.ch/root-jenkins/job/root-pullrequests-build/86331/console).; ### Errors:; - [2020-06-10T20:05:35.933Z] 960/1992 Test #661: tutorial-roofit-rf105_funcbinding .................................................................***Failed Error regular expression found in output. Regex=[: error:] 0.25 sec . ### Failing tests:; - [projectroot.runtutorials.tutorial_roofit_rf105_funcbinding](https://lcgapp-services.cern.ch/root-jenkins/job/root-pullrequests-build/86331/testReport/projectroot/runtutorials/tutorial_roofit_rf105_funcbinding/); - [projectroot.runtutorials.tutorial_tmva_envelope_classification](https://lcgapp-services.cern.ch/root-jenkins/job/root-pullrequests-build/86331/testReport/projectroot/runtutorials/tutorial_tmva_envelope_classification/); - [projectroot.roottest.python.JupyROOT.roottest_python_JupyROOT_cppcompleter_doctest](https://lcgapp-services.cern.ch/root-jenkins/job/root-pullrequests-build/86331/testReport/projectroot.roottest.python/JupyROOT/roottest_python_JupyROOT_cppcompleter_doctest/); - [projectroot.roottest.root.io.evolution.roottest_root_io_evolution_make](https://lcgapp-services.cern.ch/root-jenkins/job/root-pullrequests-build/86331/testReport/projectroot.roottest.root.io/evolution/roottest_root_io_evolution_make/); - [projectroot.roottest.root.tree.reader.roottest_root_tree_reader_make](https://lcgapp-services.cern.ch/root-jenkins/job/root-pullrequests-build/86331/testReport/projectroot.roottest.root.tree/reader/roottest_root_tree_reader_make/); - [projectroot.roottest.root.treeproxy.roottest_root_treeproxy_make](https://lcgapp-services.cern.ch/root-jenkins/job/root-pullrequests-build/86331/testReport/projectroot.roottes,MatchSource.ISSUE_COMMENT,root-project,root,v6-32-06,https://github.com/root-project/root/pull/5094#issuecomment-642235644:438,Test,Test,438,https://root.cern,https://github.com/root-project/root/pull/5094#issuecomment-642235644,3,"['Test', 'test']","['Test', 'testReport', 'tests']"
Testability,Build failed on ROOT-fedora31/noimt.; Running on root-fedora-31-1.cern.ch:/build/workspace/root-pullrequests-build; [See cdash](http://cdash.cern.ch/index.php?project=ROOT&filtercount=1&field1=buildname/string&compare1=65&value1=PR-5094-ROOT-fedora31-noimt&date=2020-06-11).; [See console output](https://lcgapp-services.cern.ch/root-jenkins/job/root-pullrequests-build/86347/console).; ### Errors:; - [2020-06-10T22:20:21.883Z] 633/1992 Test #328: tutorial-dataframe-df004_cutFlowReport ............................................................***Failed Error regular expression found in output. Regex=[: error:] 1.88 sec ; - [2020-06-10T22:20:26.822Z] 637/1992 Test #332: tutorial-dataframe-df008_createDataSetFromScratch .................................................***Failed Error regular expression found in output. Regex=[: error:] 1.17 sec ; - [2020-06-10T22:20:28.070Z] 639/1992 Test #333: tutorial-dataframe-df009_FromScratchVSTTree .......................................................***Failed Error regular expression found in output. Regex=[: error:] 1.33 sec ; - [2020-06-10T22:20:28.893Z] 641/1992 Test #334: tutorial-dataframe-df010_trivialDataSource ........................................................***Failed Error regular expression found in output. Regex=[: error:] 1.97 sec ; - [2020-06-10T22:20:31.348Z] 644/1992 Test #338: tutorial-dataframe-df015_LazyDataSource ...........................................................***Failed Error regular expression found in output. Regex=[: error:] 1.89 sec ; - [2020-06-10T22:20:37.348Z] 652/1992 Test #344: tutorial-dataframe-df021_createTGraph .............................................................***Failed Error regular expression found in output. Regex=[: error:] 1.76 sec ; - [2020-06-10T22:20:39.777Z] 656/1992 Test #349: tutorial-dataframe-df027_SQliteDependencyOverVersion ..............................................***Failed Error regular expression found in output. Regex=[: error:] 1.51 sec ; - [20,MatchSource.ISSUE_COMMENT,root-project,root,v6-32-06,https://github.com/root-project/root/pull/5094#issuecomment-642302168:438,Test,Test,438,https://root.cern,https://github.com/root-project/root/pull/5094#issuecomment-642302168,3,['Test'],['Test']
Testability,Build failed on ROOT-fedora31/noimt.; Running on root-fedora-31-1.cern.ch:/build/workspace/root-pullrequests-build; [See cdash](http://cdash.cern.ch/index.php?project=ROOT&filtercount=1&field1=buildname/string&compare1=65&value1=PR-5094-ROOT-fedora31-noimt&date=2020-06-12).; [See console output](https://lcgapp-services.cern.ch/root-jenkins/job/root-pullrequests-build/86727/console).; ### Failing tests:; - [projectroot.test.test_stresshistofit_interpreted](https://lcgapp-services.cern.ch/root-jenkins/job/root-pullrequests-build/86727/testReport/projectroot/test/test_stresshistofit_interpreted/),MatchSource.ISSUE_COMMENT,root-project,root,v6-32-06,https://github.com/root-project/root/pull/5094#issuecomment-643446339:399,test,tests,399,https://root.cern,https://github.com/root-project/root/pull/5094#issuecomment-643446339,4,['test'],"['test', 'testReport', 'tests']"
Testability,Build failed on ROOT-fedora31/noimt.; Running on root-fedora-31-1.cern.ch:/build/workspace/root-pullrequests-build; [See cdash](http://cdash.cern.ch/index.php?project=ROOT&filtercount=1&field1=buildname/string&compare1=65&value1=PR-5094-ROOT-fedora31-noimt&date=2020-06-12).; [See console output](https://lcgapp-services.cern.ch/root-jenkins/job/root-pullrequests-build/86751/console).; ### Failing tests:; - [projectroot.runtutorials.tutorial_tmva_envelope_classification](https://lcgapp-services.cern.ch/root-jenkins/job/root-pullrequests-build/86751/testReport/projectroot/runtutorials/tutorial_tmva_envelope_classification/); - [projectroot.test.test_stresshistofit_interpreted](https://lcgapp-services.cern.ch/root-jenkins/job/root-pullrequests-build/86751/testReport/projectroot/test/test_stresshistofit_interpreted/),MatchSource.ISSUE_COMMENT,root-project,root,v6-32-06,https://github.com/root-project/root/pull/5094#issuecomment-643462932:399,test,tests,399,https://root.cern,https://github.com/root-project/root/pull/5094#issuecomment-643462932,5,['test'],"['test', 'testReport', 'tests']"
Testability,Build failed on ROOT-fedora31/noimt.; Running on root-fedora-31-1.cern.ch:/build/workspace/root-pullrequests-build; [See cdash](http://cdash.cern.ch/index.php?project=ROOT&filtercount=1&field1=buildname/string&compare1=65&value1=PR-5094-ROOT-fedora31-noimt&date=2020-06-14).; [See console output](https://lcgapp-services.cern.ch/root-jenkins/job/root-pullrequests-build/86831/console).; ### Failing tests:; - [projectroot.test.test_stressmathcore_interpreted](https://lcgapp-services.cern.ch/root-jenkins/job/root-pullrequests-build/86831/testReport/projectroot/test/test_stressmathcore_interpreted/); - [projectroot.roottest.python.JupyROOT.roottest_python_JupyROOT_cppcompleter_doctest](https://lcgapp-services.cern.ch/root-jenkins/job/root-pullrequests-build/86831/testReport/projectroot.roottest.python/JupyROOT/roottest_python_JupyROOT_cppcompleter_doctest/),MatchSource.ISSUE_COMMENT,root-project,root,v6-32-06,https://github.com/root-project/root/pull/5094#issuecomment-643807096:399,test,tests,399,https://root.cern,https://github.com/root-project/root/pull/5094#issuecomment-643807096,5,['test'],"['test', 'testReport', 'tests']"
Testability,Build failed on ROOT-fedora31/noimt.; Running on root-fedora-31-1.cern.ch:/build/workspace/root-pullrequests-build; [See cdash](http://cdash.cern.ch/index.php?project=ROOT&filtercount=1&field1=buildname/string&compare1=65&value1=PR-5094-ROOT-fedora31-noimt&date=2020-06-14).; [See console output](https://lcgapp-services.cern.ch/root-jenkins/job/root-pullrequests-build/86839/console).; ### Failing tests:; - [projectroot.test.test_stressmathcore_interpreted](https://lcgapp-services.cern.ch/root-jenkins/job/root-pullrequests-build/86839/testReport/projectroot/test/test_stressmathcore_interpreted/); - [projectroot.roottest.python.JupyROOT.roottest_python_JupyROOT_cppcompleter_doctest](https://lcgapp-services.cern.ch/root-jenkins/job/root-pullrequests-build/86839/testReport/projectroot.roottest.python/JupyROOT/roottest_python_JupyROOT_cppcompleter_doctest/),MatchSource.ISSUE_COMMENT,root-project,root,v6-32-06,https://github.com/root-project/root/pull/5094#issuecomment-643812091:399,test,tests,399,https://root.cern,https://github.com/root-project/root/pull/5094#issuecomment-643812091,5,['test'],"['test', 'testReport', 'tests']"
Testability,Build failed on ROOT-fedora31/noimt.; Running on root-fedora-31-1.cern.ch:/build/workspace/root-pullrequests-build; [See cdash](http://cdash.cern.ch/index.php?project=ROOT&filtercount=1&field1=buildname/string&compare1=65&value1=PR-5094-ROOT-fedora31-noimt&date=2020-06-15).; [See console output](https://lcgapp-services.cern.ch/root-jenkins/job/root-pullrequests-build/86855/console).; ### Failing tests:; - [projectroot.test.test_stressmathcore_interpreted](https://lcgapp-services.cern.ch/root-jenkins/job/root-pullrequests-build/86855/testReport/projectroot/test/test_stressmathcore_interpreted/); - [projectroot.roottest.python.JupyROOT.roottest_python_JupyROOT_cppcompleter_doctest](https://lcgapp-services.cern.ch/root-jenkins/job/root-pullrequests-build/86855/testReport/projectroot.roottest.python/JupyROOT/roottest_python_JupyROOT_cppcompleter_doctest/),MatchSource.ISSUE_COMMENT,root-project,root,v6-32-06,https://github.com/root-project/root/pull/5094#issuecomment-643915070:399,test,tests,399,https://root.cern,https://github.com/root-project/root/pull/5094#issuecomment-643915070,5,['test'],"['test', 'testReport', 'tests']"
Testability,Build failed on ROOT-fedora31/noimt.; Running on root-fedora-31-1.cern.ch:/build/workspace/root-pullrequests-build; [See cdash](http://cdash.cern.ch/index.php?project=ROOT&filtercount=1&field1=buildname/string&compare1=65&value1=PR-5094-ROOT-fedora31-noimt&date=2020-06-16).; [See console output](https://lcgapp-services.cern.ch/root-jenkins/job/root-pullrequests-build/87047/console).; ### Failing tests:; - [projectroot.test.test_stressmathcore_interpreted](https://lcgapp-services.cern.ch/root-jenkins/job/root-pullrequests-build/87047/testReport/projectroot/test/test_stressmathcore_interpreted/); - [projectroot.roottest.python.JupyROOT.roottest_python_JupyROOT_cppcompleter_doctest](https://lcgapp-services.cern.ch/root-jenkins/job/root-pullrequests-build/87047/testReport/projectroot.roottest.python/JupyROOT/roottest_python_JupyROOT_cppcompleter_doctest/),MatchSource.ISSUE_COMMENT,root-project,root,v6-32-06,https://github.com/root-project/root/pull/5094#issuecomment-644719582:399,test,tests,399,https://root.cern,https://github.com/root-project/root/pull/5094#issuecomment-644719582,5,['test'],"['test', 'testReport', 'tests']"
Testability,Build failed on ROOT-fedora31/noimt.; Running on root-fedora-31-1.cern.ch:/build/workspace/root-pullrequests-build; [See cdash](http://cdash.cern.ch/index.php?project=ROOT&filtercount=1&field1=buildname/string&compare1=65&value1=PR-5123-ROOT-fedora31-noimt&date=2020-05-04).; [See console output](https://lcgapp-services.cern.ch/root-jenkins/job/root-pullrequests-build/80022/console).; ### Failing tests:; - [projectroot.roottest.root.multicore.roottest_root_multicore_tclass_methods_libgen_build](https://lcgapp-services.cern.ch/root-jenkins/job/root-pullrequests-build/80022/testReport/projectroot.roottest.root/multicore/roottest_root_multicore_tclass_methods_libgen_build/); - [projectroot.roottest.root.multicore.roottest_root_multicore_fork](https://lcgapp-services.cern.ch/root-jenkins/job/root-pullrequests-build/80022/testReport/projectroot.roottest.root/multicore/roottest_root_multicore_fork/),MatchSource.ISSUE_COMMENT,root-project,root,v6-32-06,https://github.com/root-project/root/pull/5123#issuecomment-623324027:399,test,tests,399,https://root.cern,https://github.com/root-project/root/pull/5123#issuecomment-623324027,3,['test'],"['testReport', 'tests']"
Testability,Build failed on ROOT-fedora31/noimt.; Running on root-fedora-31-1.cern.ch:/build/workspace/root-pullrequests-build; [See cdash](http://cdash.cern.ch/index.php?project=ROOT&filtercount=1&field1=buildname/string&compare1=65&value1=PR-5377-ROOT-fedora31-noimt&date=2020-05-13).; [See console output](https://lcgapp-services.cern.ch/root-jenkins/job/root-pullrequests-build/81945/console).; ### Failing tests:; - [projectroot.roottest.cling.dict.roottest_cling_dict_runalgebra](https://lcgapp-services.cern.ch/root-jenkins/job/root-pullrequests-build/81945/testReport/projectroot.roottest.cling/dict/roottest_cling_dict_runalgebra/),MatchSource.ISSUE_COMMENT,root-project,root,v6-32-06,https://github.com/root-project/root/pull/5377#issuecomment-628138515:399,test,tests,399,https://root.cern,https://github.com/root-project/root/pull/5377#issuecomment-628138515,2,['test'],"['testReport', 'tests']"
Testability,Build failed on ROOT-fedora31/noimt.; Running on root-fedora-31-1.cern.ch:/build/workspace/root-pullrequests-build; [See cdash](http://cdash.cern.ch/index.php?project=ROOT&filtercount=1&field1=buildname/string&compare1=65&value1=PR-5377-ROOT-fedora31-noimt&date=2020-06-17).; [See console output](https://lcgapp-services.cern.ch/root-jenkins/job/root-pullrequests-build/87209/console).; ### Failing tests:; - [projectroot.roottest.root.io.webfile.roottest_root_io_webfile_make](https://lcgapp-services.cern.ch/root-jenkins/job/root-pullrequests-build/87209/testReport/projectroot.roottest.root.io/webfile/roottest_root_io_webfile_make/); - [projectroot.roottest.root.multicore.roottest_root_multicore_processExecutorH1Test](https://lcgapp-services.cern.ch/root-jenkins/job/root-pullrequests-build/87209/testReport/projectroot.roottest.root/multicore/roottest_root_multicore_processExecutorH1Test/); - [projectroot.roottest.root.tree.reader.roottest_root_tree_reader_make](https://lcgapp-services.cern.ch/root-jenkins/job/root-pullrequests-build/87209/testReport/projectroot.roottest.root.tree/reader/roottest_root_tree_reader_make/),MatchSource.ISSUE_COMMENT,root-project,root,v6-32-06,https://github.com/root-project/root/pull/5377#issuecomment-645318353:399,test,tests,399,https://root.cern,https://github.com/root-project/root/pull/5377#issuecomment-645318353,4,['test'],"['testReport', 'tests']"
Testability,Build failed on ROOT-fedora31/noimt.; Running on root-fedora-31-1.cern.ch:/build/workspace/root-pullrequests-build; [See cdash](http://cdash.cern.ch/index.php?project=ROOT&filtercount=1&field1=buildname/string&compare1=65&value1=PR-5408-ROOT-fedora31-noimt&date=2020-04-23).; [See console output](https://lcgapp-services.cern.ch/root-jenkins/job/root-pullrequests-build/78045/console).; ### Failing tests:; - [projectroot.bindings.pyroot_experimental.pythonizations.test.pyunittests_pyroot_dependency_versions](https://lcgapp-services.cern.ch/root-jenkins/job/root-pullrequests-build/78045/testReport/projectroot.bindings.pyroot_experimental.pythonizations/test/pyunittests_pyroot_dependency_versions/),MatchSource.ISSUE_COMMENT,root-project,root,v6-32-06,https://github.com/root-project/root/pull/5408#issuecomment-618304645:399,test,tests,399,https://root.cern,https://github.com/root-project/root/pull/5408#issuecomment-618304645,4,['test'],"['test', 'testReport', 'tests']"
Testability,Build failed on ROOT-fedora31/noimt.; Running on root-fedora-31-1.cern.ch:/build/workspace/root-pullrequests-build; [See cdash](http://cdash.cern.ch/index.php?project=ROOT&filtercount=1&field1=buildname/string&compare1=65&value1=PR-5408-ROOT-fedora31-noimt&date=2020-04-24).; [See console output](https://lcgapp-services.cern.ch/root-jenkins/job/root-pullrequests-build/78550/console).; ### Failing tests:; - [projectroot.bindings.pyroot_experimental.pythonizations.test.pyunittests_pyroot_dependency_versions](https://lcgapp-services.cern.ch/root-jenkins/job/root-pullrequests-build/78550/testReport/projectroot.bindings.pyroot_experimental.pythonizations/test/pyunittests_pyroot_dependency_versions/),MatchSource.ISSUE_COMMENT,root-project,root,v6-32-06,https://github.com/root-project/root/pull/5408#issuecomment-619016629:399,test,tests,399,https://root.cern,https://github.com/root-project/root/pull/5408#issuecomment-619016629,4,['test'],"['test', 'testReport', 'tests']"
Testability,Build failed on ROOT-fedora31/noimt.; Running on root-fedora-31-1.cern.ch:/build/workspace/root-pullrequests-build; [See cdash](http://cdash.cern.ch/index.php?project=ROOT&filtercount=1&field1=buildname/string&compare1=65&value1=PR-5413-ROOT-fedora31-noimt&date=2020-04-22).; [See console output](https://lcgapp-services.cern.ch/root-jenkins/job/root-pullrequests-build/77869/console).; ### Failing tests:; - [projectroot.test.test_stressroofit_interpreted](https://lcgapp-services.cern.ch/root-jenkins/job/root-pullrequests-build/77869/testReport/projectroot/test/test_stressroofit_interpreted/),MatchSource.ISSUE_COMMENT,root-project,root,v6-32-06,https://github.com/root-project/root/pull/5413#issuecomment-617692627:399,test,tests,399,https://root.cern,https://github.com/root-project/root/pull/5413#issuecomment-617692627,4,['test'],"['test', 'testReport', 'tests']"
Testability,Build failed on ROOT-fedora31/noimt.; Running on root-fedora-31-1.cern.ch:/build/workspace/root-pullrequests-build; [See cdash](http://cdash.cern.ch/index.php?project=ROOT&filtercount=1&field1=buildname/string&compare1=65&value1=PR-5420-ROOT-fedora31-noimt&date=2020-04-21).; [See console output](https://lcgapp-services.cern.ch/root-jenkins/job/root-pullrequests-build/77724/console).; ### Failing tests:; - [projectroot.roottest.root.aclic.load.roottest_root_aclic_load_autoloadtest_build](https://lcgapp-services.cern.ch/root-jenkins/job/root-pullrequests-build/77724/testReport/projectroot.roottest.root.aclic/load/roottest_root_aclic_load_autoloadtest_build/); - [projectroot.roottest.root.io.stdarray.roottest_root_io_stdarray_aclicModelWrite](https://lcgapp-services.cern.ch/root-jenkins/job/root-pullrequests-build/77724/testReport/projectroot.roottest.root.io/stdarray/roottest_root_io_stdarray_aclicModelWrite/); - [projectroot.roottest.root.io.uniquePointer.roottest_root_io_uniquePointer_writeUniqPtrColls](https://lcgapp-services.cern.ch/root-jenkins/job/root-pullrequests-build/77724/testReport/projectroot.roottest.root.io/uniquePointer/roottest_root_io_uniquePointer_writeUniqPtrColls/); - [projectroot.roottest.root.io.uniquePointer.roottest_root_io_uniquePointer_writePtrColls](https://lcgapp-services.cern.ch/root-jenkins/job/root-pullrequests-build/77724/testReport/projectroot.roottest.root.io/uniquePointer/roottest_root_io_uniquePointer_writePtrColls/); - [projectroot.roottest.root.meta.evolution.roottest_root_meta_evolution_data1_build](https://lcgapp-services.cern.ch/root-jenkins/job/root-pullrequests-build/77724/testReport/projectroot.roottest.root.meta/evolution/roottest_root_meta_evolution_data1_build/); - [projectroot.roottest.root.meta.evolution.roottest_root_meta_evolution_data2_build](https://lcgapp-services.cern.ch/root-jenkins/job/root-pullrequests-build/77724/testReport/projectroot.roottest.root.meta/evolution/roottest_root_meta_evolution_data2_build/); - ,MatchSource.ISSUE_COMMENT,root-project,root,v6-32-06,https://github.com/root-project/root/pull/5420#issuecomment-617345720:399,test,tests,399,https://root.cern,https://github.com/root-project/root/pull/5420#issuecomment-617345720,3,['test'],"['testReport', 'tests']"
Testability,Build failed on ROOT-fedora31/noimt.; Running on root-fedora-31-1.cern.ch:/build/workspace/root-pullrequests-build; [See cdash](http://cdash.cern.ch/index.php?project=ROOT&filtercount=1&field1=buildname/string&compare1=65&value1=PR-5420-ROOT-fedora31-noimt&date=2020-05-10).; [See console output](https://lcgapp-services.cern.ch/root-jenkins/job/root-pullrequests-build/81476/console).; ### Failing tests:; - [projectroot.roottest.root.meta.autoloading.headerParsingOnDemand.roottest_root_meta_autoloading_headerParsingOnDemand_runscopedEnums](https://lcgapp-services.cern.ch/root-jenkins/job/root-pullrequests-build/81476/testReport/projectroot.roottest.root.meta.autoloading/headerParsingOnDemand/roottest_root_meta_autoloading_headerParsingOnDemand_runscopedEnums/); - [projectroot.roottest.root.tree.chain.roottest_root_tree_chain_make](https://lcgapp-services.cern.ch/root-jenkins/job/root-pullrequests-build/81476/testReport/projectroot.roottest.root.tree/chain/roottest_root_tree_chain_make/),MatchSource.ISSUE_COMMENT,root-project,root,v6-32-06,https://github.com/root-project/root/pull/5420#issuecomment-626286459:399,test,tests,399,https://root.cern,https://github.com/root-project/root/pull/5420#issuecomment-626286459,3,['test'],"['testReport', 'tests']"
Testability,Build failed on ROOT-fedora31/noimt.; Running on root-fedora-31-1.cern.ch:/build/workspace/root-pullrequests-build; [See cdash](http://cdash.cern.ch/index.php?project=ROOT&filtercount=1&field1=buildname/string&compare1=65&value1=PR-5420-ROOT-fedora31-noimt&date=2020-05-22).; [See console output](https://lcgapp-services.cern.ch/root-jenkins/job/root-pullrequests-build/83140/console).; ### Failing tests:; - [projectroot.roottest.root.multicore.roottest_root_multicore_tclass_methods_libgen_build](https://lcgapp-services.cern.ch/root-jenkins/job/root-pullrequests-build/83140/testReport/projectroot.roottest.root/multicore/roottest_root_multicore_tclass_methods_libgen_build/); - [projectroot.roottest.root.meta.autoloading.headerParsingOnDemand.roottest_root_meta_autoloading_headerParsingOnDemand_runscopedEnums](https://lcgapp-services.cern.ch/root-jenkins/job/root-pullrequests-build/83140/testReport/projectroot.roottest.root.meta.autoloading/headerParsingOnDemand/roottest_root_meta_autoloading_headerParsingOnDemand_runscopedEnums/); - [projectroot.roottest.root.multicore.roottest_root_multicore_fork](https://lcgapp-services.cern.ch/root-jenkins/job/root-pullrequests-build/83140/testReport/projectroot.roottest.root/multicore/roottest_root_multicore_fork/); - [projectroot.roottest.root.tree.chain.roottest_root_tree_chain_make](https://lcgapp-services.cern.ch/root-jenkins/job/root-pullrequests-build/83140/testReport/projectroot.roottest.root.tree/chain/roottest_root_tree_chain_make/),MatchSource.ISSUE_COMMENT,root-project,root,v6-32-06,https://github.com/root-project/root/pull/5420#issuecomment-632538659:399,test,tests,399,https://root.cern,https://github.com/root-project/root/pull/5420#issuecomment-632538659,5,['test'],"['testReport', 'tests']"
Testability,Build failed on ROOT-fedora31/noimt.; Running on root-fedora-31-1.cern.ch:/build/workspace/root-pullrequests-build; [See cdash](http://cdash.cern.ch/index.php?project=ROOT&filtercount=1&field1=buildname/string&compare1=65&value1=PR-5430-ROOT-fedora31-noimt&date=2020-04-22).; [See console output](https://lcgapp-services.cern.ch/root-jenkins/job/root-pullrequests-build/77893/console).; ### Failing tests:; - [projectroot.tree.dataframe.test.pyunittests_dataframe_histograms](https://lcgapp-services.cern.ch/root-jenkins/job/root-pullrequests-build/77893/testReport/projectroot.tree.dataframe/test/pyunittests_dataframe_histograms/); - [projectroot.tree.dataframe.test.pyunittests_dataframe_misc](https://lcgapp-services.cern.ch/root-jenkins/job/root-pullrequests-build/77893/testReport/projectroot.tree.dataframe/test/pyunittests_dataframe_misc/); - [projectroot.roottest.root.html.roottest_root_html_runMakeIndex](https://lcgapp-services.cern.ch/root-jenkins/job/root-pullrequests-build/77893/testReport/projectroot.roottest.root/html/roottest_root_html_runMakeIndex/); - [projectroot.roottest.root.meta.method.roottest_root_meta_method_execTemplate_auto](https://lcgapp-services.cern.ch/root-jenkins/job/root-pullrequests-build/77893/testReport/projectroot.roottest.root.meta/method/roottest_root_meta_method_execTemplate_auto/); - [projectroot.roottest.root.meta.unit.roottest_root_meta_unit_unittests](https://lcgapp-services.cern.ch/root-jenkins/job/root-pullrequests-build/77893/testReport/projectroot.roottest.root.meta/unit/roottest_root_meta_unit_unittests/),MatchSource.ISSUE_COMMENT,root-project,root,v6-32-06,https://github.com/root-project/root/pull/5430#issuecomment-617744269:399,test,tests,399,https://root.cern,https://github.com/root-project/root/pull/5430#issuecomment-617744269,10,['test'],"['test', 'testReport', 'tests']"
Testability,Build failed on ROOT-fedora31/noimt.; Running on root-fedora-31-1.cern.ch:/build/workspace/root-pullrequests-build; [See cdash](http://cdash.cern.ch/index.php?project=ROOT&filtercount=1&field1=buildname/string&compare1=65&value1=PR-5430-ROOT-fedora31-noimt&date=2020-05-20).; [See console output](https://lcgapp-services.cern.ch/root-jenkins/job/root-pullrequests-build/83026/console).; ### Failing tests:; - [projectroot.roottest.root.html.roottest_root_html_runMakeIndex](https://lcgapp-services.cern.ch/root-jenkins/job/root-pullrequests-build/83026/testReport/projectroot.roottest.root/html/roottest_root_html_runMakeIndex/); - [projectroot.roottest.root.meta.method.roottest_root_meta_method_execTemplate_auto](https://lcgapp-services.cern.ch/root-jenkins/job/root-pullrequests-build/83026/testReport/projectroot.roottest.root.meta/method/roottest_root_meta_method_execTemplate_auto/); - [projectroot.roottest.root.meta.unit.roottest_root_meta_unit_unittests](https://lcgapp-services.cern.ch/root-jenkins/job/root-pullrequests-build/83026/testReport/projectroot.roottest.root.meta/unit/roottest_root_meta_unit_unittests/); - [projectroot.tree.dataframe.test.pyunittests_dataframe_misc](https://lcgapp-services.cern.ch/root-jenkins/job/root-pullrequests-build/83026/testReport/projectroot.tree.dataframe/test/pyunittests_dataframe_misc/); - [projectroot.tree.dataframe.test.pyunittests_dataframe_histograms](https://lcgapp-services.cern.ch/root-jenkins/job/root-pullrequests-build/83026/testReport/projectroot.tree.dataframe/test/pyunittests_dataframe_histograms/),MatchSource.ISSUE_COMMENT,root-project,root,v6-32-06,https://github.com/root-project/root/pull/5430#issuecomment-631518782:399,test,tests,399,https://root.cern,https://github.com/root-project/root/pull/5430#issuecomment-631518782,10,['test'],"['test', 'testReport', 'tests']"
Testability,Build failed on ROOT-fedora31/noimt.; Running on root-fedora-31-1.cern.ch:/build/workspace/root-pullrequests-build; [See cdash](http://cdash.cern.ch/index.php?project=ROOT&filtercount=1&field1=buildname/string&compare1=65&value1=PR-5459-ROOT-fedora31-noimt&date=2020-04-24).; [See console output](https://lcgapp-services.cern.ch/root-jenkins/job/root-pullrequests-build/78574/console).; ### Errors:; - [2020-04-24T13:51:36.827Z] /build/workspace/root-pullrequests-build/root/io/io/test/TBufferMerger.cxx:4:10: fatal error: ROOT/TTaskGroup.hxx: No such file or directory,MatchSource.ISSUE_COMMENT,root-project,root,v6-32-06,https://github.com/root-project/root/pull/5459#issuecomment-619023438:481,test,test,481,https://root.cern,https://github.com/root-project/root/pull/5459#issuecomment-619023438,1,['test'],['test']
Testability,Build failed on ROOT-fedora31/noimt.; Running on root-fedora-31-1.cern.ch:/build/workspace/root-pullrequests-build; [See cdash](http://cdash.cern.ch/index.php?project=ROOT&filtercount=1&field1=buildname/string&compare1=65&value1=PR-5477-ROOT-fedora31-noimt&date=2020-04-28).; [See console output](https://lcgapp-services.cern.ch/root-jenkins/job/root-pullrequests-build/79090/console).; ### Failing tests:; - [projectroot.test.test_stressroostats_interpreted](https://lcgapp-services.cern.ch/root-jenkins/job/root-pullrequests-build/79090/testReport/projectroot/test/test_stressroostats_interpreted/); - [projectroot.roottest.root.roofitstats.vectorisedPDFs.gtesttest_root_roofitstats_vectorisedPDFs_testPoisson](https://lcgapp-services.cern.ch/root-jenkins/job/root-pullrequests-build/79090/testReport/projectroot.roottest.root.roofitstats/vectorisedPDFs/gtesttest_root_roofitstats_vectorisedPDFs_testPoisson/); - [projectroot.roottest.root.roofitstats.vectorisedPDFs.gtesttest_root_roofitstats_vectorisedPDFs_testAddPdf](https://lcgapp-services.cern.ch/root-jenkins/job/root-pullrequests-build/79090/testReport/projectroot.roottest.root.roofitstats/vectorisedPDFs/gtesttest_root_roofitstats_vectorisedPDFs_testAddPdf/),MatchSource.ISSUE_COMMENT,root-project,root,v6-32-06,https://github.com/root-project/root/pull/5477#issuecomment-620516604:399,test,tests,399,https://root.cern,https://github.com/root-project/root/pull/5477#issuecomment-620516604,6,['test'],"['test', 'testReport', 'tests']"
Testability,Build failed on ROOT-fedora31/noimt.; Running on root-fedora-31-1.cern.ch:/build/workspace/root-pullrequests-build; [See cdash](http://cdash.cern.ch/index.php?project=ROOT&filtercount=1&field1=buildname/string&compare1=65&value1=PR-5485-ROOT-fedora31-noimt&date=2020-04-28).; [See console output](https://lcgapp-services.cern.ch/root-jenkins/job/root-pullrequests-build/79226/console).; ### Failing tests:; - [projectroot.runtutorials.tutorial_tmva_TMVA_Higgs_Classification](https://lcgapp-services.cern.ch/root-jenkins/job/root-pullrequests-build/79226/testReport/projectroot/runtutorials/tutorial_tmva_TMVA_Higgs_Classification/); - [projectroot.runtutorials.tutorial_tmva_TMVA_RNN_Classification](https://lcgapp-services.cern.ch/root-jenkins/job/root-pullrequests-build/79226/testReport/projectroot/runtutorials/tutorial_tmva_TMVA_RNN_Classification/),MatchSource.ISSUE_COMMENT,root-project,root,v6-32-06,https://github.com/root-project/root/pull/5485#issuecomment-620756325:399,test,tests,399,https://root.cern,https://github.com/root-project/root/pull/5485#issuecomment-620756325,3,['test'],"['testReport', 'tests']"
Testability,Build failed on ROOT-fedora31/noimt.; Running on root-fedora-31-1.cern.ch:/build/workspace/root-pullrequests-build; [See cdash](http://cdash.cern.ch/index.php?project=ROOT&filtercount=1&field1=buildname/string&compare1=65&value1=PR-5485-ROOT-fedora31-noimt&date=2020-04-28).; [See console output](https://lcgapp-services.cern.ch/root-jenkins/job/root-pullrequests-build/79234/console).; ### Failing tests:; - [projectroot.runtutorials.tutorial_tmva_TMVA_Higgs_Classification](https://lcgapp-services.cern.ch/root-jenkins/job/root-pullrequests-build/79234/testReport/projectroot/runtutorials/tutorial_tmva_TMVA_Higgs_Classification/); - [projectroot.runtutorials.tutorial_tmva_TMVA_RNN_Classification](https://lcgapp-services.cern.ch/root-jenkins/job/root-pullrequests-build/79234/testReport/projectroot/runtutorials/tutorial_tmva_TMVA_RNN_Classification/),MatchSource.ISSUE_COMMENT,root-project,root,v6-32-06,https://github.com/root-project/root/pull/5485#issuecomment-620791815:399,test,tests,399,https://root.cern,https://github.com/root-project/root/pull/5485#issuecomment-620791815,3,['test'],"['testReport', 'tests']"
Testability,Build failed on ROOT-fedora31/noimt.; Running on root-fedora-31-1.cern.ch:/build/workspace/root-pullrequests-build; [See cdash](http://cdash.cern.ch/index.php?project=ROOT&filtercount=1&field1=buildname/string&compare1=65&value1=PR-5485-ROOT-fedora31-noimt&date=2020-04-30).; [See console output](https://lcgapp-services.cern.ch/root-jenkins/job/root-pullrequests-build/79806/console).; ### Failing tests:; - [projectroot.runtutorials.tutorial_tmva_TMVA_Higgs_Classification](https://lcgapp-services.cern.ch/root-jenkins/job/root-pullrequests-build/79806/testReport/projectroot/runtutorials/tutorial_tmva_TMVA_Higgs_Classification/); - [projectroot.runtutorials.tutorial_tmva_TMVA_RNN_Classification](https://lcgapp-services.cern.ch/root-jenkins/job/root-pullrequests-build/79806/testReport/projectroot/runtutorials/tutorial_tmva_TMVA_RNN_Classification/),MatchSource.ISSUE_COMMENT,root-project,root,v6-32-06,https://github.com/root-project/root/pull/5485#issuecomment-622111427:399,test,tests,399,https://root.cern,https://github.com/root-project/root/pull/5485#issuecomment-622111427,3,['test'],"['testReport', 'tests']"
Testability,Build failed on ROOT-fedora31/noimt.; Running on root-fedora-31-1.cern.ch:/build/workspace/root-pullrequests-build; [See cdash](http://cdash.cern.ch/index.php?project=ROOT&filtercount=1&field1=buildname/string&compare1=65&value1=PR-5486-ROOT-fedora31-noimt&date=2020-04-29).; [See console output](https://lcgapp-services.cern.ch/root-jenkins/job/root-pullrequests-build/79242/console).; ### Failing tests:; - [projectroot.roottest.root.io.withoutDictionaries.roottest_root_io_withoutDictionaries_CheckMissingDictionaries](https://lcgapp-services.cern.ch/root-jenkins/job/root-pullrequests-build/79242/testReport/projectroot.roottest.root.io/withoutDictionaries/roottest_root_io_withoutDictionaries_CheckMissingDictionaries/); - [projectroot.roottest.root.meta.roottest_root_meta_runtemplateAutoload_auto](https://lcgapp-services.cern.ch/root-jenkins/job/root-pullrequests-build/79242/testReport/projectroot.roottest.root/meta/roottest_root_meta_runtemplateAutoload_auto/); - [projectroot.roottest.root.meta.roottest_root_meta_runtemplateAutoloadInclude_auto](https://lcgapp-services.cern.ch/root-jenkins/job/root-pullrequests-build/79242/testReport/projectroot.roottest.root/meta/roottest_root_meta_runtemplateAutoloadInclude_auto/); - [projectroot.roottest.root.meta.autoloading.headerParsingOnDemand.roottest_root_meta_autoloading_headerParsingOnDemand_runscopedEnums](https://lcgapp-services.cern.ch/root-jenkins/job/root-pullrequests-build/79242/testReport/projectroot.roottest.root.meta.autoloading/headerParsingOnDemand/roottest_root_meta_autoloading_headerParsingOnDemand_runscopedEnums/); - [projectroot.roottest.root.meta.autoloading.headerParsingOnDemand.roottest_root_meta_autoloading_headerParsingOnDemand_runFullheaderParsingOnDemand](https://lcgapp-services.cern.ch/root-jenkins/job/root-pullrequests-build/79242/testReport/projectroot.roottest.root.meta.autoloading/headerParsingOnDemand/roottest_root_meta_autoloading_headerParsingOnDemand_runFullheaderParsingOnDemand/); - [projectroo,MatchSource.ISSUE_COMMENT,root-project,root,v6-32-06,https://github.com/root-project/root/pull/5486#issuecomment-620921696:399,test,tests,399,https://root.cern,https://github.com/root-project/root/pull/5486#issuecomment-620921696,3,['test'],"['testReport', 'tests']"
Testability,Build failed on ROOT-fedora31/noimt.; Running on root-fedora-31-1.cern.ch:/build/workspace/root-pullrequests-build; [See cdash](http://cdash.cern.ch/index.php?project=ROOT&filtercount=1&field1=buildname/string&compare1=65&value1=PR-5486-ROOT-fedora31-noimt&date=2020-05-05).; [See console output](https://lcgapp-services.cern.ch/root-jenkins/job/root-pullrequests-build/80384/console).; ### Failing tests:; - [projectroot.roottest.root.meta.autoloading.headerParsingOnDemand.roottest_root_meta_autoloading_headerParsingOnDemand_runscopedEnums](https://lcgapp-services.cern.ch/root-jenkins/job/root-pullrequests-build/80384/testReport/projectroot.roottest.root.meta.autoloading/headerParsingOnDemand/roottest_root_meta_autoloading_headerParsingOnDemand_runscopedEnums/),MatchSource.ISSUE_COMMENT,root-project,root,v6-32-06,https://github.com/root-project/root/pull/5486#issuecomment-623786380:399,test,tests,399,https://root.cern,https://github.com/root-project/root/pull/5486#issuecomment-623786380,2,['test'],"['testReport', 'tests']"
Testability,Build failed on ROOT-fedora31/noimt.; Running on root-fedora-31-1.cern.ch:/build/workspace/root-pullrequests-build; [See cdash](http://cdash.cern.ch/index.php?project=ROOT&filtercount=1&field1=buildname/string&compare1=65&value1=PR-5507-ROOT-fedora31-noimt&date=2020-05-04).; [See console output](https://lcgapp-services.cern.ch/root-jenkins/job/root-pullrequests-build/80086/console).; ### Failing tests:; - [projectroot.roottest.python.basic.roottest_python_basic_datatype](https://lcgapp-services.cern.ch/root-jenkins/job/root-pullrequests-build/80086/testReport/projectroot.roottest.python/basic/roottest_python_basic_datatype/),MatchSource.ISSUE_COMMENT,root-project,root,v6-32-06,https://github.com/root-project/root/pull/5507#issuecomment-623368932:399,test,tests,399,https://root.cern,https://github.com/root-project/root/pull/5507#issuecomment-623368932,2,['test'],"['testReport', 'tests']"
Testability,Build failed on ROOT-fedora31/noimt.; Running on root-fedora-31-1.cern.ch:/build/workspace/root-pullrequests-build; [See cdash](http://cdash.cern.ch/index.php?project=ROOT&filtercount=1&field1=buildname/string&compare1=65&value1=PR-5507-ROOT-fedora31-noimt&date=2020-05-04).; [See console output](https://lcgapp-services.cern.ch/root-jenkins/job/root-pullrequests-build/80119/console).; ### Failing tests:; - [projectroot.roottest.python.basic.roottest_python_basic_datatype](https://lcgapp-services.cern.ch/root-jenkins/job/root-pullrequests-build/80119/testReport/projectroot.roottest.python/basic/roottest_python_basic_datatype/),MatchSource.ISSUE_COMMENT,root-project,root,v6-32-06,https://github.com/root-project/root/pull/5507#issuecomment-623404196:399,test,tests,399,https://root.cern,https://github.com/root-project/root/pull/5507#issuecomment-623404196,2,['test'],"['testReport', 'tests']"
Testability,"Build failed on ROOT-fedora31/noimt.; Running on root-fedora-31-1.cern.ch:/build/workspace/root-pullrequests-build; [See cdash](http://cdash.cern.ch/index.php?project=ROOT&filtercount=1&field1=buildname/string&compare1=65&value1=PR-5516-ROOT-fedora31-noimt&date=2020-04-30).; [See console output](https://lcgapp-services.cern.ch/root-jenkins/job/root-pullrequests-build/79742/console).; ### Warnings:; - [2020-04-30T14:17:12.054Z] /build/workspace/root-pullrequests-build/root/tree/dataframe/test/datasource_root.cxx:38:34: warning: ‘ROOT::RDF::RRootDS::RRootDS(std::string_view, std::string_view)’ is deprecated: will be removed in ROOT v6.24: RRootDS will be removed from the public namespace. Please use standard RDataFrame constructors and interfaces instead [-Wdeprecated-declarations] ; - [2020-04-30T14:17:12.054Z] /build/workspace/root-pullrequests-build/root/tree/dataframe/test/datasource_root.cxx:56:34: warning: ‘ROOT::RDF::RRootDS::RRootDS(std::string_view, std::string_view)’ is deprecated: will be removed in ROOT v6.24: RRootDS will be removed from the public namespace. Please use standard RDataFrame constructors and interfaces instead [-Wdeprecated-declarations] ; - [2020-04-30T14:17:12.054Z] /build/workspace/root-pullrequests-build/root/tree/dataframe/test/datasource_root.cxx:74:34: warning: ‘ROOT::RDF::RRootDS::RRootDS(std::string_view, std::string_view)’ is deprecated: will be removed in ROOT v6.24: RRootDS will be removed from the public namespace. Please use standard RDataFrame constructors and interfaces instead [-Wdeprecated-declarations] ; - [2020-04-30T14:17:12.054Z] /build/workspace/root-pullrequests-build/root/tree/dataframe/test/datasource_root.cxx:94:34: warning: ‘ROOT::RDF::RRootDS::RRootDS(std::string_view, std::string_view)’ is deprecated: will be removed in ROOT v6.24: RRootDS will be removed from the public namespace. Please use standard RDataFrame constructors and interfaces instead [-Wdeprecated-declarations] ; - [2020-04-30T14:17:12.054Z] /build",MatchSource.ISSUE_COMMENT,root-project,root,v6-32-06,https://github.com/root-project/root/pull/5516#issuecomment-621886081:492,test,test,492,https://root.cern,https://github.com/root-project/root/pull/5516#issuecomment-621886081,2,['test'],['test']
Testability,Build failed on ROOT-fedora31/noimt.; Running on root-fedora-31-1.cern.ch:/build/workspace/root-pullrequests-build; [See cdash](http://cdash.cern.ch/index.php?project=ROOT&filtercount=1&field1=buildname/string&compare1=65&value1=PR-5518-ROOT-fedora31-noimt&date=2020-04-30).; [See console output](https://lcgapp-services.cern.ch/root-jenkins/job/root-pullrequests-build/79782/console).; ### Failing tests:; - [projectroot.runtutorials.tutorial_tmva_TMVA_Higgs_Classification](https://lcgapp-services.cern.ch/root-jenkins/job/root-pullrequests-build/79782/testReport/projectroot/runtutorials/tutorial_tmva_TMVA_Higgs_Classification/); - [projectroot.runtutorials.tutorial_tmva_TMVA_RNN_Classification](https://lcgapp-services.cern.ch/root-jenkins/job/root-pullrequests-build/79782/testReport/projectroot/runtutorials/tutorial_tmva_TMVA_RNN_Classification/),MatchSource.ISSUE_COMMENT,root-project,root,v6-32-06,https://github.com/root-project/root/pull/5518#issuecomment-621960581:399,test,tests,399,https://root.cern,https://github.com/root-project/root/pull/5518#issuecomment-621960581,3,['test'],"['testReport', 'tests']"
Testability,Build failed on ROOT-fedora31/noimt.; Running on root-fedora-31-1.cern.ch:/build/workspace/root-pullrequests-build; [See cdash](http://cdash.cern.ch/index.php?project=ROOT&filtercount=1&field1=buildname/string&compare1=65&value1=PR-5524-ROOT-fedora31-noimt&date=2020-09-17).; [See console output](https://lcgapp-services.cern.ch/root-jenkins/job/root-pullrequests-build/96066/console).; ### Failing tests:; - [projectroot.roottest.root.io.treeForeign.roottest_root_io_treeForeign_testForeignDraw](https://lcgapp-services.cern.ch/root-jenkins/job/root-pullrequests-build/96066/testReport/projectroot.roottest.root.io/treeForeign/roottest_root_io_treeForeign_testForeignDraw/); - [projectroot.roottest.root.meta.roottest_root_meta_drawing](https://lcgapp-services.cern.ch/root-jenkins/job/root-pullrequests-build/96066/testReport/projectroot.roottest.root/meta/roottest_root_meta_drawing/),MatchSource.ISSUE_COMMENT,root-project,root,v6-32-06,https://github.com/root-project/root/pull/5524#issuecomment-694103858:399,test,tests,399,https://root.cern,https://github.com/root-project/root/pull/5524#issuecomment-694103858,3,['test'],"['testReport', 'tests']"
Testability,Build failed on ROOT-fedora31/noimt.; Running on root-fedora-31-1.cern.ch:/build/workspace/root-pullrequests-build; [See cdash](http://cdash.cern.ch/index.php?project=ROOT&filtercount=1&field1=buildname/string&compare1=65&value1=PR-5524-ROOT-fedora31-noimt&date=2020-09-17).; [See console output](https://lcgapp-services.cern.ch/root-jenkins/job/root-pullrequests-build/96074/console).; ### Failing tests:; - [projectroot.roottest.root.io.treeForeign.roottest_root_io_treeForeign_testForeignDraw](https://lcgapp-services.cern.ch/root-jenkins/job/root-pullrequests-build/96074/testReport/projectroot.roottest.root.io/treeForeign/roottest_root_io_treeForeign_testForeignDraw/); - [projectroot.roottest.root.meta.roottest_root_meta_drawing](https://lcgapp-services.cern.ch/root-jenkins/job/root-pullrequests-build/96074/testReport/projectroot.roottest.root/meta/roottest_root_meta_drawing/),MatchSource.ISSUE_COMMENT,root-project,root,v6-32-06,https://github.com/root-project/root/pull/5524#issuecomment-694130084:399,test,tests,399,https://root.cern,https://github.com/root-project/root/pull/5524#issuecomment-694130084,3,['test'],"['testReport', 'tests']"
Testability,Build failed on ROOT-fedora31/noimt.; Running on root-fedora-31-1.cern.ch:/build/workspace/root-pullrequests-build; [See cdash](http://cdash.cern.ch/index.php?project=ROOT&filtercount=1&field1=buildname/string&compare1=65&value1=PR-5524-ROOT-fedora31-noimt&date=2020-09-17).; [See console output](https://lcgapp-services.cern.ch/root-jenkins/job/root-pullrequests-build/96082/console).; ### Failing tests:; - [projectroot.roottest.root.io.treeForeign.roottest_root_io_treeForeign_testForeignDraw](https://lcgapp-services.cern.ch/root-jenkins/job/root-pullrequests-build/96082/testReport/projectroot.roottest.root.io/treeForeign/roottest_root_io_treeForeign_testForeignDraw/); - [projectroot.roottest.root.meta.roottest_root_meta_drawing](https://lcgapp-services.cern.ch/root-jenkins/job/root-pullrequests-build/96082/testReport/projectroot.roottest.root/meta/roottest_root_meta_drawing/),MatchSource.ISSUE_COMMENT,root-project,root,v6-32-06,https://github.com/root-project/root/pull/5524#issuecomment-694139959:399,test,tests,399,https://root.cern,https://github.com/root-project/root/pull/5524#issuecomment-694139959,3,['test'],"['testReport', 'tests']"
Testability,Build failed on ROOT-fedora31/noimt.; Running on root-fedora-31-1.cern.ch:/build/workspace/root-pullrequests-build; [See cdash](http://cdash.cern.ch/index.php?project=ROOT&filtercount=1&field1=buildname/string&compare1=65&value1=PR-5524-ROOT-fedora31-noimt&date=2020-09-17).; [See console output](https://lcgapp-services.cern.ch/root-jenkins/job/root-pullrequests-build/96098/console).; ### Failing tests:; - [projectroot.roottest.root.io.treeForeign.roottest_root_io_treeForeign_testForeignDraw](https://lcgapp-services.cern.ch/root-jenkins/job/root-pullrequests-build/96098/testReport/projectroot.roottest.root.io/treeForeign/roottest_root_io_treeForeign_testForeignDraw/); - [projectroot.roottest.root.meta.roottest_root_meta_drawing](https://lcgapp-services.cern.ch/root-jenkins/job/root-pullrequests-build/96098/testReport/projectroot.roottest.root/meta/roottest_root_meta_drawing/),MatchSource.ISSUE_COMMENT,root-project,root,v6-32-06,https://github.com/root-project/root/pull/5524#issuecomment-694163491:399,test,tests,399,https://root.cern,https://github.com/root-project/root/pull/5524#issuecomment-694163491,3,['test'],"['testReport', 'tests']"
Testability,Build failed on ROOT-fedora31/noimt.; Running on root-fedora-31-1.cern.ch:/build/workspace/root-pullrequests-build; [See cdash](http://cdash.cern.ch/index.php?project=ROOT&filtercount=1&field1=buildname/string&compare1=65&value1=PR-5530-ROOT-fedora31-noimt&date=2020-05-04).; [See console output](https://lcgapp-services.cern.ch/root-jenkins/job/root-pullrequests-build/80103/console).; ### Failing tests:; - [projectroot.roofit.roofit.test.gtest_roofit_roofit_test_testRooExponential](https://lcgapp-services.cern.ch/root-jenkins/job/root-pullrequests-build/80103/testReport/projectroot.roofit.roofit/test/gtest_roofit_roofit_test_testRooExponential/); - [projectroot.roofit.roofitcore.test.gtest_roofit_roofitcore_test_testWorkspace](https://lcgapp-services.cern.ch/root-jenkins/job/root-pullrequests-build/80103/testReport/projectroot.roofit.roofitcore/test/gtest_roofit_roofitcore_test_testWorkspace/); - [projectroot.roofit.roostats.test.gtest_roofit_roostats_test_testHypoTestInvResult](https://lcgapp-services.cern.ch/root-jenkins/job/root-pullrequests-build/80103/testReport/projectroot.roofit.roostats/test/gtest_roofit_roostats_test_testHypoTestInvResult/); - [projectroot.test.test_stressroofit_interpreted](https://lcgapp-services.cern.ch/root-jenkins/job/root-pullrequests-build/80103/testReport/projectroot/test/test_stressroofit_interpreted/); - [projectroot.test.test_stressHistFactory_interpreted](https://lcgapp-services.cern.ch/root-jenkins/job/root-pullrequests-build/80103/testReport/projectroot/test/test_stressHistFactory_interpreted/); - [projectroot.test.test_stressroostats_interpreted](https://lcgapp-services.cern.ch/root-jenkins/job/root-pullrequests-build/80103/testReport/projectroot/test/test_stressroostats_interpreted/); - [projectroot.roottest.python.pythonizations.roottest_python_pythonizations_pythonizations](https://lcgapp-services.cern.ch/root-jenkins/job/root-pullrequests-build/80103/testReport/projectroot.roottest.python/pythonizations/roottest_python_pyth,MatchSource.ISSUE_COMMENT,root-project,root,v6-32-06,https://github.com/root-project/root/pull/5530#issuecomment-623393083:399,test,tests,399,https://root.cern,https://github.com/root-project/root/pull/5530#issuecomment-623393083,8,['test'],"['test', 'testReport', 'tests']"
Testability,Build failed on ROOT-fedora31/noimt.; Running on root-fedora-31-1.cern.ch:/build/workspace/root-pullrequests-build; [See cdash](http://cdash.cern.ch/index.php?project=ROOT&filtercount=1&field1=buildname/string&compare1=65&value1=PR-5535-ROOT-fedora31-noimt&date=2020-05-04).; [See console output](https://lcgapp-services.cern.ch/root-jenkins/job/root-pullrequests-build/80296/console).; ### Failing tests:; - [projectroot.roottest.root.multicore.roottest_root_multicore_tclass_methods_libgen_build](https://lcgapp-services.cern.ch/root-jenkins/job/root-pullrequests-build/80296/testReport/projectroot.roottest.root/multicore/roottest_root_multicore_tclass_methods_libgen_build/); - [projectroot.roottest.root.multicore.roottest_root_multicore_fork](https://lcgapp-services.cern.ch/root-jenkins/job/root-pullrequests-build/80296/testReport/projectroot.roottest.root/multicore/roottest_root_multicore_fork/),MatchSource.ISSUE_COMMENT,root-project,root,v6-32-06,https://github.com/root-project/root/pull/5535#issuecomment-623625921:399,test,tests,399,https://root.cern,https://github.com/root-project/root/pull/5535#issuecomment-623625921,3,['test'],"['testReport', 'tests']"
Testability,Build failed on ROOT-fedora31/noimt.; Running on root-fedora-31-1.cern.ch:/build/workspace/root-pullrequests-build; [See cdash](http://cdash.cern.ch/index.php?project=ROOT&filtercount=1&field1=buildname/string&compare1=65&value1=PR-5544-ROOT-fedora31-noimt&date=2020-05-05).; [See console output](https://lcgapp-services.cern.ch/root-jenkins/job/root-pullrequests-build/80552/console).; ### Failing tests:; - [projectroot.bindings.pyroot_experimental.pythonizations.test.pyunittests_pyroot_pyz_rdataframe_makenumpy](https://lcgapp-services.cern.ch/root-jenkins/job/root-pullrequests-build/80552/testReport/projectroot.bindings.pyroot_experimental.pythonizations/test/pyunittests_pyroot_pyz_rdataframe_makenumpy/); - [projectroot.tree.dataframe.test.gtest_tree_dataframe_test_datasource_sqlite](https://lcgapp-services.cern.ch/root-jenkins/job/root-pullrequests-build/80552/testReport/projectroot.tree.dataframe/test/gtest_tree_dataframe_test_datasource_sqlite/); - [projectroot.tree.dataframe.test.gtest_tree_dataframe_test_dataframe_cache](https://lcgapp-services.cern.ch/root-jenkins/job/root-pullrequests-build/80552/testReport/projectroot.tree.dataframe/test/gtest_tree_dataframe_test_dataframe_cache/),MatchSource.ISSUE_COMMENT,root-project,root,v6-32-06,https://github.com/root-project/root/pull/5544#issuecomment-624134195:399,test,tests,399,https://root.cern,https://github.com/root-project/root/pull/5544#issuecomment-624134195,10,['test'],"['test', 'testReport', 'tests']"
Testability,Build failed on ROOT-fedora31/noimt.; Running on root-fedora-31-1.cern.ch:/build/workspace/root-pullrequests-build; [See cdash](http://cdash.cern.ch/index.php?project=ROOT&filtercount=1&field1=buildname/string&compare1=65&value1=PR-5562-ROOT-fedora31-noimt&date=2020-05-06).; [See console output](https://lcgapp-services.cern.ch/root-jenkins/job/root-pullrequests-build/80833/console).; ### Failing tests:; - [projectroot.tree.dataframe.test.gtest_tree_dataframe_test_dataframe_vecops](https://lcgapp-services.cern.ch/root-jenkins/job/root-pullrequests-build/80833/testReport/projectroot.tree.dataframe/test/gtest_tree_dataframe_test_dataframe_vecops/); - [projectroot.tree.dataframe.test.gtest_tree_dataframe_test_dataframe_snapshot](https://lcgapp-services.cern.ch/root-jenkins/job/root-pullrequests-build/80833/testReport/projectroot.tree.dataframe/test/gtest_tree_dataframe_test_dataframe_snapshot/); - [projectroot.tree.dataframe.test.gtest_tree_dataframe_test_dataframe_simple](https://lcgapp-services.cern.ch/root-jenkins/job/root-pullrequests-build/80833/testReport/projectroot.tree.dataframe/test/gtest_tree_dataframe_test_dataframe_simple/); - [projectroot.tree.dataframe.test.gtest_tree_dataframe_test_dataframe_cache](https://lcgapp-services.cern.ch/root-jenkins/job/root-pullrequests-build/80833/testReport/projectroot.tree.dataframe/test/gtest_tree_dataframe_test_dataframe_cache/); - [projectroot.tree.dataframe.test.pyunittests_dataframe_cache](https://lcgapp-services.cern.ch/root-jenkins/job/root-pullrequests-build/80833/testReport/projectroot.tree.dataframe/test/pyunittests_dataframe_cache/); - [projectroot.roottest.root.dataframe.roottest_root_dataframe_misc](https://lcgapp-services.cern.ch/root-jenkins/job/root-pullrequests-build/80833/testReport/projectroot.roottest.root/dataframe/roottest_root_dataframe_misc/); - [projectroot.roottest.root.dataframe.roottest_root_dataframe_test_stringfiltercolumn](https://lcgapp-services.cern.ch/root-jenkins/job/root-pullrequests-build,MatchSource.ISSUE_COMMENT,root-project,root,v6-32-06,https://github.com/root-project/root/pull/5562#issuecomment-624816960:399,test,tests,399,https://root.cern,https://github.com/root-project/root/pull/5562#issuecomment-624816960,8,['test'],"['test', 'testReport', 'tests']"
Testability,Build failed on ROOT-fedora31/noimt.; Running on root-fedora-31-1.cern.ch:/build/workspace/root-pullrequests-build; [See cdash](http://cdash.cern.ch/index.php?project=ROOT&filtercount=1&field1=buildname/string&compare1=65&value1=PR-5568-ROOT-fedora31-noimt&date=2020-05-07).; [See console output](https://lcgapp-services.cern.ch/root-jenkins/job/root-pullrequests-build/81034/console).; ### Failing tests:; - [projectroot.roottest.root.aclic.load.roottest_root_aclic_load_reload](https://lcgapp-services.cern.ch/root-jenkins/job/root-pullrequests-build/81034/testReport/projectroot.roottest.root.aclic/load/roottest_root_aclic_load_reload/),MatchSource.ISSUE_COMMENT,root-project,root,v6-32-06,https://github.com/root-project/root/pull/5568#issuecomment-625305013:399,test,tests,399,https://root.cern,https://github.com/root-project/root/pull/5568#issuecomment-625305013,2,['test'],"['testReport', 'tests']"
Testability,Build failed on ROOT-fedora31/noimt.; Running on root-fedora-31-1.cern.ch:/build/workspace/root-pullrequests-build; [See cdash](http://cdash.cern.ch/index.php?project=ROOT&filtercount=1&field1=buildname/string&compare1=65&value1=PR-5568-ROOT-fedora31-noimt&date=2020-05-15).; [See console output](https://lcgapp-services.cern.ch/root-jenkins/job/root-pullrequests-build/82409/console).; ### Failing tests:; - [projectroot.roottest.root.math.smatrix.roottest_root_math_smatrix_testOperations](https://lcgapp-services.cern.ch/root-jenkins/job/root-pullrequests-build/82409/testReport/projectroot.roottest.root.math/smatrix/roottest_root_math_smatrix_testOperations/),MatchSource.ISSUE_COMMENT,root-project,root,v6-32-06,https://github.com/root-project/root/pull/5568#issuecomment-629264779:399,test,tests,399,https://root.cern,https://github.com/root-project/root/pull/5568#issuecomment-629264779,2,['test'],"['testReport', 'tests']"
Testability,Build failed on ROOT-fedora31/noimt.; Running on root-fedora-31-1.cern.ch:/build/workspace/root-pullrequests-build; [See cdash](http://cdash.cern.ch/index.php?project=ROOT&filtercount=1&field1=buildname/string&compare1=65&value1=PR-5587-ROOT-fedora31-noimt&date=2020-05-11).; [See console output](https://lcgapp-services.cern.ch/root-jenkins/job/root-pullrequests-build/81524/console).; ### Failing tests:; - [projectroot.bindings.pyroot_experimental.pythonizations.test.pyunittests_pyroot_numbadeclare](https://lcgapp-services.cern.ch/root-jenkins/job/root-pullrequests-build/81524/testReport/projectroot.bindings.pyroot_experimental.pythonizations/test/pyunittests_pyroot_numbadeclare/),MatchSource.ISSUE_COMMENT,root-project,root,v6-32-06,https://github.com/root-project/root/pull/5587#issuecomment-626554228:399,test,tests,399,https://root.cern,https://github.com/root-project/root/pull/5587#issuecomment-626554228,4,['test'],"['test', 'testReport', 'tests']"
Testability,Build failed on ROOT-fedora31/noimt.; Running on root-fedora-31-1.cern.ch:/build/workspace/root-pullrequests-build; [See cdash](http://cdash.cern.ch/index.php?project=ROOT&filtercount=1&field1=buildname/string&compare1=65&value1=PR-5591-ROOT-fedora31-noimt&date=2020-05-20).; [See console output](https://lcgapp-services.cern.ch/root-jenkins/job/root-pullrequests-build/82970/console).; ### Failing tests:; - [projectroot.core.meta.test.gtest_core_meta_test_testStatusBitsChecker](https://lcgapp-services.cern.ch/root-jenkins/job/root-pullrequests-build/82970/testReport/projectroot.core.meta/test/gtest_core_meta_test_testStatusBitsChecker/); - [projectroot.hist.hist.test.gtest_hist_hist_test_testTHn](https://lcgapp-services.cern.ch/root-jenkins/job/root-pullrequests-build/82970/testReport/projectroot.hist.hist/test/gtest_hist_hist_test_testTHn/); - [projectroot.hist.hist.test.gtest_hist_hist_test_testTF1](https://lcgapp-services.cern.ch/root-jenkins/job/root-pullrequests-build/82970/testReport/projectroot.hist.hist/test/gtest_hist_hist_test_testTF1/); - [projectroot.math.mathcore.test.gtest_math_mathcore_test_stressMathCoreUnit](https://lcgapp-services.cern.ch/root-jenkins/job/root-pullrequests-build/82970/testReport/projectroot.math.mathcore/test/gtest_math_mathcore_test_stressMathCoreUnit/); - [projectroot.math.mathcore.test.gtest_math_mathcore_test_GradientFittingUnit](https://lcgapp-services.cern.ch/root-jenkins/job/root-pullrequests-build/82970/testReport/projectroot.math.mathcore/test/gtest_math_mathcore_test_GradientFittingUnit/); - [projectroot.roofit.roofitcore.test.gtest_roofit_roofitcore_test_testProxiesAndCategories](https://lcgapp-services.cern.ch/root-jenkins/job/root-pullrequests-build/82970/testReport/projectroot.roofit.roofitcore/test/gtest_roofit_roofitcore_test_testProxiesAndCategories/); - [projectroot.tree.dataframe.test.gtest_tree_dataframe_test_dataframe_snapshot](https://lcgapp-services.cern.ch/root-jenkins/job/root-pullrequests-build/82970/testRepo,MatchSource.ISSUE_COMMENT,root-project,root,v6-32-06,https://github.com/root-project/root/pull/5591#issuecomment-631324530:399,test,tests,399,https://root.cern,https://github.com/root-project/root/pull/5591#issuecomment-631324530,9,['test'],"['test', 'testReport', 'tests']"
Testability,Build failed on ROOT-fedora31/noimt.; Running on root-fedora-31-1.cern.ch:/build/workspace/root-pullrequests-build; [See cdash](http://cdash.cern.ch/index.php?project=ROOT&filtercount=1&field1=buildname/string&compare1=65&value1=PR-5593-ROOT-fedora31-noimt&date=2020-05-11).; [See console output](https://lcgapp-services.cern.ch/root-jenkins/job/root-pullrequests-build/81630/console).; ### Failing tests:; - [projectroot.roottest.root.io.filemerger.roottest_root_io_filemerger_simple_lz4_compr_level1](https://lcgapp-services.cern.ch/root-jenkins/job/root-pullrequests-build/81630/testReport/projectroot.roottest.root.io/filemerger/roottest_root_io_filemerger_simple_lz4_compr_level1/); - [projectroot.roottest.root.tree.fastcloning.roottest_root_tree_fastcloning_execCheckClusterRange](https://lcgapp-services.cern.ch/root-jenkins/job/root-pullrequests-build/81630/testReport/projectroot.roottest.root.tree/fastcloning/roottest_root_tree_fastcloning_execCheckClusterRange/),MatchSource.ISSUE_COMMENT,root-project,root,v6-32-06,https://github.com/root-project/root/pull/5593#issuecomment-626755066:399,test,tests,399,https://root.cern,https://github.com/root-project/root/pull/5593#issuecomment-626755066,3,['test'],"['testReport', 'tests']"
Testability,Build failed on ROOT-fedora31/noimt.; Running on root-fedora-31-1.cern.ch:/build/workspace/root-pullrequests-build; [See cdash](http://cdash.cern.ch/index.php?project=ROOT&filtercount=1&field1=buildname/string&compare1=65&value1=PR-5595-ROOT-fedora31-noimt&date=2020-05-12).; [See console output](https://lcgapp-services.cern.ch/root-jenkins/job/root-pullrequests-build/81792/console).; ### Failing tests:; - [projectroot.roottest.root.math.smatrix.roottest_root_math_smatrix_testSMatrix](https://lcgapp-services.cern.ch/root-jenkins/job/root-pullrequests-build/81792/testReport/projectroot.roottest.root.math/smatrix/roottest_root_math_smatrix_testSMatrix/),MatchSource.ISSUE_COMMENT,root-project,root,v6-32-06,https://github.com/root-project/root/pull/5595#issuecomment-627348946:399,test,tests,399,https://root.cern,https://github.com/root-project/root/pull/5595#issuecomment-627348946,2,['test'],"['testReport', 'tests']"
Testability,Build failed on ROOT-fedora31/noimt.; Running on root-fedora-31-1.cern.ch:/build/workspace/root-pullrequests-build; [See cdash](http://cdash.cern.ch/index.php?project=ROOT&filtercount=1&field1=buildname/string&compare1=65&value1=PR-5597-ROOT-fedora31-noimt&date=2020-05-12).; [See console output](https://lcgapp-services.cern.ch/root-jenkins/job/root-pullrequests-build/81857/console).; ### Failing tests:; - [projectroot.runtutorials.tutorial_pyroot_h1draw_py](https://lcgapp-services.cern.ch/root-jenkins/job/root-pullrequests-build/81857/testReport/projectroot/runtutorials/tutorial_pyroot_h1draw_py/),MatchSource.ISSUE_COMMENT,root-project,root,v6-32-06,https://github.com/root-project/root/pull/5597#issuecomment-627495142:399,test,tests,399,https://root.cern,https://github.com/root-project/root/pull/5597#issuecomment-627495142,2,['test'],"['testReport', 'tests']"
Testability,Build failed on ROOT-fedora31/noimt.; Running on root-fedora-31-1.cern.ch:/build/workspace/root-pullrequests-build; [See cdash](http://cdash.cern.ch/index.php?project=ROOT&filtercount=1&field1=buildname/string&compare1=65&value1=PR-5597-ROOT-fedora31-noimt&date=2020-05-14).; [See console output](https://lcgapp-services.cern.ch/root-jenkins/job/root-pullrequests-build/82182/console).; ### Failing tests:; - [projectroot.roottest.root.io.filemerger.roottest_root_io_filemerger_simple_default_compr_level9_datageneration](https://lcgapp-services.cern.ch/root-jenkins/job/root-pullrequests-build/82182/testReport/projectroot.roottest.root.io/filemerger/roottest_root_io_filemerger_simple_default_compr_level9_datageneration/); - [projectroot.roottest.root.io.filemerger.roottest_root_io_filemerger_simple_default_compr_level9](https://lcgapp-services.cern.ch/root-jenkins/job/root-pullrequests-build/82182/testReport/projectroot.roottest.root.io/filemerger/roottest_root_io_filemerger_simple_default_compr_level9/); - [projectroot.roottest.root.io.filemerger.roottest_root_io_filemerger_simplex2_default_compr_level9](https://lcgapp-services.cern.ch/root-jenkins/job/root-pullrequests-build/82182/testReport/projectroot.roottest.root.io/filemerger/roottest_root_io_filemerger_simplex2_default_compr_level9/); - [projectroot.roottest.root.io.filemerger.roottest_root_io_filemerger_simple_lz4_compr_level9](https://lcgapp-services.cern.ch/root-jenkins/job/root-pullrequests-build/82182/testReport/projectroot.roottest.root.io/filemerger/roottest_root_io_filemerger_simple_lz4_compr_level9/); - [projectroot.roottest.root.io.filemerger.roottest_root_io_filemerger_simple_lzma_compr_level9](https://lcgapp-services.cern.ch/root-jenkins/job/root-pullrequests-build/82182/testReport/projectroot.roottest.root.io/filemerger/roottest_root_io_filemerger_simple_lzma_compr_level9/); - [projectroot.roottest.root.io.filemerger.roottest_root_io_filemerger_simplek_default_compr_deflevel](https://lcgapp-services.ce,MatchSource.ISSUE_COMMENT,root-project,root,v6-32-06,https://github.com/root-project/root/pull/5597#issuecomment-628783585:399,test,tests,399,https://root.cern,https://github.com/root-project/root/pull/5597#issuecomment-628783585,3,['test'],"['testReport', 'tests']"
Testability,Build failed on ROOT-fedora31/noimt.; Running on root-fedora-31-1.cern.ch:/build/workspace/root-pullrequests-build; [See cdash](http://cdash.cern.ch/index.php?project=ROOT&filtercount=1&field1=buildname/string&compare1=65&value1=PR-5597-ROOT-fedora31-noimt&date=2020-05-15).; [See console output](https://lcgapp-services.cern.ch/root-jenkins/job/root-pullrequests-build/82286/console).; ### Failing tests:; - [projectroot.runtutorials.tutorial_pyroot_h1draw_py](https://lcgapp-services.cern.ch/root-jenkins/job/root-pullrequests-build/82286/testReport/projectroot/runtutorials/tutorial_pyroot_h1draw_py/); - [projectroot.roottest.root.io.filemerger.roottest_root_io_filemerger_simple_default_compr_level9_datageneration](https://lcgapp-services.cern.ch/root-jenkins/job/root-pullrequests-build/82286/testReport/projectroot.roottest.root.io/filemerger/roottest_root_io_filemerger_simple_default_compr_level9_datageneration/); - [projectroot.roottest.root.io.filemerger.roottest_root_io_filemerger_simple_default_compr_level9](https://lcgapp-services.cern.ch/root-jenkins/job/root-pullrequests-build/82286/testReport/projectroot.roottest.root.io/filemerger/roottest_root_io_filemerger_simple_default_compr_level9/); - [projectroot.roottest.root.io.filemerger.roottest_root_io_filemerger_simplex2_default_compr_level9](https://lcgapp-services.cern.ch/root-jenkins/job/root-pullrequests-build/82286/testReport/projectroot.roottest.root.io/filemerger/roottest_root_io_filemerger_simplex2_default_compr_level9/); - [projectroot.roottest.root.io.filemerger.roottest_root_io_filemerger_simplek_default_compr_deflevel](https://lcgapp-services.cern.ch/root-jenkins/job/root-pullrequests-build/82286/testReport/projectroot.roottest.root.io/filemerger/roottest_root_io_filemerger_simplek_default_compr_deflevel/); - [projectroot.roottest.root.io.filemerger.roottest_root_io_filemerger_simplek_lzma_compr_level9](https://lcgapp-services.cern.ch/root-jenkins/job/root-pullrequests-build/82286/testReport/projectroot,MatchSource.ISSUE_COMMENT,root-project,root,v6-32-06,https://github.com/root-project/root/pull/5597#issuecomment-628930580:399,test,tests,399,https://root.cern,https://github.com/root-project/root/pull/5597#issuecomment-628930580,3,['test'],"['testReport', 'tests']"
Testability,Build failed on ROOT-fedora31/noimt.; Running on root-fedora-31-1.cern.ch:/build/workspace/root-pullrequests-build; [See cdash](http://cdash.cern.ch/index.php?project=ROOT&filtercount=1&field1=buildname/string&compare1=65&value1=PR-5599-ROOT-fedora31-noimt&date=2020-05-12).; [See console output](https://lcgapp-services.cern.ch/root-jenkins/job/root-pullrequests-build/81711/console).; ### Errors:; - [2020-05-12T09:27:42.465Z] /build/workspace/root-pullrequests-build/root/roofit/roofitcore/test/testRooDataSet.cxx:123:86: error: invalid use of incomplete type ‘class RooDataHist’ ; - [2020-05-12T09:27:42.465Z] /build/workspace/root-pullrequests-build/root/roofit/roofitcore/test/testRooDataSet.cxx:125:42: error: invalid use of incomplete type ‘class RooDataHist’ ; - [2020-05-12T09:27:42.465Z] /build/workspace/root-pullrequests-build/root/roofit/roofitcore/test/testRooDataSet.cxx:127:36: error: invalid use of incomplete type ‘class RooDataHist’ ; - [2020-05-12T09:27:42.465Z] /usr/include/c++/9/bits/unique_ptr.h:79:16: error: invalid application of ‘sizeof’ to incomplete type ‘RooDataHist’,MatchSource.ISSUE_COMMENT,root-project,root,v6-32-06,https://github.com/root-project/root/pull/5599#issuecomment-627224506:493,test,test,493,https://root.cern,https://github.com/root-project/root/pull/5599#issuecomment-627224506,6,['test'],"['test', 'testRooDataSet']"
Testability,Build failed on ROOT-fedora31/noimt.; Running on root-fedora-31-1.cern.ch:/build/workspace/root-pullrequests-build; [See cdash](http://cdash.cern.ch/index.php?project=ROOT&filtercount=1&field1=buildname/string&compare1=65&value1=PR-5599-ROOT-fedora31-noimt&date=2020-05-12).; [See console output](https://lcgapp-services.cern.ch/root-jenkins/job/root-pullrequests-build/81727/console).; ### Failing tests:; - [projectroot.roottest.root.roofitstats.roottest_root_roofitstats_RooDataSet_ASCII_in](https://lcgapp-services.cern.ch/root-jenkins/job/root-pullrequests-build/81727/testReport/projectroot.roottest.root/roofitstats/roottest_root_roofitstats_RooDataSet_ASCII_in/),MatchSource.ISSUE_COMMENT,root-project,root,v6-32-06,https://github.com/root-project/root/pull/5599#issuecomment-627232427:399,test,tests,399,https://root.cern,https://github.com/root-project/root/pull/5599#issuecomment-627232427,2,['test'],"['testReport', 'tests']"
Testability,Build failed on ROOT-fedora31/noimt.; Running on root-fedora-31-1.cern.ch:/build/workspace/root-pullrequests-build; [See cdash](http://cdash.cern.ch/index.php?project=ROOT&filtercount=1&field1=buildname/string&compare1=65&value1=PR-5599-ROOT-fedora31-noimt&date=2020-05-12).; [See console output](https://lcgapp-services.cern.ch/root-jenkins/job/root-pullrequests-build/81735/console).; ### Failing tests:; - [projectroot.roottest.root.roofitstats.roottest_root_roofitstats_RooDataSet_ASCII_in](https://lcgapp-services.cern.ch/root-jenkins/job/root-pullrequests-build/81735/testReport/projectroot.roottest.root/roofitstats/roottest_root_roofitstats_RooDataSet_ASCII_in/),MatchSource.ISSUE_COMMENT,root-project,root,v6-32-06,https://github.com/root-project/root/pull/5599#issuecomment-627240374:399,test,tests,399,https://root.cern,https://github.com/root-project/root/pull/5599#issuecomment-627240374,2,['test'],"['testReport', 'tests']"
Testability,Build failed on ROOT-fedora31/noimt.; Running on root-fedora-31-1.cern.ch:/build/workspace/root-pullrequests-build; [See cdash](http://cdash.cern.ch/index.php?project=ROOT&filtercount=1&field1=buildname/string&compare1=65&value1=PR-5603-ROOT-fedora31-noimt&date=2020-05-12).; [See console output](https://lcgapp-services.cern.ch/root-jenkins/job/root-pullrequests-build/81808/console).; ### Failing tests:; - [projectroot.roottest.root.tree.chain.roottest_root_tree_chain_make](https://lcgapp-services.cern.ch/root-jenkins/job/root-pullrequests-build/81808/testReport/projectroot.roottest.root.tree/chain/roottest_root_tree_chain_make/); - [projectroot.roottest.root.tree.entrylist.roottest_root_tree_entrylist_make](https://lcgapp-services.cern.ch/root-jenkins/job/root-pullrequests-build/81808/testReport/projectroot.roottest.root.tree/entrylist/roottest_root_tree_entrylist_make/); - [projectroot.roottest.root.tree.reader.roottest_root_tree_reader_make](https://lcgapp-services.cern.ch/root-jenkins/job/root-pullrequests-build/81808/testReport/projectroot.roottest.root.tree/reader/roottest_root_tree_reader_make/); - [projectroot.roottest.root.tree.selectorreader.roottest_root_tree_selectorreader_make](https://lcgapp-services.cern.ch/root-jenkins/job/root-pullrequests-build/81808/testReport/projectroot.roottest.root.tree/selectorreader/roottest_root_tree_selectorreader_make/); - [projectroot.tree.dataframe.test.gtest_tree_dataframe_test_dataframe_snapshot](https://lcgapp-services.cern.ch/root-jenkins/job/root-pullrequests-build/81808/testReport/projectroot.tree.dataframe/test/gtest_tree_dataframe_test_dataframe_snapshot/); - [projectroot.tree.tree.test.gtest_tree_tree_test_testTTreeRegressions](https://lcgapp-services.cern.ch/root-jenkins/job/root-pullrequests-build/81808/testReport/projectroot.tree.tree/test/gtest_tree_tree_test_testTTreeRegressions/); - [projectroot.tree.treeplayer.test.gtest_tree_treeplayer_test_treetreeplayertestUnit](https://lcgapp-services.cern.ch/root-jenk,MatchSource.ISSUE_COMMENT,root-project,root,v6-32-06,https://github.com/root-project/root/pull/5603#issuecomment-627384076:399,test,tests,399,https://root.cern,https://github.com/root-project/root/pull/5603#issuecomment-627384076,3,['test'],"['testReport', 'tests']"
Testability,Build failed on ROOT-fedora31/noimt.; Running on root-fedora-31-1.cern.ch:/build/workspace/root-pullrequests-build; [See cdash](http://cdash.cern.ch/index.php?project=ROOT&filtercount=1&field1=buildname/string&compare1=65&value1=PR-5603-ROOT-fedora31-noimt&date=2020-05-12).; [See console output](https://lcgapp-services.cern.ch/root-jenkins/job/root-pullrequests-build/81833/console).; ### Failing tests:; - [projectroot.tree.dataframe.test.gtest_tree_dataframe_test_dataframe_snapshot](https://lcgapp-services.cern.ch/root-jenkins/job/root-pullrequests-build/81833/testReport/projectroot.tree.dataframe/test/gtest_tree_dataframe_test_dataframe_snapshot/); - [projectroot.tree.tree.test.gtest_tree_tree_test_testTTreeRegressions](https://lcgapp-services.cern.ch/root-jenkins/job/root-pullrequests-build/81833/testReport/projectroot.tree.tree/test/gtest_tree_tree_test_testTTreeRegressions/); - [projectroot.tree.treeplayer.test.gtest_tree_treeplayer_test_treetreeplayertestUnit](https://lcgapp-services.cern.ch/root-jenkins/job/root-pullrequests-build/81833/testReport/projectroot.tree.treeplayer/test/gtest_tree_treeplayer_test_treetreeplayertestUnit/),MatchSource.ISSUE_COMMENT,root-project,root,v6-32-06,https://github.com/root-project/root/pull/5603#issuecomment-627443224:399,test,tests,399,https://root.cern,https://github.com/root-project/root/pull/5603#issuecomment-627443224,10,['test'],"['test', 'testReport', 'tests']"
Testability,Build failed on ROOT-fedora31/noimt.; Running on root-fedora-31-1.cern.ch:/build/workspace/root-pullrequests-build; [See cdash](http://cdash.cern.ch/index.php?project=ROOT&filtercount=1&field1=buildname/string&compare1=65&value1=PR-5603-ROOT-fedora31-noimt&date=2020-06-02).; [See console output](https://lcgapp-services.cern.ch/root-jenkins/job/root-pullrequests-build/84563/console).; ### Failing tests:; - [projectroot.tree.dataframe.test.gtest_tree_dataframe_test_dataframe_snapshot](https://lcgapp-services.cern.ch/root-jenkins/job/root-pullrequests-build/84563/testReport/projectroot.tree.dataframe/test/gtest_tree_dataframe_test_dataframe_snapshot/); - [projectroot.tree.tree.test.gtest_tree_tree_test_testTTreeRegressions](https://lcgapp-services.cern.ch/root-jenkins/job/root-pullrequests-build/84563/testReport/projectroot.tree.tree/test/gtest_tree_tree_test_testTTreeRegressions/); - [projectroot.tree.treeplayer.test.gtest_tree_treeplayer_test_treetreeplayertestUnit](https://lcgapp-services.cern.ch/root-jenkins/job/root-pullrequests-build/84563/testReport/projectroot.tree.treeplayer/test/gtest_tree_treeplayer_test_treetreeplayertestUnit/),MatchSource.ISSUE_COMMENT,root-project,root,v6-32-06,https://github.com/root-project/root/pull/5603#issuecomment-637416338:399,test,tests,399,https://root.cern,https://github.com/root-project/root/pull/5603#issuecomment-637416338,10,['test'],"['test', 'testReport', 'tests']"
Testability,Build failed on ROOT-fedora31/noimt.; Running on root-fedora-31-1.cern.ch:/build/workspace/root-pullrequests-build; [See cdash](http://cdash.cern.ch/index.php?project=ROOT&filtercount=1&field1=buildname/string&compare1=65&value1=PR-5603-ROOT-fedora31-noimt&date=2020-06-10).; [See console output](https://lcgapp-services.cern.ch/root-jenkins/job/root-pullrequests-build/86278/console).; ### Failing tests:; - [projectroot.tree.tree.test.gtest_tree_tree_test_testTTreeRegressions](https://lcgapp-services.cern.ch/root-jenkins/job/root-pullrequests-build/86278/testReport/projectroot.tree.tree/test/gtest_tree_tree_test_testTTreeRegressions/),MatchSource.ISSUE_COMMENT,root-project,root,v6-32-06,https://github.com/root-project/root/pull/5603#issuecomment-642113125:399,test,tests,399,https://root.cern,https://github.com/root-project/root/pull/5603#issuecomment-642113125,4,['test'],"['test', 'testReport', 'tests']"
Testability,Build failed on ROOT-fedora31/noimt.; Running on root-fedora-31-1.cern.ch:/build/workspace/root-pullrequests-build; [See cdash](http://cdash.cern.ch/index.php?project=ROOT&filtercount=1&field1=buildname/string&compare1=65&value1=PR-5612-ROOT-fedora31-noimt&date=2020-05-13).; [See console output](https://lcgapp-services.cern.ch/root-jenkins/job/root-pullrequests-build/81962/console).; ### Failing tests:; - [projectroot.roottest.cling.dict.roottest_cling_dict_exectemplatetemplateTest](https://lcgapp-services.cern.ch/root-jenkins/job/root-pullrequests-build/81962/testReport/projectroot.roottest.cling/dict/roottest_cling_dict_exectemplatetemplateTest/),MatchSource.ISSUE_COMMENT,root-project,root,v6-32-06,https://github.com/root-project/root/pull/5612#issuecomment-628205754:399,test,tests,399,https://root.cern,https://github.com/root-project/root/pull/5612#issuecomment-628205754,2,['test'],"['testReport', 'tests']"
Testability,Build failed on ROOT-fedora31/noimt.; Running on root-fedora-31-1.cern.ch:/build/workspace/root-pullrequests-build; [See cdash](http://cdash.cern.ch/index.php?project=ROOT&filtercount=1&field1=buildname/string&compare1=65&value1=PR-5613-ROOT-fedora31-noimt&date=2020-05-13).; [See console output](https://lcgapp-services.cern.ch/root-jenkins/job/root-pullrequests-build/81970/console).; ### Failing tests:; - [projectroot.roottest.root.meta.rootcling-modules.module-dep-order.roottest_root_meta_rootcling_modules_module_dep_order_cxxmodules_implicit_build_error](https://lcgapp-services.cern.ch/root-jenkins/job/root-pullrequests-build/81970/testReport/projectroot.roottest.root.meta.rootcling-modules/module-dep-order/roottest_root_meta_rootcling_modules_module_dep_order_cxxmodules_implicit_build_error/),MatchSource.ISSUE_COMMENT,root-project,root,v6-32-06,https://github.com/root-project/root/pull/5613#issuecomment-628221746:399,test,tests,399,https://root.cern,https://github.com/root-project/root/pull/5613#issuecomment-628221746,2,['test'],"['testReport', 'tests']"
Testability,Build failed on ROOT-fedora31/noimt.; Running on root-fedora-31-1.cern.ch:/build/workspace/root-pullrequests-build; [See cdash](http://cdash.cern.ch/index.php?project=ROOT&filtercount=1&field1=buildname/string&compare1=65&value1=PR-5613-ROOT-fedora31-noimt&date=2020-05-14).; [See console output](https://lcgapp-services.cern.ch/root-jenkins/job/root-pullrequests-build/82010/console).; ### Failing tests:; - [projectroot.roottest.root.meta.rootcling-modules.module-dep-order.roottest_root_meta_rootcling_modules_module_dep_order_cxxmodules_implicit_build_error](https://lcgapp-services.cern.ch/root-jenkins/job/root-pullrequests-build/82010/testReport/projectroot.roottest.root.meta.rootcling-modules/module-dep-order/roottest_root_meta_rootcling_modules_module_dep_order_cxxmodules_implicit_build_error/),MatchSource.ISSUE_COMMENT,root-project,root,v6-32-06,https://github.com/root-project/root/pull/5613#issuecomment-628471522:399,test,tests,399,https://root.cern,https://github.com/root-project/root/pull/5613#issuecomment-628471522,2,['test'],"['testReport', 'tests']"
Testability,Build failed on ROOT-fedora31/noimt.; Running on root-fedora-31-1.cern.ch:/build/workspace/root-pullrequests-build; [See cdash](http://cdash.cern.ch/index.php?project=ROOT&filtercount=1&field1=buildname/string&compare1=65&value1=PR-5613-ROOT-fedora31-noimt&date=2020-05-14).; [See console output](https://lcgapp-services.cern.ch/root-jenkins/job/root-pullrequests-build/82042/console).; ### Failing tests:; - [projectroot.roottest.root.meta.rootcling-modules.module-dep-order.roottest_root_meta_rootcling_modules_module_dep_order_cxxmodules_implicit_build_error](https://lcgapp-services.cern.ch/root-jenkins/job/root-pullrequests-build/82042/testReport/projectroot.roottest.root.meta.rootcling-modules/module-dep-order/roottest_root_meta_rootcling_modules_module_dep_order_cxxmodules_implicit_build_error/),MatchSource.ISSUE_COMMENT,root-project,root,v6-32-06,https://github.com/root-project/root/pull/5613#issuecomment-628546515:399,test,tests,399,https://root.cern,https://github.com/root-project/root/pull/5613#issuecomment-628546515,2,['test'],"['testReport', 'tests']"
Testability,Build failed on ROOT-fedora31/noimt.; Running on root-fedora-31-1.cern.ch:/build/workspace/root-pullrequests-build; [See cdash](http://cdash.cern.ch/index.php?project=ROOT&filtercount=1&field1=buildname/string&compare1=65&value1=PR-5613-ROOT-fedora31-noimt&date=2020-05-14).; [See console output](https://lcgapp-services.cern.ch/root-jenkins/job/root-pullrequests-build/82075/console).; ### Failing tests:; - [projectroot.test.test_stressmathmore_interpreted](https://lcgapp-services.cern.ch/root-jenkins/job/root-pullrequests-build/82075/testReport/projectroot/test/test_stressmathmore_interpreted/),MatchSource.ISSUE_COMMENT,root-project,root,v6-32-06,https://github.com/root-project/root/pull/5613#issuecomment-628579945:399,test,tests,399,https://root.cern,https://github.com/root-project/root/pull/5613#issuecomment-628579945,4,['test'],"['test', 'testReport', 'tests']"
Testability,Build failed on ROOT-fedora31/noimt.; Running on root-fedora-31-1.cern.ch:/build/workspace/root-pullrequests-build; [See cdash](http://cdash.cern.ch/index.php?project=ROOT&filtercount=1&field1=buildname/string&compare1=65&value1=PR-5615-ROOT-fedora31-noimt&date=2020-05-14).; [See console output](https://lcgapp-services.cern.ch/root-jenkins/job/root-pullrequests-build/82059/console).; ### Failing tests:; - [projectroot.roottest.root.meta.roottest_root_meta_expressiveErrorMessages](https://lcgapp-services.cern.ch/root-jenkins/job/root-pullrequests-build/82059/testReport/projectroot.roottest.root/meta/roottest_root_meta_expressiveErrorMessages/),MatchSource.ISSUE_COMMENT,root-project,root,v6-32-06,https://github.com/root-project/root/pull/5615#issuecomment-628569965:399,test,tests,399,https://root.cern,https://github.com/root-project/root/pull/5615#issuecomment-628569965,2,['test'],"['testReport', 'tests']"
Testability,Build failed on ROOT-fedora31/noimt.; Running on root-fedora-31-1.cern.ch:/build/workspace/root-pullrequests-build; [See cdash](http://cdash.cern.ch/index.php?project=ROOT&filtercount=1&field1=buildname/string&compare1=65&value1=PR-5632-ROOT-fedora31-noimt&date=2020-05-18).; [See console output](https://lcgapp-services.cern.ch/root-jenkins/job/root-pullrequests-build/82635/console).; ### Failing tests:; - [projectroot.roottest.root.io.filemerger.roottest_root_io_filemerger_simple_zlib_compr_level6](https://lcgapp-services.cern.ch/root-jenkins/job/root-pullrequests-build/82635/testReport/projectroot.roottest.root.io/filemerger/roottest_root_io_filemerger_simple_zlib_compr_level6/); - [projectroot.roottest.root.io.filemerger.roottest_root_io_filemerger_simplex2_zlib_compr_level9](https://lcgapp-services.cern.ch/root-jenkins/job/root-pullrequests-build/82635/testReport/projectroot.roottest.root.io/filemerger/roottest_root_io_filemerger_simplex2_zlib_compr_level9/); - [projectroot.roottest.root.io.filemerger.roottest_root_io_filemerger_simplef_default_compr_level9](https://lcgapp-services.cern.ch/root-jenkins/job/root-pullrequests-build/82635/testReport/projectroot.roottest.root.io/filemerger/roottest_root_io_filemerger_simplef_default_compr_level9/); - [projectroot.roottest.root.io.filemerger.roottest_root_io_filemerger_simple_lz4_compr_level1](https://lcgapp-services.cern.ch/root-jenkins/job/root-pullrequests-build/82635/testReport/projectroot.roottest.root.io/filemerger/roottest_root_io_filemerger_simple_lz4_compr_level1/),MatchSource.ISSUE_COMMENT,root-project,root,v6-32-06,https://github.com/root-project/root/pull/5632#issuecomment-630203761:399,test,tests,399,https://root.cern,https://github.com/root-project/root/pull/5632#issuecomment-630203761,5,['test'],"['testReport', 'tests']"
Testability,Build failed on ROOT-fedora31/noimt.; Running on root-fedora-31-1.cern.ch:/build/workspace/root-pullrequests-build; [See cdash](http://cdash.cern.ch/index.php?project=ROOT&filtercount=1&field1=buildname/string&compare1=65&value1=PR-5635-ROOT-fedora31-noimt&date=2020-05-16).; [See console output](https://lcgapp-services.cern.ch/root-jenkins/job/root-pullrequests-build/82473/console).; ### Failing tests:; - [projectroot.roottest.root.io.filemerger.roottest_root_io_filemerger_simple_zlib_compr_level6](https://lcgapp-services.cern.ch/root-jenkins/job/root-pullrequests-build/82473/testReport/projectroot.roottest.root.io/filemerger/roottest_root_io_filemerger_simple_zlib_compr_level6/); - [projectroot.roottest.root.io.filemerger.roottest_root_io_filemerger_simplex2_zlib_compr_level9](https://lcgapp-services.cern.ch/root-jenkins/job/root-pullrequests-build/82473/testReport/projectroot.roottest.root.io/filemerger/roottest_root_io_filemerger_simplex2_zlib_compr_level9/); - [projectroot.roottest.root.io.filemerger.roottest_root_io_filemerger_simple_lz4_compr_level1](https://lcgapp-services.cern.ch/root-jenkins/job/root-pullrequests-build/82473/testReport/projectroot.roottest.root.io/filemerger/roottest_root_io_filemerger_simple_lz4_compr_level1/); - [projectroot.roottest.root.io.filemerger.roottest_root_io_filemerger_simplef_default_compr_level9](https://lcgapp-services.cern.ch/root-jenkins/job/root-pullrequests-build/82473/testReport/projectroot.roottest.root.io/filemerger/roottest_root_io_filemerger_simplef_default_compr_level9/),MatchSource.ISSUE_COMMENT,root-project,root,v6-32-06,https://github.com/root-project/root/pull/5635#issuecomment-629569434:399,test,tests,399,https://root.cern,https://github.com/root-project/root/pull/5635#issuecomment-629569434,5,['test'],"['testReport', 'tests']"
Testability,Build failed on ROOT-fedora31/noimt.; Running on root-fedora-31-1.cern.ch:/build/workspace/root-pullrequests-build; [See cdash](http://cdash.cern.ch/index.php?project=ROOT&filtercount=1&field1=buildname/string&compare1=65&value1=PR-5635-ROOT-fedora31-noimt&date=2020-05-16).; [See console output](https://lcgapp-services.cern.ch/root-jenkins/job/root-pullrequests-build/82499/console).; ### Failing tests:; - [projectroot.roottest.root.io.filemerger.roottest_root_io_filemerger_simple_lz4_compr_level1](https://lcgapp-services.cern.ch/root-jenkins/job/root-pullrequests-build/82499/testReport/projectroot.roottest.root.io/filemerger/roottest_root_io_filemerger_simple_lz4_compr_level1/),MatchSource.ISSUE_COMMENT,root-project,root,v6-32-06,https://github.com/root-project/root/pull/5635#issuecomment-629640714:399,test,tests,399,https://root.cern,https://github.com/root-project/root/pull/5635#issuecomment-629640714,2,['test'],"['testReport', 'tests']"
Testability,Build failed on ROOT-fedora31/noimt.; Running on root-fedora-31-1.cern.ch:/build/workspace/root-pullrequests-build; [See cdash](http://cdash.cern.ch/index.php?project=ROOT&filtercount=1&field1=buildname/string&compare1=65&value1=PR-5636-ROOT-fedora31-noimt&date=2020-05-16).; [See console output](https://lcgapp-services.cern.ch/root-jenkins/job/root-pullrequests-build/82481/console).; ### Failing tests:; - [projectroot.roottest.root.multicore.roottest_root_multicore_tclass_methods_libgen_build](https://lcgapp-services.cern.ch/root-jenkins/job/root-pullrequests-build/82481/testReport/projectroot.roottest.root/multicore/roottest_root_multicore_tclass_methods_libgen_build/); - [projectroot.roottest.root.multicore.roottest_root_multicore_fork](https://lcgapp-services.cern.ch/root-jenkins/job/root-pullrequests-build/82481/testReport/projectroot.roottest.root/multicore/roottest_root_multicore_fork/),MatchSource.ISSUE_COMMENT,root-project,root,v6-32-06,https://github.com/root-project/root/pull/5636#issuecomment-629623807:399,test,tests,399,https://root.cern,https://github.com/root-project/root/pull/5636#issuecomment-629623807,3,['test'],"['testReport', 'tests']"
Testability,Build failed on ROOT-fedora31/noimt.; Running on root-fedora-31-1.cern.ch:/build/workspace/root-pullrequests-build; [See cdash](http://cdash.cern.ch/index.php?project=ROOT&filtercount=1&field1=buildname/string&compare1=65&value1=PR-5637-ROOT-fedora31-noimt&date=2020-05-18).; [See console output](https://lcgapp-services.cern.ch/root-jenkins/job/root-pullrequests-build/82555/console).; ### Failing tests:; - [projectroot.roottest.root.io.filemerger.roottest_root_io_filemerger_simple_zlib_compr_level6](https://lcgapp-services.cern.ch/root-jenkins/job/root-pullrequests-build/82555/testReport/projectroot.roottest.root.io/filemerger/roottest_root_io_filemerger_simple_zlib_compr_level6/); - [projectroot.roottest.root.io.filemerger.roottest_root_io_filemerger_simplex2_zlib_compr_level9](https://lcgapp-services.cern.ch/root-jenkins/job/root-pullrequests-build/82555/testReport/projectroot.roottest.root.io/filemerger/roottest_root_io_filemerger_simplex2_zlib_compr_level9/); - [projectroot.roottest.root.io.filemerger.roottest_root_io_filemerger_simplef_default_compr_level9](https://lcgapp-services.cern.ch/root-jenkins/job/root-pullrequests-build/82555/testReport/projectroot.roottest.root.io/filemerger/roottest_root_io_filemerger_simplef_default_compr_level9/); - [projectroot.roottest.root.io.filemerger.roottest_root_io_filemerger_simple_lz4_compr_level1](https://lcgapp-services.cern.ch/root-jenkins/job/root-pullrequests-build/82555/testReport/projectroot.roottest.root.io/filemerger/roottest_root_io_filemerger_simple_lz4_compr_level1/),MatchSource.ISSUE_COMMENT,root-project,root,v6-32-06,https://github.com/root-project/root/pull/5637#issuecomment-629955026:399,test,tests,399,https://root.cern,https://github.com/root-project/root/pull/5637#issuecomment-629955026,5,['test'],"['testReport', 'tests']"
Testability,Build failed on ROOT-fedora31/noimt.; Running on root-fedora-31-1.cern.ch:/build/workspace/root-pullrequests-build; [See cdash](http://cdash.cern.ch/index.php?project=ROOT&filtercount=1&field1=buildname/string&compare1=65&value1=PR-5638-ROOT-fedora31-noimt&date=2020-05-18).; [See console output](https://lcgapp-services.cern.ch/root-jenkins/job/root-pullrequests-build/82571/console).; ### Failing tests:; - [projectroot.roottest.cling.template.roottest_cling_template_templatefriend_build](https://lcgapp-services.cern.ch/root-jenkins/job/root-pullrequests-build/82571/testReport/projectroot.roottest.cling/template/roottest_cling_template_templatefriend_build/); - [projectroot.roottest.root.io.filemerger.roottest_root_io_filemerger_simple_zlib_compr_level6](https://lcgapp-services.cern.ch/root-jenkins/job/root-pullrequests-build/82571/testReport/projectroot.roottest.root.io/filemerger/roottest_root_io_filemerger_simple_zlib_compr_level6/); - [projectroot.roottest.root.io.filemerger.roottest_root_io_filemerger_simplex2_zlib_compr_level9](https://lcgapp-services.cern.ch/root-jenkins/job/root-pullrequests-build/82571/testReport/projectroot.roottest.root.io/filemerger/roottest_root_io_filemerger_simplex2_zlib_compr_level9/); - [projectroot.roottest.root.io.filemerger.roottest_root_io_filemerger_simplef_default_compr_level9](https://lcgapp-services.cern.ch/root-jenkins/job/root-pullrequests-build/82571/testReport/projectroot.roottest.root.io/filemerger/roottest_root_io_filemerger_simplef_default_compr_level9/); - [projectroot.roottest.root.io.filemerger.roottest_root_io_filemerger_simple_lz4_compr_level1](https://lcgapp-services.cern.ch/root-jenkins/job/root-pullrequests-build/82571/testReport/projectroot.roottest.root.io/filemerger/roottest_root_io_filemerger_simple_lz4_compr_level1/),MatchSource.ISSUE_COMMENT,root-project,root,v6-32-06,https://github.com/root-project/root/pull/5638#issuecomment-630021079:399,test,tests,399,https://root.cern,https://github.com/root-project/root/pull/5638#issuecomment-630021079,6,['test'],"['testReport', 'tests']"
Testability,Build failed on ROOT-fedora31/noimt.; Running on root-fedora-31-1.cern.ch:/build/workspace/root-pullrequests-build; [See cdash](http://cdash.cern.ch/index.php?project=ROOT&filtercount=1&field1=buildname/string&compare1=65&value1=PR-5639-ROOT-fedora31-noimt&date=2020-05-18).; [See console output](https://lcgapp-services.cern.ch/root-jenkins/job/root-pullrequests-build/82579/console).; ### Failing tests:; - [projectroot.roottest.root.io.filemerger.roottest_root_io_filemerger_simple_zlib_compr_level6](https://lcgapp-services.cern.ch/root-jenkins/job/root-pullrequests-build/82579/testReport/projectroot.roottest.root.io/filemerger/roottest_root_io_filemerger_simple_zlib_compr_level6/); - [projectroot.roottest.root.io.filemerger.roottest_root_io_filemerger_simplex2_zlib_compr_level9](https://lcgapp-services.cern.ch/root-jenkins/job/root-pullrequests-build/82579/testReport/projectroot.roottest.root.io/filemerger/roottest_root_io_filemerger_simplex2_zlib_compr_level9/); - [projectroot.roottest.root.io.filemerger.roottest_root_io_filemerger_simple_lz4_compr_level1](https://lcgapp-services.cern.ch/root-jenkins/job/root-pullrequests-build/82579/testReport/projectroot.roottest.root.io/filemerger/roottest_root_io_filemerger_simple_lz4_compr_level1/); - [projectroot.roottest.root.io.filemerger.roottest_root_io_filemerger_simplef_default_compr_level9](https://lcgapp-services.cern.ch/root-jenkins/job/root-pullrequests-build/82579/testReport/projectroot.roottest.root.io/filemerger/roottest_root_io_filemerger_simplef_default_compr_level9/),MatchSource.ISSUE_COMMENT,root-project,root,v6-32-06,https://github.com/root-project/root/pull/5639#issuecomment-630046389:399,test,tests,399,https://root.cern,https://github.com/root-project/root/pull/5639#issuecomment-630046389,5,['test'],"['testReport', 'tests']"
Testability,Build failed on ROOT-fedora31/noimt.; Running on root-fedora-31-1.cern.ch:/build/workspace/root-pullrequests-build; [See cdash](http://cdash.cern.ch/index.php?project=ROOT&filtercount=1&field1=buildname/string&compare1=65&value1=PR-5640-ROOT-fedora31-noimt&date=2020-05-18).; [See console output](https://lcgapp-services.cern.ch/root-jenkins/job/root-pullrequests-build/82587/console).; ### Failing tests:; - [projectroot.roottest.root.io.filemerger.roottest_root_io_filemerger_simple_zlib_compr_level6](https://lcgapp-services.cern.ch/root-jenkins/job/root-pullrequests-build/82587/testReport/projectroot.roottest.root.io/filemerger/roottest_root_io_filemerger_simple_zlib_compr_level6/); - [projectroot.roottest.root.io.filemerger.roottest_root_io_filemerger_simplex2_zlib_compr_level9](https://lcgapp-services.cern.ch/root-jenkins/job/root-pullrequests-build/82587/testReport/projectroot.roottest.root.io/filemerger/roottest_root_io_filemerger_simplex2_zlib_compr_level9/); - [projectroot.roottest.root.io.filemerger.roottest_root_io_filemerger_simplef_default_compr_level9](https://lcgapp-services.cern.ch/root-jenkins/job/root-pullrequests-build/82587/testReport/projectroot.roottest.root.io/filemerger/roottest_root_io_filemerger_simplef_default_compr_level9/); - [projectroot.roottest.root.io.filemerger.roottest_root_io_filemerger_simple_lz4_compr_level1](https://lcgapp-services.cern.ch/root-jenkins/job/root-pullrequests-build/82587/testReport/projectroot.roottest.root.io/filemerger/roottest_root_io_filemerger_simple_lz4_compr_level1/),MatchSource.ISSUE_COMMENT,root-project,root,v6-32-06,https://github.com/root-project/root/pull/5640#issuecomment-630052459:399,test,tests,399,https://root.cern,https://github.com/root-project/root/pull/5640#issuecomment-630052459,5,['test'],"['testReport', 'tests']"
Testability,Build failed on ROOT-fedora31/noimt.; Running on root-fedora-31-1.cern.ch:/build/workspace/root-pullrequests-build; [See cdash](http://cdash.cern.ch/index.php?project=ROOT&filtercount=1&field1=buildname/string&compare1=65&value1=PR-5641-ROOT-fedora31-noimt&date=2020-05-18).; [See console output](https://lcgapp-services.cern.ch/root-jenkins/job/root-pullrequests-build/82595/console).; ### Failing tests:; - [projectroot.roottest.root.io.filemerger.roottest_root_io_filemerger_simple_zlib_compr_level6](https://lcgapp-services.cern.ch/root-jenkins/job/root-pullrequests-build/82595/testReport/projectroot.roottest.root.io/filemerger/roottest_root_io_filemerger_simple_zlib_compr_level6/); - [projectroot.roottest.root.io.filemerger.roottest_root_io_filemerger_simplex2_zlib_compr_level9](https://lcgapp-services.cern.ch/root-jenkins/job/root-pullrequests-build/82595/testReport/projectroot.roottest.root.io/filemerger/roottest_root_io_filemerger_simplex2_zlib_compr_level9/); - [projectroot.roottest.root.io.filemerger.roottest_root_io_filemerger_simple_lz4_compr_level1](https://lcgapp-services.cern.ch/root-jenkins/job/root-pullrequests-build/82595/testReport/projectroot.roottest.root.io/filemerger/roottest_root_io_filemerger_simple_lz4_compr_level1/); - [projectroot.roottest.root.io.filemerger.roottest_root_io_filemerger_simplef_default_compr_level9](https://lcgapp-services.cern.ch/root-jenkins/job/root-pullrequests-build/82595/testReport/projectroot.roottest.root.io/filemerger/roottest_root_io_filemerger_simplef_default_compr_level9/); - [projectroot.roottest.root.io.stdarray.roottest_root_io_stdarray_modelReadDictTFile](https://lcgapp-services.cern.ch/root-jenkins/job/root-pullrequests-build/82595/testReport/projectroot.roottest.root.io/stdarray/roottest_root_io_stdarray_modelReadDictTFile/),MatchSource.ISSUE_COMMENT,root-project,root,v6-32-06,https://github.com/root-project/root/pull/5641#issuecomment-630058381:399,test,tests,399,https://root.cern,https://github.com/root-project/root/pull/5641#issuecomment-630058381,6,['test'],"['testReport', 'tests']"
Testability,Build failed on ROOT-fedora31/noimt.; Running on root-fedora-31-1.cern.ch:/build/workspace/root-pullrequests-build; [See cdash](http://cdash.cern.ch/index.php?project=ROOT&filtercount=1&field1=buildname/string&compare1=65&value1=PR-5642-ROOT-fedora31-noimt&date=2020-05-18).; [See console output](https://lcgapp-services.cern.ch/root-jenkins/job/root-pullrequests-build/82611/console).; ### Failing tests:; - [projectroot.roottest.root.io.filemerger.roottest_root_io_filemerger_simple_zlib_compr_level6](https://lcgapp-services.cern.ch/root-jenkins/job/root-pullrequests-build/82611/testReport/projectroot.roottest.root.io/filemerger/roottest_root_io_filemerger_simple_zlib_compr_level6/); - [projectroot.roottest.root.io.filemerger.roottest_root_io_filemerger_simplex2_zlib_compr_level9](https://lcgapp-services.cern.ch/root-jenkins/job/root-pullrequests-build/82611/testReport/projectroot.roottest.root.io/filemerger/roottest_root_io_filemerger_simplex2_zlib_compr_level9/); - [projectroot.roottest.root.io.filemerger.roottest_root_io_filemerger_simple_lz4_compr_level1](https://lcgapp-services.cern.ch/root-jenkins/job/root-pullrequests-build/82611/testReport/projectroot.roottest.root.io/filemerger/roottest_root_io_filemerger_simple_lz4_compr_level1/); - [projectroot.roottest.root.io.filemerger.roottest_root_io_filemerger_simplef_default_compr_level9](https://lcgapp-services.cern.ch/root-jenkins/job/root-pullrequests-build/82611/testReport/projectroot.roottest.root.io/filemerger/roottest_root_io_filemerger_simplef_default_compr_level9/),MatchSource.ISSUE_COMMENT,root-project,root,v6-32-06,https://github.com/root-project/root/pull/5642#issuecomment-630098607:399,test,tests,399,https://root.cern,https://github.com/root-project/root/pull/5642#issuecomment-630098607,5,['test'],"['testReport', 'tests']"
Testability,Build failed on ROOT-fedora31/noimt.; Running on root-fedora-31-1.cern.ch:/build/workspace/root-pullrequests-build; [See cdash](http://cdash.cern.ch/index.php?project=ROOT&filtercount=1&field1=buildname/string&compare1=65&value1=PR-5643-ROOT-fedora31-noimt&date=2020-05-18).; [See console output](https://lcgapp-services.cern.ch/root-jenkins/job/root-pullrequests-build/82627/console).; ### Failing tests:; - [projectroot.roottest.root.io.filemerger.roottest_root_io_filemerger_simple_zlib_compr_level6](https://lcgapp-services.cern.ch/root-jenkins/job/root-pullrequests-build/82627/testReport/projectroot.roottest.root.io/filemerger/roottest_root_io_filemerger_simple_zlib_compr_level6/); - [projectroot.roottest.root.io.filemerger.roottest_root_io_filemerger_simplex2_zlib_compr_level9](https://lcgapp-services.cern.ch/root-jenkins/job/root-pullrequests-build/82627/testReport/projectroot.roottest.root.io/filemerger/roottest_root_io_filemerger_simplex2_zlib_compr_level9/); - [projectroot.roottest.root.io.filemerger.roottest_root_io_filemerger_simple_lz4_compr_level1](https://lcgapp-services.cern.ch/root-jenkins/job/root-pullrequests-build/82627/testReport/projectroot.roottest.root.io/filemerger/roottest_root_io_filemerger_simple_lz4_compr_level1/); - [projectroot.roottest.root.io.filemerger.roottest_root_io_filemerger_simplef_default_compr_level9](https://lcgapp-services.cern.ch/root-jenkins/job/root-pullrequests-build/82627/testReport/projectroot.roottest.root.io/filemerger/roottest_root_io_filemerger_simplef_default_compr_level9/),MatchSource.ISSUE_COMMENT,root-project,root,v6-32-06,https://github.com/root-project/root/pull/5643#issuecomment-630164224:399,test,tests,399,https://root.cern,https://github.com/root-project/root/pull/5643#issuecomment-630164224,5,['test'],"['testReport', 'tests']"
Testability,Build failed on ROOT-fedora31/noimt.; Running on root-fedora-31-1.cern.ch:/build/workspace/root-pullrequests-build; [See cdash](http://cdash.cern.ch/index.php?project=ROOT&filtercount=1&field1=buildname/string&compare1=65&value1=PR-5643-ROOT-fedora31-noimt&date=2020-05-22).; [See console output](https://lcgapp-services.cern.ch/root-jenkins/job/root-pullrequests-build/83148/console).; ### Failing tests:; - [projectroot.roottest.python.cmdLineUtils.roottest_python_cmdLineUtils_SimpleRootrm2PrepareInput](https://lcgapp-services.cern.ch/root-jenkins/job/root-pullrequests-build/83148/testReport/projectroot.roottest.python/cmdLineUtils/roottest_python_cmdLineUtils_SimpleRootrm2PrepareInput/); - [projectroot.roottest.python.cmdLineUtils.roottest_python_cmdLineUtils_SimpleRootrm1PrepareInput](https://lcgapp-services.cern.ch/root-jenkins/job/root-pullrequests-build/83148/testReport/projectroot.roottest.python/cmdLineUtils/roottest_python_cmdLineUtils_SimpleRootrm1PrepareInput/); - [projectroot.roottest.python.cmdLineUtils.roottest_python_cmdLineUtils_SimpleRootrm3PrepareInput](https://lcgapp-services.cern.ch/root-jenkins/job/root-pullrequests-build/83148/testReport/projectroot.roottest.python/cmdLineUtils/roottest_python_cmdLineUtils_SimpleRootrm3PrepareInput/); - [projectroot.roottest.python.cmdLineUtils.roottest_python_cmdLineUtils_SimpleRootmkdir2PrepareInput](https://lcgapp-services.cern.ch/root-jenkins/job/root-pullrequests-build/83148/testReport/projectroot.roottest.python/cmdLineUtils/roottest_python_cmdLineUtils_SimpleRootmkdir2PrepareInput/); - [projectroot.roottest.python.cmdLineUtils.roottest_python_cmdLineUtils_SimpleRootmkdir3PrepareInput](https://lcgapp-services.cern.ch/root-jenkins/job/root-pullrequests-build/83148/testReport/projectroot.roottest.python/cmdLineUtils/roottest_python_cmdLineUtils_SimpleRootmkdir3PrepareInput/); - [projectroot.roottest.python.cmdLineUtils.roottest_python_cmdLineUtils_SimpleRootmkdir1PrepareInput](https://lcgapp-services.cern.ch/ro,MatchSource.ISSUE_COMMENT,root-project,root,v6-32-06,https://github.com/root-project/root/pull/5643#issuecomment-632550460:399,test,tests,399,https://root.cern,https://github.com/root-project/root/pull/5643#issuecomment-632550460,3,['test'],"['testReport', 'tests']"
Testability,Build failed on ROOT-fedora31/noimt.; Running on root-fedora-31-1.cern.ch:/build/workspace/root-pullrequests-build; [See cdash](http://cdash.cern.ch/index.php?project=ROOT&filtercount=1&field1=buildname/string&compare1=65&value1=PR-5644-ROOT-fedora31-noimt&date=2020-05-18).; [See console output](https://lcgapp-services.cern.ch/root-jenkins/job/root-pullrequests-build/82644/console).; ### Failing tests:; - [projectroot.roottest.root.io.filemerger.roottest_root_io_filemerger_simple_zlib_compr_level6](https://lcgapp-services.cern.ch/root-jenkins/job/root-pullrequests-build/82644/testReport/projectroot.roottest.root.io/filemerger/roottest_root_io_filemerger_simple_zlib_compr_level6/); - [projectroot.roottest.root.io.filemerger.roottest_root_io_filemerger_simplex2_zlib_compr_level9](https://lcgapp-services.cern.ch/root-jenkins/job/root-pullrequests-build/82644/testReport/projectroot.roottest.root.io/filemerger/roottest_root_io_filemerger_simplex2_zlib_compr_level9/); - [projectroot.roottest.root.io.filemerger.roottest_root_io_filemerger_simple_lz4_compr_level1](https://lcgapp-services.cern.ch/root-jenkins/job/root-pullrequests-build/82644/testReport/projectroot.roottest.root.io/filemerger/roottest_root_io_filemerger_simple_lz4_compr_level1/); - [projectroot.roottest.root.io.filemerger.roottest_root_io_filemerger_simplef_default_compr_level9](https://lcgapp-services.cern.ch/root-jenkins/job/root-pullrequests-build/82644/testReport/projectroot.roottest.root.io/filemerger/roottest_root_io_filemerger_simplef_default_compr_level9/),MatchSource.ISSUE_COMMENT,root-project,root,v6-32-06,https://github.com/root-project/root/pull/5644#issuecomment-630248015:399,test,tests,399,https://root.cern,https://github.com/root-project/root/pull/5644#issuecomment-630248015,5,['test'],"['testReport', 'tests']"
Testability,Build failed on ROOT-fedora31/noimt.; Running on root-fedora-31-1.cern.ch:/build/workspace/root-pullrequests-build; [See cdash](http://cdash.cern.ch/index.php?project=ROOT&filtercount=1&field1=buildname/string&compare1=65&value1=PR-5645-ROOT-fedora31-noimt&date=2020-05-18).; [See console output](https://lcgapp-services.cern.ch/root-jenkins/job/root-pullrequests-build/82652/console).; ### Failing tests:; - [projectroot.test.test_stressmathcore_interpreted](https://lcgapp-services.cern.ch/root-jenkins/job/root-pullrequests-build/82652/testReport/projectroot/test/test_stressmathcore_interpreted/); - [projectroot.roottest.root.treeformula.function.roottest_root_treeformula_function_make](https://lcgapp-services.cern.ch/root-jenkins/job/root-pullrequests-build/82652/testReport/projectroot.roottest.root.treeformula/function/roottest_root_treeformula_function_make/),MatchSource.ISSUE_COMMENT,root-project,root,v6-32-06,https://github.com/root-project/root/pull/5645#issuecomment-630257204:399,test,tests,399,https://root.cern,https://github.com/root-project/root/pull/5645#issuecomment-630257204,5,['test'],"['test', 'testReport', 'tests']"
Testability,Build failed on ROOT-fedora31/noimt.; Running on root-fedora-31-1.cern.ch:/build/workspace/root-pullrequests-build; [See cdash](http://cdash.cern.ch/index.php?project=ROOT&filtercount=1&field1=buildname/string&compare1=65&value1=PR-5649-ROOT-fedora31-noimt&date=2020-05-19).; [See console output](https://lcgapp-services.cern.ch/root-jenkins/job/root-pullrequests-build/82745/console).; ### Failing tests:; - [projectroot.roottest.root.multicore.roottest_root_multicore_tclass_methods_libgen_build](https://lcgapp-services.cern.ch/root-jenkins/job/root-pullrequests-build/82745/testReport/projectroot.roottest.root/multicore/roottest_root_multicore_tclass_methods_libgen_build/); - [projectroot.roottest.root.multicore.roottest_root_multicore_fork](https://lcgapp-services.cern.ch/root-jenkins/job/root-pullrequests-build/82745/testReport/projectroot.roottest.root/multicore/roottest_root_multicore_fork/),MatchSource.ISSUE_COMMENT,root-project,root,v6-32-06,https://github.com/root-project/root/pull/5649#issuecomment-630701493:399,test,tests,399,https://root.cern,https://github.com/root-project/root/pull/5649#issuecomment-630701493,3,['test'],"['testReport', 'tests']"
Testability,Build failed on ROOT-fedora31/noimt.; Running on root-fedora-31-1.cern.ch:/build/workspace/root-pullrequests-build; [See cdash](http://cdash.cern.ch/index.php?project=ROOT&filtercount=1&field1=buildname/string&compare1=65&value1=PR-5649-ROOT-fedora31-noimt&date=2020-05-19).; [See console output](https://lcgapp-services.cern.ch/root-jenkins/job/root-pullrequests-build/82873/console).; ### Failing tests:; - [projectroot.roottest.root.multicore.roottest_root_multicore_tclass_methods_libgen_build](https://lcgapp-services.cern.ch/root-jenkins/job/root-pullrequests-build/82873/testReport/projectroot.roottest.root/multicore/roottest_root_multicore_tclass_methods_libgen_build/); - [projectroot.roottest.root.multicore.roottest_root_multicore_fork](https://lcgapp-services.cern.ch/root-jenkins/job/root-pullrequests-build/82873/testReport/projectroot.roottest.root/multicore/roottest_root_multicore_fork/),MatchSource.ISSUE_COMMENT,root-project,root,v6-32-06,https://github.com/root-project/root/pull/5649#issuecomment-630948492:399,test,tests,399,https://root.cern,https://github.com/root-project/root/pull/5649#issuecomment-630948492,3,['test'],"['testReport', 'tests']"
Testability,Build failed on ROOT-fedora31/noimt.; Running on root-fedora-31-1.cern.ch:/build/workspace/root-pullrequests-build; [See cdash](http://cdash.cern.ch/index.php?project=ROOT&filtercount=1&field1=buildname/string&compare1=65&value1=PR-5650-ROOT-fedora31-noimt&date=2020-05-19).; [See console output](https://lcgapp-services.cern.ch/root-jenkins/job/root-pullrequests-build/82865/console).; ### Failing tests:; - [projectroot.roottest.root.multicore.roottest_root_multicore_tclass_methods_libgen_build](https://lcgapp-services.cern.ch/root-jenkins/job/root-pullrequests-build/82865/testReport/projectroot.roottest.root/multicore/roottest_root_multicore_tclass_methods_libgen_build/); - [projectroot.roottest.root.multicore.roottest_root_multicore_fork](https://lcgapp-services.cern.ch/root-jenkins/job/root-pullrequests-build/82865/testReport/projectroot.roottest.root/multicore/roottest_root_multicore_fork/),MatchSource.ISSUE_COMMENT,root-project,root,v6-32-06,https://github.com/root-project/root/pull/5650#issuecomment-630937440:399,test,tests,399,https://root.cern,https://github.com/root-project/root/pull/5650#issuecomment-630937440,3,['test'],"['testReport', 'tests']"
Testability,Build failed on ROOT-fedora31/noimt.; Running on root-fedora-31-1.cern.ch:/build/workspace/root-pullrequests-build; [See cdash](http://cdash.cern.ch/index.php?project=ROOT&filtercount=1&field1=buildname/string&compare1=65&value1=PR-5655-ROOT-fedora31-noimt&date=2020-05-19).; [See console output](https://lcgapp-services.cern.ch/root-jenkins/job/root-pullrequests-build/82889/console).; ### Failing tests:; - [projectroot.roottest.root.meta.roottest_root_meta_TmpltInt1_build](https://lcgapp-services.cern.ch/root-jenkins/job/root-pullrequests-build/82889/testReport/projectroot.roottest.root/meta/roottest_root_meta_TmpltInt1_build/),MatchSource.ISSUE_COMMENT,root-project,root,v6-32-06,https://github.com/root-project/root/pull/5655#issuecomment-630961390:399,test,tests,399,https://root.cern,https://github.com/root-project/root/pull/5655#issuecomment-630961390,2,['test'],"['testReport', 'tests']"
Testability,Build failed on ROOT-fedora31/noimt.; Running on root-fedora-31-1.cern.ch:/build/workspace/root-pullrequests-build; [See cdash](http://cdash.cern.ch/index.php?project=ROOT&filtercount=1&field1=buildname/string&compare1=65&value1=PR-5658-ROOT-fedora31-noimt&date=2020-05-19).; [See console output](https://lcgapp-services.cern.ch/root-jenkins/job/root-pullrequests-build/82921/console).; ### Failing tests:; - [projectroot.roottest.python.JupyROOT.roottest_python_JupyROOT_tpython_notebook](https://lcgapp-services.cern.ch/root-jenkins/job/root-pullrequests-build/82921/testReport/projectroot.roottest.python/JupyROOT/roottest_python_JupyROOT_tpython_notebook/); - [projectroot.roottest.root.dataframe.roottest_root_dataframe_test_trainCache](https://lcgapp-services.cern.ch/root-jenkins/job/root-pullrequests-build/82921/testReport/projectroot.roottest.root/dataframe/roottest_root_dataframe_test_trainCache/),MatchSource.ISSUE_COMMENT,root-project,root,v6-32-06,https://github.com/root-project/root/pull/5658#issuecomment-630987920:399,test,tests,399,https://root.cern,https://github.com/root-project/root/pull/5658#issuecomment-630987920,3,['test'],"['testReport', 'tests']"
Testability,Build failed on ROOT-fedora31/noimt.; Running on root-fedora-31-1.cern.ch:/build/workspace/root-pullrequests-build; [See cdash](http://cdash.cern.ch/index.php?project=ROOT&filtercount=1&field1=buildname/string&compare1=65&value1=PR-5661-ROOT-fedora31-noimt&date=2020-05-20).; [See console output](https://lcgapp-services.cern.ch/root-jenkins/job/root-pullrequests-build/82978/console).; ### Failing tests:; - [projectroot.roottest.root.multicore.roottest_root_multicore_tclass_methods_libgen_build](https://lcgapp-services.cern.ch/root-jenkins/job/root-pullrequests-build/82978/testReport/projectroot.roottest.root/multicore/roottest_root_multicore_tclass_methods_libgen_build/); - [projectroot.roottest.root.multicore.roottest_root_multicore_fork](https://lcgapp-services.cern.ch/root-jenkins/job/root-pullrequests-build/82978/testReport/projectroot.roottest.root/multicore/roottest_root_multicore_fork/),MatchSource.ISSUE_COMMENT,root-project,root,v6-32-06,https://github.com/root-project/root/pull/5661#issuecomment-631340075:399,test,tests,399,https://root.cern,https://github.com/root-project/root/pull/5661#issuecomment-631340075,3,['test'],"['testReport', 'tests']"
Testability,Build failed on ROOT-fedora31/noimt.; Running on root-fedora-31-1.cern.ch:/build/workspace/root-pullrequests-build; [See cdash](http://cdash.cern.ch/index.php?project=ROOT&filtercount=1&field1=buildname/string&compare1=65&value1=PR-5692-ROOT-fedora31-noimt&date=2020-05-25).; [See console output](https://lcgapp-services.cern.ch/root-jenkins/job/root-pullrequests-build/83390/console).; ### Failing tests:; - [projectroot.roottest.cling.functionTemplate.roottest_cling_functionTemplate_testcint](https://lcgapp-services.cern.ch/root-jenkins/job/root-pullrequests-build/83390/testReport/projectroot.roottest.cling/functionTemplate/roottest_cling_functionTemplate_testcint/); - [projectroot.roottest.python.basic.roottest_python_basic_basic](https://lcgapp-services.cern.ch/root-jenkins/job/root-pullrequests-build/83390/testReport/projectroot.roottest.python/basic/roottest_python_basic_basic/); - [projectroot.roottest.python.basic.roottest_python_basic_operator](https://lcgapp-services.cern.ch/root-jenkins/job/root-pullrequests-build/83390/testReport/projectroot.roottest.python/basic/roottest_python_basic_operator/); - [projectroot.roottest.python.basic.roottest_python_basic_datatype](https://lcgapp-services.cern.ch/root-jenkins/job/root-pullrequests-build/83390/testReport/projectroot.roottest.python/basic/roottest_python_basic_datatype/); - [projectroot.roottest.python.basic.roottest_python_basic_overload](https://lcgapp-services.cern.ch/root-jenkins/job/root-pullrequests-build/83390/testReport/projectroot.roottest.python/basic/roottest_python_basic_overload/); - [projectroot.roottest.python.cling.roottest_python_cling_cling](https://lcgapp-services.cern.ch/root-jenkins/job/root-pullrequests-build/83390/testReport/projectroot.roottest.python/cling/roottest_python_cling_cling/); - [projectroot.roottest.python.cpp.roottest_python_cpp_cpp11](https://lcgapp-services.cern.ch/root-jenkins/job/root-pullrequests-build/83390/testReport/projectroot.roottest.python/cpp/roottest_python_cpp_,MatchSource.ISSUE_COMMENT,root-project,root,v6-32-06,https://github.com/root-project/root/pull/5692#issuecomment-633497856:399,test,tests,399,https://root.cern,https://github.com/root-project/root/pull/5692#issuecomment-633497856,3,['test'],"['testReport', 'tests']"
Testability,Build failed on ROOT-fedora31/noimt.; Running on root-fedora-31-1.cern.ch:/build/workspace/root-pullrequests-build; [See cdash](http://cdash.cern.ch/index.php?project=ROOT&filtercount=1&field1=buildname/string&compare1=65&value1=PR-5698-ROOT-fedora31-noimt&date=2020-05-25).; [See console output](https://lcgapp-services.cern.ch/root-jenkins/job/root-pullrequests-build/83471/console).; ### Failing tests:; - [projectroot.roottest.root.tree.cache.roottest_root_tree_cache_CacheRange](https://lcgapp-services.cern.ch/root-jenkins/job/root-pullrequests-build/83471/testReport/projectroot.roottest.root.tree/cache/roottest_root_tree_cache_CacheRange/),MatchSource.ISSUE_COMMENT,root-project,root,v6-32-06,https://github.com/root-project/root/pull/5698#issuecomment-633629273:399,test,tests,399,https://root.cern,https://github.com/root-project/root/pull/5698#issuecomment-633629273,2,['test'],"['testReport', 'tests']"
Testability,Build failed on ROOT-fedora31/noimt.; Running on root-fedora-31-1.cern.ch:/build/workspace/root-pullrequests-build; [See cdash](http://cdash.cern.ch/index.php?project=ROOT&filtercount=1&field1=buildname/string&compare1=65&value1=PR-5711-ROOT-fedora31-noimt&date=2020-05-26).; [See console output](https://lcgapp-services.cern.ch/root-jenkins/job/root-pullrequests-build/83672/console).; ### Failing tests:; - [projectroot.tmva.tmva.test.DNN.TMVA_DNN_MethodDL_SGD_Optimization_Cpu](https://lcgapp-services.cern.ch/root-jenkins/job/root-pullrequests-build/83672/testReport/projectroot.tmva.tmva.test/DNN/TMVA_DNN_MethodDL_SGD_Optimization_Cpu/); - [projectroot.tmva.tmva.test.DNN.TMVA_DNN_MethodDL_Adam_Optimization_Cpu](https://lcgapp-services.cern.ch/root-jenkins/job/root-pullrequests-build/83672/testReport/projectroot.tmva.tmva.test/DNN/TMVA_DNN_MethodDL_Adam_Optimization_Cpu/); - [projectroot.tmva.tmva.test.DNN.TMVA_DNN_MethodDL_Adagrad_Optimization_Cpu](https://lcgapp-services.cern.ch/root-jenkins/job/root-pullrequests-build/83672/testReport/projectroot.tmva.tmva.test/DNN/TMVA_DNN_MethodDL_Adagrad_Optimization_Cpu/); - [projectroot.tmva.tmva.test.DNN.TMVA_DNN_MethodDL_RMSProp_Optimization_Cpu](https://lcgapp-services.cern.ch/root-jenkins/job/root-pullrequests-build/83672/testReport/projectroot.tmva.tmva.test/DNN/TMVA_DNN_MethodDL_RMSProp_Optimization_Cpu/); - [projectroot.tmva.tmva.test.DNN.TMVA_DNN_MethodDL_Adadelta_Optimization_Cpu](https://lcgapp-services.cern.ch/root-jenkins/job/root-pullrequests-build/83672/testReport/projectroot.tmva.tmva.test/DNN/TMVA_DNN_MethodDL_Adadelta_Optimization_Cpu/); - [projectroot.tmva.tmva.test.DNN.TMVA_DNN_Regression_Cpu](https://lcgapp-services.cern.ch/root-jenkins/job/root-pullrequests-build/83672/testReport/projectroot.tmva.tmva.test/DNN/TMVA_DNN_Regression_Cpu/),MatchSource.ISSUE_COMMENT,root-project,root,v6-32-06,https://github.com/root-project/root/pull/5711#issuecomment-634211880:399,test,tests,399,https://root.cern,https://github.com/root-project/root/pull/5711#issuecomment-634211880,19,['test'],"['test', 'testReport', 'tests']"
Testability,Build failed on ROOT-fedora31/noimt.; Running on root-fedora-31-1.cern.ch:/build/workspace/root-pullrequests-build; [See cdash](http://cdash.cern.ch/index.php?project=ROOT&filtercount=1&field1=buildname/string&compare1=65&value1=PR-5715-ROOT-fedora31-noimt&date=2020-05-27).; [See console output](https://lcgapp-services.cern.ch/root-jenkins/job/root-pullrequests-build/83752/console).; ### Errors:; - [2020-05-27T13:11:23.243Z] CMake Error at tree/dataframe/test/CMakeLists.txt:20 (add_library): ; - [2020-05-27T13:11:23.499Z] CMake Error at tree/dataframe/test/CMakeLists.txt:20 (add_library): ; - [2020-05-27T13:11:24.062Z] CMake Error at /build/workspace/root-pullrequests-build/rootspi/jenkins/root-build.cmake:1005 (message):,MatchSource.ISSUE_COMMENT,root-project,root,v6-32-06,https://github.com/root-project/root/pull/5715#issuecomment-634649739:459,test,test,459,https://root.cern,https://github.com/root-project/root/pull/5715#issuecomment-634649739,2,['test'],['test']
Testability,Build failed on ROOT-fedora31/noimt.; Running on root-fedora-31-1.cern.ch:/build/workspace/root-pullrequests-build; [See cdash](http://cdash.cern.ch/index.php?project=ROOT&filtercount=1&field1=buildname/string&compare1=65&value1=PR-5718-ROOT-fedora31-noimt&date=2020-05-27).; [See console output](https://lcgapp-services.cern.ch/root-jenkins/job/root-pullrequests-build/83768/console).; ### Failing tests:; - [projectroot.test.test_stressroofit_interpreted](https://lcgapp-services.cern.ch/root-jenkins/job/root-pullrequests-build/83768/testReport/projectroot/test/test_stressroofit_interpreted/),MatchSource.ISSUE_COMMENT,root-project,root,v6-32-06,https://github.com/root-project/root/pull/5718#issuecomment-634703695:399,test,tests,399,https://root.cern,https://github.com/root-project/root/pull/5718#issuecomment-634703695,4,['test'],"['test', 'testReport', 'tests']"
Testability,Build failed on ROOT-fedora31/noimt.; Running on root-fedora-31-1.cern.ch:/build/workspace/root-pullrequests-build; [See cdash](http://cdash.cern.ch/index.php?project=ROOT&filtercount=1&field1=buildname/string&compare1=65&value1=PR-5721-ROOT-fedora31-noimt&date=2020-06-02).; [See console output](https://lcgapp-services.cern.ch/root-jenkins/job/root-pullrequests-build/84499/console).; ### Failing tests:; - [projectroot.roottest.root.io.treeForeign.roottest_root_io_treeForeign_testForeignDraw](https://lcgapp-services.cern.ch/root-jenkins/job/root-pullrequests-build/84499/testReport/projectroot.roottest.root.io/treeForeign/roottest_root_io_treeForeign_testForeignDraw/); - [projectroot.roottest.root.tree.cloning.roottest_root_tree_cloning_exectrim](https://lcgapp-services.cern.ch/root-jenkins/job/root-pullrequests-build/84499/testReport/projectroot.roottest.root.tree/cloning/roottest_root_tree_cloning_exectrim/); - [projectroot.roottest.root.tree.reader.roottest_root_tree_reader_make](https://lcgapp-services.cern.ch/root-jenkins/job/root-pullrequests-build/84499/testReport/projectroot.roottest.root.tree/reader/roottest_root_tree_reader_make/); - [projectroot.roottest.root.tree.stl.roottest_root_tree_stl_make](https://lcgapp-services.cern.ch/root-jenkins/job/root-pullrequests-build/84499/testReport/projectroot.roottest.root.tree/stl/roottest_root_tree_stl_make/),MatchSource.ISSUE_COMMENT,root-project,root,v6-32-06,https://github.com/root-project/root/pull/5721#issuecomment-637214070:399,test,tests,399,https://root.cern,https://github.com/root-project/root/pull/5721#issuecomment-637214070,5,['test'],"['testReport', 'tests']"
Testability,Build failed on ROOT-fedora31/noimt.; Running on root-fedora-31-1.cern.ch:/build/workspace/root-pullrequests-build; [See cdash](http://cdash.cern.ch/index.php?project=ROOT&filtercount=1&field1=buildname/string&compare1=65&value1=PR-5721-ROOT-fedora31-noimt&date=2020-06-02).; [See console output](https://lcgapp-services.cern.ch/root-jenkins/job/root-pullrequests-build/84515/console).; ### Failing tests:; - [projectroot.test.test_bench](https://lcgapp-services.cern.ch/root-jenkins/job/root-pullrequests-build/84515/testReport/projectroot/test/test_bench/); - [projectroot.roottest.root.io.treeForeign.roottest_root_io_treeForeign_testForeignDraw](https://lcgapp-services.cern.ch/root-jenkins/job/root-pullrequests-build/84515/testReport/projectroot.roottest.root.io/treeForeign/roottest_root_io_treeForeign_testForeignDraw/); - [projectroot.roottest.root.tree.cloning.roottest_root_tree_cloning_exectrim](https://lcgapp-services.cern.ch/root-jenkins/job/root-pullrequests-build/84515/testReport/projectroot.roottest.root.tree/cloning/roottest_root_tree_cloning_exectrim/); - [projectroot.roottest.root.tree.reader.roottest_root_tree_reader_make](https://lcgapp-services.cern.ch/root-jenkins/job/root-pullrequests-build/84515/testReport/projectroot.roottest.root.tree/reader/roottest_root_tree_reader_make/); - [projectroot.roottest.root.tree.stl.roottest_root_tree_stl_make](https://lcgapp-services.cern.ch/root-jenkins/job/root-pullrequests-build/84515/testReport/projectroot.roottest.root.tree/stl/roottest_root_tree_stl_make/),MatchSource.ISSUE_COMMENT,root-project,root,v6-32-06,https://github.com/root-project/root/pull/5721#issuecomment-637221054:399,test,tests,399,https://root.cern,https://github.com/root-project/root/pull/5721#issuecomment-637221054,8,['test'],"['test', 'testReport', 'tests']"
Testability,Build failed on ROOT-fedora31/noimt.; Running on root-fedora-31-1.cern.ch:/build/workspace/root-pullrequests-build; [See cdash](http://cdash.cern.ch/index.php?project=ROOT&filtercount=1&field1=buildname/string&compare1=65&value1=PR-5721-ROOT-fedora31-noimt&date=2020-06-03).; [See console output](https://lcgapp-services.cern.ch/root-jenkins/job/root-pullrequests-build/84964/console).; ### Failing tests:; - [projectroot.roottest.root.io.treeForeign.roottest_root_io_treeForeign_testForeignDraw](https://lcgapp-services.cern.ch/root-jenkins/job/root-pullrequests-build/84964/testReport/projectroot.roottest.root.io/treeForeign/roottest_root_io_treeForeign_testForeignDraw/); - [projectroot.roottest.root.tree.cloning.roottest_root_tree_cloning_exectrim](https://lcgapp-services.cern.ch/root-jenkins/job/root-pullrequests-build/84964/testReport/projectroot.roottest.root.tree/cloning/roottest_root_tree_cloning_exectrim/),MatchSource.ISSUE_COMMENT,root-project,root,v6-32-06,https://github.com/root-project/root/pull/5721#issuecomment-638442382:399,test,tests,399,https://root.cern,https://github.com/root-project/root/pull/5721#issuecomment-638442382,3,['test'],"['testReport', 'tests']"
Testability,Build failed on ROOT-fedora31/noimt.; Running on root-fedora-31-1.cern.ch:/build/workspace/root-pullrequests-build; [See cdash](http://cdash.cern.ch/index.php?project=ROOT&filtercount=1&field1=buildname/string&compare1=65&value1=PR-5721-ROOT-fedora31-noimt&date=2020-06-04).; [See console output](https://lcgapp-services.cern.ch/root-jenkins/job/root-pullrequests-build/85253/console).; ### Failing tests:; - [projectroot.roottest.root.io.filemerger.roottest_root_io_filemerger_simple_default_compr_level9_datageneration](https://lcgapp-services.cern.ch/root-jenkins/job/root-pullrequests-build/85253/testReport/projectroot.roottest.root.io/filemerger/roottest_root_io_filemerger_simple_default_compr_level9_datageneration/); - [projectroot.roottest.root.io.filemerger.roottest_root_io_filemerger_simple_default_compr_level9](https://lcgapp-services.cern.ch/root-jenkins/job/root-pullrequests-build/85253/testReport/projectroot.roottest.root.io/filemerger/roottest_root_io_filemerger_simple_default_compr_level9/); - [projectroot.roottest.root.io.filemerger.roottest_root_io_filemerger_simplex2_default_compr_level9](https://lcgapp-services.cern.ch/root-jenkins/job/root-pullrequests-build/85253/testReport/projectroot.roottest.root.io/filemerger/roottest_root_io_filemerger_simplex2_default_compr_level9/); - [projectroot.roottest.root.io.filemerger.roottest_root_io_filemerger_simplek_default_compr_deflevel](https://lcgapp-services.cern.ch/root-jenkins/job/root-pullrequests-build/85253/testReport/projectroot.roottest.root.io/filemerger/roottest_root_io_filemerger_simplek_default_compr_deflevel/); - [projectroot.roottest.root.io.filemerger.roottest_root_io_filemerger_simplek_lzma_compr_level9](https://lcgapp-services.cern.ch/root-jenkins/job/root-pullrequests-build/85253/testReport/projectroot.roottest.root.io/filemerger/roottest_root_io_filemerger_simplek_lzma_compr_level9/); - [projectroot.roottest.root.io.filemerger.roottest_root_io_filemerger_simplek_lz4_compr_level4](https://lcgapp-s,MatchSource.ISSUE_COMMENT,root-project,root,v6-32-06,https://github.com/root-project/root/pull/5721#issuecomment-639083546:399,test,tests,399,https://root.cern,https://github.com/root-project/root/pull/5721#issuecomment-639083546,3,['test'],"['testReport', 'tests']"
Testability,Build failed on ROOT-fedora31/noimt.; Running on root-fedora-31-1.cern.ch:/build/workspace/root-pullrequests-build; [See cdash](http://cdash.cern.ch/index.php?project=ROOT&filtercount=1&field1=buildname/string&compare1=65&value1=PR-5721-ROOT-fedora31-noimt&date=2020-06-06).; [See console output](https://lcgapp-services.cern.ch/root-jenkins/job/root-pullrequests-build/85601/console).; ### Failing tests:; - [projectroot.roottest.root.tree.cloning.roottest_root_tree_cloning_exectrim](https://lcgapp-services.cern.ch/root-jenkins/job/root-pullrequests-build/85601/testReport/projectroot.roottest.root.tree/cloning/roottest_root_tree_cloning_exectrim/),MatchSource.ISSUE_COMMENT,root-project,root,v6-32-06,https://github.com/root-project/root/pull/5721#issuecomment-639868488:399,test,tests,399,https://root.cern,https://github.com/root-project/root/pull/5721#issuecomment-639868488,2,['test'],"['testReport', 'tests']"
Testability,Build failed on ROOT-fedora31/noimt.; Running on root-fedora-31-1.cern.ch:/build/workspace/root-pullrequests-build; [See cdash](http://cdash.cern.ch/index.php?project=ROOT&filtercount=1&field1=buildname/string&compare1=65&value1=PR-5721-ROOT-fedora31-noimt&date=2020-06-07).; [See console output](https://lcgapp-services.cern.ch/root-jenkins/job/root-pullrequests-build/85740/console).; ### Failing tests:; - [projectroot.roottest.root.tree.branches.roottest_root_tree_branches_make](https://lcgapp-services.cern.ch/root-jenkins/job/root-pullrequests-build/85740/testReport/projectroot.roottest.root.tree/branches/roottest_root_tree_branches_make/),MatchSource.ISSUE_COMMENT,root-project,root,v6-32-06,https://github.com/root-project/root/pull/5721#issuecomment-640264415:399,test,tests,399,https://root.cern,https://github.com/root-project/root/pull/5721#issuecomment-640264415,2,['test'],"['testReport', 'tests']"
Testability,Build failed on ROOT-fedora31/noimt.; Running on root-fedora-31-1.cern.ch:/build/workspace/root-pullrequests-build; [See cdash](http://cdash.cern.ch/index.php?project=ROOT&filtercount=1&field1=buildname/string&compare1=65&value1=PR-5732-ROOT-fedora31-noimt&date=2020-05-28).; [See console output](https://lcgapp-services.cern.ch/root-jenkins/job/root-pullrequests-build/84042/console).; ### Failing tests:; - [projectroot.roottest.root.multicore.roottest_root_multicore_tclass_methods_libgen_build](https://lcgapp-services.cern.ch/root-jenkins/job/root-pullrequests-build/84042/testReport/projectroot.roottest.root/multicore/roottest_root_multicore_tclass_methods_libgen_build/); - [projectroot.roottest.root.multicore.roottest_root_multicore_fork](https://lcgapp-services.cern.ch/root-jenkins/job/root-pullrequests-build/84042/testReport/projectroot.roottest.root/multicore/roottest_root_multicore_fork/),MatchSource.ISSUE_COMMENT,root-project,root,v6-32-06,https://github.com/root-project/root/pull/5732#issuecomment-635581240:399,test,tests,399,https://root.cern,https://github.com/root-project/root/pull/5732#issuecomment-635581240,3,['test'],"['testReport', 'tests']"
Testability,Build failed on ROOT-fedora31/noimt.; Running on root-fedora-31-1.cern.ch:/build/workspace/root-pullrequests-build; [See cdash](http://cdash.cern.ch/index.php?project=ROOT&filtercount=1&field1=buildname/string&compare1=65&value1=PR-5739-ROOT-fedora31-noimt&date=2020-05-29).; [See console output](https://lcgapp-services.cern.ch/root-jenkins/job/root-pullrequests-build/84161/console).; ### Failing tests:; - [projectroot.test.test_stressfit_interpreted](https://lcgapp-services.cern.ch/root-jenkins/job/root-pullrequests-build/84161/testReport/projectroot/test/test_stressfit_interpreted/),MatchSource.ISSUE_COMMENT,root-project,root,v6-32-06,https://github.com/root-project/root/pull/5739#issuecomment-635897437:399,test,tests,399,https://root.cern,https://github.com/root-project/root/pull/5739#issuecomment-635897437,4,['test'],"['test', 'testReport', 'tests']"
Testability,Build failed on ROOT-fedora31/noimt.; Running on root-fedora-31-1.cern.ch:/build/workspace/root-pullrequests-build; [See cdash](http://cdash.cern.ch/index.php?project=ROOT&filtercount=1&field1=buildname/string&compare1=65&value1=PR-5752-ROOT-fedora31-noimt&date=2020-06-01).; [See console output](https://lcgapp-services.cern.ch/root-jenkins/job/root-pullrequests-build/84443/console).; ### Failing tests:; - [projectroot.runtutorials.tutorial_tmva_envelope_classification](https://lcgapp-services.cern.ch/root-jenkins/job/root-pullrequests-build/84443/testReport/projectroot/runtutorials/tutorial_tmva_envelope_classification/),MatchSource.ISSUE_COMMENT,root-project,root,v6-32-06,https://github.com/root-project/root/pull/5752#issuecomment-636895104:399,test,tests,399,https://root.cern,https://github.com/root-project/root/pull/5752#issuecomment-636895104,2,['test'],"['testReport', 'tests']"
Testability,Build failed on ROOT-fedora31/noimt.; Running on root-fedora-31-1.cern.ch:/build/workspace/root-pullrequests-build; [See cdash](http://cdash.cern.ch/index.php?project=ROOT&filtercount=1&field1=buildname/string&compare1=65&value1=PR-5772-ROOT-fedora31-noimt&date=2020-06-03).; [See console output](https://lcgapp-services.cern.ch/root-jenkins/job/root-pullrequests-build/84836/console).; ### Failing tests:; - [projectroot.tree.dataframe.test.pyunittests_dataframe_cache](https://lcgapp-services.cern.ch/root-jenkins/job/root-pullrequests-build/84836/testReport/projectroot.tree.dataframe/test/pyunittests_dataframe_cache/),MatchSource.ISSUE_COMMENT,root-project,root,v6-32-06,https://github.com/root-project/root/pull/5772#issuecomment-638133014:399,test,tests,399,https://root.cern,https://github.com/root-project/root/pull/5772#issuecomment-638133014,4,['test'],"['test', 'testReport', 'tests']"
Testability,Build failed on ROOT-fedora31/noimt.; Running on root-fedora-31-1.cern.ch:/build/workspace/root-pullrequests-build; [See cdash](http://cdash.cern.ch/index.php?project=ROOT&filtercount=1&field1=buildname/string&compare1=65&value1=PR-5780-ROOT-fedora31-noimt&date=2020-06-04).; [See console output](https://lcgapp-services.cern.ch/root-jenkins/job/root-pullrequests-build/85020/console).; ### Failing tests:; - [projectroot.roottest.root.multicore.roottest_root_multicore_tclass_methods_libgen_build](https://lcgapp-services.cern.ch/root-jenkins/job/root-pullrequests-build/85020/testReport/projectroot.roottest.root/multicore/roottest_root_multicore_tclass_methods_libgen_build/); - [projectroot.roottest.root.multicore.roottest_root_multicore_fork](https://lcgapp-services.cern.ch/root-jenkins/job/root-pullrequests-build/85020/testReport/projectroot.roottest.root/multicore/roottest_root_multicore_fork/),MatchSource.ISSUE_COMMENT,root-project,root,v6-32-06,https://github.com/root-project/root/pull/5780#issuecomment-638756157:399,test,tests,399,https://root.cern,https://github.com/root-project/root/pull/5780#issuecomment-638756157,3,['test'],"['testReport', 'tests']"
Testability,Build failed on ROOT-fedora31/noimt.; Running on root-fedora-31-1.cern.ch:/build/workspace/root-pullrequests-build; [See cdash](http://cdash.cern.ch/index.php?project=ROOT&filtercount=1&field1=buildname/string&compare1=65&value1=PR-5780-ROOT-fedora31-noimt&date=2020-06-04).; [See console output](https://lcgapp-services.cern.ch/root-jenkins/job/root-pullrequests-build/85117/console).; ### Failing tests:; - [projectroot.roottest.root.multicore.roottest_root_multicore_tclass_methods_libgen_build](https://lcgapp-services.cern.ch/root-jenkins/job/root-pullrequests-build/85117/testReport/projectroot.roottest.root/multicore/roottest_root_multicore_tclass_methods_libgen_build/); - [projectroot.roottest.root.multicore.roottest_root_multicore_fork](https://lcgapp-services.cern.ch/root-jenkins/job/root-pullrequests-build/85117/testReport/projectroot.roottest.root/multicore/roottest_root_multicore_fork/),MatchSource.ISSUE_COMMENT,root-project,root,v6-32-06,https://github.com/root-project/root/pull/5780#issuecomment-638924622:399,test,tests,399,https://root.cern,https://github.com/root-project/root/pull/5780#issuecomment-638924622,3,['test'],"['testReport', 'tests']"
Testability,Build failed on ROOT-fedora31/noimt.; Running on root-fedora-31-1.cern.ch:/build/workspace/root-pullrequests-build; [See cdash](http://cdash.cern.ch/index.php?project=ROOT&filtercount=1&field1=buildname/string&compare1=65&value1=PR-5791-ROOT-fedora31-noimt&date=2020-06-05).; [See console output](https://lcgapp-services.cern.ch/root-jenkins/job/root-pullrequests-build/85325/console).; ### Failing tests:; - [projectroot.roottest.root.multicore.roottest_root_multicore_tclass_methods_libgen_build](https://lcgapp-services.cern.ch/root-jenkins/job/root-pullrequests-build/85325/testReport/projectroot.roottest.root/multicore/roottest_root_multicore_tclass_methods_libgen_build/); - [projectroot.roottest.root.multicore.roottest_root_multicore_fork](https://lcgapp-services.cern.ch/root-jenkins/job/root-pullrequests-build/85325/testReport/projectroot.roottest.root/multicore/roottest_root_multicore_fork/),MatchSource.ISSUE_COMMENT,root-project,root,v6-32-06,https://github.com/root-project/root/pull/5791#issuecomment-639300587:399,test,tests,399,https://root.cern,https://github.com/root-project/root/pull/5791#issuecomment-639300587,3,['test'],"['testReport', 'tests']"
Testability,Build failed on ROOT-fedora31/noimt.; Running on root-fedora-31-1.cern.ch:/build/workspace/root-pullrequests-build; [See cdash](http://cdash.cern.ch/index.php?project=ROOT&filtercount=1&field1=buildname/string&compare1=65&value1=PR-5791-ROOT-fedora31-noimt&date=2020-06-05).; [See console output](https://lcgapp-services.cern.ch/root-jenkins/job/root-pullrequests-build/85463/console).; ### Failing tests:; - [projectroot.roottest.root.multicore.roottest_root_multicore_tclass_methods_libgen_build](https://lcgapp-services.cern.ch/root-jenkins/job/root-pullrequests-build/85463/testReport/projectroot.roottest.root/multicore/roottest_root_multicore_tclass_methods_libgen_build/); - [projectroot.roottest.root.multicore.roottest_root_multicore_fork](https://lcgapp-services.cern.ch/root-jenkins/job/root-pullrequests-build/85463/testReport/projectroot.roottest.root/multicore/roottest_root_multicore_fork/),MatchSource.ISSUE_COMMENT,root-project,root,v6-32-06,https://github.com/root-project/root/pull/5791#issuecomment-639452460:399,test,tests,399,https://root.cern,https://github.com/root-project/root/pull/5791#issuecomment-639452460,3,['test'],"['testReport', 'tests']"
Testability,Build failed on ROOT-fedora31/noimt.; Running on root-fedora-31-1.cern.ch:/build/workspace/root-pullrequests-build; [See cdash](http://cdash.cern.ch/index.php?project=ROOT&filtercount=1&field1=buildname/string&compare1=65&value1=PR-5791-ROOT-fedora31-noimt&date=2020-06-05).; [See console output](https://lcgapp-services.cern.ch/root-jenkins/job/root-pullrequests-build/85520/console).; ### Failing tests:; - [projectroot.roottest.root.multicore.roottest_root_multicore_tclass_methods_libgen_build](https://lcgapp-services.cern.ch/root-jenkins/job/root-pullrequests-build/85520/testReport/projectroot.roottest.root/multicore/roottest_root_multicore_tclass_methods_libgen_build/); - [projectroot.roottest.root.multicore.roottest_root_multicore_fork](https://lcgapp-services.cern.ch/root-jenkins/job/root-pullrequests-build/85520/testReport/projectroot.roottest.root/multicore/roottest_root_multicore_fork/),MatchSource.ISSUE_COMMENT,root-project,root,v6-32-06,https://github.com/root-project/root/pull/5791#issuecomment-639528068:399,test,tests,399,https://root.cern,https://github.com/root-project/root/pull/5791#issuecomment-639528068,3,['test'],"['testReport', 'tests']"
Testability,Build failed on ROOT-fedora31/noimt.; Running on root-fedora-31-1.cern.ch:/build/workspace/root-pullrequests-build; [See cdash](http://cdash.cern.ch/index.php?project=ROOT&filtercount=1&field1=buildname/string&compare1=65&value1=PR-5806-ROOT-fedora31-noimt&date=2020-06-05).; [See console output](https://lcgapp-services.cern.ch/root-jenkins/job/root-pullrequests-build/85561/console).; ### Failing tests:; - [projectroot.test.test_stressvector](https://lcgapp-services.cern.ch/root-jenkins/job/root-pullrequests-build/85561/testReport/projectroot/test/test_stressvector/); - [projectroot.test.test_stressshapes](https://lcgapp-services.cern.ch/root-jenkins/job/root-pullrequests-build/85561/testReport/projectroot/test/test_stressshapes/); - [projectroot.test.test_stressmathcore_interpreted](https://lcgapp-services.cern.ch/root-jenkins/job/root-pullrequests-build/85561/testReport/projectroot/test/test_stressmathcore_interpreted/); - [projectroot.test.test_stressHistFactory_interpreted](https://lcgapp-services.cern.ch/root-jenkins/job/root-pullrequests-build/85561/testReport/projectroot/test/test_stressHistFactory_interpreted/); - [projectroot.test.test_stressroofit_interpreted](https://lcgapp-services.cern.ch/root-jenkins/job/root-pullrequests-build/85561/testReport/projectroot/test/test_stressroofit_interpreted/); - [projectroot.test.test_GenVector_Vc](https://lcgapp-services.cern.ch/root-jenkins/job/root-pullrequests-build/85561/testReport/projectroot/test/test_GenVector_Vc/); - [projectroot.test.test_stressroostats_interpreted](https://lcgapp-services.cern.ch/root-jenkins/job/root-pullrequests-build/85561/testReport/projectroot/test/test_stressroostats_interpreted/); - [projectroot.roottest.python.cmdLineUtils.roottest_python_cmdLineUtils_TreeRootls1](https://lcgapp-services.cern.ch/root-jenkins/job/root-pullrequests-build/85561/testReport/projectroot.roottest.python/cmdLineUtils/roottest_python_cmdLineUtils_TreeRootls1/); - [projectroot.roottest.root.core.roottest_root_co,MatchSource.ISSUE_COMMENT,root-project,root,v6-32-06,https://github.com/root-project/root/pull/5806#issuecomment-639678311:399,test,tests,399,https://root.cern,https://github.com/root-project/root/pull/5806#issuecomment-639678311,11,['test'],"['test', 'testReport', 'tests']"
Testability,Build failed on ROOT-fedora31/noimt.; Running on root-fedora-31-1.cern.ch:/build/workspace/root-pullrequests-build; [See cdash](http://cdash.cern.ch/index.php?project=ROOT&filtercount=1&field1=buildname/string&compare1=65&value1=PR-5806-ROOT-fedora31-noimt&date=2020-06-05).; [See console output](https://lcgapp-services.cern.ch/root-jenkins/job/root-pullrequests-build/85577/console).; ### Failing tests:; - [projectroot.test.test_stressvector](https://lcgapp-services.cern.ch/root-jenkins/job/root-pullrequests-build/85577/testReport/projectroot/test/test_stressvector/); - [projectroot.test.test_stressshapes](https://lcgapp-services.cern.ch/root-jenkins/job/root-pullrequests-build/85577/testReport/projectroot/test/test_stressshapes/); - [projectroot.test.test_stressmathcore_interpreted](https://lcgapp-services.cern.ch/root-jenkins/job/root-pullrequests-build/85577/testReport/projectroot/test/test_stressmathcore_interpreted/); - [projectroot.test.test_stressHistFactory_interpreted](https://lcgapp-services.cern.ch/root-jenkins/job/root-pullrequests-build/85577/testReport/projectroot/test/test_stressHistFactory_interpreted/); - [projectroot.test.test_stressroofit_interpreted](https://lcgapp-services.cern.ch/root-jenkins/job/root-pullrequests-build/85577/testReport/projectroot/test/test_stressroofit_interpreted/); - [projectroot.test.test_GenVector_Vc](https://lcgapp-services.cern.ch/root-jenkins/job/root-pullrequests-build/85577/testReport/projectroot/test/test_GenVector_Vc/); - [projectroot.test.test_stressroostats_interpreted](https://lcgapp-services.cern.ch/root-jenkins/job/root-pullrequests-build/85577/testReport/projectroot/test/test_stressroostats_interpreted/); - [projectroot.roottest.python.cmdLineUtils.roottest_python_cmdLineUtils_TreeRootls1](https://lcgapp-services.cern.ch/root-jenkins/job/root-pullrequests-build/85577/testReport/projectroot.roottest.python/cmdLineUtils/roottest_python_cmdLineUtils_TreeRootls1/); - [projectroot.roottest.root.core.roottest_root_co,MatchSource.ISSUE_COMMENT,root-project,root,v6-32-06,https://github.com/root-project/root/pull/5806#issuecomment-639751571:399,test,tests,399,https://root.cern,https://github.com/root-project/root/pull/5806#issuecomment-639751571,11,['test'],"['test', 'testReport', 'tests']"
Testability,Build failed on ROOT-fedora31/noimt.; Running on root-fedora-31-1.cern.ch:/build/workspace/root-pullrequests-build; [See cdash](http://cdash.cern.ch/index.php?project=ROOT&filtercount=1&field1=buildname/string&compare1=65&value1=PR-5806-ROOT-fedora31-noimt&date=2020-06-06).; [See console output](https://lcgapp-services.cern.ch/root-jenkins/job/root-pullrequests-build/85593/console).; ### Failing tests:; - [projectroot.roottest.root.io.filemerger.roottest_root_io_filemerger_execMergeMulti](https://lcgapp-services.cern.ch/root-jenkins/job/root-pullrequests-build/85593/testReport/projectroot.roottest.root.io/filemerger/roottest_root_io_filemerger_execMergeMulti/); - [projectroot.roottest.root.io.uniquePointer.roottest_root_io_uniquePointer_simpleWriteRead](https://lcgapp-services.cern.ch/root-jenkins/job/root-pullrequests-build/85593/testReport/projectroot.roottest.root.io/uniquePointer/roottest_root_io_uniquePointer_simpleWriteRead/); - [projectroot.roottest.root.aclic.load.roottest_root_aclic_load_autoloadtest_build](https://lcgapp-services.cern.ch/root-jenkins/job/root-pullrequests-build/85593/testReport/projectroot.roottest.root.aclic/load/roottest_root_aclic_load_autoloadtest_build/); - [projectroot.roottest.root.meta.MakeProject.roottest_root_meta_MakeProject_examples](https://lcgapp-services.cern.ch/root-jenkins/job/root-pullrequests-build/85593/testReport/projectroot.roottest.root.meta/MakeProject/roottest_root_meta_MakeProject_examples/); - [projectroot.roottest.root.meta.evolution.roottest_root_meta_evolution_data2_build](https://lcgapp-services.cern.ch/root-jenkins/job/root-pullrequests-build/85593/testReport/projectroot.roottest.root.meta/evolution/roottest_root_meta_evolution_data2_build/); - [projectroot.roottest.root.meta.evolution.roottest_root_meta_evolution_data1_build](https://lcgapp-services.cern.ch/root-jenkins/job/root-pullrequests-build/85593/testReport/projectroot.roottest.root.meta/evolution/roottest_root_meta_evolution_data1_build/); - [project,MatchSource.ISSUE_COMMENT,root-project,root,v6-32-06,https://github.com/root-project/root/pull/5806#issuecomment-639861622:399,test,tests,399,https://root.cern,https://github.com/root-project/root/pull/5806#issuecomment-639861622,3,['test'],"['testReport', 'tests']"
Testability,Build failed on ROOT-fedora31/noimt.; Running on root-fedora-31-1.cern.ch:/build/workspace/root-pullrequests-build; [See cdash](http://cdash.cern.ch/index.php?project=ROOT&filtercount=1&field1=buildname/string&compare1=65&value1=PR-5814-ROOT-fedora31-noimt&date=2020-06-07).; [See console output](https://lcgapp-services.cern.ch/root-jenkins/job/root-pullrequests-build/85732/console).; ### Failing tests:; - [projectroot.test.test_stresshistogram_interpreted](https://lcgapp-services.cern.ch/root-jenkins/job/root-pullrequests-build/85732/testReport/projectroot/test/test_stresshistogram_interpreted/); - [projectroot.roottest.root.tree.reader.roottest_root_tree_reader_test_oddName](https://lcgapp-services.cern.ch/root-jenkins/job/root-pullrequests-build/85732/testReport/projectroot.roottest.root.tree/reader/roottest_root_tree_reader_test_oddName/),MatchSource.ISSUE_COMMENT,root-project,root,v6-32-06,https://github.com/root-project/root/pull/5814#issuecomment-640250306:399,test,tests,399,https://root.cern,https://github.com/root-project/root/pull/5814#issuecomment-640250306,5,['test'],"['test', 'testReport', 'tests']"
Testability,Build failed on ROOT-fedora31/noimt.; Running on root-fedora-31-1.cern.ch:/build/workspace/root-pullrequests-build; [See cdash](http://cdash.cern.ch/index.php?project=ROOT&filtercount=1&field1=buildname/string&compare1=65&value1=PR-5843-ROOT-fedora31-noimt&date=2020-06-17).; [See console output](https://lcgapp-services.cern.ch/root-jenkins/job/root-pullrequests-build/87225/console).; ### Failing tests:; - [projectroot.tmva.tmva.test.gtest_tmva_tmva_test_rreader](https://lcgapp-services.cern.ch/root-jenkins/job/root-pullrequests-build/87225/testReport/projectroot.tmva.tmva/test/gtest_tmva_tmva_test_rreader/); - [projectroot.tmva.tmva.test.gtest_tmva_tmva_test_rstandardscaler](https://lcgapp-services.cern.ch/root-jenkins/job/root-pullrequests-build/87225/testReport/projectroot.tmva.tmva/test/gtest_tmva_tmva_test_rstandardscaler/),MatchSource.ISSUE_COMMENT,root-project,root,v6-32-06,https://github.com/root-project/root/pull/5843#issuecomment-645349265:399,test,tests,399,https://root.cern,https://github.com/root-project/root/pull/5843#issuecomment-645349265,7,['test'],"['test', 'testReport', 'tests']"
Testability,Build failed on ROOT-fedora31/noimt.; Running on root-fedora-31-1.cern.ch:/build/workspace/root-pullrequests-build; [See cdash](http://cdash.cern.ch/index.php?project=ROOT&filtercount=1&field1=buildname/string&compare1=65&value1=PR-5845-ROOT-fedora31-noimt&date=2020-06-10).; [See console output](https://lcgapp-services.cern.ch/root-jenkins/job/root-pullrequests-build/86323/console).; ### Failing tests:; - [projectroot.tree.dataframe.test.gtest_tree_dataframe_test_dataframe_snapshot](https://lcgapp-services.cern.ch/root-jenkins/job/root-pullrequests-build/86323/testReport/projectroot.tree.dataframe/test/gtest_tree_dataframe_test_dataframe_snapshot/),MatchSource.ISSUE_COMMENT,root-project,root,v6-32-06,https://github.com/root-project/root/pull/5845#issuecomment-642224399:399,test,tests,399,https://root.cern,https://github.com/root-project/root/pull/5845#issuecomment-642224399,4,['test'],"['test', 'testReport', 'tests']"
Testability,Build failed on ROOT-fedora31/noimt.; Running on root-fedora-31-1.cern.ch:/build/workspace/root-pullrequests-build; [See cdash](http://cdash.cern.ch/index.php?project=ROOT&filtercount=1&field1=buildname/string&compare1=65&value1=PR-5845-ROOT-fedora31-noimt&date=2020-06-11).; [See console output](https://lcgapp-services.cern.ch/root-jenkins/job/root-pullrequests-build/86492/console).; ### Failing tests:; - [projectroot.tree.dataframe.test.gtest_tree_dataframe_test_dataframe_snapshot](https://lcgapp-services.cern.ch/root-jenkins/job/root-pullrequests-build/86492/testReport/projectroot.tree.dataframe/test/gtest_tree_dataframe_test_dataframe_snapshot/),MatchSource.ISSUE_COMMENT,root-project,root,v6-32-06,https://github.com/root-project/root/pull/5845#issuecomment-642536881:399,test,tests,399,https://root.cern,https://github.com/root-project/root/pull/5845#issuecomment-642536881,4,['test'],"['test', 'testReport', 'tests']"
Testability,Build failed on ROOT-fedora31/noimt.; Running on root-fedora-31-1.cern.ch:/build/workspace/root-pullrequests-build; [See cdash](http://cdash.cern.ch/index.php?project=ROOT&filtercount=1&field1=buildname/string&compare1=65&value1=PR-5850-ROOT-fedora31-noimt&date=2020-06-11).; [See console output](https://lcgapp-services.cern.ch/root-jenkins/job/root-pullrequests-build/86467/console).; ### Failing tests:; - [projectroot.tree.tree.test.gtest_tree_tree_test_testTTreeRegressions](https://lcgapp-services.cern.ch/root-jenkins/job/root-pullrequests-build/86467/testReport/projectroot.tree.tree/test/gtest_tree_tree_test_testTTreeRegressions/),MatchSource.ISSUE_COMMENT,root-project,root,v6-32-06,https://github.com/root-project/root/pull/5850#issuecomment-642522398:399,test,tests,399,https://root.cern,https://github.com/root-project/root/pull/5850#issuecomment-642522398,4,['test'],"['test', 'testReport', 'tests']"
Testability,Build failed on ROOT-fedora31/noimt.; Running on root-fedora-31-1.cern.ch:/build/workspace/root-pullrequests-build; [See cdash](http://cdash.cern.ch/index.php?project=ROOT&filtercount=1&field1=buildname/string&compare1=65&value1=PR-5860-ROOT-fedora31-noimt&date=2020-06-12).; [See console output](https://lcgapp-services.cern.ch/root-jenkins/job/root-pullrequests-build/86623/console).; ### Failing tests:; - [projectroot.test.test_stressroofit_interpreted](https://lcgapp-services.cern.ch/root-jenkins/job/root-pullrequests-build/86623/testReport/projectroot/test/test_stressroofit_interpreted/),MatchSource.ISSUE_COMMENT,root-project,root,v6-32-06,https://github.com/root-project/root/pull/5860#issuecomment-643201490:399,test,tests,399,https://root.cern,https://github.com/root-project/root/pull/5860#issuecomment-643201490,4,['test'],"['test', 'testReport', 'tests']"
Testability,Build failed on ROOT-fedora31/noimt.; Running on root-fedora-31-1.cern.ch:/build/workspace/root-pullrequests-build; [See cdash](http://cdash.cern.ch/index.php?project=ROOT&filtercount=1&field1=buildname/string&compare1=65&value1=PR-5884-ROOT-fedora31-noimt&date=2020-06-17).; [See console output](https://lcgapp-services.cern.ch/root-jenkins/job/root-pullrequests-build/87176/console).; ### Failing tests:; - [projectroot.test.test_stressmathcore_interpreted](https://lcgapp-services.cern.ch/root-jenkins/job/root-pullrequests-build/87176/testReport/projectroot/test/test_stressmathcore_interpreted/); - [projectroot.roottest.python.JupyROOT.roottest_python_JupyROOT_cppcompleter_doctest](https://lcgapp-services.cern.ch/root-jenkins/job/root-pullrequests-build/87176/testReport/projectroot.roottest.python/JupyROOT/roottest_python_JupyROOT_cppcompleter_doctest/),MatchSource.ISSUE_COMMENT,root-project,root,v6-32-06,https://github.com/root-project/root/pull/5884#issuecomment-645199344:399,test,tests,399,https://root.cern,https://github.com/root-project/root/pull/5884#issuecomment-645199344,5,['test'],"['test', 'testReport', 'tests']"
Testability,Build failed on ROOT-fedora31/noimt.; Running on root-fedora-31-1.cern.ch:/build/workspace/root-pullrequests-build; [See cdash](http://cdash.cern.ch/index.php?project=ROOT&filtercount=1&field1=buildname/string&compare1=65&value1=PR-5884-ROOT-fedora31-noimt&date=2020-06-23).; [See console output](https://lcgapp-services.cern.ch/root-jenkins/job/root-pullrequests-build/87787/console).; ### Failing tests:; - [projectroot.test.test_stressmathcore_interpreted](https://lcgapp-services.cern.ch/root-jenkins/job/root-pullrequests-build/87787/testReport/projectroot/test/test_stressmathcore_interpreted/); - [projectroot.roottest.python.JupyROOT.roottest_python_JupyROOT_cppcompleter_doctest](https://lcgapp-services.cern.ch/root-jenkins/job/root-pullrequests-build/87787/testReport/projectroot.roottest.python/JupyROOT/roottest_python_JupyROOT_cppcompleter_doctest/),MatchSource.ISSUE_COMMENT,root-project,root,v6-32-06,https://github.com/root-project/root/pull/5884#issuecomment-648374222:399,test,tests,399,https://root.cern,https://github.com/root-project/root/pull/5884#issuecomment-648374222,5,['test'],"['test', 'testReport', 'tests']"
Testability,Build failed on ROOT-fedora31/noimt.; Running on root-fedora-31-1.cern.ch:/build/workspace/root-pullrequests-build; [See cdash](http://cdash.cern.ch/index.php?project=ROOT&filtercount=1&field1=buildname/string&compare1=65&value1=PR-5884-ROOT-fedora31-noimt&date=2020-06-25).; [See console output](https://lcgapp-services.cern.ch/root-jenkins/job/root-pullrequests-build/88041/console).; ### Failing tests:; - [projectroot.test.test_stressmathcore_interpreted](https://lcgapp-services.cern.ch/root-jenkins/job/root-pullrequests-build/88041/testReport/projectroot/test/test_stressmathcore_interpreted/); - [projectroot.roottest.python.JupyROOT.roottest_python_JupyROOT_cppcompleter_doctest](https://lcgapp-services.cern.ch/root-jenkins/job/root-pullrequests-build/88041/testReport/projectroot.roottest.python/JupyROOT/roottest_python_JupyROOT_cppcompleter_doctest/),MatchSource.ISSUE_COMMENT,root-project,root,v6-32-06,https://github.com/root-project/root/pull/5884#issuecomment-649514300:399,test,tests,399,https://root.cern,https://github.com/root-project/root/pull/5884#issuecomment-649514300,5,['test'],"['test', 'testReport', 'tests']"
Testability,Build failed on ROOT-fedora31/noimt.; Running on root-fedora-31-1.cern.ch:/build/workspace/root-pullrequests-build; [See cdash](http://cdash.cern.ch/index.php?project=ROOT&filtercount=1&field1=buildname/string&compare1=65&value1=PR-5884-ROOT-fedora31-noimt&date=2020-06-28).; [See console output](https://lcgapp-services.cern.ch/root-jenkins/job/root-pullrequests-build/88251/console).; ### Failing tests:; - [projectroot.core.foundation.test.gtest_core_foundation_test_FoundationUtilsTests](https://lcgapp-services.cern.ch/root-jenkins/job/root-pullrequests-build/88251/testReport/projectroot.core.foundation/test/gtest_core_foundation_test_FoundationUtilsTests/); - [projectroot.test.test_stressmathcore_interpreted](https://lcgapp-services.cern.ch/root-jenkins/job/root-pullrequests-build/88251/testReport/projectroot/test/test_stressmathcore_interpreted/); - [projectroot.roottest.python.JupyROOT.roottest_python_JupyROOT_cppcompleter_doctest](https://lcgapp-services.cern.ch/root-jenkins/job/root-pullrequests-build/88251/testReport/projectroot.roottest.python/JupyROOT/roottest_python_JupyROOT_cppcompleter_doctest/),MatchSource.ISSUE_COMMENT,root-project,root,v6-32-06,https://github.com/root-project/root/pull/5884#issuecomment-650769357:399,test,tests,399,https://root.cern,https://github.com/root-project/root/pull/5884#issuecomment-650769357,8,['test'],"['test', 'testReport', 'tests']"
Testability,Build failed on ROOT-fedora31/noimt.; Running on root-fedora-31-1.cern.ch:/build/workspace/root-pullrequests-build; [See cdash](http://cdash.cern.ch/index.php?project=ROOT&filtercount=1&field1=buildname/string&compare1=65&value1=PR-5884-ROOT-fedora31-noimt&date=2020-06-29).; [See console output](https://lcgapp-services.cern.ch/root-jenkins/job/root-pullrequests-build/88267/console).; ### Failing tests:; - [projectroot.test.test_stressmathcore_interpreted](https://lcgapp-services.cern.ch/root-jenkins/job/root-pullrequests-build/88267/testReport/projectroot/test/test_stressmathcore_interpreted/); - [projectroot.roottest.python.JupyROOT.roottest_python_JupyROOT_cppcompleter_doctest](https://lcgapp-services.cern.ch/root-jenkins/job/root-pullrequests-build/88267/testReport/projectroot.roottest.python/JupyROOT/roottest_python_JupyROOT_cppcompleter_doctest/),MatchSource.ISSUE_COMMENT,root-project,root,v6-32-06,https://github.com/root-project/root/pull/5884#issuecomment-650973234:399,test,tests,399,https://root.cern,https://github.com/root-project/root/pull/5884#issuecomment-650973234,5,['test'],"['test', 'testReport', 'tests']"
Testability,Build failed on ROOT-fedora31/noimt.; Running on root-fedora-31-1.cern.ch:/build/workspace/root-pullrequests-build; [See cdash](http://cdash.cern.ch/index.php?project=ROOT&filtercount=1&field1=buildname/string&compare1=65&value1=PR-5885-ROOT-fedora31-noimt&date=2020-06-17).; [See console output](https://lcgapp-services.cern.ch/root-jenkins/job/root-pullrequests-build/87217/console).; ### Failing tests:; - [projectroot.tmva.tmva.test.gtest_tmva_tmva_test_rreader](https://lcgapp-services.cern.ch/root-jenkins/job/root-pullrequests-build/87217/testReport/projectroot.tmva.tmva/test/gtest_tmva_tmva_test_rreader/); - [projectroot.test.test_stresshistogram_interpreted](https://lcgapp-services.cern.ch/root-jenkins/job/root-pullrequests-build/87217/testReport/projectroot/test/test_stresshistogram_interpreted/); - [projectroot.tmva.tmva.test.gtest_tmva_tmva_test_rstandardscaler](https://lcgapp-services.cern.ch/root-jenkins/job/root-pullrequests-build/87217/testReport/projectroot.tmva.tmva/test/gtest_tmva_tmva_test_rstandardscaler/); - [projectroot.net.davix.test.gtest_net_davix_test_RRawFileDavix](https://lcgapp-services.cern.ch/root-jenkins/job/root-pullrequests-build/87217/testReport/projectroot.net.davix/test/gtest_net_davix_test_RRawFileDavix/); - [projectroot.test.test_stressIOPlugins_http](https://lcgapp-services.cern.ch/root-jenkins/job/root-pullrequests-build/87217/testReport/projectroot/test/test_stressIOPlugins_http/),MatchSource.ISSUE_COMMENT,root-project,root,v6-32-06,https://github.com/root-project/root/pull/5885#issuecomment-645334270:399,test,tests,399,https://root.cern,https://github.com/root-project/root/pull/5885#issuecomment-645334270,16,['test'],"['test', 'testReport', 'tests']"
Testability,Build failed on ROOT-fedora31/noimt.; Running on root-fedora-31-1.cern.ch:/build/workspace/root-pullrequests-build; [See cdash](http://cdash.cern.ch/index.php?project=ROOT&filtercount=1&field1=buildname/string&compare1=65&value1=PR-5920-ROOT-fedora31-noimt&date=2020-06-24).; [See console output](https://lcgapp-services.cern.ch/root-jenkins/job/root-pullrequests-build/87813/console).; ### Failing tests:; - [projectroot.roottest.cling.offset.roottest_cling_offset_interpreted](https://lcgapp-services.cern.ch/root-jenkins/job/root-pullrequests-build/87813/testReport/projectroot.roottest.cling/offset/roottest_cling_offset_interpreted/); - [projectroot.roottest.cling.offset.roottest_cling_offset_compiled](https://lcgapp-services.cern.ch/root-jenkins/job/root-pullrequests-build/87813/testReport/projectroot.roottest.cling/offset/roottest_cling_offset_compiled/),MatchSource.ISSUE_COMMENT,root-project,root,v6-32-06,https://github.com/root-project/root/pull/5920#issuecomment-648685367:399,test,tests,399,https://root.cern,https://github.com/root-project/root/pull/5920#issuecomment-648685367,3,['test'],"['testReport', 'tests']"
Testability,Build failed on ROOT-fedora31/noimt.; Running on root-fedora-31-1.cern.ch:/build/workspace/root-pullrequests-build; [See cdash](http://cdash.cern.ch/index.php?project=ROOT&filtercount=1&field1=buildname/string&compare1=65&value1=PR-5925-ROOT-fedora31-noimt&date=2020-06-25).; [See console output](https://lcgapp-services.cern.ch/root-jenkins/job/root-pullrequests-build/87945/console).; ### Failing tests:; - [projectroot.roottest.root.meta.roottest_root_meta_runMemberComments](https://lcgapp-services.cern.ch/root-jenkins/job/root-pullrequests-build/87945/testReport/projectroot.roottest.root/meta/roottest_root_meta_runMemberComments/),MatchSource.ISSUE_COMMENT,root-project,root,v6-32-06,https://github.com/root-project/root/pull/5925#issuecomment-649408951:399,test,tests,399,https://root.cern,https://github.com/root-project/root/pull/5925#issuecomment-649408951,2,['test'],"['testReport', 'tests']"
Testability,Build failed on ROOT-fedora31/noimt.; Running on root-fedora-31-1.cern.ch:/build/workspace/root-pullrequests-build; [See cdash](http://cdash.cern.ch/index.php?project=ROOT&filtercount=1&field1=buildname/string&compare1=65&value1=PR-6071-ROOT-fedora31-noimt&date=2020-09-13).; [See console output](https://lcgapp-services.cern.ch/root-jenkins/job/root-pullrequests-build/95601/console).; ### Failing tests:; - [projectroot.tree.tree.test.gtest_tree_tree_test_testTTreeRegressions](https://lcgapp-services.cern.ch/root-jenkins/job/root-pullrequests-build/95601/testReport/projectroot.tree.tree/test/gtest_tree_tree_test_testTTreeRegressions/),MatchSource.ISSUE_COMMENT,root-project,root,v6-32-06,https://github.com/root-project/root/pull/6071#issuecomment-691686495:399,test,tests,399,https://root.cern,https://github.com/root-project/root/pull/6071#issuecomment-691686495,4,['test'],"['test', 'testReport', 'tests']"
Testability,"Build failed on ROOT-fedora31/noimt.; Running on root-fedora-31-1.cern.ch:/build/workspace/root-pullrequests-build; [See cdash](http://cdash.cern.ch/index.php?project=ROOT&filtercount=1&field1=buildname/string&compare1=65&value1=PR-6301-ROOT-fedora31-noimt&date=2020-09-14).; [See console output](https://lcgapp-services.cern.ch/root-jenkins/job/root-pullrequests-build/95713/console).; ### Errors:; - [2020-09-14T12:38:17.015Z] /build/workspace/root-pullrequests-build/root/core/imt/inc/ROOT/TThreadExecutor.hxx:21:4: error: #error ""Cannot use ROOT::TThreadExecutor without defining R__USE_IMT."" ; - [2020-09-14T12:38:18.214Z] /build/workspace/root-pullrequests-build/root/core/thread/test/testInterpreterLock.cxx:33:13: error: ‘TThreadExecutor’ is not a member of ‘ROOT’ ; - [2020-09-14T12:38:18.214Z] /build/workspace/root-pullrequests-build/root/core/thread/test/testInterpreterLock.cxx:36:7: error: ‘pool’ was not declared in this scope; did you mean ‘powl’? ; - [2020-09-14T12:38:18.214Z] /build/workspace/root-pullrequests-build/root/core/thread/test/testInterpreterLock.cxx:57:13: error: ‘TThreadExecutor’ is not a member of ‘ROOT’ ; - [2020-09-14T12:38:18.214Z] /build/workspace/root-pullrequests-build/root/core/thread/test/testInterpreterLock.cxx:60:7: error: ‘pool’ was not declared in this scope; did you mean ‘powl’? ; - [2020-09-14T12:38:18.214Z] /build/workspace/root-pullrequests-build/root/core/thread/test/testInterpreterLock.cxx:78:13: error: ‘TThreadExecutor’ is not a member of ‘ROOT’ ; - [2020-09-14T12:38:18.214Z] /build/workspace/root-pullrequests-build/root/core/thread/test/testInterpreterLock.cxx:81:7: error: ‘pool’ was not declared in this scope; did you mean ‘powl’? ; - [2020-09-14T12:38:18.214Z] /build/workspace/root-pullrequests-build/root/core/thread/test/testInterpreterLock.cxx:99:13: error: ‘TThreadExecutor’ is not a member of ‘ROOT’ ; - [2020-09-14T12:38:18.214Z] /build/workspace/root-pullrequests-build/root/core/thread/test/testInterpreterLock.cxx:102:7: er",MatchSource.ISSUE_COMMENT,root-project,root,v6-32-06,https://github.com/root-project/root/pull/6301#issuecomment-692024619:686,test,test,686,https://root.cern,https://github.com/root-project/root/pull/6301#issuecomment-692024619,4,['test'],"['test', 'testInterpreterLock']"
Testability,"Build failed on ROOT-fedora31/noimt.; Running on root-fedora-31-1.cern.ch:/build/workspace/root-pullrequests-build; [See cdash](http://cdash.cern.ch/index.php?project=ROOT&filtercount=1&field1=buildname/string&compare1=65&value1=PR-6301-ROOT-fedora31-noimt&date=2020-09-16).; [See console output](https://lcgapp-services.cern.ch/root-jenkins/job/root-pullrequests-build/95945/console).; ### Errors:; - [2020-09-15T23:02:06.446Z] /build/workspace/root-pullrequests-build/root/core/imt/inc/ROOT/TThreadExecutor.hxx:21:4: error: #error ""Cannot use ROOT::TThreadExecutor without defining R__USE_IMT."" ; - [2020-09-15T23:02:07.381Z] /build/workspace/root-pullrequests-build/root/core/thread/test/testInterpreterLock.cxx:33:13: error: ‘TThreadExecutor’ is not a member of ‘ROOT’ ; - [2020-09-15T23:02:07.381Z] /build/workspace/root-pullrequests-build/root/core/thread/test/testInterpreterLock.cxx:36:7: error: ‘pool’ was not declared in this scope; did you mean ‘powl’? ; - [2020-09-15T23:02:07.639Z] /build/workspace/root-pullrequests-build/root/core/thread/test/testInterpreterLock.cxx:57:13: error: ‘TThreadExecutor’ is not a member of ‘ROOT’ ; - [2020-09-15T23:02:07.639Z] /build/workspace/root-pullrequests-build/root/core/thread/test/testInterpreterLock.cxx:60:7: error: ‘pool’ was not declared in this scope; did you mean ‘powl’? ; - [2020-09-15T23:02:07.639Z] /build/workspace/root-pullrequests-build/root/core/thread/test/testInterpreterLock.cxx:78:13: error: ‘TThreadExecutor’ is not a member of ‘ROOT’ ; - [2020-09-15T23:02:07.639Z] /build/workspace/root-pullrequests-build/root/core/thread/test/testInterpreterLock.cxx:81:7: error: ‘pool’ was not declared in this scope; did you mean ‘powl’? ; - [2020-09-15T23:02:07.639Z] /build/workspace/root-pullrequests-build/root/core/thread/test/testInterpreterLock.cxx:99:13: error: ‘TThreadExecutor’ is not a member of ‘ROOT’ ; - [2020-09-15T23:02:07.639Z] /build/workspace/root-pullrequests-build/root/core/thread/test/testInterpreterLock.cxx:102:7: er",MatchSource.ISSUE_COMMENT,root-project,root,v6-32-06,https://github.com/root-project/root/pull/6301#issuecomment-693023390:686,test,test,686,https://root.cern,https://github.com/root-project/root/pull/6301#issuecomment-693023390,4,['test'],"['test', 'testInterpreterLock']"
Testability,"Build failed on ROOT-fedora31/noimt.; Running on root-fedora-31-1.cern.ch:/build/workspace/root-pullrequests-build; [See cdash](http://cdash.cern.ch/index.php?project=ROOT&filtercount=1&field1=buildname/string&compare1=65&value1=PR-6301-ROOT-fedora31-noimt&date=2020-09-16).; [See console output](https://lcgapp-services.cern.ch/root-jenkins/job/root-pullrequests-build/95953/console).; ### Errors:; - [2020-09-15T23:05:24.475Z] /build/workspace/root-pullrequests-build/root/core/imt/inc/ROOT/TThreadExecutor.hxx:21:4: error: #error ""Cannot use ROOT::TThreadExecutor without defining R__USE_IMT."" ; - [2020-09-15T23:05:25.409Z] /build/workspace/root-pullrequests-build/root/core/thread/test/testInterpreterLock.cxx:34:13: error: ‘TThreadExecutor’ is not a member of ‘ROOT’ ; - [2020-09-15T23:05:25.409Z] /build/workspace/root-pullrequests-build/root/core/thread/test/testInterpreterLock.cxx:37:7: error: ‘pool’ was not declared in this scope; did you mean ‘powl’? ; - [2020-09-15T23:05:25.409Z] /build/workspace/root-pullrequests-build/root/core/thread/test/testInterpreterLock.cxx:59:13: error: ‘TThreadExecutor’ is not a member of ‘ROOT’ ; - [2020-09-15T23:05:25.409Z] /build/workspace/root-pullrequests-build/root/core/thread/test/testInterpreterLock.cxx:62:7: error: ‘pool’ was not declared in this scope; did you mean ‘powl’? ; - [2020-09-15T23:05:25.409Z] /build/workspace/root-pullrequests-build/root/core/thread/test/testInterpreterLock.cxx:81:13: error: ‘TThreadExecutor’ is not a member of ‘ROOT’ ; - [2020-09-15T23:05:25.409Z] /build/workspace/root-pullrequests-build/root/core/thread/test/testInterpreterLock.cxx:84:7: error: ‘pool’ was not declared in this scope; did you mean ‘powl’? ; - [2020-09-15T23:05:25.409Z] /build/workspace/root-pullrequests-build/root/core/thread/test/testInterpreterLock.cxx:103:13: error: ‘TThreadExecutor’ is not a member of ‘ROOT’ ; - [2020-09-15T23:05:25.409Z] /build/workspace/root-pullrequests-build/root/core/thread/test/testInterpreterLock.cxx:106:7: e",MatchSource.ISSUE_COMMENT,root-project,root,v6-32-06,https://github.com/root-project/root/pull/6301#issuecomment-693024552:686,test,test,686,https://root.cern,https://github.com/root-project/root/pull/6301#issuecomment-693024552,4,['test'],"['test', 'testInterpreterLock']"
Testability,Build failed on ROOT-fedora31/noimt.; Running on root-fedora-31-1.cern.ch:/build/workspace/root-pullrequests-build; [See cdash](http://cdash.cern.ch/index.php?project=ROOT&filtercount=1&field1=buildname/string&compare1=65&value1=PR-6301-ROOT-fedora31-noimt&date=2020-09-16).; [See console output](https://lcgapp-services.cern.ch/root-jenkins/job/root-pullrequests-build/96038/console).; ### Failing tests:; - [projectroot.roottest.root.io.treeForeign.roottest_root_io_treeForeign_testForeignDraw](https://lcgapp-services.cern.ch/root-jenkins/job/root-pullrequests-build/96038/testReport/projectroot.roottest.root.io/treeForeign/roottest_root_io_treeForeign_testForeignDraw/); - [projectroot.roottest.root.meta.roottest_root_meta_drawing](https://lcgapp-services.cern.ch/root-jenkins/job/root-pullrequests-build/96038/testReport/projectroot.roottest.root/meta/roottest_root_meta_drawing/),MatchSource.ISSUE_COMMENT,root-project,root,v6-32-06,https://github.com/root-project/root/pull/6301#issuecomment-693634651:399,test,tests,399,https://root.cern,https://github.com/root-project/root/pull/6301#issuecomment-693634651,3,['test'],"['testReport', 'tests']"
Testability,Build failed on ROOT-fedora31/noimt.; Running on root-fedora-31-1.cern.ch:/build/workspace/root-pullrequests-build; [See cdash](http://cdash.cern.ch/index.php?project=ROOT&filtercount=1&field1=buildname/string&compare1=65&value1=PR-6301-ROOT-fedora31-noimt&date=2020-09-17).; [See console output](https://lcgapp-services.cern.ch/root-jenkins/job/root-pullrequests-build/96130/console).; ### Failing tests:; - [projectroot.roottest.root.io.treeForeign.roottest_root_io_treeForeign_testForeignDraw](https://lcgapp-services.cern.ch/root-jenkins/job/root-pullrequests-build/96130/testReport/projectroot.roottest.root.io/treeForeign/roottest_root_io_treeForeign_testForeignDraw/); - [projectroot.roottest.root.meta.roottest_root_meta_drawing](https://lcgapp-services.cern.ch/root-jenkins/job/root-pullrequests-build/96130/testReport/projectroot.roottest.root/meta/roottest_root_meta_drawing/),MatchSource.ISSUE_COMMENT,root-project,root,v6-32-06,https://github.com/root-project/root/pull/6301#issuecomment-694329917:399,test,tests,399,https://root.cern,https://github.com/root-project/root/pull/6301#issuecomment-694329917,3,['test'],"['testReport', 'tests']"
Testability,Build failed on ROOT-fedora31/noimt.; Running on root-fedora-31-1.cern.ch:/build/workspace/root-pullrequests-build; [See cdash](http://cdash.cern.ch/index.php?project=ROOT&filtercount=1&field1=buildname/string&compare1=65&value1=PR-6301-ROOT-fedora31-noimt&date=2020-09-17).; [See console output](https://lcgapp-services.cern.ch/root-jenkins/job/root-pullrequests-build/96154/console).; ### Failing tests:; - [projectroot.roottest.root.io.treeForeign.roottest_root_io_treeForeign_testForeignDraw](https://lcgapp-services.cern.ch/root-jenkins/job/root-pullrequests-build/96154/testReport/projectroot.roottest.root.io/treeForeign/roottest_root_io_treeForeign_testForeignDraw/); - [projectroot.roottest.root.meta.roottest_root_meta_drawing](https://lcgapp-services.cern.ch/root-jenkins/job/root-pullrequests-build/96154/testReport/projectroot.roottest.root/meta/roottest_root_meta_drawing/),MatchSource.ISSUE_COMMENT,root-project,root,v6-32-06,https://github.com/root-project/root/pull/6301#issuecomment-694483951:399,test,tests,399,https://root.cern,https://github.com/root-project/root/pull/6301#issuecomment-694483951,3,['test'],"['testReport', 'tests']"
Testability,Build failed on ROOT-fedora31/noimt.; Running on root-fedora-31-1.cern.ch:/build/workspace/root-pullrequests-build; [See cdash](http://cdash.cern.ch/index.php?project=ROOT&filtercount=1&field1=buildname/string&compare1=65&value1=PR-6301-ROOT-fedora31-noimt&date=2020-09-17).; [See console output](https://lcgapp-services.cern.ch/root-jenkins/job/root-pullrequests-build/96162/console).; ### Failing tests:; - [projectroot.roottest.root.io.treeForeign.roottest_root_io_treeForeign_testForeignDraw](https://lcgapp-services.cern.ch/root-jenkins/job/root-pullrequests-build/96162/testReport/projectroot.roottest.root.io/treeForeign/roottest_root_io_treeForeign_testForeignDraw/); - [projectroot.roottest.root.meta.roottest_root_meta_drawing](https://lcgapp-services.cern.ch/root-jenkins/job/root-pullrequests-build/96162/testReport/projectroot.roottest.root/meta/roottest_root_meta_drawing/),MatchSource.ISSUE_COMMENT,root-project,root,v6-32-06,https://github.com/root-project/root/pull/6301#issuecomment-694501065:399,test,tests,399,https://root.cern,https://github.com/root-project/root/pull/6301#issuecomment-694501065,3,['test'],"['testReport', 'tests']"
Testability,Build failed on ROOT-fedora31/noimt.; Running on root-fedora-31-1.cern.ch:/build/workspace/root-pullrequests-build; [See cdash](http://cdash.cern.ch/index.php?project=ROOT&filtercount=1&field1=buildname/string&compare1=65&value1=PR-6336-ROOT-fedora31-noimt&date=2020-09-17).; [See console output](https://lcgapp-services.cern.ch/root-jenkins/job/root-pullrequests-build/96042/console).; ### Failing tests:; - [projectroot.roottest.root.io.treeForeign.roottest_root_io_treeForeign_testForeignDraw](https://lcgapp-services.cern.ch/root-jenkins/job/root-pullrequests-build/96042/testReport/projectroot.roottest.root.io/treeForeign/roottest_root_io_treeForeign_testForeignDraw/); - [projectroot.roottest.root.meta.roottest_root_meta_drawing](https://lcgapp-services.cern.ch/root-jenkins/job/root-pullrequests-build/96042/testReport/projectroot.roottest.root/meta/roottest_root_meta_drawing/),MatchSource.ISSUE_COMMENT,root-project,root,v6-32-06,https://github.com/root-project/root/pull/6336#issuecomment-693693255:399,test,tests,399,https://root.cern,https://github.com/root-project/root/pull/6336#issuecomment-693693255,3,['test'],"['testReport', 'tests']"
Testability,Build failed on ROOT-fedora31/noimt.; Running on root-fedora-31-1.cern.ch:/build/workspace/root-pullrequests-build; [See cdash](http://cdash.cern.ch/index.php?project=ROOT&filtercount=1&field1=buildname/string&compare1=65&value1=PR-6341-ROOT-fedora31-noimt&date=2020-09-11).; [See console output](https://lcgapp-services.cern.ch/root-jenkins/job/root-pullrequests-build/95585/console).; ### Failing tests:; - [projectroot.roottest.root.dataframe.roottest_root_dataframe_test_readShip](https://lcgapp-services.cern.ch/root-jenkins/job/root-pullrequests-build/95585/testReport/projectroot.roottest.root/dataframe/roottest_root_dataframe_test_readShip/),MatchSource.ISSUE_COMMENT,root-project,root,v6-32-06,https://github.com/root-project/root/pull/6341#issuecomment-691313248:399,test,tests,399,https://root.cern,https://github.com/root-project/root/pull/6341#issuecomment-691313248,2,['test'],"['testReport', 'tests']"
Testability,Build failed on ROOT-fedora31/noimt.; Running on root-fedora-31-1.cern.ch:/build/workspace/root-pullrequests-build; [See cdash](http://cdash.cern.ch/index.php?project=ROOT&filtercount=1&field1=buildname/string&compare1=65&value1=PR-6348-ROOT-fedora31-noimt&date=2020-09-17).; [See console output](https://lcgapp-services.cern.ch/root-jenkins/job/root-pullrequests-build/96058/console).; ### Failing tests:; - [projectroot.roottest.root.io.treeForeign.roottest_root_io_treeForeign_testForeignDraw](https://lcgapp-services.cern.ch/root-jenkins/job/root-pullrequests-build/96058/testReport/projectroot.roottest.root.io/treeForeign/roottest_root_io_treeForeign_testForeignDraw/); - [projectroot.roottest.root.meta.roottest_root_meta_drawing](https://lcgapp-services.cern.ch/root-jenkins/job/root-pullrequests-build/96058/testReport/projectroot.roottest.root/meta/roottest_root_meta_drawing/),MatchSource.ISSUE_COMMENT,root-project,root,v6-32-06,https://github.com/root-project/root/pull/6348#issuecomment-694056452:399,test,tests,399,https://root.cern,https://github.com/root-project/root/pull/6348#issuecomment-694056452,3,['test'],"['testReport', 'tests']"
Testability,Build failed on ROOT-fedora31/noimt.; Running on root-fedora-31-1.cern.ch:/build/workspace/root-pullrequests-build; [See cdash](http://cdash.cern.ch/index.php?project=ROOT&filtercount=1&field1=buildname/string&compare1=65&value1=PR-6372-ROOT-fedora31-noimt&date=2020-09-17).; [See console output](https://lcgapp-services.cern.ch/root-jenkins/job/root-pullrequests-build/96106/console).; ### Failing tests:; - [projectroot.roottest.root.io.treeForeign.roottest_root_io_treeForeign_testForeignDraw](https://lcgapp-services.cern.ch/root-jenkins/job/root-pullrequests-build/96106/testReport/projectroot.roottest.root.io/treeForeign/roottest_root_io_treeForeign_testForeignDraw/); - [projectroot.roottest.root.meta.roottest_root_meta_drawing](https://lcgapp-services.cern.ch/root-jenkins/job/root-pullrequests-build/96106/testReport/projectroot.roottest.root/meta/roottest_root_meta_drawing/),MatchSource.ISSUE_COMMENT,root-project,root,v6-32-06,https://github.com/root-project/root/pull/6372#issuecomment-694205159:399,test,tests,399,https://root.cern,https://github.com/root-project/root/pull/6372#issuecomment-694205159,3,['test'],"['testReport', 'tests']"
Testability,Build failed on ROOT-fedora31/noimt.; Running on root-fedora-31-1.cern.ch:/build/workspace/root-pullrequests-build; [See cdash](http://cdash.cern.ch/index.php?project=ROOT&filtercount=1&field1=buildname/string&compare1=65&value1=PR-6377-ROOT-fedora31-noimt&date=2020-09-17).; [See console output](https://lcgapp-services.cern.ch/root-jenkins/job/root-pullrequests-build/96138/console).; ### Failing tests:; - [projectroot.core.metacling.test.gtest_core_metacling_test_TClingTest](https://lcgapp-services.cern.ch/root-jenkins/job/root-pullrequests-build/96138/testReport/projectroot.core.metacling/test/gtest_core_metacling_test_TClingTest/); - [projectroot.math.mathcore.test.gtest_math_mathcore_test_stressMathCoreUnit](https://lcgapp-services.cern.ch/root-jenkins/job/root-pullrequests-build/96138/testReport/projectroot.math.mathcore/test/gtest_math_mathcore_test_stressMathCoreUnit/); - [projectroot.test.test_stressmathcore_interpreted](https://lcgapp-services.cern.ch/root-jenkins/job/root-pullrequests-build/96138/testReport/projectroot/test/test_stressmathcore_interpreted/); - [projectroot.roottest.root.html.roottest_root_html_runMakeIndex](https://lcgapp-services.cern.ch/root-jenkins/job/root-pullrequests-build/96138/testReport/projectroot.roottest.root/html/roottest_root_html_runMakeIndex/); - [projectroot.roottest.root.io.double32.roottest_root_io_double32_make](https://lcgapp-services.cern.ch/root-jenkins/job/root-pullrequests-build/96138/testReport/projectroot.roottest.root.io/double32/roottest_root_io_double32_make/); - [projectroot.roottest.root.io.treeForeign.roottest_root_io_treeForeign_testForeignDraw](https://lcgapp-services.cern.ch/root-jenkins/job/root-pullrequests-build/96138/testReport/projectroot.roottest.root.io/treeForeign/roottest_root_io_treeForeign_testForeignDraw/); - [projectroot.roottest.root.meta.roottest_root_meta_execOptionList_auto](https://lcgapp-services.cern.ch/root-jenkins/job/root-pullrequests-build/96138/testReport/projectroot.roottest.root/,MatchSource.ISSUE_COMMENT,root-project,root,v6-32-06,https://github.com/root-project/root/pull/6377#issuecomment-694384791:399,test,tests,399,https://root.cern,https://github.com/root-project/root/pull/6377#issuecomment-694384791,8,['test'],"['test', 'testReport', 'tests']"
Testability,Build failed on ROOT-fedora31/noimt.; Running on root-fedora-31-1.cern.ch:/build/workspace/root-pullrequests-build; [See cdash](http://cdash.cern.ch/index.php?project=ROOT&filtercount=1&field1=buildname/string&compare1=65&value1=PR-6377-ROOT-fedora31-noimt&date=2020-09-21).; [See console output](https://lcgapp-services.cern.ch/root-jenkins/job/root-pullrequests-build/96370/console).; ### Failing tests:; - [projectroot.core.metacling.test.gtest_core_metacling_test_TClingTest](https://lcgapp-services.cern.ch/root-jenkins/job/root-pullrequests-build/96370/testReport/projectroot.core.metacling/test/gtest_core_metacling_test_TClingTest/); - [projectroot.roottest.python.cling.roottest_python_cling_api](https://lcgapp-services.cern.ch/root-jenkins/job/root-pullrequests-build/96370/testReport/projectroot.roottest.python/cling/roottest_python_cling_api/); - [projectroot.roottest.python.cling.roottest_python_cling_class](https://lcgapp-services.cern.ch/root-jenkins/job/root-pullrequests-build/96370/testReport/projectroot.roottest.python/cling/roottest_python_cling_class/); - [projectroot.roottest.root.io.treeForeign.roottest_root_io_treeForeign_testForeignDraw](https://lcgapp-services.cern.ch/root-jenkins/job/root-pullrequests-build/96370/testReport/projectroot.roottest.root.io/treeForeign/roottest_root_io_treeForeign_testForeignDraw/); - [projectroot.roottest.root.meta.dictSelection.roottest_root_meta_dictSelection_execAtlasTest2](https://lcgapp-services.cern.ch/root-jenkins/job/root-pullrequests-build/96370/testReport/projectroot.roottest.root.meta/dictSelection/roottest_root_meta_dictSelection_execAtlasTest2/); - [projectroot.roottest.root.meta.roottest_root_meta_drawing](https://lcgapp-services.cern.ch/root-jenkins/job/root-pullrequests-build/96370/testReport/projectroot.roottest.root/meta/roottest_root_meta_drawing/); - [projectroot.roottest.python.JupyROOT.roottest_python_JupyROOT_simpleCppMagic_notebook](https://lcgapp-services.cern.ch/root-jenkins/job/root-pullrequests,MatchSource.ISSUE_COMMENT,root-project,root,v6-32-06,https://github.com/root-project/root/pull/6377#issuecomment-696118754:399,test,tests,399,https://root.cern,https://github.com/root-project/root/pull/6377#issuecomment-696118754,6,['test'],"['test', 'testReport', 'tests']"
Testability,Build failed on ROOT-fedora31/noimt.; Running on root-fedora-31-1.cern.ch:/build/workspace/root-pullrequests-build; [See cdash](http://cdash.cern.ch/index.php?project=ROOT&filtercount=1&field1=buildname/string&compare1=65&value1=PR-6380-ROOT-fedora31-noimt&date=2020-09-18).; [See console output](https://lcgapp-services.cern.ch/root-jenkins/job/root-pullrequests-build/96186/console).; ### Failing tests:; - [projectroot.roottest.root.io.treeForeign.roottest_root_io_treeForeign_testForeignDraw](https://lcgapp-services.cern.ch/root-jenkins/job/root-pullrequests-build/96186/testReport/projectroot.roottest.root.io/treeForeign/roottest_root_io_treeForeign_testForeignDraw/); - [projectroot.roottest.root.meta.roottest_root_meta_drawing](https://lcgapp-services.cern.ch/root-jenkins/job/root-pullrequests-build/96186/testReport/projectroot.roottest.root/meta/roottest_root_meta_drawing/),MatchSource.ISSUE_COMMENT,root-project,root,v6-32-06,https://github.com/root-project/root/pull/6380#issuecomment-694755607:399,test,tests,399,https://root.cern,https://github.com/root-project/root/pull/6380#issuecomment-694755607,3,['test'],"['testReport', 'tests']"
Testability,Build failed on ROOT-fedora31/noimt.; Running on root-fedora-31-1.cern.ch:/build/workspace/root-pullrequests-build; [See cdash](http://cdash.cern.ch/index.php?project=ROOT&filtercount=1&field1=buildname/string&compare1=65&value1=PR-6380-ROOT-fedora31-noimt&date=2020-09-22).; [See console output](https://lcgapp-services.cern.ch/root-jenkins/job/root-pullrequests-build/96562/console).; ### Failing tests:; - [projectroot.tree.dataframe.test.gtest_tree_dataframe_test_dataframe_helpers](https://lcgapp-services.cern.ch/root-jenkins/job/root-pullrequests-build/96562/testReport/projectroot.tree.dataframe/test/gtest_tree_dataframe_test_dataframe_helpers/),MatchSource.ISSUE_COMMENT,root-project,root,v6-32-06,https://github.com/root-project/root/pull/6380#issuecomment-696758069:399,test,tests,399,https://root.cern,https://github.com/root-project/root/pull/6380#issuecomment-696758069,4,['test'],"['test', 'testReport', 'tests']"
Testability,Build failed on ROOT-fedora31/noimt.; Running on root-fedora-31-1.cern.ch:/build/workspace/root-pullrequests-build; [See cdash](http://cdash.cern.ch/index.php?project=ROOT&filtercount=1&field1=buildname/string&compare1=65&value1=PR-6382-ROOT-fedora31-noimt&date=2020-09-18).; [See console output](https://lcgapp-services.cern.ch/root-jenkins/job/root-pullrequests-build/96218/console).; ### Failing tests:; - [projectroot.roottest.root.io.treeForeign.roottest_root_io_treeForeign_testForeignDraw](https://lcgapp-services.cern.ch/root-jenkins/job/root-pullrequests-build/96218/testReport/projectroot.roottest.root.io/treeForeign/roottest_root_io_treeForeign_testForeignDraw/); - [projectroot.roottest.root.meta.roottest_root_meta_drawing](https://lcgapp-services.cern.ch/root-jenkins/job/root-pullrequests-build/96218/testReport/projectroot.roottest.root/meta/roottest_root_meta_drawing/),MatchSource.ISSUE_COMMENT,root-project,root,v6-32-06,https://github.com/root-project/root/pull/6382#issuecomment-694827282:399,test,tests,399,https://root.cern,https://github.com/root-project/root/pull/6382#issuecomment-694827282,3,['test'],"['testReport', 'tests']"
Testability,Build failed on ROOT-fedora31/noimt.; Running on root-fedora-31-1.cern.ch:/build/workspace/root-pullrequests-build; [See cdash](http://cdash.cern.ch/index.php?project=ROOT&filtercount=1&field1=buildname/string&compare1=65&value1=PR-6382-ROOT-fedora31-noimt&date=2020-09-18).; [See console output](https://lcgapp-services.cern.ch/root-jenkins/job/root-pullrequests-build/96226/console).; ### Failing tests:; - [projectroot.roottest.root.io.treeForeign.roottest_root_io_treeForeign_testForeignDraw](https://lcgapp-services.cern.ch/root-jenkins/job/root-pullrequests-build/96226/testReport/projectroot.roottest.root.io/treeForeign/roottest_root_io_treeForeign_testForeignDraw/); - [projectroot.roottest.root.meta.roottest_root_meta_drawing](https://lcgapp-services.cern.ch/root-jenkins/job/root-pullrequests-build/96226/testReport/projectroot.roottest.root/meta/roottest_root_meta_drawing/),MatchSource.ISSUE_COMMENT,root-project,root,v6-32-06,https://github.com/root-project/root/pull/6382#issuecomment-694873336:399,test,tests,399,https://root.cern,https://github.com/root-project/root/pull/6382#issuecomment-694873336,3,['test'],"['testReport', 'tests']"
Testability,Build failed on ROOT-fedora31/noimt.; Running on root-fedora-31-1.cern.ch:/build/workspace/root-pullrequests-build; [See cdash](http://cdash.cern.ch/index.php?project=ROOT&filtercount=1&field1=buildname/string&compare1=65&value1=PR-6383-ROOT-fedora31-noimt&date=2020-09-18).; [See console output](https://lcgapp-services.cern.ch/root-jenkins/job/root-pullrequests-build/96234/console).; ### Warnings:; - [2020-09-18T14:08:00.966Z] /build/workspace/root-pullrequests-build/root/roofit/roofitcore/inc/RooMinimizerFcn.h:104:8: warning: ‘RooMinimizerFcn::_verbose’ will be initialized after [-Wreorder] ; - [2020-09-18T14:08:00.966Z] /build/workspace/root-pullrequests-build/root/roofit/roofitcore/inc/RooMinimizerFcn.h:91:10: warning: ‘double RooMinimizerFcn::_recoverFromNaNStrength’ [-Wreorder] ; - [2020-09-18T14:08:00.966Z] /build/workspace/root-pullrequests-build/root/roofit/roofitcore/src/RooMinimizerFcn.cxx:90:1: warning: when initialized here [-Wreorder] . ### Failing tests:; - [projectroot.roottest.root.io.treeForeign.roottest_root_io_treeForeign_testForeignDraw](https://lcgapp-services.cern.ch/root-jenkins/job/root-pullrequests-build/96234/testReport/projectroot.roottest.root.io/treeForeign/roottest_root_io_treeForeign_testForeignDraw/); - [projectroot.roottest.root.meta.roottest_root_meta_drawing](https://lcgapp-services.cern.ch/root-jenkins/job/root-pullrequests-build/96234/testReport/projectroot.roottest.root/meta/roottest_root_meta_drawing/),MatchSource.ISSUE_COMMENT,root-project,root,v6-32-06,https://github.com/root-project/root/pull/6383#issuecomment-694897090:976,test,tests,976,https://root.cern,https://github.com/root-project/root/pull/6383#issuecomment-694897090,3,['test'],"['testReport', 'tests']"
Testability,Build failed on ROOT-fedora31/noimt.; Running on root-fedora-31-1.cern.ch:/build/workspace/root-pullrequests-build; [See cdash](http://cdash.cern.ch/index.php?project=ROOT&filtercount=1&field1=buildname/string&compare1=65&value1=PR-6383-ROOT-fedora31-noimt&date=2020-09-18).; [See console output](https://lcgapp-services.cern.ch/root-jenkins/job/root-pullrequests-build/96250/console).; ### Failing tests:; - [projectroot.roottest.root.io.treeForeign.roottest_root_io_treeForeign_testForeignDraw](https://lcgapp-services.cern.ch/root-jenkins/job/root-pullrequests-build/96250/testReport/projectroot.roottest.root.io/treeForeign/roottest_root_io_treeForeign_testForeignDraw/); - [projectroot.roottest.root.meta.roottest_root_meta_drawing](https://lcgapp-services.cern.ch/root-jenkins/job/root-pullrequests-build/96250/testReport/projectroot.roottest.root/meta/roottest_root_meta_drawing/),MatchSource.ISSUE_COMMENT,root-project,root,v6-32-06,https://github.com/root-project/root/pull/6383#issuecomment-694918513:399,test,tests,399,https://root.cern,https://github.com/root-project/root/pull/6383#issuecomment-694918513,3,['test'],"['testReport', 'tests']"
Testability,Build failed on ROOT-fedora31/noimt.; Running on root-fedora-31-1.cern.ch:/build/workspace/root-pullrequests-build; [See cdash](http://cdash.cern.ch/index.php?project=ROOT&filtercount=1&field1=buildname/string&compare1=65&value1=PR-6383-ROOT-fedora31-noimt&date=2020-09-21).; [See console output](https://lcgapp-services.cern.ch/root-jenkins/job/root-pullrequests-build/96290/console).; ### Warnings:; - [2020-09-21T10:26:59.673Z] /build/workspace/root-pullrequests-build/root/roofit/roofitcore/test/testNaNPacker.cxx:24:53: warning: dereferencing type-punned pointer will break strict-aliasing rules [-Wstrict-aliasing] . ### Failing tests:; - [projectroot.roottest.root.meta.roottest_root_meta_drawing](https://lcgapp-services.cern.ch/root-jenkins/job/root-pullrequests-build/96290/testReport/projectroot.roottest.root/meta/roottest_root_meta_drawing/); - [projectroot.roottest.root.io.treeForeign.roottest_root_io_treeForeign_testForeignDraw](https://lcgapp-services.cern.ch/root-jenkins/job/root-pullrequests-build/96290/testReport/projectroot.roottest.root.io/treeForeign/roottest_root_io_treeForeign_testForeignDraw/),MatchSource.ISSUE_COMMENT,root-project,root,v6-32-06,https://github.com/root-project/root/pull/6383#issuecomment-696034997:495,test,test,495,https://root.cern,https://github.com/root-project/root/pull/6383#issuecomment-696034997,5,['test'],"['test', 'testNaNPacker', 'testReport', 'tests']"
Testability,"Build failed on ROOT-fedora31/noimt.; Running on root-fedora-31-1.cern.ch:/build/workspace/root-pullrequests-build; [See cdash](http://cdash.cern.ch/index.php?project=ROOT&filtercount=1&field1=buildname/string&compare1=65&value1=PR-6383-ROOT-fedora31-noimt&date=2020-09-21).; [See console output](https://lcgapp-services.cern.ch/root-jenkins/job/root-pullrequests-build/96306/console).; ### Warnings:; - [2020-09-21T11:09:16.842Z] /build/workspace/root-pullrequests-build/root/roofit/roofitcore/test/testNaNPacker.cxx:25:34: warning: ‘void* memcpy(void*, const void*, size_t)’ copying an object of non-trivial type ‘class std::bitset&lt;32&gt;’ from an array of ‘float’ [-Wclass-memaccess] . ### Failing tests:; - [projectroot.roottest.root.io.treeForeign.roottest_root_io_treeForeign_testForeignDraw](https://lcgapp-services.cern.ch/root-jenkins/job/root-pullrequests-build/96306/testReport/projectroot.roottest.root.io/treeForeign/roottest_root_io_treeForeign_testForeignDraw/); - [projectroot.roottest.root.meta.roottest_root_meta_drawing](https://lcgapp-services.cern.ch/root-jenkins/job/root-pullrequests-build/96306/testReport/projectroot.roottest.root/meta/roottest_root_meta_drawing/)",MatchSource.ISSUE_COMMENT,root-project,root,v6-32-06,https://github.com/root-project/root/pull/6383#issuecomment-696052390:495,test,test,495,https://root.cern,https://github.com/root-project/root/pull/6383#issuecomment-696052390,5,['test'],"['test', 'testNaNPacker', 'testReport', 'tests']"
Testability,Build failed on ROOT-fedora31/noimt.; Running on root-fedora-31-1.cern.ch:/build/workspace/root-pullrequests-build; [See cdash](http://cdash.cern.ch/index.php?project=ROOT&filtercount=1&field1=buildname/string&compare1=65&value1=PR-6383-ROOT-fedora31-noimt&date=2020-09-21).; [See console output](https://lcgapp-services.cern.ch/root-jenkins/job/root-pullrequests-build/96346/console).; ### Failing tests:; - [projectroot.roottest.root.meta.roottest_root_meta_drawing](https://lcgapp-services.cern.ch/root-jenkins/job/root-pullrequests-build/96346/testReport/projectroot.roottest.root/meta/roottest_root_meta_drawing/); - [projectroot.roottest.root.io.treeForeign.roottest_root_io_treeForeign_testForeignDraw](https://lcgapp-services.cern.ch/root-jenkins/job/root-pullrequests-build/96346/testReport/projectroot.roottest.root.io/treeForeign/roottest_root_io_treeForeign_testForeignDraw/),MatchSource.ISSUE_COMMENT,root-project,root,v6-32-06,https://github.com/root-project/root/pull/6383#issuecomment-696091427:399,test,tests,399,https://root.cern,https://github.com/root-project/root/pull/6383#issuecomment-696091427,3,['test'],"['testReport', 'tests']"
Testability,Build failed on ROOT-fedora31/noimt.; Running on root-fedora-31-1.cern.ch:/build/workspace/root-pullrequests-build; [See cdash](http://cdash.cern.ch/index.php?project=ROOT&filtercount=1&field1=buildname/string&compare1=65&value1=PR-6386-ROOT-fedora31-noimt&date=2020-09-20).; [See console output](https://lcgapp-services.cern.ch/root-jenkins/job/root-pullrequests-build/96266/console).; ### Failing tests:; - [projectroot.roottest.root.io.treeForeign.roottest_root_io_treeForeign_testForeignDraw](https://lcgapp-services.cern.ch/root-jenkins/job/root-pullrequests-build/96266/testReport/projectroot.roottest.root.io/treeForeign/roottest_root_io_treeForeign_testForeignDraw/); - [projectroot.roottest.root.meta.roottest_root_meta_drawing](https://lcgapp-services.cern.ch/root-jenkins/job/root-pullrequests-build/96266/testReport/projectroot.roottest.root/meta/roottest_root_meta_drawing/),MatchSource.ISSUE_COMMENT,root-project,root,v6-32-06,https://github.com/root-project/root/pull/6386#issuecomment-695779350:399,test,tests,399,https://root.cern,https://github.com/root-project/root/pull/6386#issuecomment-695779350,3,['test'],"['testReport', 'tests']"
Testability,Build failed on ROOT-fedora31/noimt.; Running on root-fedora-31-1.cern.ch:/build/workspace/root-pullrequests-build; [See cdash](http://cdash.cern.ch/index.php?project=ROOT&filtercount=1&field1=buildname/string&compare1=65&value1=PR-6388-ROOT-fedora31-noimt&date=2020-09-21).; [See console output](https://lcgapp-services.cern.ch/root-jenkins/job/root-pullrequests-build/96274/console).; ### Failing tests:; - [projectroot.roottest.root.io.treeForeign.roottest_root_io_treeForeign_testForeignDraw](https://lcgapp-services.cern.ch/root-jenkins/job/root-pullrequests-build/96274/testReport/projectroot.roottest.root.io/treeForeign/roottest_root_io_treeForeign_testForeignDraw/); - [projectroot.roottest.root.meta.roottest_root_meta_drawing](https://lcgapp-services.cern.ch/root-jenkins/job/root-pullrequests-build/96274/testReport/projectroot.roottest.root/meta/roottest_root_meta_drawing/),MatchSource.ISSUE_COMMENT,root-project,root,v6-32-06,https://github.com/root-project/root/pull/6388#issuecomment-696021777:399,test,tests,399,https://root.cern,https://github.com/root-project/root/pull/6388#issuecomment-696021777,3,['test'],"['testReport', 'tests']"
Testability,Build failed on ROOT-fedora31/noimt.; Running on root-fedora-31-1.cern.ch:/build/workspace/root-pullrequests-build; [See cdash](http://cdash.cern.ch/index.php?project=ROOT&filtercount=1&field1=buildname/string&compare1=65&value1=PR-6389-ROOT-fedora31-noimt&date=2020-09-21).; [See console output](https://lcgapp-services.cern.ch/root-jenkins/job/root-pullrequests-build/96354/console).; ### Failing tests:; - [projectroot.roottest.root.io.treeForeign.roottest_root_io_treeForeign_testForeignDraw](https://lcgapp-services.cern.ch/root-jenkins/job/root-pullrequests-build/96354/testReport/projectroot.roottest.root.io/treeForeign/roottest_root_io_treeForeign_testForeignDraw/); - [projectroot.roottest.root.meta.roottest_root_meta_drawing](https://lcgapp-services.cern.ch/root-jenkins/job/root-pullrequests-build/96354/testReport/projectroot.roottest.root/meta/roottest_root_meta_drawing/),MatchSource.ISSUE_COMMENT,root-project,root,v6-32-06,https://github.com/root-project/root/pull/6389#issuecomment-696107568:399,test,tests,399,https://root.cern,https://github.com/root-project/root/pull/6389#issuecomment-696107568,3,['test'],"['testReport', 'tests']"
Testability,Build failed on ROOT-fedora31/noimt.; Running on root-fedora-31-1.cern.ch:/build/workspace/root-pullrequests-build; [See console output](https://lcgapp-services.cern.ch/root-jenkins/job/root-pullrequests-build/101024/console).; ### Failing tests:; - [projectroot.roottest.root.io.tclass.roottest_root_io_tclass_make](https://lcgapp-services.cern.ch/root-jenkins/job/root-pullrequests-build/101024/testReport/projectroot.roottest.root.io/tclass/roottest_root_io_tclass_make/),MatchSource.ISSUE_COMMENT,root-project,root,v6-32-06,https://github.com/root-project/root/pull/6559#issuecomment-721964802:240,test,tests,240,https://root.cern,https://github.com/root-project/root/pull/6559#issuecomment-721964802,2,['test'],"['testReport', 'tests']"
Testability,Build failed on ROOT-fedora31/noimt.; Running on root-fedora-31-1.cern.ch:/build/workspace/root-pullrequests-build; [See console output](https://lcgapp-services.cern.ch/root-jenkins/job/root-pullrequests-build/101040/console).; ### Failing tests:; - [projectroot.roottest.cling.array.roottest_cling_array_runarray1](https://lcgapp-services.cern.ch/root-jenkins/job/root-pullrequests-build/101040/testReport/projectroot.roottest.cling/array/roottest_cling_array_runarray1/); - [projectroot.roottest.root.dataframe.roottest_root_dataframe_ctors](https://lcgapp-services.cern.ch/root-jenkins/job/root-pullrequests-build/101040/testReport/projectroot.roottest.root/dataframe/roottest_root_dataframe_ctors/); - [projectroot.roottest.root.dataframe.roottest_root_dataframe_test_snapshot](https://lcgapp-services.cern.ch/root-jenkins/job/root-pullrequests-build/101040/testReport/projectroot.roottest.root/dataframe/roottest_root_dataframe_test_snapshot/); - [projectroot.roottest.root.dataframe.roottest_root_dataframe_testIMT](https://lcgapp-services.cern.ch/root-jenkins/job/root-pullrequests-build/101040/testReport/projectroot.roottest.root/dataframe/roottest_root_dataframe_testIMT/); - [projectroot.roottest.root.hist.division.roottest_root_hist_division_runtestTEfficiency](https://lcgapp-services.cern.ch/root-jenkins/job/root-pullrequests-build/101040/testReport/projectroot.roottest.root.hist/division/roottest_root_hist_division_runtestTEfficiency/); - [projectroot.roottest.root.hist.formula.roottest_root_hist_formula_runstring](https://lcgapp-services.cern.ch/root-jenkins/job/root-pullrequests-build/101040/testReport/projectroot.roottest.root.hist/formula/roottest_root_hist_formula_runstring/); - [projectroot.roottest.root.hist.formula.roottest_root_hist_formula_runconstargs](https://lcgapp-services.cern.ch/root-jenkins/job/root-pullrequests-build/101040/testReport/projectroot.roottest.root.hist/formula/roottest_root_hist_formula_runconstargs/); - [projectroot.roottest.root.hist.misc.,MatchSource.ISSUE_COMMENT,root-project,root,v6-32-06,https://github.com/root-project/root/pull/6759#issuecomment-722245332:240,test,tests,240,https://root.cern,https://github.com/root-project/root/pull/6759#issuecomment-722245332,4,['test'],"['testReport', 'tests']"
Testability,Build failed on ROOT-fedora31/noimt.; Running on root-fedora-31-1.cern.ch:/build/workspace/root-pullrequests-build; [See console output](https://lcgapp-services.cern.ch/root-jenkins/job/root-pullrequests-build/104666/console).; ### Failing tests:; - [projectroot.roottest.root.tree.cloning.roottest_root_tree_cloning_index](https://lcgapp-services.cern.ch/root-jenkins/job/root-pullrequests-build/104666/testReport/projectroot.roottest.root.tree/cloning/roottest_root_tree_cloning_index/); - [projectroot.roottest.root.tree.cloning.roottest_root_tree_cloning_assertBranchCount](https://lcgapp-services.cern.ch/root-jenkins/job/root-pullrequests-build/104666/testReport/projectroot.roottest.root.tree/cloning/roottest_root_tree_cloning_assertBranchCount/); - [projectroot.roottest.root.tree.fastcloning.roottest_root_tree_fastcloning_execmisstop](https://lcgapp-services.cern.ch/root-jenkins/job/root-pullrequests-build/104666/testReport/projectroot.roottest.root.tree/fastcloning/roottest_root_tree_fastcloning_execmisstop/); - [projectroot.roottest.root.tree.fastcloning.roottest_root_tree_fastcloning_execCheckClusterRange](https://lcgapp-services.cern.ch/root-jenkins/job/root-pullrequests-build/104666/testReport/projectroot.roottest.root.tree/fastcloning/roottest_root_tree_fastcloning_execCheckClusterRange/); - [projectroot.roottest.root.tree.entrylist.roottest_root_tree_entrylist_make](https://lcgapp-services.cern.ch/root-jenkins/job/root-pullrequests-build/104666/testReport/projectroot.roottest.root.tree/entrylist/roottest_root_tree_entrylist_make/); - [projectroot.roottest.root.tree.fastcloning.roottest_root_tree_fastcloning_runfilemergererror](https://lcgapp-services.cern.ch/root-jenkins/job/root-pullrequests-build/104666/testReport/projectroot.roottest.root.tree/fastcloning/roottest_root_tree_fastcloning_runfilemergererror/); - [projectroot.roottest.root.tree.fastcloning.roottest_root_tree_fastcloning_runPlot](https://lcgapp-services.cern.ch/root-jenkins/job/root-pullrequests-,MatchSource.ISSUE_COMMENT,root-project,root,v6-32-06,https://github.com/root-project/root/pull/7020#issuecomment-759402535:240,test,tests,240,https://root.cern,https://github.com/root-project/root/pull/7020#issuecomment-759402535,4,['test'],"['testReport', 'tests']"
Testability,Build failed on ROOT-fedora31/noimt.; Running on root-fedora-31-1.cern.ch:/build/workspace/root-pullrequests-build; [See console output](https://lcgapp-services.cern.ch/root-jenkins/job/root-pullrequests-build/105087/console).; ### Failing tests:; - [projectroot.roottest.root.multicore.roottest_root_multicore_tExecutor_build](https://lcgapp-services.cern.ch/root-jenkins/job/root-pullrequests-build/105087/testReport/projectroot.roottest.root/multicore/roottest_root_multicore_tExecutor_build/); - [projectroot.roottest.root.multicore.roottest_root_multicore_tExecutor](https://lcgapp-services.cern.ch/root-jenkins/job/root-pullrequests-build/105087/testReport/projectroot.roottest.root/multicore/roottest_root_multicore_tExecutor/),MatchSource.ISSUE_COMMENT,root-project,root,v6-32-06,https://github.com/root-project/root/pull/7070#issuecomment-763708239:240,test,tests,240,https://root.cern,https://github.com/root-project/root/pull/7070#issuecomment-763708239,3,['test'],"['testReport', 'tests']"
Testability,Build failed on ROOT-fedora31/noimt.; Running on root-fedora-31-1.cern.ch:/build/workspace/root-pullrequests-build; [See console output](https://lcgapp-services.cern.ch/root-jenkins/job/root-pullrequests-build/105135/console).; ### Failing tests:; - [projectroot.roottest.root.io.uniquePointer.roottest_root_io_uniquePointer_simpleWriteRead](https://lcgapp-services.cern.ch/root-jenkins/job/root-pullrequests-build/105135/testReport/projectroot.roottest.root.io/uniquePointer/roottest_root_io_uniquePointer_simpleWriteRead/); - [projectroot.test.test_stressentrylist](https://lcgapp-services.cern.ch/root-jenkins/job/root-pullrequests-build/105135/testReport/projectroot/test/test_stressentrylist/); - [projectroot.roottest.root.io.cpp11Containers.roottest_root_io_cpp11Containers_forwardList](https://lcgapp-services.cern.ch/root-jenkins/job/root-pullrequests-build/105135/testReport/projectroot.roottest.root.io/cpp11Containers/roottest_root_io_cpp11Containers_forwardList/); - [projectroot.roottest.root.multicore.roottest_root_multicore_tsenums](https://lcgapp-services.cern.ch/root-jenkins/job/root-pullrequests-build/105135/testReport/projectroot.roottest.root/multicore/roottest_root_multicore_tsenums/); - [projectroot.roottest.root.tree.cache.roottest_root_tree_cache_autocache](https://lcgapp-services.cern.ch/root-jenkins/job/root-pullrequests-build/105135/testReport/projectroot.roottest.root.tree/cache/roottest_root_tree_cache_autocache/); - [projectroot.test.test_stressentrylist_interpreted](https://lcgapp-services.cern.ch/root-jenkins/job/root-pullrequests-build/105135/testReport/projectroot/test/test_stressentrylist_interpreted/); - [projectroot.test.test_TFormulaTests](https://lcgapp-services.cern.ch/root-jenkins/job/root-pullrequests-build/105135/testReport/projectroot/test/test_TFormulaTests/); - [projectroot.test.test_stresshistofit_interpreted](https://lcgapp-services.cern.ch/root-jenkins/job/root-pullrequests-build/105135/testReport/projectroot/test/test_stresshistofi,MatchSource.ISSUE_COMMENT,root-project,root,v6-32-06,https://github.com/root-project/root/pull/7073#issuecomment-764009130:240,test,tests,240,https://root.cern,https://github.com/root-project/root/pull/7073#issuecomment-764009130,6,['test'],"['test', 'testReport', 'tests']"
Testability,Build failed on ROOT-fedora31/noimt.; Running on root-fedora-31-1.cern.ch:/build/workspace/root-pullrequests-build; [See console output](https://lcgapp-services.cern.ch/root-jenkins/job/root-pullrequests-build/105384/console).; ### Failing tests:; - [projectroot.tree.tree.test.gtest_tree_tree_test_testTBranch](https://lcgapp-services.cern.ch/root-jenkins/job/root-pullrequests-build/105384/testReport/projectroot.tree.tree/test/gtest_tree_tree_test_testTBranch/); - [projectroot.tree.tree.test.gtest_tree_tree_test_testTChainSaveAsCxx](https://lcgapp-services.cern.ch/root-jenkins/job/root-pullrequests-build/105384/testReport/projectroot.tree.tree/test/gtest_tree_tree_test_testTChainSaveAsCxx/); - [projectroot.tree.tree.test.gtest_tree_tree_test_testBulkApiVarLength](https://lcgapp-services.cern.ch/root-jenkins/job/root-pullrequests-build/105384/testReport/projectroot.tree.tree/test/gtest_tree_tree_test_testBulkApiVarLength/); - [projectroot.tree.tree.test.gtest_tree_tree_test_testTTreeTruncatedDatatypes](https://lcgapp-services.cern.ch/root-jenkins/job/root-pullrequests-build/105384/testReport/projectroot.tree.tree/test/gtest_tree_tree_test_testTTreeTruncatedDatatypes/); - [projectroot.tree.tree.test.gtest_tree_tree_test_testTChainRegressions](https://lcgapp-services.cern.ch/root-jenkins/job/root-pullrequests-build/105384/testReport/projectroot.tree.tree/test/gtest_tree_tree_test_testTChainRegressions/); - [projectroot.roottest.root.hist.formula.roottest_root_hist_formula_runstring](https://lcgapp-services.cern.ch/root-jenkins/job/root-pullrequests-build/105384/testReport/projectroot.roottest.root.hist/formula/roottest_root_hist_formula_runstring/); - [projectroot.roottest.root.hist.operator.roottest_root_hist_operator_run](https://lcgapp-services.cern.ch/root-jenkins/job/root-pullrequests-build/105384/testReport/projectroot.roottest.root.hist/operator/roottest_root_hist_operator_run/); - [projectroot.roottest.root.hist.division.roottest_root_hist_division_runtestTEffici,MatchSource.ISSUE_COMMENT,root-project,root,v6-32-06,https://github.com/root-project/root/pull/7082#issuecomment-765863588:240,test,tests,240,https://root.cern,https://github.com/root-project/root/pull/7082#issuecomment-765863588,11,['test'],"['test', 'testReport', 'tests']"
Testability,Build failed on ROOT-fedora31/noimt.; Running on root-fedora-31-1.cern.ch:/build/workspace/root-pullrequests-build; [See console output](https://lcgapp-services.cern.ch/root-jenkins/job/root-pullrequests-build/105497/console).; ### Failing tests:; - [projectroot.roottest.root.tree.chain.roottest_root_tree_chain_make](https://lcgapp-services.cern.ch/root-jenkins/job/root-pullrequests-build/105497/testReport/projectroot.roottest.root.tree/chain/roottest_root_tree_chain_make/); - [projectroot.roottest.root.tree.entrylist.roottest_root_tree_entrylist_make](https://lcgapp-services.cern.ch/root-jenkins/job/root-pullrequests-build/105497/testReport/projectroot.roottest.root.tree/entrylist/roottest_root_tree_entrylist_make/); - [projectroot.roottest.root.tree.fastcloning.roottest_root_tree_fastcloning_runbadmix](https://lcgapp-services.cern.ch/root-jenkins/job/root-pullrequests-build/105497/testReport/projectroot.roottest.root.tree/fastcloning/roottest_root_tree_fastcloning_runbadmix/); - [projectroot.roottest.root.tree.fastcloning.roottest_root_tree_fastcloning_runcloneChain](https://lcgapp-services.cern.ch/root-jenkins/job/root-pullrequests-build/105497/testReport/projectroot.roottest.root.tree/fastcloning/roottest_root_tree_fastcloning_runcloneChain/); - [projectroot.roottest.root.tree.fastcloning.roottest_root_tree_fastcloning_runSplitMismatch](https://lcgapp-services.cern.ch/root-jenkins/job/root-pullrequests-build/105497/testReport/projectroot.roottest.root.tree/fastcloning/roottest_root_tree_fastcloning_runSplitMismatch/); - [projectroot.roottest.root.tree.fastcloning.roottest_root_tree_fastcloning_runPlot](https://lcgapp-services.cern.ch/root-jenkins/job/root-pullrequests-build/105497/testReport/projectroot.roottest.root.tree/fastcloning/roottest_root_tree_fastcloning_runPlot/),MatchSource.ISSUE_COMMENT,root-project,root,v6-32-06,https://github.com/root-project/root/pull/7096#issuecomment-767650564:240,test,tests,240,https://root.cern,https://github.com/root-project/root/pull/7096#issuecomment-767650564,7,['test'],"['testReport', 'tests']"
Testability,Build failed on ROOT-fedora31/noimt.; Running on root-fedora-31-1.cern.ch:/build/workspace/root-pullrequests-build; [See console output](https://lcgapp-services.cern.ch/root-jenkins/job/root-pullrequests-build/106635/console).; ### Failing tests:; - [projectroot.roofit.roofit.test.gtest_roofit_roofit_test_testRooJohnson](https://lcgapp-services.cern.ch/root-jenkins/job/root-pullrequests-build/106635/testReport/projectroot.roofit.roofit/test/gtest_roofit_roofit_test_testRooJohnson/); - [projectroot.roofit.histfactory.test.gtest_roofit_histfactory_test_testHistFactory](https://lcgapp-services.cern.ch/root-jenkins/job/root-pullrequests-build/106635/testReport/projectroot.roofit.histfactory/test/gtest_roofit_histfactory_test_testHistFactory/); - [projectroot.roofit.roofit.test.gtest_roofit_roofit_test_testRooExponential](https://lcgapp-services.cern.ch/root-jenkins/job/root-pullrequests-build/106635/testReport/projectroot.roofit.roofit/test/gtest_roofit_roofit_test_testRooExponential/); - [projectroot.roofit.roofitcore.test.gtest_roofit_roofitcore_test_testRooWrapperPdf](https://lcgapp-services.cern.ch/root-jenkins/job/root-pullrequests-build/106635/testReport/projectroot.roofit.roofitcore/test/gtest_roofit_roofitcore_test_testRooWrapperPdf/); - [projectroot.roofit.roofitcore.test.gtest_roofit_roofitcore_test_testRooAbsPdf](https://lcgapp-services.cern.ch/root-jenkins/job/root-pullrequests-build/106635/testReport/projectroot.roofit.roofitcore/test/gtest_roofit_roofitcore_test_testRooAbsPdf/); - [projectroot.roofit.roofitcore.test.gtest_roofit_roofitcore_test_testTestStatistics](https://lcgapp-services.cern.ch/root-jenkins/job/root-pullrequests-build/106635/testReport/projectroot.roofit.roofitcore/test/gtest_roofit_roofitcore_test_testTestStatistics/); - [projectroot.roofit.roofitcore.test.gtest_roofit_roofitcore_test_testRooProductPdf](https://lcgapp-services.cern.ch/root-jenkins/job/root-pullrequests-build/106635/testReport/projectroot.roofit.roofitcore/test/gtest_roofi,MatchSource.ISSUE_COMMENT,root-project,root,v6-32-06,https://github.com/root-project/root/pull/7198#issuecomment-778298838:240,test,tests,240,https://root.cern,https://github.com/root-project/root/pull/7198#issuecomment-778298838,10,['test'],"['test', 'testReport', 'tests']"
Testability,Build failed on ROOT-fedora31/noimt.; Running on root-fedora-31-1.cern.ch:/build/workspace/root-pullrequests-build; [See console output](https://lcgapp-services.cern.ch/root-jenkins/job/root-pullrequests-build/111681/console).; ### Failing tests:; - [projectroot.roottest.root.io.stdarray.roottest_root_io_stdarray_colWiseWrite_2](https://lcgapp-services.cern.ch/root-jenkins/job/root-pullrequests-build/111681/testReport/projectroot.roottest.root.io/stdarray/roottest_root_io_stdarray_colWiseWrite_2/); - [projectroot.roottest.root.io.stdarray.roottest_root_io_stdarray_colWiseRead_22](https://lcgapp-services.cern.ch/root-jenkins/job/root-pullrequests-build/111681/testReport/projectroot.roottest.root.io/stdarray/roottest_root_io_stdarray_colWiseRead_22/); - [projectroot.roottest.root.io.stdarray.roottest_root_io_stdarray_colWiseRead_21](https://lcgapp-services.cern.ch/root-jenkins/job/root-pullrequests-build/111681/testReport/projectroot.roottest.root.io/stdarray/roottest_root_io_stdarray_colWiseRead_21/),MatchSource.ISSUE_COMMENT,root-project,root,v6-32-06,https://github.com/root-project/root/pull/7631#issuecomment-804021605:240,test,tests,240,https://root.cern,https://github.com/root-project/root/pull/7631#issuecomment-804021605,4,['test'],"['testReport', 'tests']"
Testability,Build failed on ROOT-fedora31/noimt.; Running on root-fedora-31-1.cern.ch:/build/workspace/root-pullrequests-build; [See console output](https://lcgapp-services.cern.ch/root-jenkins/job/root-pullrequests-build/111737/console).; ### Warnings:; - [2021-03-22T15:47:33.067Z] /build/workspace/root-pullrequests-build/root/core/cont/test/testIter.cxx:36:19: warning: by ‘TListIterTest& TListIterTest::operator=(const TListIterTest&)’ [-Woverloaded-virtual] ; - [2021-03-22T15:47:33.326Z] /build/workspace/root-pullrequests-build/root/core/cont/test/testIter.cxx:36:19: warning: by ‘TListIterTest& TListIterTest::operator=(const TListIterTest&)’ [-Woverloaded-virtual],MatchSource.ISSUE_COMMENT,root-project,root,v6-32-06,https://github.com/root-project/root/pull/7641#issuecomment-804186103:328,test,test,328,https://root.cern,https://github.com/root-project/root/pull/7641#issuecomment-804186103,4,['test'],"['test', 'testIter']"
Testability,Build failed on ROOT-fedora31/noimt.; Running on root-fedora-31-1.cern.ch:/build/workspace/root-pullrequests-build; [See console output](https://lcgapp-services.cern.ch/root-jenkins/job/root-pullrequests-build/111868/console).; ### Failing tests:; - [projectroot.bindings.experimental.distrdf.test.backend.pyunittests_distrdf_unit_backend_test_spark](https://lcgapp-services.cern.ch/root-jenkins/job/root-pullrequests-build/111868/testReport/projectroot.bindings.experimental.distrdf.test/backend/pyunittests_distrdf_unit_backend_test_spark/); - [projectroot.roottest.python.distrdf.roottest_python_distrdf_spark_test_histo_write](https://lcgapp-services.cern.ch/root-jenkins/job/root-pullrequests-build/111868/testReport/projectroot.roottest.python/distrdf/roottest_python_distrdf_spark_test_histo_write/); - [projectroot.roottest.python.distrdf.roottest_python_distrdf_spark_test_friend_trees](https://lcgapp-services.cern.ch/root-jenkins/job/root-pullrequests-build/111868/testReport/projectroot.roottest.python/distrdf/roottest_python_distrdf_spark_test_friend_trees/); - [projectroot.roottest.python.distrdf.roottest_python_distrdf_spark_test_include_headers](https://lcgapp-services.cern.ch/root-jenkins/job/root-pullrequests-build/111868/testReport/projectroot.roottest.python/distrdf/roottest_python_distrdf_spark_test_include_headers/); - [projectroot.roottest.python.distrdf.roottest_python_distrdf_spark_test_inv_mass](https://lcgapp-services.cern.ch/root-jenkins/job/root-pullrequests-build/111868/testReport/projectroot.roottest.python/distrdf/roottest_python_distrdf_spark_test_inv_mass/); - [projectroot.roottest.python.distrdf.roottest_python_distrdf_spark_test_reducer_merge](https://lcgapp-services.cern.ch/root-jenkins/job/root-pullrequests-build/111868/testReport/projectroot.roottest.python/distrdf/roottest_python_distrdf_spark_test_reducer_merge/); - [projectroot.bindings.experimental.distrdf.test.pyunittests_distrdf_unit_test_buildranges](https://lcgapp-services.cern.ch/root,MatchSource.ISSUE_COMMENT,root-project,root,v6-32-06,https://github.com/root-project/root/pull/7630#issuecomment-805729839:240,test,tests,240,https://root.cern,https://github.com/root-project/root/pull/7630#issuecomment-805729839,6,['test'],"['test', 'testReport', 'tests']"
Testability,Build failed on ROOT-fedora31/noimt.; Running on root-fedora-31-1.cern.ch:/build/workspace/root-pullrequests-build; [See console output](https://lcgapp-services.cern.ch/root-jenkins/job/root-pullrequests-build/111901/console).; ### Failing tests:; - [projectroot.test.test_stressIOPlugins_xroot](https://lcgapp-services.cern.ch/root-jenkins/job/root-pullrequests-build/111901/testReport/projectroot/test/test_stressIOPlugins_xroot/),MatchSource.ISSUE_COMMENT,root-project,root,v6-32-06,https://github.com/root-project/root/pull/7665#issuecomment-805865003:240,test,tests,240,https://root.cern,https://github.com/root-project/root/pull/7665#issuecomment-805865003,4,['test'],"['test', 'testReport', 'tests']"
Testability,Build failed on ROOT-fedora31/noimt.; Running on root-fedora-31-1.cern.ch:/build/workspace/root-pullrequests-build; [See console output](https://lcgapp-services.cern.ch/root-jenkins/job/root-pullrequests-build/96717/console).; ### Warnings:; - [2020-09-24T21:56:21.870Z] /build/workspace/root-pullrequests-build/root/io/io/src/TGenCollectionProxy.cxx:391:21: warning: unused variable ‘enumTable’ [-Wunused-variable] . ### Failing tests:; - [projectroot.bindings.pyroot.pythonizations.test.pyunittests_pyroot_pyz_rdataframe_asnumpy](https://lcgapp-services.cern.ch/root-jenkins/job/root-pullrequests-build/96717/testReport/projectroot.bindings.pyroot.pythonizations/test/pyunittests_pyroot_pyz_rdataframe_asnumpy/); - [projectroot.roottest.cling.typedef_global.roottest_cling_typedef_global_scopeTest](https://lcgapp-services.cern.ch/root-jenkins/job/root-pullrequests-build/96717/testReport/projectroot.roottest.cling/typedef_global/roottest_cling_typedef_global_scopeTest/); - [projectroot.roottest.root.meta.roottest_root_meta_execString_auto](https://lcgapp-services.cern.ch/root-jenkins/job/root-pullrequests-build/96717/testReport/projectroot.roottest.root/meta/roottest_root_meta_execString_auto/); - [projectroot.roottest.root.meta.roottest_root_meta_runautoload](https://lcgapp-services.cern.ch/root-jenkins/job/root-pullrequests-build/96717/testReport/projectroot.roottest.root/meta/roottest_root_meta_runautoload/); - [projectroot.roottest.root.io.cpp11Containers.roottest_root_io_cpp11Containers_forwardList](https://lcgapp-services.cern.ch/root-jenkins/job/root-pullrequests-build/96717/testReport/projectroot.roottest.root.io/cpp11Containers/roottest_root_io_cpp11Containers_forwardList/); - [projectroot.roottest.root.io.cpp11Containers.roottest_root_io_cpp11Containers_Names](https://lcgapp-services.cern.ch/root-jenkins/job/root-pullrequests-build/96717/testReport/projectroot.roottest.root.io/cpp11Containers/roottest_root_io_cpp11Containers_Names/); - [projectroot.roottest.root.io.e,MatchSource.ISSUE_COMMENT,root-project,root,v6-32-06,https://github.com/root-project/root/pull/6445#issuecomment-698613820:430,test,tests,430,https://root.cern,https://github.com/root-project/root/pull/6445#issuecomment-698613820,5,['test'],"['test', 'testReport', 'tests']"
Testability,Build failed on ROOT-fedora31/noimt.; Running on root-fedora-31-1.cern.ch:/build/workspace/root-pullrequests-build; [See console output](https://lcgapp-services.cern.ch/root-jenkins/job/root-pullrequests-build/96734/console).; ### Failing tests:; - [projectroot.roottest.root.io.emulated.roottest_root_io_emulated_make](https://lcgapp-services.cern.ch/root-jenkins/job/root-pullrequests-build/96734/testReport/projectroot.roottest.root.io/emulated/roottest_root_io_emulated_make/),MatchSource.ISSUE_COMMENT,root-project,root,v6-32-06,https://github.com/root-project/root/pull/6445#issuecomment-698683350:239,test,tests,239,https://root.cern,https://github.com/root-project/root/pull/6445#issuecomment-698683350,2,['test'],"['testReport', 'tests']"
Testability,Build failed on ROOT-fedora31/noimt.; Running on root-fedora-31-1.cern.ch:/build/workspace/root-pullrequests-build; [See console output](https://lcgapp-services.cern.ch/root-jenkins/job/root-pullrequests-build/96950/console).; ### Failing tests:; - [projectroot.roottest.root.io.emulated.roottest_root_io_emulated_make](https://lcgapp-services.cern.ch/root-jenkins/job/root-pullrequests-build/96950/testReport/projectroot.roottest.root.io/emulated/roottest_root_io_emulated_make/); - [projectroot.roottest.root.meta.ROOT-7462.roottest_root_meta_ROOT_7462_make](https://lcgapp-services.cern.ch/root-jenkins/job/root-pullrequests-build/96950/testReport/projectroot.roottest.root.meta/ROOT-7462/roottest_root_meta_ROOT_7462_make/); - [projectroot.roottest.root.tree.fastcloning.roottest_root_tree_fastcloning_execCheckClusterRange](https://lcgapp-services.cern.ch/root-jenkins/job/root-pullrequests-build/96950/testReport/projectroot.roottest.root.tree/fastcloning/roottest_root_tree_fastcloning_execCheckClusterRange/),MatchSource.ISSUE_COMMENT,root-project,root,v6-32-06,https://github.com/root-project/root/pull/6445#issuecomment-699273940:239,test,tests,239,https://root.cern,https://github.com/root-project/root/pull/6445#issuecomment-699273940,4,['test'],"['testReport', 'tests']"
Testability,Build failed on ROOT-fedora31/noimt.; Running on root-fedora-31-1.cern.ch:/build/workspace/root-pullrequests-build; [See console output](https://lcgapp-services.cern.ch/root-jenkins/job/root-pullrequests-build/96958/console).; ### Failing tests:; - [projectroot.roottest.root.meta.autoloading.headerParsingOnDemand.roottest_root_meta_autoloading_headerParsingOnDemand_libno_autoparse_v10_build](https://lcgapp-services.cern.ch/root-jenkins/job/root-pullrequests-build/96958/testReport/projectroot.roottest.root.meta.autoloading/headerParsingOnDemand/roottest_root_meta_autoloading_headerParsingOnDemand_libno_autoparse_v10_build/); - [projectroot.roottest.root.meta.autoloading.headerParsingOnDemand.roottest_root_meta_autoloading_headerParsingOnDemand_no_autoparse_write](https://lcgapp-services.cern.ch/root-jenkins/job/root-pullrequests-build/96958/testReport/projectroot.roottest.root.meta.autoloading/headerParsingOnDemand/roottest_root_meta_autoloading_headerParsingOnDemand_no_autoparse_write/); - [projectroot.roottest.root.meta.autoloading.headerParsingOnDemand.roottest_root_meta_autoloading_headerParsingOnDemand_libno_autoparse_v11_build](https://lcgapp-services.cern.ch/root-jenkins/job/root-pullrequests-build/96958/testReport/projectroot.roottest.root.meta.autoloading/headerParsingOnDemand/roottest_root_meta_autoloading_headerParsingOnDemand_libno_autoparse_v11_build/); - [projectroot.roottest.root.meta.autoloading.headerParsingOnDemand.roottest_root_meta_autoloading_headerParsingOnDemand_no_autoparse_read](https://lcgapp-services.cern.ch/root-jenkins/job/root-pullrequests-build/96958/testReport/projectroot.roottest.root.meta.autoloading/headerParsingOnDemand/roottest_root_meta_autoloading_headerParsingOnDemand_no_autoparse_read/); - [projectroot.roottest.root.io.emulated.roottest_root_io_emulated_make](https://lcgapp-services.cern.ch/root-jenkins/job/root-pullrequests-build/96958/testReport/projectroot.roottest.root.io/emulated/roottest_root_io_emulated_make/); - [projec,MatchSource.ISSUE_COMMENT,root-project,root,v6-32-06,https://github.com/root-project/root/pull/6445#issuecomment-699314567:239,test,tests,239,https://root.cern,https://github.com/root-project/root/pull/6445#issuecomment-699314567,3,['test'],"['testReport', 'tests']"
Testability,Build failed on ROOT-fedora31/noimt.; Running on root-fedora-31-1.cern.ch:/build/workspace/root-pullrequests-build; [See console output](https://lcgapp-services.cern.ch/root-jenkins/job/root-pullrequests-build/97039/console).; ### Errors:; - [2020-09-27T10:12:28.485Z] input_line_1:1:2: fatal error: module file '/build/workspace/root-pullrequests-build/build/tree/tree/test/libc.pcm' not found: module file not found ; - [2020-09-27T10:12:28.485Z] &lt;&lt;&lt; cling interactive line includer &gt;&gt;&gt;: fatal error: module file '/build/workspace/root-pullrequests-build/build/tree/tree/test/libc.pcm' not found: module file not found . ### Warnings:; - [2020-09-27T10:10:37.750Z] /build/workspace/root-pullrequests-build/root/interpreter/llvm/src/tools/clang/include/clang/AST/DeclOpenMP.h:97:1: warning: multi-line comment [-Wcomment] ; - [2020-09-27T10:10:39.335Z] /build/workspace/root-pullrequests-build/root/interpreter/cling/lib/Utils/PlatformPosix.cpp:73:44: warning: type qualifiers ignored on cast result type [-Wignored-qualifiers] ; - [2020-09-27T10:10:45.642Z] /build/workspace/root-pullrequests-build/root/interpreter/llvm/src/include/llvm/Bitstream/BitstreamReader.h:212:23: warning: redundant move in return statement [-Wredundant-move] ; - [2020-09-27T10:10:45.642Z] /build/workspace/root-pullrequests-build/root/interpreter/llvm/src/include/llvm/Bitstream/BitstreamReader.h:427:27: warning: redundant move in return statement [-Wredundant-move] ; - [2020-09-27T10:10:45.642Z] /build/workspace/root-pullrequests-build/root/interpreter/llvm/src/include/llvm/Bitstream/BitstreamReader.h:450:25: warning: redundant move in return statement [-Wredundant-move] ; - [2020-09-27T10:10:46.173Z] /build/workspace/root-pullrequests-build/root/interpreter/llvm/src/include/llvm/Pass.h:105:16: warning: ‘virtual bool llvm::Pass::doInitialization(llvm::Module&)’ was hidden [-Woverloaded-virtual] ; - [2020-09-27T10:10:46.173Z] /build/workspace/root-pullrequests-build/root/interpreter/llvm/sr,MatchSource.ISSUE_COMMENT,root-project,root,v6-32-06,https://github.com/root-project/root/pull/6385#issuecomment-699615114:370,test,test,370,https://root.cern,https://github.com/root-project/root/pull/6385#issuecomment-699615114,2,['test'],['test']
Testability,Build failed on ROOT-fedora31/noimt.; Running on root-fedora-31-1.cern.ch:/build/workspace/root-pullrequests-build; [See console output](https://lcgapp-services.cern.ch/root-jenkins/job/root-pullrequests-build/97047/console).; ### Errors:; - [2020-09-27T10:38:37.433Z] input_line_1:1:2: fatal error: module file '/build/workspace/root-pullrequests-build/build/tree/tree/test/libc.pcm' not found: module file not found ; - [2020-09-27T10:38:37.433Z] &lt;&lt;&lt; cling interactive line includer &gt;&gt;&gt;: fatal error: module file '/build/workspace/root-pullrequests-build/build/tree/tree/test/libc.pcm' not found: module file not found . ### Warnings:; - [2020-09-27T10:35:17.800Z] /build/workspace/root-pullrequests-build/root/interpreter/llvm/src/include/llvm/Bitstream/BitstreamReader.h:212:23: warning: redundant move in return statement [-Wredundant-move] ; - [2020-09-27T10:35:18.058Z] /build/workspace/root-pullrequests-build/root/interpreter/llvm/src/include/llvm/Bitstream/BitstreamReader.h:427:27: warning: redundant move in return statement [-Wredundant-move] ; - [2020-09-27T10:35:18.058Z] /build/workspace/root-pullrequests-build/root/interpreter/llvm/src/include/llvm/Bitstream/BitstreamReader.h:450:25: warning: redundant move in return statement [-Wredundant-move] ; - [2020-09-27T10:35:22.960Z] /build/workspace/root-pullrequests-build/root/interpreter/cling/lib/Utils/PlatformPosix.cpp:73:44: warning: type qualifiers ignored on cast result type [-Wignored-qualifiers] ; - [2020-09-27T10:36:57.561Z] /build/workspace/root-pullrequests-build/root/interpreter/llvm/src/include/llvm/Pass.h:105:16: warning: ‘virtual bool llvm::Pass::doInitialization(llvm::Module&)’ was hidden [-Woverloaded-virtual] ; - [2020-09-27T10:36:57.562Z] /build/workspace/root-pullrequests-build/root/interpreter/llvm/src/include/llvm/Transforms/IPO/Inliner.h:39:8: warning: by ‘virtual bool llvm::LegacyInlinerBase::doInitialization(llvm::CallGraph&)’ [-Woverloaded-virtual] ; - [2020-09-27T10:36:57.827Z] ,MatchSource.ISSUE_COMMENT,root-project,root,v6-32-06,https://github.com/root-project/root/pull/6385#issuecomment-699617774:370,test,test,370,https://root.cern,https://github.com/root-project/root/pull/6385#issuecomment-699617774,2,['test'],['test']
Testability,Build failed on ROOT-fedora31/noimt.; Running on root-fedora-31-1.cern.ch:/build/workspace/root-pullrequests-build; [See console output](https://lcgapp-services.cern.ch/root-jenkins/job/root-pullrequests-build/97055/console).; ### Errors:; - [2020-09-27T10:51:21.589Z] input_line_1:1:2: fatal error: module file '/build/workspace/root-pullrequests-build/build/tree/tree/test/libc.pcm' not found: module file not found ; - [2020-09-27T10:51:21.589Z] &lt;&lt;&lt; cling interactive line includer &gt;&gt;&gt;: fatal error: module file '/build/workspace/root-pullrequests-build/build/tree/tree/test/libc.pcm' not found: module file not found . ### Warnings:; - [2020-09-27T10:46:13.218Z] /build/workspace/root-pullrequests-build/root/interpreter/cling/lib/Utils/PlatformPosix.cpp:73:44: warning: type qualifiers ignored on cast result type [-Wignored-qualifiers] ; - [2020-09-27T10:46:16.716Z] /build/workspace/root-pullrequests-build/root/interpreter/llvm/src/include/llvm/Bitstream/BitstreamReader.h:212:23: warning: redundant move in return statement [-Wredundant-move] ; - [2020-09-27T10:46:16.716Z] /build/workspace/root-pullrequests-build/root/interpreter/llvm/src/include/llvm/Bitstream/BitstreamReader.h:427:27: warning: redundant move in return statement [-Wredundant-move] ; - [2020-09-27T10:46:16.716Z] /build/workspace/root-pullrequests-build/root/interpreter/llvm/src/include/llvm/Bitstream/BitstreamReader.h:450:25: warning: redundant move in return statement [-Wredundant-move] ; - [2020-09-27T10:49:19.928Z] /build/workspace/root-pullrequests-build/root/interpreter/llvm/src/include/llvm/Pass.h:105:16: warning: ‘virtual bool llvm::Pass::doInitialization(llvm::Module&)’ was hidden [-Woverloaded-virtual] ; - [2020-09-27T10:49:19.928Z] /build/workspace/root-pullrequests-build/root/interpreter/llvm/src/include/llvm/Transforms/IPO/Inliner.h:39:8: warning: by ‘virtual bool llvm::LegacyInlinerBase::doInitialization(llvm::CallGraph&)’ [-Woverloaded-virtual] ; - [2020-09-27T10:49:35.454Z] ,MatchSource.ISSUE_COMMENT,root-project,root,v6-32-06,https://github.com/root-project/root/pull/6385#issuecomment-699619048:370,test,test,370,https://root.cern,https://github.com/root-project/root/pull/6385#issuecomment-699619048,2,['test'],['test']
Testability,Build failed on ROOT-fedora31/noimt.; Running on root-fedora-31-1.cern.ch:/build/workspace/root-pullrequests-build; [See console output](https://lcgapp-services.cern.ch/root-jenkins/job/root-pullrequests-build/97103/console).; ### Failing tests:; - [projectroot.core.metacling.test.gtest_core_metacling_test_TClingTest](https://lcgapp-services.cern.ch/root-jenkins/job/root-pullrequests-build/97103/testReport/projectroot.core.metacling/test/gtest_core_metacling_test_TClingTest/); - [projectroot.roottest.root.meta.ROOT-7462.roottest_root_meta_ROOT_7462_make](https://lcgapp-services.cern.ch/root-jenkins/job/root-pullrequests-build/97103/testReport/projectroot.roottest.root.meta/ROOT-7462/roottest_root_meta_ROOT_7462_make/),MatchSource.ISSUE_COMMENT,root-project,root,v6-32-06,https://github.com/root-project/root/pull/6377#issuecomment-699979235:239,test,tests,239,https://root.cern,https://github.com/root-project/root/pull/6377#issuecomment-699979235,5,['test'],"['test', 'testReport', 'tests']"
Testability,Build failed on ROOT-fedora31/noimt.; Running on root-fedora-31-1.cern.ch:/build/workspace/root-pullrequests-build; [See console output](https://lcgapp-services.cern.ch/root-jenkins/job/root-pullrequests-build/97216/console).; ### Failing tests:; - [projectroot.roottest.root.meta.autoloading.headerParsingOnDemand.roottest_root_meta_autoloading_headerParsingOnDemand_libno_autoparse_v10_build](https://lcgapp-services.cern.ch/root-jenkins/job/root-pullrequests-build/97216/testReport/projectroot.roottest.root.meta.autoloading/headerParsingOnDemand/roottest_root_meta_autoloading_headerParsingOnDemand_libno_autoparse_v10_build/); - [projectroot.roottest.root.meta.autoloading.headerParsingOnDemand.roottest_root_meta_autoloading_headerParsingOnDemand_no_autoparse_write](https://lcgapp-services.cern.ch/root-jenkins/job/root-pullrequests-build/97216/testReport/projectroot.roottest.root.meta.autoloading/headerParsingOnDemand/roottest_root_meta_autoloading_headerParsingOnDemand_no_autoparse_write/); - [projectroot.roottest.root.meta.autoloading.headerParsingOnDemand.roottest_root_meta_autoloading_headerParsingOnDemand_libno_autoparse_v11_build](https://lcgapp-services.cern.ch/root-jenkins/job/root-pullrequests-build/97216/testReport/projectroot.roottest.root.meta.autoloading/headerParsingOnDemand/roottest_root_meta_autoloading_headerParsingOnDemand_libno_autoparse_v11_build/); - [projectroot.roottest.root.meta.autoloading.headerParsingOnDemand.roottest_root_meta_autoloading_headerParsingOnDemand_no_autoparse_read](https://lcgapp-services.cern.ch/root-jenkins/job/root-pullrequests-build/97216/testReport/projectroot.roottest.root.meta.autoloading/headerParsingOnDemand/roottest_root_meta_autoloading_headerParsingOnDemand_no_autoparse_read/); - [projectroot.roottest.root.tree.fastcloning.roottest_root_tree_fastcloning_execCheckClusterRange](https://lcgapp-services.cern.ch/root-jenkins/job/root-pullrequests-build/97216/testReport/projectroot.roottest.root.tree/fastcloning/roottest_ro,MatchSource.ISSUE_COMMENT,root-project,root,v6-32-06,https://github.com/root-project/root/pull/6445#issuecomment-700283941:239,test,tests,239,https://root.cern,https://github.com/root-project/root/pull/6445#issuecomment-700283941,3,['test'],"['testReport', 'tests']"
Testability,Build failed on ROOT-fedora31/noimt.; Running on root-fedora-31-1.cern.ch:/build/workspace/root-pullrequests-build; [See console output](https://lcgapp-services.cern.ch/root-jenkins/job/root-pullrequests-build/97224/console).; ### Failing tests:; - [projectroot.roottest.root.meta.autoloading.headerParsingOnDemand.roottest_root_meta_autoloading_headerParsingOnDemand_libno_autoparse_v10_build](https://lcgapp-services.cern.ch/root-jenkins/job/root-pullrequests-build/97224/testReport/projectroot.roottest.root.meta.autoloading/headerParsingOnDemand/roottest_root_meta_autoloading_headerParsingOnDemand_libno_autoparse_v10_build/); - [projectroot.roottest.root.meta.autoloading.headerParsingOnDemand.roottest_root_meta_autoloading_headerParsingOnDemand_no_autoparse_write](https://lcgapp-services.cern.ch/root-jenkins/job/root-pullrequests-build/97224/testReport/projectroot.roottest.root.meta.autoloading/headerParsingOnDemand/roottest_root_meta_autoloading_headerParsingOnDemand_no_autoparse_write/); - [projectroot.roottest.root.meta.autoloading.headerParsingOnDemand.roottest_root_meta_autoloading_headerParsingOnDemand_libno_autoparse_v11_build](https://lcgapp-services.cern.ch/root-jenkins/job/root-pullrequests-build/97224/testReport/projectroot.roottest.root.meta.autoloading/headerParsingOnDemand/roottest_root_meta_autoloading_headerParsingOnDemand_libno_autoparse_v11_build/); - [projectroot.roottest.root.meta.autoloading.headerParsingOnDemand.roottest_root_meta_autoloading_headerParsingOnDemand_no_autoparse_read](https://lcgapp-services.cern.ch/root-jenkins/job/root-pullrequests-build/97224/testReport/projectroot.roottest.root.meta.autoloading/headerParsingOnDemand/roottest_root_meta_autoloading_headerParsingOnDemand_no_autoparse_read/); - [projectroot.roottest.root.tree.fastcloning.roottest_root_tree_fastcloning_execCheckClusterRange](https://lcgapp-services.cern.ch/root-jenkins/job/root-pullrequests-build/97224/testReport/projectroot.roottest.root.tree/fastcloning/roottest_ro,MatchSource.ISSUE_COMMENT,root-project,root,v6-32-06,https://github.com/root-project/root/pull/6445#issuecomment-700300153:239,test,tests,239,https://root.cern,https://github.com/root-project/root/pull/6445#issuecomment-700300153,3,['test'],"['testReport', 'tests']"
Testability,Build failed on ROOT-fedora31/noimt.; Running on root-fedora-31-1.cern.ch:/build/workspace/root-pullrequests-build; [See console output](https://lcgapp-services.cern.ch/root-jenkins/job/root-pullrequests-build/97369/console).; ### Failing tests:; - [projectroot.roottest.root.meta.autoloading.headerParsingOnDemand.roottest_root_meta_autoloading_headerParsingOnDemand_no_autoparse_read](https://lcgapp-services.cern.ch/root-jenkins/job/root-pullrequests-build/97369/testReport/projectroot.roottest.root.meta.autoloading/headerParsingOnDemand/roottest_root_meta_autoloading_headerParsingOnDemand_no_autoparse_read/); - [projectroot.roottest.root.tree.fastcloning.roottest_root_tree_fastcloning_execCheckClusterRange](https://lcgapp-services.cern.ch/root-jenkins/job/root-pullrequests-build/97369/testReport/projectroot.roottest.root.tree/fastcloning/roottest_root_tree_fastcloning_execCheckClusterRange/),MatchSource.ISSUE_COMMENT,root-project,root,v6-32-06,https://github.com/root-project/root/pull/6445#issuecomment-700891979:239,test,tests,239,https://root.cern,https://github.com/root-project/root/pull/6445#issuecomment-700891979,3,['test'],"['testReport', 'tests']"
Testability,Build failed on ROOT-fedora31/noimt.; Running on root-fedora-31-1.cern.ch:/build/workspace/root-pullrequests-build; [See console output](https://lcgapp-services.cern.ch/root-jenkins/job/root-pullrequests-build/97377/console).; ### Failing tests:; - [projectroot.roottest.root.meta.autoloading.headerParsingOnDemand.roottest_root_meta_autoloading_headerParsingOnDemand_no_autoparse_read](https://lcgapp-services.cern.ch/root-jenkins/job/root-pullrequests-build/97377/testReport/projectroot.roottest.root.meta.autoloading/headerParsingOnDemand/roottest_root_meta_autoloading_headerParsingOnDemand_no_autoparse_read/),MatchSource.ISSUE_COMMENT,root-project,root,v6-32-06,https://github.com/root-project/root/pull/6445#issuecomment-700928167:239,test,tests,239,https://root.cern,https://github.com/root-project/root/pull/6445#issuecomment-700928167,2,['test'],"['testReport', 'tests']"
Testability,Build failed on ROOT-fedora31/noimt.; Running on root-fedora-31-1.cern.ch:/build/workspace/root-pullrequests-build; [See console output](https://lcgapp-services.cern.ch/root-jenkins/job/root-pullrequests-build/97401/console).; ### Failing tests:; - [projectroot.roottest.root.meta.autoloading.headerParsingOnDemand.roottest_root_meta_autoloading_headerParsingOnDemand_no_autoparse_read](https://lcgapp-services.cern.ch/root-jenkins/job/root-pullrequests-build/97401/testReport/projectroot.roottest.root.meta.autoloading/headerParsingOnDemand/roottest_root_meta_autoloading_headerParsingOnDemand_no_autoparse_read/),MatchSource.ISSUE_COMMENT,root-project,root,v6-32-06,https://github.com/root-project/root/pull/6445#issuecomment-701105969:239,test,tests,239,https://root.cern,https://github.com/root-project/root/pull/6445#issuecomment-701105969,2,['test'],"['testReport', 'tests']"
Testability,Build failed on ROOT-fedora31/noimt.; Running on root-fedora-31-1.cern.ch:/build/workspace/root-pullrequests-build; [See console output](https://lcgapp-services.cern.ch/root-jenkins/job/root-pullrequests-build/97489/console).; ### Failing tests:; - [projectroot.roottest.root.multicore.roottest_root_multicore_processExecutorH1Test](https://lcgapp-services.cern.ch/root-jenkins/job/root-pullrequests-build/97489/testReport/projectroot.roottest.root/multicore/roottest_root_multicore_processExecutorH1Test/),MatchSource.ISSUE_COMMENT,root-project,root,v6-32-06,https://github.com/root-project/root/pull/6519#issuecomment-701608994:239,test,tests,239,https://root.cern,https://github.com/root-project/root/pull/6519#issuecomment-701608994,2,['test'],"['testReport', 'tests']"
Testability,Build failed on ROOT-fedora31/noimt.; Running on root-fedora-31-2.cern.ch:/home/sftnight/build/workspace/root-pullrequests-build; [See cdash](http://cdash.cern.ch/index.php?project=ROOT&filtercount=1&field1=buildname/string&compare1=65&value1=PR-4058-ROOT-fedora31-noimt&date=2020-09-14).; [See console output](https://lcgapp-services.cern.ch/root-jenkins/job/root-pullrequests-build/95761/console).; ### Failing tests:; - [projectroot.roottest.root.io.filemerger.roottest_root_io_filemerger_simple_default_compr_level9_datageneration](https://lcgapp-services.cern.ch/root-jenkins/job/root-pullrequests-build/95761/testReport/projectroot.roottest.root.io/filemerger/roottest_root_io_filemerger_simple_default_compr_level9_datageneration/); - [projectroot.roottest.root.io.filemerger.roottest_root_io_filemerger_simplex2_default_compr_level9](https://lcgapp-services.cern.ch/root-jenkins/job/root-pullrequests-build/95761/testReport/projectroot.roottest.root.io/filemerger/roottest_root_io_filemerger_simplex2_default_compr_level9/); - [projectroot.roottest.root.io.filemerger.roottest_root_io_filemerger_simplek_default_compr_deflevel](https://lcgapp-services.cern.ch/root-jenkins/job/root-pullrequests-build/95761/testReport/projectroot.roottest.root.io/filemerger/roottest_root_io_filemerger_simplek_default_compr_deflevel/); - [projectroot.roottest.root.io.filemerger.roottest_root_io_filemerger_simplek_lzma_compr_level9](https://lcgapp-services.cern.ch/root-jenkins/job/root-pullrequests-build/95761/testReport/projectroot.roottest.root.io/filemerger/roottest_root_io_filemerger_simplek_lzma_compr_level9/); - [projectroot.roottest.root.io.filemerger.roottest_root_io_filemerger_simplek_lz4_compr_level4](https://lcgapp-services.cern.ch/root-jenkins/job/root-pullrequests-build/95761/testReport/projectroot.roottest.root.io/filemerger/roottest_root_io_filemerger_simplek_lz4_compr_level4/); - [projectroot.roottest.root.io.filemerger.roottest_root_io_filemerger_simple_zlib_compr_level9_datagener,MatchSource.ISSUE_COMMENT,root-project,root,v6-32-06,https://github.com/root-project/root/pull/4058#issuecomment-692140547:413,test,tests,413,https://root.cern,https://github.com/root-project/root/pull/4058#issuecomment-692140547,3,['test'],"['testReport', 'tests']"
Testability,Build failed on ROOT-fedora31/noimt.; Running on root-fedora-31-2.cern.ch:/home/sftnight/build/workspace/root-pullrequests-build; [See cdash](http://cdash.cern.ch/index.php?project=ROOT&filtercount=1&field1=buildname/string&compare1=65&value1=PR-5408-ROOT-fedora31-noimt&date=2020-07-07).; [See console output](https://lcgapp-services.cern.ch/root-jenkins/job/root-pullrequests-build/89102/console).; ### Failing tests:; - [projectroot.roottest.root.dataframe.roottest_root_dataframe_ctors](https://lcgapp-services.cern.ch/root-jenkins/job/root-pullrequests-build/89102/testReport/projectroot.roottest.root/dataframe/roottest_root_dataframe_ctors/),MatchSource.ISSUE_COMMENT,root-project,root,v6-32-06,https://github.com/root-project/root/pull/5408#issuecomment-655023979:413,test,tests,413,https://root.cern,https://github.com/root-project/root/pull/5408#issuecomment-655023979,2,['test'],"['testReport', 'tests']"
Testability,Build failed on ROOT-fedora31/noimt.; Running on root-fedora-31-2.cern.ch:/home/sftnight/build/workspace/root-pullrequests-build; [See cdash](http://cdash.cern.ch/index.php?project=ROOT&filtercount=1&field1=buildname/string&compare1=65&value1=PR-5847-ROOT-fedora31-noimt&date=2020-07-09).; [See console output](https://lcgapp-services.cern.ch/root-jenkins/job/root-pullrequests-build/89319/console).; ### Failing tests:; - [projectroot.roottest.python.JupyROOT.roottest_python_JupyROOT_cppcompleter_doctest](https://lcgapp-services.cern.ch/root-jenkins/job/root-pullrequests-build/89319/testReport/projectroot.roottest.python/JupyROOT/roottest_python_JupyROOT_cppcompleter_doctest/),MatchSource.ISSUE_COMMENT,root-project,root,v6-32-06,https://github.com/root-project/root/pull/5847#issuecomment-655928976:413,test,tests,413,https://root.cern,https://github.com/root-project/root/pull/5847#issuecomment-655928976,2,['test'],"['testReport', 'tests']"
Testability,Build failed on ROOT-fedora31/noimt.; Running on root-fedora-31-2.cern.ch:/home/sftnight/build/workspace/root-pullrequests-build; [See cdash](http://cdash.cern.ch/index.php?project=ROOT&filtercount=1&field1=buildname/string&compare1=65&value1=PR-5847-ROOT-fedora31-noimt&date=2020-07-09).; [See console output](https://lcgapp-services.cern.ch/root-jenkins/job/root-pullrequests-build/89343/console).; ### Failing tests:; - [projectroot.roottest.python.JupyROOT.roottest_python_JupyROOT_cppcompleter_doctest](https://lcgapp-services.cern.ch/root-jenkins/job/root-pullrequests-build/89343/testReport/projectroot.roottest.python/JupyROOT/roottest_python_JupyROOT_cppcompleter_doctest/),MatchSource.ISSUE_COMMENT,root-project,root,v6-32-06,https://github.com/root-project/root/pull/5847#issuecomment-655962785:413,test,tests,413,https://root.cern,https://github.com/root-project/root/pull/5847#issuecomment-655962785,2,['test'],"['testReport', 'tests']"
Testability,Build failed on ROOT-fedora31/noimt.; Running on root-fedora-31-2.cern.ch:/home/sftnight/build/workspace/root-pullrequests-build; [See cdash](http://cdash.cern.ch/index.php?project=ROOT&filtercount=1&field1=buildname/string&compare1=65&value1=PR-5847-ROOT-fedora31-noimt&date=2020-07-09).; [See console output](https://lcgapp-services.cern.ch/root-jenkins/job/root-pullrequests-build/89359/console).; ### Failing tests:; - [projectroot.roottest.python.JupyROOT.roottest_python_JupyROOT_cppcompleter_doctest](https://lcgapp-services.cern.ch/root-jenkins/job/root-pullrequests-build/89359/testReport/projectroot.roottest.python/JupyROOT/roottest_python_JupyROOT_cppcompleter_doctest/),MatchSource.ISSUE_COMMENT,root-project,root,v6-32-06,https://github.com/root-project/root/pull/5847#issuecomment-655985513:413,test,tests,413,https://root.cern,https://github.com/root-project/root/pull/5847#issuecomment-655985513,2,['test'],"['testReport', 'tests']"
Testability,Build failed on ROOT-fedora31/noimt.; Running on root-fedora-31-2.cern.ch:/home/sftnight/build/workspace/root-pullrequests-build; [See cdash](http://cdash.cern.ch/index.php?project=ROOT&filtercount=1&field1=buildname/string&compare1=65&value1=PR-5847-ROOT-fedora31-noimt&date=2020-08-07).; [See console output](https://lcgapp-services.cern.ch/root-jenkins/job/root-pullrequests-build/91877/console).; ### Failing tests:; - [projectroot.roottest.python.JupyROOT.roottest_python_JupyROOT_cppcompleter_doctest](https://lcgapp-services.cern.ch/root-jenkins/job/root-pullrequests-build/91877/testReport/projectroot.roottest.python/JupyROOT/roottest_python_JupyROOT_cppcompleter_doctest/),MatchSource.ISSUE_COMMENT,root-project,root,v6-32-06,https://github.com/root-project/root/pull/5847#issuecomment-670557038:413,test,tests,413,https://root.cern,https://github.com/root-project/root/pull/5847#issuecomment-670557038,2,['test'],"['testReport', 'tests']"
Testability,Build failed on ROOT-fedora31/noimt.; Running on root-fedora-31-2.cern.ch:/home/sftnight/build/workspace/root-pullrequests-build; [See cdash](http://cdash.cern.ch/index.php?project=ROOT&filtercount=1&field1=buildname/string&compare1=65&value1=PR-5847-ROOT-fedora31-noimt&date=2020-08-07).; [See console output](https://lcgapp-services.cern.ch/root-jenkins/job/root-pullrequests-build/91893/console).; ### Failing tests:; - [projectroot.core.rint.test.gtest_core_rint_test_TTabComTests](https://lcgapp-services.cern.ch/root-jenkins/job/root-pullrequests-build/91893/testReport/projectroot.core.rint/test/gtest_core_rint_test_TTabComTests/); - [projectroot.roottest.python.JupyROOT.roottest_python_JupyROOT_cppcompleter_doctest](https://lcgapp-services.cern.ch/root-jenkins/job/root-pullrequests-build/91893/testReport/projectroot.roottest.python/JupyROOT/roottest_python_JupyROOT_cppcompleter_doctest/); - [projectroot.roottest.root.rint.roottest_root_rint_TabCom](https://lcgapp-services.cern.ch/root-jenkins/job/root-pullrequests-build/91893/testReport/projectroot.roottest.root/rint/roottest_root_rint_TabCom/),MatchSource.ISSUE_COMMENT,root-project,root,v6-32-06,https://github.com/root-project/root/pull/5847#issuecomment-670702487:413,test,tests,413,https://root.cern,https://github.com/root-project/root/pull/5847#issuecomment-670702487,6,['test'],"['test', 'testReport', 'tests']"
Testability,Build failed on ROOT-fedora31/noimt.; Running on root-fedora-31-2.cern.ch:/home/sftnight/build/workspace/root-pullrequests-build; [See cdash](http://cdash.cern.ch/index.php?project=ROOT&filtercount=1&field1=buildname/string&compare1=65&value1=PR-5847-ROOT-fedora31-noimt&date=2020-08-07).; [See console output](https://lcgapp-services.cern.ch/root-jenkins/job/root-pullrequests-build/91901/console).; ### Failing tests:; - [projectroot.roottest.root.rint.roottest_root_rint_TabCom](https://lcgapp-services.cern.ch/root-jenkins/job/root-pullrequests-build/91901/testReport/projectroot.roottest.root/rint/roottest_root_rint_TabCom/),MatchSource.ISSUE_COMMENT,root-project,root,v6-32-06,https://github.com/root-project/root/pull/5847#issuecomment-670718046:413,test,tests,413,https://root.cern,https://github.com/root-project/root/pull/5847#issuecomment-670718046,2,['test'],"['testReport', 'tests']"
Testability,Build failed on ROOT-fedora31/noimt.; Running on root-fedora-31-2.cern.ch:/home/sftnight/build/workspace/root-pullrequests-build; [See cdash](http://cdash.cern.ch/index.php?project=ROOT&filtercount=1&field1=buildname/string&compare1=65&value1=PR-5847-ROOT-fedora31-noimt&date=2020-08-07).; [See console output](https://lcgapp-services.cern.ch/root-jenkins/job/root-pullrequests-build/91917/console).; ### Failing tests:; - [projectroot.runtutorials.tutorial_tmva_envelope_classification](https://lcgapp-services.cern.ch/root-jenkins/job/root-pullrequests-build/91917/testReport/projectroot/runtutorials/tutorial_tmva_envelope_classification/); - [projectroot.roottest.root.rint.roottest_root_rint_TabCom](https://lcgapp-services.cern.ch/root-jenkins/job/root-pullrequests-build/91917/testReport/projectroot.roottest.root/rint/roottest_root_rint_TabCom/),MatchSource.ISSUE_COMMENT,root-project,root,v6-32-06,https://github.com/root-project/root/pull/5847#issuecomment-670728109:413,test,tests,413,https://root.cern,https://github.com/root-project/root/pull/5847#issuecomment-670728109,3,['test'],"['testReport', 'tests']"
Testability,Build failed on ROOT-fedora31/noimt.; Running on root-fedora-31-2.cern.ch:/home/sftnight/build/workspace/root-pullrequests-build; [See cdash](http://cdash.cern.ch/index.php?project=ROOT&filtercount=1&field1=buildname/string&compare1=65&value1=PR-5847-ROOT-fedora31-noimt&date=2020-08-08).; [See console output](https://lcgapp-services.cern.ch/root-jenkins/job/root-pullrequests-build/91925/console).; ### Errors:; - [2020-08-08T06:30:03.213Z] /home/sftnight/build/workspace/root-pullrequests-build/root/core/rint/test/TTabComTests.cxx:65:7: error: no macro name given in #ifdef directive,MatchSource.ISSUE_COMMENT,root-project,root,v6-32-06,https://github.com/root-project/root/pull/5847#issuecomment-670832467:513,test,test,513,https://root.cern,https://github.com/root-project/root/pull/5847#issuecomment-670832467,1,['test'],['test']
Testability,Build failed on ROOT-fedora31/noimt.; Running on root-fedora-31-2.cern.ch:/home/sftnight/build/workspace/root-pullrequests-build; [See cdash](http://cdash.cern.ch/index.php?project=ROOT&filtercount=1&field1=buildname/string&compare1=65&value1=PR-5847-ROOT-fedora31-noimt&date=2020-08-08).; [See console output](https://lcgapp-services.cern.ch/root-jenkins/job/root-pullrequests-build/91933/console).; ### Failing tests:; - [projectroot.core.rint.test.gtest_core_rint_test_TTabComTests](https://lcgapp-services.cern.ch/root-jenkins/job/root-pullrequests-build/91933/testReport/projectroot.core.rint/test/gtest_core_rint_test_TTabComTests/); - [projectroot.roottest.root.rint.roottest_root_rint_TabCom](https://lcgapp-services.cern.ch/root-jenkins/job/root-pullrequests-build/91933/testReport/projectroot.roottest.root/rint/roottest_root_rint_TabCom/),MatchSource.ISSUE_COMMENT,root-project,root,v6-32-06,https://github.com/root-project/root/pull/5847#issuecomment-670833664:413,test,tests,413,https://root.cern,https://github.com/root-project/root/pull/5847#issuecomment-670833664,5,['test'],"['test', 'testReport', 'tests']"
Testability,Build failed on ROOT-fedora31/noimt.; Running on root-fedora-31-2.cern.ch:/home/sftnight/build/workspace/root-pullrequests-build; [See cdash](http://cdash.cern.ch/index.php?project=ROOT&filtercount=1&field1=buildname/string&compare1=65&value1=PR-5847-ROOT-fedora31-noimt&date=2020-08-08).; [See console output](https://lcgapp-services.cern.ch/root-jenkins/job/root-pullrequests-build/91941/console).; ### Failing tests:; - [projectroot.roottest.root.rint.roottest_root_rint_TabCom](https://lcgapp-services.cern.ch/root-jenkins/job/root-pullrequests-build/91941/testReport/projectroot.roottest.root/rint/roottest_root_rint_TabCom/),MatchSource.ISSUE_COMMENT,root-project,root,v6-32-06,https://github.com/root-project/root/pull/5847#issuecomment-670837708:413,test,tests,413,https://root.cern,https://github.com/root-project/root/pull/5847#issuecomment-670837708,2,['test'],"['testReport', 'tests']"
Testability,Build failed on ROOT-fedora31/noimt.; Running on root-fedora-31-2.cern.ch:/home/sftnight/build/workspace/root-pullrequests-build; [See cdash](http://cdash.cern.ch/index.php?project=ROOT&filtercount=1&field1=buildname/string&compare1=65&value1=PR-5847-ROOT-fedora31-noimt&date=2020-08-08).; [See console output](https://lcgapp-services.cern.ch/root-jenkins/job/root-pullrequests-build/91949/console).; ### Failing tests:; - [projectroot.roottest.root.rint.roottest_root_rint_TabCom](https://lcgapp-services.cern.ch/root-jenkins/job/root-pullrequests-build/91949/testReport/projectroot.roottest.root/rint/roottest_root_rint_TabCom/),MatchSource.ISSUE_COMMENT,root-project,root,v6-32-06,https://github.com/root-project/root/pull/5847#issuecomment-670847322:413,test,tests,413,https://root.cern,https://github.com/root-project/root/pull/5847#issuecomment-670847322,2,['test'],"['testReport', 'tests']"
Testability,Build failed on ROOT-fedora31/noimt.; Running on root-fedora-31-2.cern.ch:/home/sftnight/build/workspace/root-pullrequests-build; [See cdash](http://cdash.cern.ch/index.php?project=ROOT&filtercount=1&field1=buildname/string&compare1=65&value1=PR-5847-ROOT-fedora31-noimt&date=2020-08-08).; [See console output](https://lcgapp-services.cern.ch/root-jenkins/job/root-pullrequests-build/91957/console).; ### Failing tests:; - [projectroot.core.rint.test.gtest_core_rint_test_TTabComTests](https://lcgapp-services.cern.ch/root-jenkins/job/root-pullrequests-build/91957/testReport/projectroot.core.rint/test/gtest_core_rint_test_TTabComTests/); - [projectroot.roottest.python.JupyROOT.roottest_python_JupyROOT_cppcompleter_doctest](https://lcgapp-services.cern.ch/root-jenkins/job/root-pullrequests-build/91957/testReport/projectroot.roottest.python/JupyROOT/roottest_python_JupyROOT_cppcompleter_doctest/); - [projectroot.roottest.root.rint.roottest_root_rint_TabCom](https://lcgapp-services.cern.ch/root-jenkins/job/root-pullrequests-build/91957/testReport/projectroot.roottest.root/rint/roottest_root_rint_TabCom/),MatchSource.ISSUE_COMMENT,root-project,root,v6-32-06,https://github.com/root-project/root/pull/5847#issuecomment-670852956:413,test,tests,413,https://root.cern,https://github.com/root-project/root/pull/5847#issuecomment-670852956,6,['test'],"['test', 'testReport', 'tests']"
Testability,Build failed on ROOT-fedora31/noimt.; Running on root-fedora-31-2.cern.ch:/home/sftnight/build/workspace/root-pullrequests-build; [See cdash](http://cdash.cern.ch/index.php?project=ROOT&filtercount=1&field1=buildname/string&compare1=65&value1=PR-5847-ROOT-fedora31-noimt&date=2020-08-08).; [See console output](https://lcgapp-services.cern.ch/root-jenkins/job/root-pullrequests-build/91965/console).; ### Failing tests:; - [projectroot.roottest.root.rint.roottest_root_rint_TabCom](https://lcgapp-services.cern.ch/root-jenkins/job/root-pullrequests-build/91965/testReport/projectroot.roottest.root/rint/roottest_root_rint_TabCom/),MatchSource.ISSUE_COMMENT,root-project,root,v6-32-06,https://github.com/root-project/root/pull/5847#issuecomment-670951174:413,test,tests,413,https://root.cern,https://github.com/root-project/root/pull/5847#issuecomment-670951174,2,['test'],"['testReport', 'tests']"
Testability,Build failed on ROOT-fedora31/noimt.; Running on root-fedora-31-2.cern.ch:/home/sftnight/build/workspace/root-pullrequests-build; [See cdash](http://cdash.cern.ch/index.php?project=ROOT&filtercount=1&field1=buildname/string&compare1=65&value1=PR-5847-ROOT-fedora31-noimt&date=2020-08-09).; [See console output](https://lcgapp-services.cern.ch/root-jenkins/job/root-pullrequests-build/91973/console).; ### Failing tests:; - [projectroot.roottest.root.rint.roottest_root_rint_TabCom](https://lcgapp-services.cern.ch/root-jenkins/job/root-pullrequests-build/91973/testReport/projectroot.roottest.root/rint/roottest_root_rint_TabCom/),MatchSource.ISSUE_COMMENT,root-project,root,v6-32-06,https://github.com/root-project/root/pull/5847#issuecomment-671010458:413,test,tests,413,https://root.cern,https://github.com/root-project/root/pull/5847#issuecomment-671010458,2,['test'],"['testReport', 'tests']"
Testability,Build failed on ROOT-fedora31/noimt.; Running on root-fedora-31-2.cern.ch:/home/sftnight/build/workspace/root-pullrequests-build; [See cdash](http://cdash.cern.ch/index.php?project=ROOT&filtercount=1&field1=buildname/string&compare1=65&value1=PR-5847-ROOT-fedora31-noimt&date=2020-08-09).; [See console output](https://lcgapp-services.cern.ch/root-jenkins/job/root-pullrequests-build/91981/console).; ### Failing tests:; - [projectroot.roottest.root.rint.roottest_root_rint_TabCom](https://lcgapp-services.cern.ch/root-jenkins/job/root-pullrequests-build/91981/testReport/projectroot.roottest.root/rint/roottest_root_rint_TabCom/),MatchSource.ISSUE_COMMENT,root-project,root,v6-32-06,https://github.com/root-project/root/pull/5847#issuecomment-671020210:413,test,tests,413,https://root.cern,https://github.com/root-project/root/pull/5847#issuecomment-671020210,2,['test'],"['testReport', 'tests']"
Testability,Build failed on ROOT-fedora31/noimt.; Running on root-fedora-31-2.cern.ch:/home/sftnight/build/workspace/root-pullrequests-build; [See cdash](http://cdash.cern.ch/index.php?project=ROOT&filtercount=1&field1=buildname/string&compare1=65&value1=PR-5847-ROOT-fedora31-noimt&date=2020-08-10).; [See console output](https://lcgapp-services.cern.ch/root-jenkins/job/root-pullrequests-build/92101/console).; ### Errors:; - [2020-08-10T18:51:59.014Z] /home/sftnight/build/workspace/root-pullrequests-build/root/core/rint/test/TTabComTests.cxx:98:95: error: expected ‘)’ before ‘}’ token ; - [2020-08-10T18:51:59.014Z] /home/sftnight/build/workspace/root-pullrequests-build/root/core/rint/test/TTabComTests.cxx:98:95: error: expected ‘)’ before ‘}’ token ; - [2020-08-10T18:51:59.014Z] /home/sftnight/build/workspace/root-pullrequests-build/root/core/rint/test/TTabComTests.cxx:98:95: error: expected ‘)’ before ‘}’ token ; - [2020-08-10T18:51:59.014Z] /home/sftnight/build/workspace/root-pullrequests-build/root/core/rint/test/TTabComTests.cxx:98:95: error: expected primary-expression before ‘}’ token ; - [2020-08-10T18:51:59.014Z] /home/sftnight/build/workspace/root-pullrequests-build/root/core/rint/test/TTabComTests.cxx:98:96: error: expected unqualified-id before ‘)’ token ; - [2020-08-10T18:51:59.014Z] /home/sftnight/build/workspace/root-pullrequests-build/root/core/rint/test/TTabComTests.cxx:97:4: error: expected unqualified-id before ‘else’ ; - [2020-08-10T18:51:59.014Z] /home/sftnight/build/workspace/root-pullrequests-build/root/core/rint/test/TTabComTests.cxx:99:1: error: expected declaration before ‘}’ token,MatchSource.ISSUE_COMMENT,root-project,root,v6-32-06,https://github.com/root-project/root/pull/5847#issuecomment-671527204:513,test,test,513,https://root.cern,https://github.com/root-project/root/pull/5847#issuecomment-671527204,7,['test'],['test']
Testability,Build failed on ROOT-fedora31/noimt.; Running on root-fedora-31-2.cern.ch:/home/sftnight/build/workspace/root-pullrequests-build; [See cdash](http://cdash.cern.ch/index.php?project=ROOT&filtercount=1&field1=buildname/string&compare1=65&value1=PR-5847-ROOT-fedora31-noimt&date=2020-08-11).; [See console output](https://lcgapp-services.cern.ch/root-jenkins/job/root-pullrequests-build/92165/console).; ### Failing tests:; - [projectroot.core.rint.test.gtest_core_rint_test_TTabComTests](https://lcgapp-services.cern.ch/root-jenkins/job/root-pullrequests-build/92165/testReport/projectroot.core.rint/test/gtest_core_rint_test_TTabComTests/),MatchSource.ISSUE_COMMENT,root-project,root,v6-32-06,https://github.com/root-project/root/pull/5847#issuecomment-671802843:413,test,tests,413,https://root.cern,https://github.com/root-project/root/pull/5847#issuecomment-671802843,4,['test'],"['test', 'testReport', 'tests']"
Testability,Build failed on ROOT-fedora31/noimt.; Running on root-fedora-31-2.cern.ch:/home/sftnight/build/workspace/root-pullrequests-build; [See cdash](http://cdash.cern.ch/index.php?project=ROOT&filtercount=1&field1=buildname/string&compare1=65&value1=PR-5847-ROOT-fedora31-noimt&date=2020-08-13).; [See console output](https://lcgapp-services.cern.ch/root-jenkins/job/root-pullrequests-build/92677/console).; ### Failing tests:; - [projectroot.core.rint.test.gtest_core_rint_test_TTabComTests](https://lcgapp-services.cern.ch/root-jenkins/job/root-pullrequests-build/92677/testReport/projectroot.core.rint/test/gtest_core_rint_test_TTabComTests/),MatchSource.ISSUE_COMMENT,root-project,root,v6-32-06,https://github.com/root-project/root/pull/5847#issuecomment-673499983:413,test,tests,413,https://root.cern,https://github.com/root-project/root/pull/5847#issuecomment-673499983,4,['test'],"['test', 'testReport', 'tests']"
Testability,Build failed on ROOT-fedora31/noimt.; Running on root-fedora-31-2.cern.ch:/home/sftnight/build/workspace/root-pullrequests-build; [See cdash](http://cdash.cern.ch/index.php?project=ROOT&filtercount=1&field1=buildname/string&compare1=65&value1=PR-5884-ROOT-fedora31-noimt&date=2020-07-01).; [See console output](https://lcgapp-services.cern.ch/root-jenkins/job/root-pullrequests-build/88636/console).; ### Failing tests:; - [projectroot.roottest.python.JupyROOT.roottest_python_JupyROOT_cppcompleter_doctest](https://lcgapp-services.cern.ch/root-jenkins/job/root-pullrequests-build/88636/testReport/projectroot.roottest.python/JupyROOT/roottest_python_JupyROOT_cppcompleter_doctest/),MatchSource.ISSUE_COMMENT,root-project,root,v6-32-06,https://github.com/root-project/root/pull/5884#issuecomment-652274571:413,test,tests,413,https://root.cern,https://github.com/root-project/root/pull/5884#issuecomment-652274571,2,['test'],"['testReport', 'tests']"
Testability,Build failed on ROOT-fedora31/noimt.; Running on root-fedora-31-2.cern.ch:/home/sftnight/build/workspace/root-pullrequests-build; [See cdash](http://cdash.cern.ch/index.php?project=ROOT&filtercount=1&field1=buildname/string&compare1=65&value1=PR-5884-ROOT-fedora31-noimt&date=2020-07-01).; [See console output](https://lcgapp-services.cern.ch/root-jenkins/job/root-pullrequests-build/88652/console).; ### Failing tests:; - [projectroot.roottest.python.JupyROOT.roottest_python_JupyROOT_cppcompleter_doctest](https://lcgapp-services.cern.ch/root-jenkins/job/root-pullrequests-build/88652/testReport/projectroot.roottest.python/JupyROOT/roottest_python_JupyROOT_cppcompleter_doctest/),MatchSource.ISSUE_COMMENT,root-project,root,v6-32-06,https://github.com/root-project/root/pull/5884#issuecomment-652298816:413,test,tests,413,https://root.cern,https://github.com/root-project/root/pull/5884#issuecomment-652298816,2,['test'],"['testReport', 'tests']"
Testability,Build failed on ROOT-fedora31/noimt.; Running on root-fedora-31-2.cern.ch:/home/sftnight/build/workspace/root-pullrequests-build; [See cdash](http://cdash.cern.ch/index.php?project=ROOT&filtercount=1&field1=buildname/string&compare1=65&value1=PR-5884-ROOT-fedora31-noimt&date=2020-07-02).; [See console output](https://lcgapp-services.cern.ch/root-jenkins/job/root-pullrequests-build/88772/console).; ### Failing tests:; - [projectroot.roottest.python.JupyROOT.roottest_python_JupyROOT_cppcompleter_doctest](https://lcgapp-services.cern.ch/root-jenkins/job/root-pullrequests-build/88772/testReport/projectroot.roottest.python/JupyROOT/roottest_python_JupyROOT_cppcompleter_doctest/),MatchSource.ISSUE_COMMENT,root-project,root,v6-32-06,https://github.com/root-project/root/pull/5884#issuecomment-652800041:413,test,tests,413,https://root.cern,https://github.com/root-project/root/pull/5884#issuecomment-652800041,2,['test'],"['testReport', 'tests']"
Testability,Build failed on ROOT-fedora31/noimt.; Running on root-fedora-31-2.cern.ch:/home/sftnight/build/workspace/root-pullrequests-build; [See cdash](http://cdash.cern.ch/index.php?project=ROOT&filtercount=1&field1=buildname/string&compare1=65&value1=PR-5884-ROOT-fedora31-noimt&date=2020-07-08).; [See console output](https://lcgapp-services.cern.ch/root-jenkins/job/root-pullrequests-build/89271/console).; ### Failing tests:; - [projectroot.roottest.python.JupyROOT.roottest_python_JupyROOT_cppcompleter_doctest](https://lcgapp-services.cern.ch/root-jenkins/job/root-pullrequests-build/89271/testReport/projectroot.roottest.python/JupyROOT/roottest_python_JupyROOT_cppcompleter_doctest/),MatchSource.ISSUE_COMMENT,root-project,root,v6-32-06,https://github.com/root-project/root/pull/5884#issuecomment-655629571:413,test,tests,413,https://root.cern,https://github.com/root-project/root/pull/5884#issuecomment-655629571,2,['test'],"['testReport', 'tests']"
Testability,Build failed on ROOT-fedora31/noimt.; Running on root-fedora-31-2.cern.ch:/home/sftnight/build/workspace/root-pullrequests-build; [See cdash](http://cdash.cern.ch/index.php?project=ROOT&filtercount=1&field1=buildname/string&compare1=65&value1=PR-5884-ROOT-fedora31-noimt&date=2020-07-09).; [See console output](https://lcgapp-services.cern.ch/root-jenkins/job/root-pullrequests-build/89383/console).; ### Failing tests:; - [projectroot.io.io.test.gtest_io_io_test_RRawFile](https://lcgapp-services.cern.ch/root-jenkins/job/root-pullrequests-build/89383/testReport/projectroot.io.io/test/gtest_io_io_test_RRawFile/); - [projectroot.tree.dataframe.test.gtest_tree_dataframe_test_dataframe_simple](https://lcgapp-services.cern.ch/root-jenkins/job/root-pullrequests-build/89383/testReport/projectroot.tree.dataframe/test/gtest_tree_dataframe_test_dataframe_simple/); - [projectroot.roottest.root.dataframe.roottest_root_dataframe_testIMT](https://lcgapp-services.cern.ch/root-jenkins/job/root-pullrequests-build/89383/testReport/projectroot.roottest.root/dataframe/roottest_root_dataframe_testIMT/); - [projectroot.roottest.root.dataframe.roottest_root_dataframe_misc](https://lcgapp-services.cern.ch/root-jenkins/job/root-pullrequests-build/89383/testReport/projectroot.roottest.root/dataframe/roottest_root_dataframe_misc/); - [projectroot.test.test_stresshistofit_interpreted](https://lcgapp-services.cern.ch/root-jenkins/job/root-pullrequests-build/89383/testReport/projectroot/test/test_stresshistofit_interpreted/); - [projectroot.roottest.root.tree.fastcloning.roottest_root_tree_fastcloning_runcloneChain](https://lcgapp-services.cern.ch/root-jenkins/job/root-pullrequests-build/89383/testReport/projectroot.roottest.root.tree/fastcloning/roottest_root_tree_fastcloning_runcloneChain/); - [projectroot.roottest.root.tree.reader.roottest_root_tree_reader_make](https://lcgapp-services.cern.ch/root-jenkins/job/root-pullrequests-build/89383/testReport/projectroot.roottest.root.tree/reader/roottest_,MatchSource.ISSUE_COMMENT,root-project,root,v6-32-06,https://github.com/root-project/root/pull/5884#issuecomment-656035528:413,test,tests,413,https://root.cern,https://github.com/root-project/root/pull/5884#issuecomment-656035528,8,['test'],"['test', 'testReport', 'tests']"
Testability,Build failed on ROOT-fedora31/noimt.; Running on root-fedora-31-2.cern.ch:/home/sftnight/build/workspace/root-pullrequests-build; [See cdash](http://cdash.cern.ch/index.php?project=ROOT&filtercount=1&field1=buildname/string&compare1=65&value1=PR-5884-ROOT-fedora31-noimt&date=2020-07-09).; [See console output](https://lcgapp-services.cern.ch/root-jenkins/job/root-pullrequests-build/89391/console).; ### Errors:; - [2020-07-09T10:51:41.539Z] 941/1997 Test #644: tutorial-math-quasirandom .........................................................................***Failed Error regular expression found in output. Regex=[: error:] 0.40 sec . ### Failing tests:; - [projectroot.runtutorials.tutorial_math_quasirandom](https://lcgapp-services.cern.ch/root-jenkins/job/root-pullrequests-build/89391/testReport/projectroot/runtutorials/tutorial_math_quasirandom/); - [projectroot.runtutorials.tutorial_math_tStudent_py](https://lcgapp-services.cern.ch/root-jenkins/job/root-pullrequests-build/89391/testReport/projectroot/runtutorials/tutorial_math_tStudent_py/); - [projectroot.io.io.test.gtest_io_io_test_RRawFile](https://lcgapp-services.cern.ch/root-jenkins/job/root-pullrequests-build/89391/testReport/projectroot.io.io/test/gtest_io_io_test_RRawFile/); - [projectroot.tree.dataframe.test.gtest_tree_dataframe_test_dataframe_simple](https://lcgapp-services.cern.ch/root-jenkins/job/root-pullrequests-build/89391/testReport/projectroot.tree.dataframe/test/gtest_tree_dataframe_test_dataframe_simple/); - [projectroot.test.test_stresshistofit_interpreted](https://lcgapp-services.cern.ch/root-jenkins/job/root-pullrequests-build/89391/testReport/projectroot/test/test_stresshistofit_interpreted/); - [projectroot.roottest.root.dataframe.roottest_root_dataframe_misc](https://lcgapp-services.cern.ch/root-jenkins/job/root-pullrequests-build/89391/testReport/projectroot.roottest.root/dataframe/roottest_root_dataframe_misc/); - [projectroot.roottest.root.dataframe.roottest_root_dataframe_testIMT](https,MatchSource.ISSUE_COMMENT,root-project,root,v6-32-06,https://github.com/root-project/root/pull/5884#issuecomment-656062319:452,Test,Test,452,https://root.cern,https://github.com/root-project/root/pull/5884#issuecomment-656062319,3,"['Test', 'test']","['Test', 'testReport', 'tests']"
Testability,Build failed on ROOT-fedora31/noimt.; Running on root-fedora-31-2.cern.ch:/home/sftnight/build/workspace/root-pullrequests-build; [See cdash](http://cdash.cern.ch/index.php?project=ROOT&filtercount=1&field1=buildname/string&compare1=65&value1=PR-5884-ROOT-fedora31-noimt&date=2020-07-10).; [See console output](https://lcgapp-services.cern.ch/root-jenkins/job/root-pullrequests-build/89537/console).; ### Errors:; - [2020-07-10T14:04:46.991Z] 941/1998 Test #645: tutorial-math-quasirandom .........................................................................***Failed Error regular expression found in output. Regex=[: error:] 0.40 sec . ### Failing tests:; - [projectroot.core.rint.test.gtest_core_rint_test_TTabComTests](https://lcgapp-services.cern.ch/root-jenkins/job/root-pullrequests-build/89537/testReport/projectroot.core.rint/test/gtest_core_rint_test_TTabComTests/); - [projectroot.io.io.test.gtest_io_io_test_RRawFile](https://lcgapp-services.cern.ch/root-jenkins/job/root-pullrequests-build/89537/testReport/projectroot.io.io/test/gtest_io_io_test_RRawFile/); - [projectroot.tree.dataframe.test.gtest_tree_dataframe_test_dataframe_simple](https://lcgapp-services.cern.ch/root-jenkins/job/root-pullrequests-build/89537/testReport/projectroot.tree.dataframe/test/gtest_tree_dataframe_test_dataframe_simple/); - [projectroot.runtutorials.tutorial_math_quasirandom](https://lcgapp-services.cern.ch/root-jenkins/job/root-pullrequests-build/89537/testReport/projectroot/runtutorials/tutorial_math_quasirandom/); - [projectroot.test.test_stresshistofit_interpreted](https://lcgapp-services.cern.ch/root-jenkins/job/root-pullrequests-build/89537/testReport/projectroot/test/test_stresshistofit_interpreted/); - [projectroot.runtutorials.tutorial_math_tStudent_py](https://lcgapp-services.cern.ch/root-jenkins/job/root-pullrequests-build/89537/testReport/projectroot/runtutorials/tutorial_math_tStudent_py/); - [projectroot.roottest.root.dataframe.roottest_root_dataframe_testIMT](https://lcgap,MatchSource.ISSUE_COMMENT,root-project,root,v6-32-06,https://github.com/root-project/root/pull/5884#issuecomment-656698551:452,Test,Test,452,https://root.cern,https://github.com/root-project/root/pull/5884#issuecomment-656698551,7,"['Test', 'test']","['Test', 'test', 'testReport', 'tests']"
Testability,Build failed on ROOT-fedora31/noimt.; Running on root-fedora-31-2.cern.ch:/home/sftnight/build/workspace/root-pullrequests-build; [See cdash](http://cdash.cern.ch/index.php?project=ROOT&filtercount=1&field1=buildname/string&compare1=65&value1=PR-5884-ROOT-fedora31-noimt&date=2020-07-10).; [See console output](https://lcgapp-services.cern.ch/root-jenkins/job/root-pullrequests-build/89569/console).; ### Failing tests:; - [projectroot.roottest.python.JupyROOT.roottest_python_JupyROOT_cppcompleter_doctest](https://lcgapp-services.cern.ch/root-jenkins/job/root-pullrequests-build/89569/testReport/projectroot.roottest.python/JupyROOT/roottest_python_JupyROOT_cppcompleter_doctest/); - [projectroot.test.test_stresshistofit_interpreted](https://lcgapp-services.cern.ch/root-jenkins/job/root-pullrequests-build/89569/testReport/projectroot/test/test_stresshistofit_interpreted/),MatchSource.ISSUE_COMMENT,root-project,root,v6-32-06,https://github.com/root-project/root/pull/5884#issuecomment-656855721:413,test,tests,413,https://root.cern,https://github.com/root-project/root/pull/5884#issuecomment-656855721,5,['test'],"['test', 'testReport', 'tests']"
Testability,Build failed on ROOT-fedora31/noimt.; Running on root-fedora-31-2.cern.ch:/home/sftnight/build/workspace/root-pullrequests-build; [See cdash](http://cdash.cern.ch/index.php?project=ROOT&filtercount=1&field1=buildname/string&compare1=65&value1=PR-5884-ROOT-fedora31-noimt&date=2020-07-14).; [See console output](https://lcgapp-services.cern.ch/root-jenkins/job/root-pullrequests-build/89677/console).; ### Failing tests:; - [projectroot.test.test_stresshistofit_interpreted](https://lcgapp-services.cern.ch/root-jenkins/job/root-pullrequests-build/89677/testReport/projectroot/test/test_stresshistofit_interpreted/); - [projectroot.roottest.python.JupyROOT.roottest_python_JupyROOT_cppcompleter_doctest](https://lcgapp-services.cern.ch/root-jenkins/job/root-pullrequests-build/89677/testReport/projectroot.roottest.python/JupyROOT/roottest_python_JupyROOT_cppcompleter_doctest/),MatchSource.ISSUE_COMMENT,root-project,root,v6-32-06,https://github.com/root-project/root/pull/5884#issuecomment-658238141:413,test,tests,413,https://root.cern,https://github.com/root-project/root/pull/5884#issuecomment-658238141,5,['test'],"['test', 'testReport', 'tests']"
Testability,Build failed on ROOT-fedora31/noimt.; Running on root-fedora-31-2.cern.ch:/home/sftnight/build/workspace/root-pullrequests-build; [See cdash](http://cdash.cern.ch/index.php?project=ROOT&filtercount=1&field1=buildname/string&compare1=65&value1=PR-5884-ROOT-fedora31-noimt&date=2020-07-14).; [See console output](https://lcgapp-services.cern.ch/root-jenkins/job/root-pullrequests-build/89725/console).; ### Failing tests:; - [projectroot.roottest.python.JupyROOT.roottest_python_JupyROOT_cppcompleter_doctest](https://lcgapp-services.cern.ch/root-jenkins/job/root-pullrequests-build/89725/testReport/projectroot.roottest.python/JupyROOT/roottest_python_JupyROOT_cppcompleter_doctest/); - [projectroot.test.test_stresshistofit_interpreted](https://lcgapp-services.cern.ch/root-jenkins/job/root-pullrequests-build/89725/testReport/projectroot/test/test_stresshistofit_interpreted/),MatchSource.ISSUE_COMMENT,root-project,root,v6-32-06,https://github.com/root-project/root/pull/5884#issuecomment-658395258:413,test,tests,413,https://root.cern,https://github.com/root-project/root/pull/5884#issuecomment-658395258,5,['test'],"['test', 'testReport', 'tests']"
Testability,Build failed on ROOT-fedora31/noimt.; Running on root-fedora-31-2.cern.ch:/home/sftnight/build/workspace/root-pullrequests-build; [See cdash](http://cdash.cern.ch/index.php?project=ROOT&filtercount=1&field1=buildname/string&compare1=65&value1=PR-5884-ROOT-fedora31-noimt&date=2020-07-15).; [See console output](https://lcgapp-services.cern.ch/root-jenkins/job/root-pullrequests-build/89799/console).; ### Failing tests:; - [projectroot.roottest.python.JupyROOT.roottest_python_JupyROOT_cppcompleter_doctest](https://lcgapp-services.cern.ch/root-jenkins/job/root-pullrequests-build/89799/testReport/projectroot.roottest.python/JupyROOT/roottest_python_JupyROOT_cppcompleter_doctest/); - [projectroot.test.test_stresshistofit_interpreted](https://lcgapp-services.cern.ch/root-jenkins/job/root-pullrequests-build/89799/testReport/projectroot/test/test_stresshistofit_interpreted/),MatchSource.ISSUE_COMMENT,root-project,root,v6-32-06,https://github.com/root-project/root/pull/5884#issuecomment-658650229:413,test,tests,413,https://root.cern,https://github.com/root-project/root/pull/5884#issuecomment-658650229,5,['test'],"['test', 'testReport', 'tests']"
Testability,Build failed on ROOT-fedora31/noimt.; Running on root-fedora-31-2.cern.ch:/home/sftnight/build/workspace/root-pullrequests-build; [See cdash](http://cdash.cern.ch/index.php?project=ROOT&filtercount=1&field1=buildname/string&compare1=65&value1=PR-5884-ROOT-fedora31-noimt&date=2020-07-15).; [See console output](https://lcgapp-services.cern.ch/root-jenkins/job/root-pullrequests-build/89815/console).; ### Failing tests:; - [projectroot.roottest.python.JupyROOT.roottest_python_JupyROOT_cppcompleter_doctest](https://lcgapp-services.cern.ch/root-jenkins/job/root-pullrequests-build/89815/testReport/projectroot.roottest.python/JupyROOT/roottest_python_JupyROOT_cppcompleter_doctest/); - [projectroot.test.test_stresshistofit_interpreted](https://lcgapp-services.cern.ch/root-jenkins/job/root-pullrequests-build/89815/testReport/projectroot/test/test_stresshistofit_interpreted/),MatchSource.ISSUE_COMMENT,root-project,root,v6-32-06,https://github.com/root-project/root/pull/5884#issuecomment-658681261:413,test,tests,413,https://root.cern,https://github.com/root-project/root/pull/5884#issuecomment-658681261,5,['test'],"['test', 'testReport', 'tests']"
Testability,Build failed on ROOT-fedora31/noimt.; Running on root-fedora-31-2.cern.ch:/home/sftnight/build/workspace/root-pullrequests-build; [See cdash](http://cdash.cern.ch/index.php?project=ROOT&filtercount=1&field1=buildname/string&compare1=65&value1=PR-5884-ROOT-fedora31-noimt&date=2020-07-16).; [See console output](https://lcgapp-services.cern.ch/root-jenkins/job/root-pullrequests-build/89977/console).; ### Failing tests:; - [projectroot.roottest.python.JupyROOT.roottest_python_JupyROOT_cppcompleter_doctest](https://lcgapp-services.cern.ch/root-jenkins/job/root-pullrequests-build/89977/testReport/projectroot.roottest.python/JupyROOT/roottest_python_JupyROOT_cppcompleter_doctest/); - [projectroot.test.test_stresshistofit_interpreted](https://lcgapp-services.cern.ch/root-jenkins/job/root-pullrequests-build/89977/testReport/projectroot/test/test_stresshistofit_interpreted/),MatchSource.ISSUE_COMMENT,root-project,root,v6-32-06,https://github.com/root-project/root/pull/5884#issuecomment-659365191:413,test,tests,413,https://root.cern,https://github.com/root-project/root/pull/5884#issuecomment-659365191,5,['test'],"['test', 'testReport', 'tests']"
Testability,Build failed on ROOT-fedora31/noimt.; Running on root-fedora-31-2.cern.ch:/home/sftnight/build/workspace/root-pullrequests-build; [See cdash](http://cdash.cern.ch/index.php?project=ROOT&filtercount=1&field1=buildname/string&compare1=65&value1=PR-5884-ROOT-fedora31-noimt&date=2020-07-16).; [See console output](https://lcgapp-services.cern.ch/root-jenkins/job/root-pullrequests-build/90001/console).; ### Failing tests:; - [projectroot.test.test_stresshistofit_interpreted](https://lcgapp-services.cern.ch/root-jenkins/job/root-pullrequests-build/90001/testReport/projectroot/test/test_stresshistofit_interpreted/); - [projectroot.runtutorials.tutorial_tmva_envelope_classification](https://lcgapp-services.cern.ch/root-jenkins/job/root-pullrequests-build/90001/testReport/projectroot/runtutorials/tutorial_tmva_envelope_classification/); - [projectroot.roottest.python.JupyROOT.roottest_python_JupyROOT_cppcompleter_doctest](https://lcgapp-services.cern.ch/root-jenkins/job/root-pullrequests-build/90001/testReport/projectroot.roottest.python/JupyROOT/roottest_python_JupyROOT_cppcompleter_doctest/),MatchSource.ISSUE_COMMENT,root-project,root,v6-32-06,https://github.com/root-project/root/pull/5884#issuecomment-659441653:413,test,tests,413,https://root.cern,https://github.com/root-project/root/pull/5884#issuecomment-659441653,6,['test'],"['test', 'testReport', 'tests']"
Testability,Build failed on ROOT-fedora31/noimt.; Running on root-fedora-31-2.cern.ch:/home/sftnight/build/workspace/root-pullrequests-build; [See cdash](http://cdash.cern.ch/index.php?project=ROOT&filtercount=1&field1=buildname/string&compare1=65&value1=PR-5884-ROOT-fedora31-noimt&date=2020-07-28).; [See console output](https://lcgapp-services.cern.ch/root-jenkins/job/root-pullrequests-build/90838/console).; ### Failing tests:; - [projectroot.test.test_stresshistofit_interpreted](https://lcgapp-services.cern.ch/root-jenkins/job/root-pullrequests-build/90838/testReport/projectroot/test/test_stresshistofit_interpreted/); - [projectroot.roottest.python.JupyROOT.roottest_python_JupyROOT_cppcompleter_doctest](https://lcgapp-services.cern.ch/root-jenkins/job/root-pullrequests-build/90838/testReport/projectroot.roottest.python/JupyROOT/roottest_python_JupyROOT_cppcompleter_doctest/),MatchSource.ISSUE_COMMENT,root-project,root,v6-32-06,https://github.com/root-project/root/pull/5884#issuecomment-665228939:413,test,tests,413,https://root.cern,https://github.com/root-project/root/pull/5884#issuecomment-665228939,5,['test'],"['test', 'testReport', 'tests']"
Testability,Build failed on ROOT-fedora31/noimt.; Running on root-fedora-31-2.cern.ch:/home/sftnight/build/workspace/root-pullrequests-build; [See cdash](http://cdash.cern.ch/index.php?project=ROOT&filtercount=1&field1=buildname/string&compare1=65&value1=PR-5884-ROOT-fedora31-noimt&date=2020-07-28).; [See console output](https://lcgapp-services.cern.ch/root-jenkins/job/root-pullrequests-build/90846/console).; ### Failing tests:; - [projectroot.roottest.python.JupyROOT.roottest_python_JupyROOT_cppcompleter_doctest](https://lcgapp-services.cern.ch/root-jenkins/job/root-pullrequests-build/90846/testReport/projectroot.roottest.python/JupyROOT/roottest_python_JupyROOT_cppcompleter_doctest/),MatchSource.ISSUE_COMMENT,root-project,root,v6-32-06,https://github.com/root-project/root/pull/5884#issuecomment-665271165:413,test,tests,413,https://root.cern,https://github.com/root-project/root/pull/5884#issuecomment-665271165,2,['test'],"['testReport', 'tests']"
Testability,Build failed on ROOT-fedora31/noimt.; Running on root-fedora-31-2.cern.ch:/home/sftnight/build/workspace/root-pullrequests-build; [See cdash](http://cdash.cern.ch/index.php?project=ROOT&filtercount=1&field1=buildname/string&compare1=65&value1=PR-5884-ROOT-fedora31-noimt&date=2020-07-28).; [See console output](https://lcgapp-services.cern.ch/root-jenkins/job/root-pullrequests-build/90854/console).; ### Failing tests:; - [projectroot.runtutorials.tutorial_tmva_envelope_classification](https://lcgapp-services.cern.ch/root-jenkins/job/root-pullrequests-build/90854/testReport/projectroot/runtutorials/tutorial_tmva_envelope_classification/); - [projectroot.roottest.python.JupyROOT.roottest_python_JupyROOT_cppcompleter_doctest](https://lcgapp-services.cern.ch/root-jenkins/job/root-pullrequests-build/90854/testReport/projectroot.roottest.python/JupyROOT/roottest_python_JupyROOT_cppcompleter_doctest/),MatchSource.ISSUE_COMMENT,root-project,root,v6-32-06,https://github.com/root-project/root/pull/5884#issuecomment-665286793:413,test,tests,413,https://root.cern,https://github.com/root-project/root/pull/5884#issuecomment-665286793,3,['test'],"['testReport', 'tests']"
Testability,Build failed on ROOT-fedora31/noimt.; Running on root-fedora-31-2.cern.ch:/home/sftnight/build/workspace/root-pullrequests-build; [See cdash](http://cdash.cern.ch/index.php?project=ROOT&filtercount=1&field1=buildname/string&compare1=65&value1=PR-5884-ROOT-fedora31-noimt&date=2020-08-07).; [See console output](https://lcgapp-services.cern.ch/root-jenkins/job/root-pullrequests-build/91861/console).; ### Failing tests:; - [projectroot.runtutorials.tutorial_tmva_envelope_classification](https://lcgapp-services.cern.ch/root-jenkins/job/root-pullrequests-build/91861/testReport/projectroot/runtutorials/tutorial_tmva_envelope_classification/); - [projectroot.roottest.python.JupyROOT.roottest_python_JupyROOT_cppcompleter_doctest](https://lcgapp-services.cern.ch/root-jenkins/job/root-pullrequests-build/91861/testReport/projectroot.roottest.python/JupyROOT/roottest_python_JupyROOT_cppcompleter_doctest/),MatchSource.ISSUE_COMMENT,root-project,root,v6-32-06,https://github.com/root-project/root/pull/5884#issuecomment-670529943:413,test,tests,413,https://root.cern,https://github.com/root-project/root/pull/5884#issuecomment-670529943,3,['test'],"['testReport', 'tests']"
Testability,Build failed on ROOT-fedora31/noimt.; Running on root-fedora-31-2.cern.ch:/home/sftnight/build/workspace/root-pullrequests-build; [See cdash](http://cdash.cern.ch/index.php?project=ROOT&filtercount=1&field1=buildname/string&compare1=65&value1=PR-5884-ROOT-fedora31-noimt&date=2020-08-07).; [See console output](https://lcgapp-services.cern.ch/root-jenkins/job/root-pullrequests-build/91885/console).; ### Failing tests:; - [projectroot.roottest.python.JupyROOT.roottest_python_JupyROOT_cppcompleter_doctest](https://lcgapp-services.cern.ch/root-jenkins/job/root-pullrequests-build/91885/testReport/projectroot.roottest.python/JupyROOT/roottest_python_JupyROOT_cppcompleter_doctest/),MatchSource.ISSUE_COMMENT,root-project,root,v6-32-06,https://github.com/root-project/root/pull/5884#issuecomment-670562186:413,test,tests,413,https://root.cern,https://github.com/root-project/root/pull/5884#issuecomment-670562186,2,['test'],"['testReport', 'tests']"
Testability,Build failed on ROOT-fedora31/noimt.; Running on root-fedora-31-2.cern.ch:/home/sftnight/build/workspace/root-pullrequests-build; [See cdash](http://cdash.cern.ch/index.php?project=ROOT&filtercount=1&field1=buildname/string&compare1=65&value1=PR-5885-ROOT-fedora31-noimt&date=2020-06-30).; [See console output](https://lcgapp-services.cern.ch/root-jenkins/job/root-pullrequests-build/88412/console).; ### Failing tests:; - [projectroot.bindings.pyroot.pythonizations.test.pyunittests_pyroot_numbadeclare](https://lcgapp-services.cern.ch/root-jenkins/job/root-pullrequests-build/88412/testReport/projectroot.bindings.pyroot.pythonizations/test/pyunittests_pyroot_numbadeclare/),MatchSource.ISSUE_COMMENT,root-project,root,v6-32-06,https://github.com/root-project/root/pull/5885#issuecomment-651859990:413,test,tests,413,https://root.cern,https://github.com/root-project/root/pull/5885#issuecomment-651859990,4,['test'],"['test', 'testReport', 'tests']"
Testability,Build failed on ROOT-fedora31/noimt.; Running on root-fedora-31-2.cern.ch:/home/sftnight/build/workspace/root-pullrequests-build; [See cdash](http://cdash.cern.ch/index.php?project=ROOT&filtercount=1&field1=buildname/string&compare1=65&value1=PR-5919-ROOT-fedora31-noimt&date=2020-06-30).; [See console output](https://lcgapp-services.cern.ch/root-jenkins/job/root-pullrequests-build/88564/console).; ### Failing tests:; - [projectroot.bindings.pyroot.pythonizations.test.pyunittests_pyroot_numbadeclare](https://lcgapp-services.cern.ch/root-jenkins/job/root-pullrequests-build/88564/testReport/projectroot.bindings.pyroot.pythonizations/test/pyunittests_pyroot_numbadeclare/),MatchSource.ISSUE_COMMENT,root-project,root,v6-32-06,https://github.com/root-project/root/pull/5919#issuecomment-651905232:413,test,tests,413,https://root.cern,https://github.com/root-project/root/pull/5919#issuecomment-651905232,4,['test'],"['test', 'testReport', 'tests']"
Testability,Build failed on ROOT-fedora31/noimt.; Running on root-fedora-31-2.cern.ch:/home/sftnight/build/workspace/root-pullrequests-build; [See cdash](http://cdash.cern.ch/index.php?project=ROOT&filtercount=1&field1=buildname/string&compare1=65&value1=PR-5919-ROOT-fedora31-noimt&date=2020-06-30).; [See console output](https://lcgapp-services.cern.ch/root-jenkins/job/root-pullrequests-build/88572/console).; ### Failing tests:; - [projectroot.bindings.pyroot.pythonizations.test.pyunittests_pyroot_numbadeclare](https://lcgapp-services.cern.ch/root-jenkins/job/root-pullrequests-build/88572/testReport/projectroot.bindings.pyroot.pythonizations/test/pyunittests_pyroot_numbadeclare/),MatchSource.ISSUE_COMMENT,root-project,root,v6-32-06,https://github.com/root-project/root/pull/5919#issuecomment-651914981:413,test,tests,413,https://root.cern,https://github.com/root-project/root/pull/5919#issuecomment-651914981,4,['test'],"['test', 'testReport', 'tests']"
Testability,Build failed on ROOT-fedora31/noimt.; Running on root-fedora-31-2.cern.ch:/home/sftnight/build/workspace/root-pullrequests-build; [See cdash](http://cdash.cern.ch/index.php?project=ROOT&filtercount=1&field1=buildname/string&compare1=65&value1=PR-5933-ROOT-fedora31-noimt&date=2020-06-30).; [See console output](https://lcgapp-services.cern.ch/root-jenkins/job/root-pullrequests-build/88340/console).; ### Failing tests:; - [projectroot.bindings.pyroot.pythonizations.test.pyunittests_pyroot_numbadeclare](https://lcgapp-services.cern.ch/root-jenkins/job/root-pullrequests-build/88340/testReport/projectroot.bindings.pyroot.pythonizations/test/pyunittests_pyroot_numbadeclare/),MatchSource.ISSUE_COMMENT,root-project,root,v6-32-06,https://github.com/root-project/root/pull/5933#issuecomment-651757647:413,test,tests,413,https://root.cern,https://github.com/root-project/root/pull/5933#issuecomment-651757647,4,['test'],"['test', 'testReport', 'tests']"
Testability,Build failed on ROOT-fedora31/noimt.; Running on root-fedora-31-2.cern.ch:/home/sftnight/build/workspace/root-pullrequests-build; [See cdash](http://cdash.cern.ch/index.php?project=ROOT&filtercount=1&field1=buildname/string&compare1=65&value1=PR-5938-ROOT-fedora31-noimt&date=2020-06-30).; [See console output](https://lcgapp-services.cern.ch/root-jenkins/job/root-pullrequests-build/88428/console).; ### Failing tests:; - [projectroot.bindings.pyroot.pythonizations.test.pyunittests_pyroot_numbadeclare](https://lcgapp-services.cern.ch/root-jenkins/job/root-pullrequests-build/88428/testReport/projectroot.bindings.pyroot.pythonizations/test/pyunittests_pyroot_numbadeclare/),MatchSource.ISSUE_COMMENT,root-project,root,v6-32-06,https://github.com/root-project/root/pull/5938#issuecomment-651865216:413,test,tests,413,https://root.cern,https://github.com/root-project/root/pull/5938#issuecomment-651865216,4,['test'],"['test', 'testReport', 'tests']"
Testability,Build failed on ROOT-fedora31/noimt.; Running on root-fedora-31-2.cern.ch:/home/sftnight/build/workspace/root-pullrequests-build; [See cdash](http://cdash.cern.ch/index.php?project=ROOT&filtercount=1&field1=buildname/string&compare1=65&value1=PR-5938-ROOT-fedora31-noimt&date=2020-06-30).; [See console output](https://lcgapp-services.cern.ch/root-jenkins/job/root-pullrequests-build/88580/console).; ### Failing tests:; - [projectroot.bindings.pyroot.pythonizations.test.pyunittests_pyroot_numbadeclare](https://lcgapp-services.cern.ch/root-jenkins/job/root-pullrequests-build/88580/testReport/projectroot.bindings.pyroot.pythonizations/test/pyunittests_pyroot_numbadeclare/),MatchSource.ISSUE_COMMENT,root-project,root,v6-32-06,https://github.com/root-project/root/pull/5938#issuecomment-651919366:413,test,tests,413,https://root.cern,https://github.com/root-project/root/pull/5938#issuecomment-651919366,4,['test'],"['test', 'testReport', 'tests']"
Testability,Build failed on ROOT-fedora31/noimt.; Running on root-fedora-31-2.cern.ch:/home/sftnight/build/workspace/root-pullrequests-build; [See cdash](http://cdash.cern.ch/index.php?project=ROOT&filtercount=1&field1=buildname/string&compare1=65&value1=PR-5938-ROOT-fedora31-noimt&date=2020-07-01).; [See console output](https://lcgapp-services.cern.ch/root-jenkins/job/root-pullrequests-build/88620/console).; ### Failing tests:; - [projectroot.bindings.pyroot.pythonizations.test.pyunittests_pyroot_numbadeclare](https://lcgapp-services.cern.ch/root-jenkins/job/root-pullrequests-build/88620/testReport/projectroot.bindings.pyroot.pythonizations/test/pyunittests_pyroot_numbadeclare/),MatchSource.ISSUE_COMMENT,root-project,root,v6-32-06,https://github.com/root-project/root/pull/5938#issuecomment-652242481:413,test,tests,413,https://root.cern,https://github.com/root-project/root/pull/5938#issuecomment-652242481,4,['test'],"['test', 'testReport', 'tests']"
Testability,Build failed on ROOT-fedora31/noimt.; Running on root-fedora-31-2.cern.ch:/home/sftnight/build/workspace/root-pullrequests-build; [See cdash](http://cdash.cern.ch/index.php?project=ROOT&filtercount=1&field1=buildname/string&compare1=65&value1=PR-5938-ROOT-fedora31-noimt&date=2020-07-07).; [See console output](https://lcgapp-services.cern.ch/root-jenkins/job/root-pullrequests-build/89077/console).; ### Failing tests:; - [projectroot.runtutorials.test_import_keras](https://lcgapp-services.cern.ch/root-jenkins/job/root-pullrequests-build/89077/testReport/projectroot/runtutorials/test_import_keras/),MatchSource.ISSUE_COMMENT,root-project,root,v6-32-06,https://github.com/root-project/root/pull/5938#issuecomment-654854837:413,test,tests,413,https://root.cern,https://github.com/root-project/root/pull/5938#issuecomment-654854837,2,['test'],"['testReport', 'tests']"
Testability,Build failed on ROOT-fedora31/noimt.; Running on root-fedora-31-2.cern.ch:/home/sftnight/build/workspace/root-pullrequests-build; [See cdash](http://cdash.cern.ch/index.php?project=ROOT&filtercount=1&field1=buildname/string&compare1=65&value1=PR-5941-ROOT-fedora31-noimt&date=2020-06-30).; [See console output](https://lcgapp-services.cern.ch/root-jenkins/job/root-pullrequests-build/88283/console).; ### Failing tests:; - [projectroot.bindings.pyroot.pythonizations.test.pyunittests_pyroot_numbadeclare](https://lcgapp-services.cern.ch/root-jenkins/job/root-pullrequests-build/88283/testReport/projectroot.bindings.pyroot.pythonizations/test/pyunittests_pyroot_numbadeclare/),MatchSource.ISSUE_COMMENT,root-project,root,v6-32-06,https://github.com/root-project/root/pull/5941#issuecomment-651729213:413,test,tests,413,https://root.cern,https://github.com/root-project/root/pull/5941#issuecomment-651729213,4,['test'],"['test', 'testReport', 'tests']"
Testability,Build failed on ROOT-fedora31/noimt.; Running on root-fedora-31-2.cern.ch:/home/sftnight/build/workspace/root-pullrequests-build; [See cdash](http://cdash.cern.ch/index.php?project=ROOT&filtercount=1&field1=buildname/string&compare1=65&value1=PR-5945-ROOT-fedora31-noimt&date=2020-06-30).; [See console output](https://lcgapp-services.cern.ch/root-jenkins/job/root-pullrequests-build/88307/console).; ### Failing tests:; - [projectroot.bindings.pyroot.pythonizations.test.pyunittests_pyroot_numbadeclare](https://lcgapp-services.cern.ch/root-jenkins/job/root-pullrequests-build/88307/testReport/projectroot.bindings.pyroot.pythonizations/test/pyunittests_pyroot_numbadeclare/),MatchSource.ISSUE_COMMENT,root-project,root,v6-32-06,https://github.com/root-project/root/pull/5945#issuecomment-651749864:413,test,tests,413,https://root.cern,https://github.com/root-project/root/pull/5945#issuecomment-651749864,4,['test'],"['test', 'testReport', 'tests']"
Testability,Build failed on ROOT-fedora31/noimt.; Running on root-fedora-31-2.cern.ch:/home/sftnight/build/workspace/root-pullrequests-build; [See cdash](http://cdash.cern.ch/index.php?project=ROOT&filtercount=1&field1=buildname/string&compare1=65&value1=PR-5947-ROOT-fedora31-noimt&date=2020-06-30).; [See console output](https://lcgapp-services.cern.ch/root-jenkins/job/root-pullrequests-build/88372/console).; ### Failing tests:; - [projectroot.bindings.pyroot.pythonizations.test.pyunittests_pyroot_numbadeclare](https://lcgapp-services.cern.ch/root-jenkins/job/root-pullrequests-build/88372/testReport/projectroot.bindings.pyroot.pythonizations/test/pyunittests_pyroot_numbadeclare/),MatchSource.ISSUE_COMMENT,root-project,root,v6-32-06,https://github.com/root-project/root/pull/5947#issuecomment-651761686:413,test,tests,413,https://root.cern,https://github.com/root-project/root/pull/5947#issuecomment-651761686,4,['test'],"['test', 'testReport', 'tests']"
Testability,Build failed on ROOT-fedora31/noimt.; Running on root-fedora-31-2.cern.ch:/home/sftnight/build/workspace/root-pullrequests-build; [See cdash](http://cdash.cern.ch/index.php?project=ROOT&filtercount=1&field1=buildname/string&compare1=65&value1=PR-5949-ROOT-fedora31-noimt&date=2020-06-30).; [See console output](https://lcgapp-services.cern.ch/root-jenkins/job/root-pullrequests-build/88404/console).; ### Failing tests:; - [projectroot.bindings.pyroot.pythonizations.test.pyunittests_pyroot_numbadeclare](https://lcgapp-services.cern.ch/root-jenkins/job/root-pullrequests-build/88404/testReport/projectroot.bindings.pyroot.pythonizations/test/pyunittests_pyroot_numbadeclare/),MatchSource.ISSUE_COMMENT,root-project,root,v6-32-06,https://github.com/root-project/root/pull/5949#issuecomment-651851971:413,test,tests,413,https://root.cern,https://github.com/root-project/root/pull/5949#issuecomment-651851971,4,['test'],"['test', 'testReport', 'tests']"
Testability,Build failed on ROOT-fedora31/noimt.; Running on root-fedora-31-2.cern.ch:/home/sftnight/build/workspace/root-pullrequests-build; [See cdash](http://cdash.cern.ch/index.php?project=ROOT&filtercount=1&field1=buildname/string&compare1=65&value1=PR-5950-ROOT-fedora31-noimt&date=2020-06-30).; [See console output](https://lcgapp-services.cern.ch/root-jenkins/job/root-pullrequests-build/88524/console).; ### Failing tests:; - [projectroot.bindings.pyroot.pythonizations.test.pyunittests_pyroot_numbadeclare](https://lcgapp-services.cern.ch/root-jenkins/job/root-pullrequests-build/88524/testReport/projectroot.bindings.pyroot.pythonizations/test/pyunittests_pyroot_numbadeclare/),MatchSource.ISSUE_COMMENT,root-project,root,v6-32-06,https://github.com/root-project/root/pull/5950#issuecomment-651875979:413,test,tests,413,https://root.cern,https://github.com/root-project/root/pull/5950#issuecomment-651875979,4,['test'],"['test', 'testReport', 'tests']"
Testability,Build failed on ROOT-fedora31/noimt.; Running on root-fedora-31-2.cern.ch:/home/sftnight/build/workspace/root-pullrequests-build; [See cdash](http://cdash.cern.ch/index.php?project=ROOT&filtercount=1&field1=buildname/string&compare1=65&value1=PR-5951-ROOT-fedora31-noimt&date=2020-06-30).; [See console output](https://lcgapp-services.cern.ch/root-jenkins/job/root-pullrequests-build/88532/console).; ### Failing tests:; - [projectroot.bindings.pyroot.pythonizations.test.pyunittests_pyroot_numbadeclare](https://lcgapp-services.cern.ch/root-jenkins/job/root-pullrequests-build/88532/testReport/projectroot.bindings.pyroot.pythonizations/test/pyunittests_pyroot_numbadeclare/),MatchSource.ISSUE_COMMENT,root-project,root,v6-32-06,https://github.com/root-project/root/pull/5951#issuecomment-651886964:413,test,tests,413,https://root.cern,https://github.com/root-project/root/pull/5951#issuecomment-651886964,4,['test'],"['test', 'testReport', 'tests']"
Testability,Build failed on ROOT-fedora31/noimt.; Running on root-fedora-31-2.cern.ch:/home/sftnight/build/workspace/root-pullrequests-build; [See cdash](http://cdash.cern.ch/index.php?project=ROOT&filtercount=1&field1=buildname/string&compare1=65&value1=PR-5952-ROOT-fedora31-noimt&date=2020-06-30).; [See console output](https://lcgapp-services.cern.ch/root-jenkins/job/root-pullrequests-build/88540/console).; ### Failing tests:; - [projectroot.bindings.pyroot.pythonizations.test.pyunittests_pyroot_numbadeclare](https://lcgapp-services.cern.ch/root-jenkins/job/root-pullrequests-build/88540/testReport/projectroot.bindings.pyroot.pythonizations/test/pyunittests_pyroot_numbadeclare/),MatchSource.ISSUE_COMMENT,root-project,root,v6-32-06,https://github.com/root-project/root/pull/5952#issuecomment-651895409:413,test,tests,413,https://root.cern,https://github.com/root-project/root/pull/5952#issuecomment-651895409,4,['test'],"['test', 'testReport', 'tests']"
Testability,Build failed on ROOT-fedora31/noimt.; Running on root-fedora-31-2.cern.ch:/home/sftnight/build/workspace/root-pullrequests-build; [See cdash](http://cdash.cern.ch/index.php?project=ROOT&filtercount=1&field1=buildname/string&compare1=65&value1=PR-5953-ROOT-fedora31-noimt&date=2020-06-30).; [See console output](https://lcgapp-services.cern.ch/root-jenkins/job/root-pullrequests-build/88548/console).; ### Failing tests:; - [projectroot.bindings.pyroot.pythonizations.test.pyunittests_pyroot_numbadeclare](https://lcgapp-services.cern.ch/root-jenkins/job/root-pullrequests-build/88548/testReport/projectroot.bindings.pyroot.pythonizations/test/pyunittests_pyroot_numbadeclare/),MatchSource.ISSUE_COMMENT,root-project,root,v6-32-06,https://github.com/root-project/root/pull/5953#issuecomment-651900771:413,test,tests,413,https://root.cern,https://github.com/root-project/root/pull/5953#issuecomment-651900771,4,['test'],"['test', 'testReport', 'tests']"
Testability,Build failed on ROOT-fedora31/noimt.; Running on root-fedora-31-2.cern.ch:/home/sftnight/build/workspace/root-pullrequests-build; [See cdash](http://cdash.cern.ch/index.php?project=ROOT&filtercount=1&field1=buildname/string&compare1=65&value1=PR-5955-ROOT-fedora31-noimt&date=2020-06-30).; [See console output](https://lcgapp-services.cern.ch/root-jenkins/job/root-pullrequests-build/88596/console).; ### Failing tests:; - [projectroot.bindings.pyroot.pythonizations.test.pyunittests_pyroot_numbadeclare](https://lcgapp-services.cern.ch/root-jenkins/job/root-pullrequests-build/88596/testReport/projectroot.bindings.pyroot.pythonizations/test/pyunittests_pyroot_numbadeclare/),MatchSource.ISSUE_COMMENT,root-project,root,v6-32-06,https://github.com/root-project/root/pull/5955#issuecomment-651993577:413,test,tests,413,https://root.cern,https://github.com/root-project/root/pull/5955#issuecomment-651993577,4,['test'],"['test', 'testReport', 'tests']"
Testability,Build failed on ROOT-fedora31/noimt.; Running on root-fedora-31-2.cern.ch:/home/sftnight/build/workspace/root-pullrequests-build; [See cdash](http://cdash.cern.ch/index.php?project=ROOT&filtercount=1&field1=buildname/string&compare1=65&value1=PR-5960-ROOT-fedora31-noimt&date=2020-07-01).; [See console output](https://lcgapp-services.cern.ch/root-jenkins/job/root-pullrequests-build/88660/console).; ### Failing tests:; - [projectroot.bindings.pyroot.pythonizations.test.pyunittests_pyroot_numbadeclare](https://lcgapp-services.cern.ch/root-jenkins/job/root-pullrequests-build/88660/testReport/projectroot.bindings.pyroot.pythonizations/test/pyunittests_pyroot_numbadeclare/),MatchSource.ISSUE_COMMENT,root-project,root,v6-32-06,https://github.com/root-project/root/pull/5960#issuecomment-652303030:413,test,tests,413,https://root.cern,https://github.com/root-project/root/pull/5960#issuecomment-652303030,4,['test'],"['test', 'testReport', 'tests']"
Testability,Build failed on ROOT-fedora31/noimt.; Running on root-fedora-31-2.cern.ch:/home/sftnight/build/workspace/root-pullrequests-build; [See cdash](http://cdash.cern.ch/index.php?project=ROOT&filtercount=1&field1=buildname/string&compare1=65&value1=PR-6016-ROOT-fedora31-noimt&date=2020-07-09).; [See console output](https://lcgapp-services.cern.ch/root-jenkins/job/root-pullrequests-build/89439/console).; ### Failing tests:; - [projectroot.roottest.root.io.uniquePointer.roottest_root_io_uniquePointer_simpleWriteRead](https://lcgapp-services.cern.ch/root-jenkins/job/root-pullrequests-build/89439/testReport/projectroot.roottest.root.io/uniquePointer/roottest_root_io_uniquePointer_simpleWriteRead/); - [projectroot.roottest.root.io.cpp11Containers.roottest_root_io_cpp11Containers_forwardList](https://lcgapp-services.cern.ch/root-jenkins/job/root-pullrequests-build/89439/testReport/projectroot.roottest.root.io/cpp11Containers/roottest_root_io_cpp11Containers_forwardList/); - [projectroot.tmva.tmva.test.gtest_tmva_tmva_test_branchlessForest](https://lcgapp-services.cern.ch/root-jenkins/job/root-pullrequests-build/89439/testReport/projectroot.tmva.tmva/test/gtest_tmva_tmva_test_branchlessForest/); - [projectroot.tmva.tmva.test.gtest_tmva_tmva_test_rbdt](https://lcgapp-services.cern.ch/root-jenkins/job/root-pullrequests-build/89439/testReport/projectroot.tmva.tmva/test/gtest_tmva_tmva_test_rbdt/); - [projectroot.roottest.root.io.complex.roottest_root_io_complex_readcomplex](https://lcgapp-services.cern.ch/root-jenkins/job/root-pullrequests-build/89439/testReport/projectroot.roottest.root.io/complex/roottest_root_io_complex_readcomplex/); - [projectroot.roottest.root.io.complex.roottest_root_io_complex_readClassWithComplex](https://lcgapp-services.cern.ch/root-jenkins/job/root-pullrequests-build/89439/testReport/projectroot.roottest.root.io/complex/roottest_root_io_complex_readClassWithComplex/); - [projectroot.roottest.root.io.cpp11Containers.roottest_root_io_cpp11Containers_unorder,MatchSource.ISSUE_COMMENT,root-project,root,v6-32-06,https://github.com/root-project/root/pull/6016#issuecomment-656265880:413,test,tests,413,https://root.cern,https://github.com/root-project/root/pull/6016#issuecomment-656265880,3,['test'],"['testReport', 'tests']"
Testability,Build failed on ROOT-fedora31/noimt.; Running on root-fedora-31-2.cern.ch:/home/sftnight/build/workspace/root-pullrequests-build; [See cdash](http://cdash.cern.ch/index.php?project=ROOT&filtercount=1&field1=buildname/string&compare1=65&value1=PR-6038-ROOT-fedora31-noimt&date=2020-08-05).; [See console output](https://lcgapp-services.cern.ch/root-jenkins/job/root-pullrequests-build/91497/console).; ### Failing tests:; - [projectroot.test.test_stressentrylist](https://lcgapp-services.cern.ch/root-jenkins/job/root-pullrequests-build/91497/testReport/projectroot/test/test_stressentrylist/); - [projectroot.test.test_check_nullptr](https://lcgapp-services.cern.ch/root-jenkins/job/root-pullrequests-build/91497/testReport/projectroot/test/test_check_nullptr/); - [projectroot.test.test_stressshapes_interpreted](https://lcgapp-services.cern.ch/root-jenkins/job/root-pullrequests-build/91497/testReport/projectroot/test/test_stressshapes_interpreted/); - [projectroot.test.test_stressgraphics_interpreted](https://lcgapp-services.cern.ch/root-jenkins/job/root-pullrequests-build/91497/testReport/projectroot/test/test_stressgraphics_interpreted/); - [projectroot.test.test_stresstmva_interpreted](https://lcgapp-services.cern.ch/root-jenkins/job/root-pullrequests-build/91497/testReport/projectroot/test/test_stresstmva_interpreted/); - [projectroot.test.test_stresshistogram_interpreted](https://lcgapp-services.cern.ch/root-jenkins/job/root-pullrequests-build/91497/testReport/projectroot/test/test_stresshistogram_interpreted/); - [projectroot.test.test_stressmathmore_interpreted](https://lcgapp-services.cern.ch/root-jenkins/job/root-pullrequests-build/91497/testReport/projectroot/test/test_stressmathmore_interpreted/); - [projectroot.test.test_stressvector_interpreted](https://lcgapp-services.cern.ch/root-jenkins/job/root-pullrequests-build/91497/testReport/projectroot/test/test_stressvector_interpreted/); - [projectroot.test.test_stressmathcore_interpreted](https://lcgapp-services.cern.,MatchSource.ISSUE_COMMENT,root-project,root,v6-32-06,https://github.com/root-project/root/pull/6038#issuecomment-669077234:413,test,tests,413,https://root.cern,https://github.com/root-project/root/pull/6038#issuecomment-669077234,11,['test'],"['test', 'testReport', 'tests']"
Testability,Build failed on ROOT-fedora31/noimt.; Running on root-fedora-31-2.cern.ch:/home/sftnight/build/workspace/root-pullrequests-build; [See cdash](http://cdash.cern.ch/index.php?project=ROOT&filtercount=1&field1=buildname/string&compare1=65&value1=PR-6061-ROOT-fedora31-noimt&date=2020-07-21).; [See console output](https://lcgapp-services.cern.ch/root-jenkins/job/root-pullrequests-build/90317/console).; ### Failing tests:; - [projectroot.roottest.root.meta.ROOT-7462.roottest_root_meta_ROOT_7462_make](https://lcgapp-services.cern.ch/root-jenkins/job/root-pullrequests-build/90317/testReport/projectroot.roottest.root.meta/ROOT-7462/roottest_root_meta_ROOT_7462_make/),MatchSource.ISSUE_COMMENT,root-project,root,v6-32-06,https://github.com/root-project/root/pull/6061#issuecomment-662106145:413,test,tests,413,https://root.cern,https://github.com/root-project/root/pull/6061#issuecomment-662106145,2,['test'],"['testReport', 'tests']"
Testability,Build failed on ROOT-fedora31/noimt.; Running on root-fedora-31-2.cern.ch:/home/sftnight/build/workspace/root-pullrequests-build; [See cdash](http://cdash.cern.ch/index.php?project=ROOT&filtercount=1&field1=buildname/string&compare1=65&value1=PR-6071-ROOT-fedora31-noimt&date=2020-07-23).; [See console output](https://lcgapp-services.cern.ch/root-jenkins/job/root-pullrequests-build/90501/console).; ### Failing tests:; - [projectroot.tree.tree.test.gtest_tree_tree_test_testTTreeRegressions](https://lcgapp-services.cern.ch/root-jenkins/job/root-pullrequests-build/90501/testReport/projectroot.tree.tree/test/gtest_tree_tree_test_testTTreeRegressions/),MatchSource.ISSUE_COMMENT,root-project,root,v6-32-06,https://github.com/root-project/root/pull/6071#issuecomment-663102815:413,test,tests,413,https://root.cern,https://github.com/root-project/root/pull/6071#issuecomment-663102815,4,['test'],"['test', 'testReport', 'tests']"
Testability,Build failed on ROOT-fedora31/noimt.; Running on root-fedora-31-2.cern.ch:/home/sftnight/build/workspace/root-pullrequests-build; [See cdash](http://cdash.cern.ch/index.php?project=ROOT&filtercount=1&field1=buildname/string&compare1=65&value1=PR-6073-ROOT-fedora31-noimt&date=2020-07-23).; [See console output](https://lcgapp-services.cern.ch/root-jenkins/job/root-pullrequests-build/90526/console).; ### Failing tests:; - [projectroot.roottest.root.io.filemerger.roottest_root_io_filemerger_execCreateAndMerge](https://lcgapp-services.cern.ch/root-jenkins/job/root-pullrequests-build/90526/testReport/projectroot.roottest.root.io/filemerger/roottest_root_io_filemerger_execCreateAndMerge/); - [projectroot.roottest.root.io.filemerger.roottest_root_io_filemerger_merged_zlib](https://lcgapp-services.cern.ch/root-jenkins/job/root-pullrequests-build/90526/testReport/projectroot.roottest.root.io/filemerger/roottest_root_io_filemerger_merged_zlib/); - [projectroot.roottest.root.io.filemerger.roottest_root_io_filemerger_merged_lz4](https://lcgapp-services.cern.ch/root-jenkins/job/root-pullrequests-build/90526/testReport/projectroot.roottest.root.io/filemerger/roottest_root_io_filemerger_merged_lz4/); - [projectroot.roottest.root.io.filemerger.roottest_root_io_filemerger_merged_lzma](https://lcgapp-services.cern.ch/root-jenkins/job/root-pullrequests-build/90526/testReport/projectroot.roottest.root.io/filemerger/roottest_root_io_filemerger_merged_lzma/); - [projectroot.roottest.root.io.filemerger.roottest_root_io_filemerger_merged_zstd](https://lcgapp-services.cern.ch/root-jenkins/job/root-pullrequests-build/90526/testReport/projectroot.roottest.root.io/filemerger/roottest_root_io_filemerger_merged_zstd/); - [projectroot.roottest.root.io.transient.base.roottest_root_io_transient_base_hadd_autoload](https://lcgapp-services.cern.ch/root-jenkins/job/root-pullrequests-build/90526/testReport/projectroot.roottest.root.io.transient/base/roottest_root_io_transient_base_hadd_autoload/),MatchSource.ISSUE_COMMENT,root-project,root,v6-32-06,https://github.com/root-project/root/pull/6073#issuecomment-663136931:413,test,tests,413,https://root.cern,https://github.com/root-project/root/pull/6073#issuecomment-663136931,7,['test'],"['testReport', 'tests']"
Testability,Build failed on ROOT-fedora31/noimt.; Running on root-fedora-31-2.cern.ch:/home/sftnight/build/workspace/root-pullrequests-build; [See cdash](http://cdash.cern.ch/index.php?project=ROOT&filtercount=1&field1=buildname/string&compare1=65&value1=PR-6073-ROOT-fedora31-noimt&date=2020-07-23).; [See console output](https://lcgapp-services.cern.ch/root-jenkins/job/root-pullrequests-build/90542/console).; ### Failing tests:; - [projectroot.roottest.root.io.filemerger.roottest_root_io_filemerger_execCreateAndMerge](https://lcgapp-services.cern.ch/root-jenkins/job/root-pullrequests-build/90542/testReport/projectroot.roottest.root.io/filemerger/roottest_root_io_filemerger_execCreateAndMerge/); - [projectroot.roottest.root.io.filemerger.roottest_root_io_filemerger_merged_zlib](https://lcgapp-services.cern.ch/root-jenkins/job/root-pullrequests-build/90542/testReport/projectroot.roottest.root.io/filemerger/roottest_root_io_filemerger_merged_zlib/); - [projectroot.roottest.root.io.filemerger.roottest_root_io_filemerger_merged_lzma](https://lcgapp-services.cern.ch/root-jenkins/job/root-pullrequests-build/90542/testReport/projectroot.roottest.root.io/filemerger/roottest_root_io_filemerger_merged_lzma/); - [projectroot.roottest.root.io.filemerger.roottest_root_io_filemerger_merged_lz4](https://lcgapp-services.cern.ch/root-jenkins/job/root-pullrequests-build/90542/testReport/projectroot.roottest.root.io/filemerger/roottest_root_io_filemerger_merged_lz4/); - [projectroot.roottest.root.io.filemerger.roottest_root_io_filemerger_merged_zstd](https://lcgapp-services.cern.ch/root-jenkins/job/root-pullrequests-build/90542/testReport/projectroot.roottest.root.io/filemerger/roottest_root_io_filemerger_merged_zstd/),MatchSource.ISSUE_COMMENT,root-project,root,v6-32-06,https://github.com/root-project/root/pull/6073#issuecomment-663241018:413,test,tests,413,https://root.cern,https://github.com/root-project/root/pull/6073#issuecomment-663241018,6,['test'],"['testReport', 'tests']"
Testability,Build failed on ROOT-fedora31/noimt.; Running on root-fedora-31-2.cern.ch:/home/sftnight/build/workspace/root-pullrequests-build; [See cdash](http://cdash.cern.ch/index.php?project=ROOT&filtercount=1&field1=buildname/string&compare1=65&value1=PR-6073-ROOT-fedora31-noimt&date=2020-07-24).; [See console output](https://lcgapp-services.cern.ch/root-jenkins/job/root-pullrequests-build/90550/console).; ### Failing tests:; - [projectroot.roottest.root.io.filemerger.roottest_root_io_filemerger_merged_zlib](https://lcgapp-services.cern.ch/root-jenkins/job/root-pullrequests-build/90550/testReport/projectroot.roottest.root.io/filemerger/roottest_root_io_filemerger_merged_zlib/); - [projectroot.roottest.root.io.filemerger.roottest_root_io_filemerger_merged_lzma](https://lcgapp-services.cern.ch/root-jenkins/job/root-pullrequests-build/90550/testReport/projectroot.roottest.root.io/filemerger/roottest_root_io_filemerger_merged_lzma/); - [projectroot.roottest.root.io.filemerger.roottest_root_io_filemerger_merged_lz4](https://lcgapp-services.cern.ch/root-jenkins/job/root-pullrequests-build/90550/testReport/projectroot.roottest.root.io/filemerger/roottest_root_io_filemerger_merged_lz4/); - [projectroot.roottest.root.io.filemerger.roottest_root_io_filemerger_merged_zstd](https://lcgapp-services.cern.ch/root-jenkins/job/root-pullrequests-build/90550/testReport/projectroot.roottest.root.io/filemerger/roottest_root_io_filemerger_merged_zstd/),MatchSource.ISSUE_COMMENT,root-project,root,v6-32-06,https://github.com/root-project/root/pull/6073#issuecomment-663264048:413,test,tests,413,https://root.cern,https://github.com/root-project/root/pull/6073#issuecomment-663264048,5,['test'],"['testReport', 'tests']"
Testability,Build failed on ROOT-fedora31/noimt.; Running on root-fedora-31-2.cern.ch:/home/sftnight/build/workspace/root-pullrequests-build; [See cdash](http://cdash.cern.ch/index.php?project=ROOT&filtercount=1&field1=buildname/string&compare1=65&value1=PR-6079-ROOT-fedora31-noimt&date=2020-07-29).; [See console output](https://lcgapp-services.cern.ch/root-jenkins/job/root-pullrequests-build/90902/console).; ### Failing tests:; - [projectroot.tmva.tmva.test.DNN.TMVA_DNN_MethodDL_Adam_Optimization_Cpu](https://lcgapp-services.cern.ch/root-jenkins/job/root-pullrequests-build/90902/testReport/projectroot.tmva.tmva.test/DNN/TMVA_DNN_MethodDL_Adam_Optimization_Cpu/),MatchSource.ISSUE_COMMENT,root-project,root,v6-32-06,https://github.com/root-project/root/pull/6079#issuecomment-665603172:413,test,tests,413,https://root.cern,https://github.com/root-project/root/pull/6079#issuecomment-665603172,4,['test'],"['test', 'testReport', 'tests']"
Testability,Build failed on ROOT-fedora31/noimt.; Running on root-fedora-31-2.cern.ch:/home/sftnight/build/workspace/root-pullrequests-build; [See cdash](http://cdash.cern.ch/index.php?project=ROOT&filtercount=1&field1=buildname/string&compare1=65&value1=PR-6087-ROOT-fedora31-noimt&date=2020-07-28).; [See console output](https://lcgapp-services.cern.ch/root-jenkins/job/root-pullrequests-build/90734/console).; ### Failing tests:; - [projectroot.tree.dataframe.test.gtest_tree_dataframe_test_dataframe_regression](https://lcgapp-services.cern.ch/root-jenkins/job/root-pullrequests-build/90734/testReport/projectroot.tree.dataframe/test/gtest_tree_dataframe_test_dataframe_regression/),MatchSource.ISSUE_COMMENT,root-project,root,v6-32-06,https://github.com/root-project/root/pull/6087#issuecomment-664988286:413,test,tests,413,https://root.cern,https://github.com/root-project/root/pull/6087#issuecomment-664988286,4,['test'],"['test', 'testReport', 'tests']"
Testability,Build failed on ROOT-fedora31/noimt.; Running on root-fedora-31-2.cern.ch:/home/sftnight/build/workspace/root-pullrequests-build; [See cdash](http://cdash.cern.ch/index.php?project=ROOT&filtercount=1&field1=buildname/string&compare1=65&value1=PR-6090-ROOT-fedora31-noimt&date=2020-07-28).; [See console output](https://lcgapp-services.cern.ch/root-jenkins/job/root-pullrequests-build/90782/console).; ### Failing tests:; - [projectroot.test.test_stressroofit_interpreted](https://lcgapp-services.cern.ch/root-jenkins/job/root-pullrequests-build/90782/testReport/projectroot/test/test_stressroofit_interpreted/); - [projectroot.test.test_stressroostats_interpreted](https://lcgapp-services.cern.ch/root-jenkins/job/root-pullrequests-build/90782/testReport/projectroot/test/test_stressroostats_interpreted/),MatchSource.ISSUE_COMMENT,root-project,root,v6-32-06,https://github.com/root-project/root/pull/6090#issuecomment-665028158:413,test,tests,413,https://root.cern,https://github.com/root-project/root/pull/6090#issuecomment-665028158,7,['test'],"['test', 'testReport', 'tests']"
Testability,Build failed on ROOT-fedora31/noimt.; Running on root-fedora-31-2.cern.ch:/home/sftnight/build/workspace/root-pullrequests-build; [See cdash](http://cdash.cern.ch/index.php?project=ROOT&filtercount=1&field1=buildname/string&compare1=65&value1=PR-6095-ROOT-fedora31-noimt&date=2020-07-29).; [See console output](https://lcgapp-services.cern.ch/root-jenkins/job/root-pullrequests-build/90886/console).; ### Failing tests:; - [projectroot.roottest.root.meta.rootcling.roottest_root_meta_rootcling_includeInLinkdefDict_build](https://lcgapp-services.cern.ch/root-jenkins/job/root-pullrequests-build/90886/testReport/projectroot.roottest.root.meta/rootcling/roottest_root_meta_rootcling_includeInLinkdefDict_build/),MatchSource.ISSUE_COMMENT,root-project,root,v6-32-06,https://github.com/root-project/root/pull/6095#issuecomment-665588801:413,test,tests,413,https://root.cern,https://github.com/root-project/root/pull/6095#issuecomment-665588801,2,['test'],"['testReport', 'tests']"
Testability,Build failed on ROOT-fedora31/noimt.; Running on root-fedora-31-2.cern.ch:/home/sftnight/build/workspace/root-pullrequests-build; [See cdash](http://cdash.cern.ch/index.php?project=ROOT&filtercount=1&field1=buildname/string&compare1=65&value1=PR-6095-ROOT-fedora31-noimt&date=2020-07-29).; [See console output](https://lcgapp-services.cern.ch/root-jenkins/job/root-pullrequests-build/90918/console).; ### Failing tests:; - [projectroot.roottest.root.meta.rootcling.roottest_root_meta_rootcling_includeInLinkdefDict_build](https://lcgapp-services.cern.ch/root-jenkins/job/root-pullrequests-build/90918/testReport/projectroot.roottest.root.meta/rootcling/roottest_root_meta_rootcling_includeInLinkdefDict_build/),MatchSource.ISSUE_COMMENT,root-project,root,v6-32-06,https://github.com/root-project/root/pull/6095#issuecomment-665635030:413,test,tests,413,https://root.cern,https://github.com/root-project/root/pull/6095#issuecomment-665635030,2,['test'],"['testReport', 'tests']"
Testability,Build failed on ROOT-fedora31/noimt.; Running on root-fedora-31-2.cern.ch:/home/sftnight/build/workspace/root-pullrequests-build; [See cdash](http://cdash.cern.ch/index.php?project=ROOT&filtercount=1&field1=buildname/string&compare1=65&value1=PR-6108-ROOT-fedora31-noimt&date=2020-08-03).; [See console output](https://lcgapp-services.cern.ch/root-jenkins/job/root-pullrequests-build/91175/console).; ### Failing tests:; - [projectroot.roottest.root.aclic.load.roottest_root_aclic_load_reload](https://lcgapp-services.cern.ch/root-jenkins/job/root-pullrequests-build/91175/testReport/projectroot.roottest.root.aclic/load/roottest_root_aclic_load_reload/),MatchSource.ISSUE_COMMENT,root-project,root,v6-32-06,https://github.com/root-project/root/pull/6108#issuecomment-667889200:413,test,tests,413,https://root.cern,https://github.com/root-project/root/pull/6108#issuecomment-667889200,2,['test'],"['testReport', 'tests']"
Testability,Build failed on ROOT-fedora31/noimt.; Running on root-fedora-31-2.cern.ch:/home/sftnight/build/workspace/root-pullrequests-build; [See cdash](http://cdash.cern.ch/index.php?project=ROOT&filtercount=1&field1=buildname/string&compare1=65&value1=PR-6161-ROOT-fedora31-noimt&date=2020-08-11).; [See console output](https://lcgapp-services.cern.ch/root-jenkins/job/root-pullrequests-build/92285/console).; ### Failing tests:; - [projectroot.roottest.root.io.json.roottest_root_io_json_make](https://lcgapp-services.cern.ch/root-jenkins/job/root-pullrequests-build/92285/testReport/projectroot.roottest.root.io/json/roottest_root_io_json_make/),MatchSource.ISSUE_COMMENT,root-project,root,v6-32-06,https://github.com/root-project/root/pull/6161#issuecomment-672072518:413,test,tests,413,https://root.cern,https://github.com/root-project/root/pull/6161#issuecomment-672072518,2,['test'],"['testReport', 'tests']"
Testability,Build failed on ROOT-fedora31/noimt.; Running on root-fedora-31-2.cern.ch:/home/sftnight/build/workspace/root-pullrequests-build; [See cdash](http://cdash.cern.ch/index.php?project=ROOT&filtercount=1&field1=buildname/string&compare1=65&value1=PR-6161-ROOT-fedora31-noimt&date=2020-08-12).; [See console output](https://lcgapp-services.cern.ch/root-jenkins/job/root-pullrequests-build/92394/console).; ### Failing tests:; - [projectroot.roottest.root.io.json.roottest_root_io_json_make](https://lcgapp-services.cern.ch/root-jenkins/job/root-pullrequests-build/92394/testReport/projectroot.roottest.root.io/json/roottest_root_io_json_make/),MatchSource.ISSUE_COMMENT,root-project,root,v6-32-06,https://github.com/root-project/root/pull/6161#issuecomment-672681149:413,test,tests,413,https://root.cern,https://github.com/root-project/root/pull/6161#issuecomment-672681149,2,['test'],"['testReport', 'tests']"
Testability,Build failed on ROOT-fedora31/noimt.; Running on root-fedora-31-2.cern.ch:/home/sftnight/build/workspace/root-pullrequests-build; [See cdash](http://cdash.cern.ch/index.php?project=ROOT&filtercount=1&field1=buildname/string&compare1=65&value1=PR-6161-ROOT-fedora31-noimt&date=2020-08-12).; [See console output](https://lcgapp-services.cern.ch/root-jenkins/job/root-pullrequests-build/92498/console).; ### Failing tests:; - [projectroot.roottest.python.pickle.roottest_python_pickle_write](https://lcgapp-services.cern.ch/root-jenkins/job/root-pullrequests-build/92498/testReport/projectroot.roottest.python/pickle/roottest_python_pickle_write/); - [projectroot.test.test_stresstmva_interpreted](https://lcgapp-services.cern.ch/root-jenkins/job/root-pullrequests-build/92498/testReport/projectroot/test/test_stresstmva_interpreted/); - [projectroot.bindings.pyroot.pythonizations.test.pyunittests_pyroot_pyz_rdataframe_asnumpy](https://lcgapp-services.cern.ch/root-jenkins/job/root-pullrequests-build/92498/testReport/projectroot.bindings.pyroot.pythonizations/test/pyunittests_pyroot_pyz_rdataframe_asnumpy/); - [projectroot.tmva.tmva.test.gtest_tmva_tmva_test_rstandardscaler](https://lcgapp-services.cern.ch/root-jenkins/job/root-pullrequests-build/92498/testReport/projectroot.tmva.tmva/test/gtest_tmva_tmva_test_rstandardscaler/); - [projectroot.tree.dataframe.test.gtest_tree_dataframe_test_dataframe_take](https://lcgapp-services.cern.ch/root-jenkins/job/root-pullrequests-build/92498/testReport/projectroot.tree.dataframe/test/gtest_tree_dataframe_test_dataframe_take/); - [projectroot.roottest.python.pickle.roottest_python_pickle_read](https://lcgapp-services.cern.ch/root-jenkins/job/root-pullrequests-build/92498/testReport/projectroot.roottest.python/pickle/roottest_python_pickle_read/); - [projectroot.roottest.python.ttree.roottest_python_ttree_ttree](https://lcgapp-services.cern.ch/root-jenkins/job/root-pullrequests-build/92498/testReport/projectroot.roottest.python/ttree/roottest_p,MatchSource.ISSUE_COMMENT,root-project,root,v6-32-06,https://github.com/root-project/root/pull/6161#issuecomment-672972306:413,test,tests,413,https://root.cern,https://github.com/root-project/root/pull/6161#issuecomment-672972306,7,['test'],"['test', 'testReport', 'tests']"
Testability,Build failed on ROOT-fedora31/noimt.; Running on root-fedora-31-2.cern.ch:/home/sftnight/build/workspace/root-pullrequests-build; [See cdash](http://cdash.cern.ch/index.php?project=ROOT&filtercount=1&field1=buildname/string&compare1=65&value1=PR-6173-ROOT-fedora31-noimt&date=2020-08-12).; [See console output](https://lcgapp-services.cern.ch/root-jenkins/job/root-pullrequests-build/92509/console).; ### Failing tests:; - [projectroot.roottest.root.meta.roottest_root_meta_runMemberComments](https://lcgapp-services.cern.ch/root-jenkins/job/root-pullrequests-build/92509/testReport/projectroot.roottest.root/meta/roottest_root_meta_runMemberComments/); - [projectroot.roottest.root.meta.method.roottest_root_meta_method_execTemplate_auto](https://lcgapp-services.cern.ch/root-jenkins/job/root-pullrequests-build/92509/testReport/projectroot.roottest.root.meta/method/roottest_root_meta_method_execTemplate_auto/); - [projectroot.roottest.root.meta.genreflex.TClass.roottest_root_meta_genreflex_TClass_execbasic](https://lcgapp-services.cern.ch/root-jenkins/job/root-pullrequests-build/92509/testReport/projectroot.roottest.root.meta.genreflex/TClass/roottest_root_meta_genreflex_TClass_execbasic/),MatchSource.ISSUE_COMMENT,root-project,root,v6-32-06,https://github.com/root-project/root/pull/6173#issuecomment-672980658:413,test,tests,413,https://root.cern,https://github.com/root-project/root/pull/6173#issuecomment-672980658,4,['test'],"['testReport', 'tests']"
Testability,Build failed on ROOT-fedora31/noimt.; Running on root-fedora-31-2.cern.ch:/home/sftnight/build/workspace/root-pullrequests-build; [See cdash](http://cdash.cern.ch/index.php?project=ROOT&filtercount=1&field1=buildname/string&compare1=65&value1=PR-6183-ROOT-fedora31-noimt&date=2020-08-13).; [See console output](https://lcgapp-services.cern.ch/root-jenkins/job/root-pullrequests-build/92661/console).; ### Failing tests:; - [projectroot.roottest.root.roofitstats.vectorisedPDFs.gtesttest_root_roofitstats_vectorisedPDFs_testNestedPDFs_WILL_FAIL](https://lcgapp-services.cern.ch/root-jenkins/job/root-pullrequests-build/92661/testReport/projectroot.roottest.root.roofitstats/vectorisedPDFs/gtesttest_root_roofitstats_vectorisedPDFs_testNestedPDFs_WILL_FAIL/),MatchSource.ISSUE_COMMENT,root-project,root,v6-32-06,https://github.com/root-project/root/pull/6183#issuecomment-673485775:413,test,tests,413,https://root.cern,https://github.com/root-project/root/pull/6183#issuecomment-673485775,2,['test'],"['testReport', 'tests']"
Testability,Build failed on ROOT-fedora31/noimt.; Running on root-fedora-31-2.cern.ch:/home/sftnight/build/workspace/root-pullrequests-build; [See cdash](http://cdash.cern.ch/index.php?project=ROOT&filtercount=1&field1=buildname/string&compare1=65&value1=PR-6193-ROOT-fedora31-noimt&date=2020-08-14).; [See console output](https://lcgapp-services.cern.ch/root-jenkins/job/root-pullrequests-build/92814/console).; ### Failing tests:; - [projectroot.roottest.root.roofitstats.vectorisedPDFs.gtesttest_root_roofitstats_vectorisedPDFs_testNestedPDFs_WILL_FAIL](https://lcgapp-services.cern.ch/root-jenkins/job/root-pullrequests-build/92814/testReport/projectroot.roottest.root.roofitstats/vectorisedPDFs/gtesttest_root_roofitstats_vectorisedPDFs_testNestedPDFs_WILL_FAIL/),MatchSource.ISSUE_COMMENT,root-project,root,v6-32-06,https://github.com/root-project/root/pull/6193#issuecomment-673990393:413,test,tests,413,https://root.cern,https://github.com/root-project/root/pull/6193#issuecomment-673990393,2,['test'],"['testReport', 'tests']"
Testability,Build failed on ROOT-fedora31/noimt.; Running on root-fedora-31-2.cern.ch:/home/sftnight/build/workspace/root-pullrequests-build; [See cdash](http://cdash.cern.ch/index.php?project=ROOT&filtercount=1&field1=buildname/string&compare1=65&value1=PR-6217-ROOT-fedora31-noimt&date=2020-08-19).; [See console output](https://lcgapp-services.cern.ch/root-jenkins/job/root-pullrequests-build/93168/console).; ### Errors:; - [2020-08-19T08:28:02.059Z] /home/sftnight/build/workspace/root-pullrequests-build/root/test/stressHistogram.cxx:151:49: error: array bound is not an integer constant before ‘]’ token ; - [2020-08-19T08:28:02.059Z] /home/sftnight/build/workspace/root-pullrequests-build/root/test/stressHistogram.cxx:4912:50: error: invalid use of incomplete type ‘class THashList’ ; - [2020-08-19T08:28:02.059Z] /home/sftnight/build/workspace/root-pullrequests-build/root/test/stressHistogram.cxx:4919:50: error: invalid use of incomplete type ‘class THashList’ ; - [2020-08-19T08:28:02.059Z] /home/sftnight/build/workspace/root-pullrequests-build/root/test/stressHistogram.cxx:4927:50: error: invalid use of incomplete type ‘class THashList’ ; - [2020-08-19T08:28:02.059Z] /home/sftnight/build/workspace/root-pullrequests-build/root/test/stressHistogram.cxx:10375:49: error: array bound is not an integer constant before ‘]’ token ; - [2020-08-19T08:28:02.059Z] /home/sftnight/build/workspace/root-pullrequests-build/root/test/stressHistogram.cxx:10380:4: error: ‘v’ was not declared in this scope . ### Warnings:; - [2020-08-19T08:28:02.059Z] /home/sftnight/build/workspace/root-pullrequests-build/root/test/stressHistogram.cxx:4925:12: warning: unused variable ‘ax3’ [-Wunused-variable],MatchSource.ISSUE_COMMENT,root-project,root,v6-32-06,https://github.com/root-project/root/pull/6217#issuecomment-675938518:503,test,test,503,https://root.cern,https://github.com/root-project/root/pull/6217#issuecomment-675938518,7,['test'],['test']
Testability,Build failed on ROOT-fedora31/noimt.; Running on root-fedora-31-2.cern.ch:/home/sftnight/build/workspace/root-pullrequests-build; [See cdash](http://cdash.cern.ch/index.php?project=ROOT&filtercount=1&field1=buildname/string&compare1=65&value1=PR-6217-ROOT-fedora31-noimt&date=2020-08-21).; [See console output](https://lcgapp-services.cern.ch/root-jenkins/job/root-pullrequests-build/93477/console).; ### Failing tests:; - [projectroot.test.test_stresshistogram_interpreted](https://lcgapp-services.cern.ch/root-jenkins/job/root-pullrequests-build/93477/testReport/projectroot/test/test_stresshistogram_interpreted/),MatchSource.ISSUE_COMMENT,root-project,root,v6-32-06,https://github.com/root-project/root/pull/6217#issuecomment-678137150:413,test,tests,413,https://root.cern,https://github.com/root-project/root/pull/6217#issuecomment-678137150,4,['test'],"['test', 'testReport', 'tests']"
Testability,Build failed on ROOT-fedora31/noimt.; Running on root-fedora-31-2.cern.ch:/home/sftnight/build/workspace/root-pullrequests-build; [See cdash](http://cdash.cern.ch/index.php?project=ROOT&filtercount=1&field1=buildname/string&compare1=65&value1=PR-6221-ROOT-fedora31-noimt&date=2020-08-19).; [See console output](https://lcgapp-services.cern.ch/root-jenkins/job/root-pullrequests-build/93241/console).; ### Warnings:; - [2020-08-19T12:33:34.172Z] /home/sftnight/build/workspace/root-pullrequests-build/root/core/zip/src/Bitshuffle.c:56:5: warning: ‘LZ4_compress’ is deprecated: use LZ4_compress_default() instead [-Wdeprecated-declarations] ; - [2020-08-19T12:33:35.255Z] /home/sftnight/build/workspace/root-pullrequests-build/root/core/zip/src/Bitshuffle_iochain.c:24:29: warning: unused parameter ‘C’ [-Wunused-parameter] ; - [2020-08-19T12:36:34.565Z] /home/sftnight/build/workspace/root-pullrequests-build/root/tree/tree/src/TBranch.cxx:2639:15: warning: unused variable ‘leaves’ [-Wunused-variable] . ### Failing tests:; - [projectroot.tree.tree.test.gtest_tree_tree_test_testTIOFeatures](https://lcgapp-services.cern.ch/root-jenkins/job/root-pullrequests-build/93241/testReport/projectroot.tree.tree/test/gtest_tree_tree_test_testTIOFeatures/); - [projectroot.tree.tree.test.gtest_tree_tree_test_testTBasket](https://lcgapp-services.cern.ch/root-jenkins/job/root-pullrequests-build/93241/testReport/projectroot.tree.tree/test/gtest_tree_tree_test_testTBasket/),MatchSource.ISSUE_COMMENT,root-project,root,v6-32-06,https://github.com/root-project/root/pull/6221#issuecomment-676298179:1016,test,tests,1016,https://root.cern,https://github.com/root-project/root/pull/6221#issuecomment-676298179,7,['test'],"['test', 'testReport', 'tests']"
Testability,Build failed on ROOT-fedora31/noimt.; Running on root-fedora-31-2.cern.ch:/home/sftnight/build/workspace/root-pullrequests-build; [See cdash](http://cdash.cern.ch/index.php?project=ROOT&filtercount=1&field1=buildname/string&compare1=65&value1=PR-6221-ROOT-fedora31-noimt&date=2020-08-24).; [See console output](https://lcgapp-services.cern.ch/root-jenkins/job/root-pullrequests-build/93665/console).; ### Warnings:; - [2020-08-24T09:15:25.111Z] /home/sftnight/build/workspace/root-pullrequests-build/root/tree/tree/src/TBranch.cxx:2639:15: warning: unused variable ‘leaves’ [-Wunused-variable] . ### Failing tests:; - [projectroot.tree.tree.test.gtest_tree_tree_test_testTIOFeatures](https://lcgapp-services.cern.ch/root-jenkins/job/root-pullrequests-build/93665/testReport/projectroot.tree.tree/test/gtest_tree_tree_test_testTIOFeatures/); - [projectroot.roottest.root.io.filemerger.roottest_root_io_filemerger_execFileMerger](https://lcgapp-services.cern.ch/root-jenkins/job/root-pullrequests-build/93665/testReport/projectroot.roottest.root.io/filemerger/roottest_root_io_filemerger_execFileMerger/); - [projectroot.roottest.root.tree.cache.roottest_root_tree_cache_TestCache](https://lcgapp-services.cern.ch/root-jenkins/job/root-pullrequests-build/93665/testReport/projectroot.roottest.root.tree/cache/roottest_root_tree_cache_TestCache/); - [projectroot.roottest.root.tree.cloning.roottest_root_tree_cloning_runtreeCloneTest2](https://lcgapp-services.cern.ch/root-jenkins/job/root-pullrequests-build/93665/testReport/projectroot.roottest.root.tree/cloning/roottest_root_tree_cloning_runtreeCloneTest2/); - [projectroot.roottest.root.tree.cloning.roottest_root_tree_cloning_exectrim](https://lcgapp-services.cern.ch/root-jenkins/job/root-pullrequests-build/93665/testReport/projectroot.roottest.root.tree/cloning/roottest_root_tree_cloning_exectrim/); - [projectroot.roottest.root.tree.cloning.roottest_root_tree_cloning_mergeWithDir](https://lcgapp-services.cern.ch/root-jenkins/job/root-pullreq,MatchSource.ISSUE_COMMENT,root-project,root,v6-32-06,https://github.com/root-project/root/pull/6221#issuecomment-679014524:608,test,tests,608,https://root.cern,https://github.com/root-project/root/pull/6221#issuecomment-679014524,5,['test'],"['test', 'testReport', 'tests']"
Testability,Build failed on ROOT-fedora31/noimt.; Running on root-fedora-31-2.cern.ch:/home/sftnight/build/workspace/root-pullrequests-build; [See cdash](http://cdash.cern.ch/index.php?project=ROOT&filtercount=1&field1=buildname/string&compare1=65&value1=PR-6258-ROOT-fedora31-noimt&date=2020-08-26).; [See console output](https://lcgapp-services.cern.ch/root-jenkins/job/root-pullrequests-build/93917/console).; ### Errors:; - [2020-08-26T19:01:19.976Z] 1187/2032 Test #902: tutorial-dataframe-df002_dataModel-py .............................................................***Failed Error regular expression found in output. Regex=[: error:] 5.09 sec . ### Failing tests:; - [projectroot.tree.dataframe.test.gtest_tree_dataframe_test_dataframe_snapshot](https://lcgapp-services.cern.ch/root-jenkins/job/root-pullrequests-build/93917/testReport/projectroot.tree.dataframe/test/gtest_tree_dataframe_test_dataframe_snapshot/); - [projectroot.runtutorials.tutorial_dataframe_df002_dataModel_py](https://lcgapp-services.cern.ch/root-jenkins/job/root-pullrequests-build/93917/testReport/projectroot/runtutorials/tutorial_dataframe_df002_dataModel_py/); - [projectroot.roottest.root.dataframe.roottest_root_dataframe_test_stringfiltercolumn](https://lcgapp-services.cern.ch/root-jenkins/job/root-pullrequests-build/93917/testReport/projectroot.roottest.root/dataframe/roottest_root_dataframe_test_stringfiltercolumn/),MatchSource.ISSUE_COMMENT,root-project,root,v6-32-06,https://github.com/root-project/root/pull/6258#issuecomment-681069719:453,Test,Test,453,https://root.cern,https://github.com/root-project/root/pull/6258#issuecomment-681069719,7,"['Test', 'test']","['Test', 'test', 'testReport', 'tests']"
Testability,Build failed on ROOT-fedora31/noimt.; Running on root-fedora-31-2.cern.ch:/home/sftnight/build/workspace/root-pullrequests-build; [See cdash](http://cdash.cern.ch/index.php?project=ROOT&filtercount=1&field1=buildname/string&compare1=65&value1=PR-6258-ROOT-fedora31-noimt&date=2020-09-09).; [See console output](https://lcgapp-services.cern.ch/root-jenkins/job/root-pullrequests-build/95417/console).; ### Failing tests:; - [projectroot.roottest.root.dataframe.roottest_root_dataframe_test_readShip](https://lcgapp-services.cern.ch/root-jenkins/job/root-pullrequests-build/95417/testReport/projectroot.roottest.root/dataframe/roottest_root_dataframe_test_readShip/),MatchSource.ISSUE_COMMENT,root-project,root,v6-32-06,https://github.com/root-project/root/pull/6258#issuecomment-689790366:413,test,tests,413,https://root.cern,https://github.com/root-project/root/pull/6258#issuecomment-689790366,2,['test'],"['testReport', 'tests']"
Testability,Build failed on ROOT-fedora31/noimt.; Running on root-fedora-31-2.cern.ch:/home/sftnight/build/workspace/root-pullrequests-build; [See cdash](http://cdash.cern.ch/index.php?project=ROOT&filtercount=1&field1=buildname/string&compare1=65&value1=PR-6277-ROOT-fedora31-noimt&date=2020-08-28).; [See console output](https://lcgapp-services.cern.ch/root-jenkins/job/root-pullrequests-build/94229/console).; ### Failing tests:; - [projectroot.bindings.pyroot.pythonizations.test.pyunittests_pyroot_numbadeclare](https://lcgapp-services.cern.ch/root-jenkins/job/root-pullrequests-build/94229/testReport/projectroot.bindings.pyroot.pythonizations/test/pyunittests_pyroot_numbadeclare/); - [projectroot.core.metacling.test.gtest_core_metacling_test_TClingTest](https://lcgapp-services.cern.ch/root-jenkins/job/root-pullrequests-build/94229/testReport/projectroot.core.metacling/test/gtest_core_metacling_test_TClingTest/); - [projectroot.core.rint.test.gtest_core_rint_test_TTabComTests](https://lcgapp-services.cern.ch/root-jenkins/job/root-pullrequests-build/94229/testReport/projectroot.core.rint/test/gtest_core_rint_test_TTabComTests/); - [projectroot.roottest.python.JupyROOT.roottest_python_JupyROOT_cppcompleter_doctest](https://lcgapp-services.cern.ch/root-jenkins/job/root-pullrequests-build/94229/testReport/projectroot.roottest.python/JupyROOT/roottest_python_JupyROOT_cppcompleter_doctest/); - [projectroot.roottest.python.cpp.roottest_python_cpp_advanced](https://lcgapp-services.cern.ch/root-jenkins/job/root-pullrequests-build/94229/testReport/projectroot.roottest.python/cpp/roottest_python_cpp_advanced/); - [projectroot.roottest.root.meta.roottest_root_meta_runnamespace_auto](https://lcgapp-services.cern.ch/root-jenkins/job/root-pullrequests-build/94229/testReport/projectroot.roottest.root/meta/roottest_root_meta_runnamespace_auto/); - [projectroot.roottest.root.meta.roottest_root_meta_runMemberComments](https://lcgapp-services.cern.ch/root-jenkins/job/root-pullrequests-build/94229/tes,MatchSource.ISSUE_COMMENT,root-project,root,v6-32-06,https://github.com/root-project/root/pull/6277#issuecomment-682878078:413,test,tests,413,https://root.cern,https://github.com/root-project/root/pull/6277#issuecomment-682878078,8,['test'],"['test', 'testReport', 'tests']"
Testability,Build failed on ROOT-fedora31/noimt.; Running on root-fedora-31-2.cern.ch:/home/sftnight/build/workspace/root-pullrequests-build; [See cdash](http://cdash.cern.ch/index.php?project=ROOT&filtercount=1&field1=buildname/string&compare1=65&value1=PR-6277-ROOT-fedora31-noimt&date=2020-08-31).; [See console output](https://lcgapp-services.cern.ch/root-jenkins/job/root-pullrequests-build/94325/console).; ### Failing tests:; - [projectroot.core.rint.test.gtest_core_rint_test_TTabComTests](https://lcgapp-services.cern.ch/root-jenkins/job/root-pullrequests-build/94325/testReport/projectroot.core.rint/test/gtest_core_rint_test_TTabComTests/); - [projectroot.roottest.python.JupyROOT.roottest_python_JupyROOT_cppcompleter_doctest](https://lcgapp-services.cern.ch/root-jenkins/job/root-pullrequests-build/94325/testReport/projectroot.roottest.python/JupyROOT/roottest_python_JupyROOT_cppcompleter_doctest/); - [projectroot.roottest.python.basic.roottest_python_basic_datatype](https://lcgapp-services.cern.ch/root-jenkins/job/root-pullrequests-build/94325/testReport/projectroot.roottest.python/basic/roottest_python_basic_datatype/); - [projectroot.roottest.python.cmdLineUtils.roottest_python_cmdLineUtils_ROOT_8197](https://lcgapp-services.cern.ch/root-jenkins/job/root-pullrequests-build/94325/testReport/projectroot.roottest.python/cmdLineUtils/roottest_python_cmdLineUtils_ROOT_8197/); - [projectroot.roottest.python.cpp.roottest_python_cpp_cpp](https://lcgapp-services.cern.ch/root-jenkins/job/root-pullrequests-build/94325/testReport/projectroot.roottest.python/cpp/roottest_python_cpp_cpp/); - [projectroot.roottest.python.pickle.roottest_python_pickle_read](https://lcgapp-services.cern.ch/root-jenkins/job/root-pullrequests-build/94325/testReport/projectroot.roottest.python/pickle/roottest_python_pickle_read/); - [projectroot.roottest.root.html.roottest_root_html_runMakeIndex](https://lcgapp-services.cern.ch/root-jenkins/job/root-pullrequests-build/94325/testReport/projectroot.roottest.root,MatchSource.ISSUE_COMMENT,root-project,root,v6-32-06,https://github.com/root-project/root/pull/6277#issuecomment-683821423:413,test,tests,413,https://root.cern,https://github.com/root-project/root/pull/6277#issuecomment-683821423,5,['test'],"['test', 'testReport', 'tests']"
Testability,Build failed on ROOT-fedora31/noimt.; Running on root-fedora-31-2.cern.ch:/home/sftnight/build/workspace/root-pullrequests-build; [See cdash](http://cdash.cern.ch/index.php?project=ROOT&filtercount=1&field1=buildname/string&compare1=65&value1=PR-6277-ROOT-fedora31-noimt&date=2020-09-01).; [See console output](https://lcgapp-services.cern.ch/root-jenkins/job/root-pullrequests-build/94397/console).; ### Failing tests:; - [projectroot.core.rint.test.gtest_core_rint_test_TTabComTests](https://lcgapp-services.cern.ch/root-jenkins/job/root-pullrequests-build/94397/testReport/projectroot.core.rint/test/gtest_core_rint_test_TTabComTests/); - [projectroot.roottest.python.JupyROOT.roottest_python_JupyROOT_cppcompleter_doctest](https://lcgapp-services.cern.ch/root-jenkins/job/root-pullrequests-build/94397/testReport/projectroot.roottest.python/JupyROOT/roottest_python_JupyROOT_cppcompleter_doctest/); - [projectroot.roottest.root.meta.roottest_root_meta_runMemberComments](https://lcgapp-services.cern.ch/root-jenkins/job/root-pullrequests-build/94397/testReport/projectroot.roottest.root/meta/roottest_root_meta_runMemberComments/); - [projectroot.roottest.root.meta.roottest_root_meta_runnamespace_auto](https://lcgapp-services.cern.ch/root-jenkins/job/root-pullrequests-build/94397/testReport/projectroot.roottest.root/meta/roottest_root_meta_runnamespace_auto/),MatchSource.ISSUE_COMMENT,root-project,root,v6-32-06,https://github.com/root-project/root/pull/6277#issuecomment-684744984:413,test,tests,413,https://root.cern,https://github.com/root-project/root/pull/6277#issuecomment-684744984,7,['test'],"['test', 'testReport', 'tests']"
Testability,Build failed on ROOT-fedora31/noimt.; Running on root-fedora-31-2.cern.ch:/home/sftnight/build/workspace/root-pullrequests-build; [See cdash](http://cdash.cern.ch/index.php?project=ROOT&filtercount=1&field1=buildname/string&compare1=65&value1=PR-6277-ROOT-fedora31-noimt&date=2020-09-01).; [See console output](https://lcgapp-services.cern.ch/root-jenkins/job/root-pullrequests-build/94445/console).; ### Failing tests:; - [projectroot.core.rint.test.gtest_core_rint_test_TTabComTests](https://lcgapp-services.cern.ch/root-jenkins/job/root-pullrequests-build/94445/testReport/projectroot.core.rint/test/gtest_core_rint_test_TTabComTests/); - [projectroot.roottest.python.JupyROOT.roottest_python_JupyROOT_cppcompleter_doctest](https://lcgapp-services.cern.ch/root-jenkins/job/root-pullrequests-build/94445/testReport/projectroot.roottest.python/JupyROOT/roottest_python_JupyROOT_cppcompleter_doctest/); - [projectroot.roottest.root.meta.roottest_root_meta_runMemberComments](https://lcgapp-services.cern.ch/root-jenkins/job/root-pullrequests-build/94445/testReport/projectroot.roottest.root/meta/roottest_root_meta_runMemberComments/),MatchSource.ISSUE_COMMENT,root-project,root,v6-32-06,https://github.com/root-project/root/pull/6277#issuecomment-684848387:413,test,tests,413,https://root.cern,https://github.com/root-project/root/pull/6277#issuecomment-684848387,6,['test'],"['test', 'testReport', 'tests']"
Testability,Build failed on ROOT-fedora31/noimt.; Running on root-fedora-31-2.cern.ch:/home/sftnight/build/workspace/root-pullrequests-build; [See cdash](http://cdash.cern.ch/index.php?project=ROOT&filtercount=1&field1=buildname/string&compare1=65&value1=PR-6277-ROOT-fedora31-noimt&date=2020-09-01).; [See console output](https://lcgapp-services.cern.ch/root-jenkins/job/root-pullrequests-build/94477/console).; ### Failing tests:; - [projectroot.core.rint.test.gtest_core_rint_test_TTabComTests](https://lcgapp-services.cern.ch/root-jenkins/job/root-pullrequests-build/94477/testReport/projectroot.core.rint/test/gtest_core_rint_test_TTabComTests/); - [projectroot.roottest.python.JupyROOT.roottest_python_JupyROOT_cppcompleter_doctest](https://lcgapp-services.cern.ch/root-jenkins/job/root-pullrequests-build/94477/testReport/projectroot.roottest.python/JupyROOT/roottest_python_JupyROOT_cppcompleter_doctest/),MatchSource.ISSUE_COMMENT,root-project,root,v6-32-06,https://github.com/root-project/root/pull/6277#issuecomment-684988967:413,test,tests,413,https://root.cern,https://github.com/root-project/root/pull/6277#issuecomment-684988967,5,['test'],"['test', 'testReport', 'tests']"
Testability,Build failed on ROOT-fedora31/noimt.; Running on root-fedora-31-2.cern.ch:/home/sftnight/build/workspace/root-pullrequests-build; [See cdash](http://cdash.cern.ch/index.php?project=ROOT&filtercount=1&field1=buildname/string&compare1=65&value1=PR-6277-ROOT-fedora31-noimt&date=2020-09-02).; [See console output](https://lcgapp-services.cern.ch/root-jenkins/job/root-pullrequests-build/94565/console).; ### Failing tests:; - [projectroot.core.metacling.test.gtest_core_metacling_test_TClingTest](https://lcgapp-services.cern.ch/root-jenkins/job/root-pullrequests-build/94565/testReport/projectroot.core.metacling/test/gtest_core_metacling_test_TClingTest/),MatchSource.ISSUE_COMMENT,root-project,root,v6-32-06,https://github.com/root-project/root/pull/6277#issuecomment-685716215:413,test,tests,413,https://root.cern,https://github.com/root-project/root/pull/6277#issuecomment-685716215,4,['test'],"['test', 'testReport', 'tests']"
Testability,Build failed on ROOT-fedora31/noimt.; Running on root-fedora-31-2.cern.ch:/home/sftnight/build/workspace/root-pullrequests-build; [See cdash](http://cdash.cern.ch/index.php?project=ROOT&filtercount=1&field1=buildname/string&compare1=65&value1=PR-6277-ROOT-fedora31-noimt&date=2020-09-08).; [See console output](https://lcgapp-services.cern.ch/root-jenkins/job/root-pullrequests-build/95191/console).; ### Failing tests:; - [projectroot.core.metacling.test.gtest_core_metacling_test_TClingTest](https://lcgapp-services.cern.ch/root-jenkins/job/root-pullrequests-build/95191/testReport/projectroot.core.metacling/test/gtest_core_metacling_test_TClingTest/),MatchSource.ISSUE_COMMENT,root-project,root,v6-32-06,https://github.com/root-project/root/pull/6277#issuecomment-688770786:413,test,tests,413,https://root.cern,https://github.com/root-project/root/pull/6277#issuecomment-688770786,4,['test'],"['test', 'testReport', 'tests']"
Testability,Build failed on ROOT-fedora31/noimt.; Running on root-fedora-31-2.cern.ch:/home/sftnight/build/workspace/root-pullrequests-build; [See cdash](http://cdash.cern.ch/index.php?project=ROOT&filtercount=1&field1=buildname/string&compare1=65&value1=PR-6301-ROOT-fedora31-noimt&date=2020-09-03).; [See console output](https://lcgapp-services.cern.ch/root-jenkins/job/root-pullrequests-build/94725/console).; ### Failing tests:; - [projectroot.roottest.root.multicore.roottest_root_multicore_tsenums](https://lcgapp-services.cern.ch/root-jenkins/job/root-pullrequests-build/94725/testReport/projectroot.roottest.root/multicore/roottest_root_multicore_tsenums/); - [projectroot.runtutorials.tutorial_legacy_thread_threadsh1](https://lcgapp-services.cern.ch/root-jenkins/job/root-pullrequests-build/94725/testReport/projectroot/runtutorials/tutorial_legacy_thread_threadsh1/); - [projectroot.runtutorials.tutorial_legacy_thread_threads](https://lcgapp-services.cern.ch/root-jenkins/job/root-pullrequests-build/94725/testReport/projectroot/runtutorials/tutorial_legacy_thread_threads/); - [projectroot.runtutorials.tutorial_legacy_thread_threadPool](https://lcgapp-services.cern.ch/root-jenkins/job/root-pullrequests-build/94725/testReport/projectroot/runtutorials/tutorial_legacy_thread_threadPool/); - [projectroot.runtutorials.tutorial_legacy_thread_stressThreadPool](https://lcgapp-services.cern.ch/root-jenkins/job/root-pullrequests-build/94725/testReport/projectroot/runtutorials/tutorial_legacy_thread_stressThreadPool/); - [projectroot.roottest.root.io.prefetching.roottest_root_io_prefetching_make](https://lcgapp-services.cern.ch/root-jenkins/job/root-pullrequests-build/94725/testReport/projectroot.roottest.root.io/prefetching/roottest_root_io_prefetching_make/); - [projectroot.roottest.root.meta.tclass.roottest_root_meta_tclass_execMTInit](https://lcgapp-services.cern.ch/root-jenkins/job/root-pullrequests-build/94725/testReport/projectroot.roottest.root.meta/tclass/roottest_root_meta_tclass_exe,MatchSource.ISSUE_COMMENT,root-project,root,v6-32-06,https://github.com/root-project/root/pull/6301#issuecomment-686708715:413,test,tests,413,https://root.cern,https://github.com/root-project/root/pull/6301#issuecomment-686708715,3,['test'],"['testReport', 'tests']"
Testability,"Build failed on ROOT-fedora31/noimt.; Running on root-fedora-31-2.cern.ch:/home/sftnight/build/workspace/root-pullrequests-build; [See cdash](http://cdash.cern.ch/index.php?project=ROOT&filtercount=1&field1=buildname/string&compare1=65&value1=PR-6301-ROOT-fedora31-noimt&date=2020-09-05).; [See console output](https://lcgapp-services.cern.ch/root-jenkins/job/root-pullrequests-build/94878/console).; ### Errors:; - [2020-09-04T22:18:56.503Z] /home/sftnight/build/workspace/root-pullrequests-build/root/core/imt/inc/ROOT/TThreadExecutor.hxx:21:4: error: #error ""Cannot use ROOT::TThreadExecutor without defining R__USE_IMT."" ; - [2020-09-04T22:18:57.438Z] /home/sftnight/build/workspace/root-pullrequests-build/root/core/thread/test/testInterpreterLock.cxx:33:13: error: ‘TThreadExecutor’ is not a member of ‘ROOT’ ; - [2020-09-04T22:18:57.438Z] /home/sftnight/build/workspace/root-pullrequests-build/root/core/thread/test/testInterpreterLock.cxx:36:7: error: ‘pool’ was not declared in this scope; did you mean ‘powl’? ; - [2020-09-04T22:18:57.438Z] /home/sftnight/build/workspace/root-pullrequests-build/root/core/thread/test/testInterpreterLock.cxx:57:13: error: ‘TThreadExecutor’ is not a member of ‘ROOT’ ; - [2020-09-04T22:18:57.438Z] /home/sftnight/build/workspace/root-pullrequests-build/root/core/thread/test/testInterpreterLock.cxx:60:7: error: ‘pool’ was not declared in this scope; did you mean ‘powl’? ; - [2020-09-04T22:18:57.438Z] /home/sftnight/build/workspace/root-pullrequests-build/root/core/thread/test/testInterpreterLock.cxx:78:13: error: ‘TThreadExecutor’ is not a member of ‘ROOT’ ; - [2020-09-04T22:18:57.438Z] /home/sftnight/build/workspace/root-pullrequests-build/root/core/thread/test/testInterpreterLock.cxx:81:7: error: ‘pool’ was not declared in this scope; did you mean ‘powl’? ; - [2020-09-04T22:18:57.438Z] /home/sftnight/build/workspace/root-pullrequests-build/root/core/thread/test/testInterpreterLock.cxx:99:13: error: ‘TThreadExecutor’ is not a member of ‘ROOT’ ;",MatchSource.ISSUE_COMMENT,root-project,root,v6-32-06,https://github.com/root-project/root/pull/6301#issuecomment-687426471:728,test,test,728,https://root.cern,https://github.com/root-project/root/pull/6301#issuecomment-687426471,4,['test'],"['test', 'testInterpreterLock']"
Testability,"Build failed on ROOT-fedora31/noimt.; Running on root-fedora-31-2.cern.ch:/home/sftnight/build/workspace/root-pullrequests-build; [See cdash](http://cdash.cern.ch/index.php?project=ROOT&filtercount=1&field1=buildname/string&compare1=65&value1=PR-6301-ROOT-fedora31-noimt&date=2020-09-05).; [See console output](https://lcgapp-services.cern.ch/root-jenkins/job/root-pullrequests-build/94886/console).; ### Errors:; - [2020-09-05T14:16:55.608Z] /home/sftnight/build/workspace/root-pullrequests-build/root/core/imt/inc/ROOT/TThreadExecutor.hxx:21:4: error: #error ""Cannot use ROOT::TThreadExecutor without defining R__USE_IMT."" ; - [2020-09-05T14:16:56.563Z] /home/sftnight/build/workspace/root-pullrequests-build/root/core/thread/test/testInterpreterLock.cxx:33:13: error: ‘TThreadExecutor’ is not a member of ‘ROOT’ ; - [2020-09-05T14:16:56.563Z] /home/sftnight/build/workspace/root-pullrequests-build/root/core/thread/test/testInterpreterLock.cxx:36:7: error: ‘pool’ was not declared in this scope; did you mean ‘powl’? ; - [2020-09-05T14:16:56.563Z] /home/sftnight/build/workspace/root-pullrequests-build/root/core/thread/test/testInterpreterLock.cxx:57:13: error: ‘TThreadExecutor’ is not a member of ‘ROOT’ ; - [2020-09-05T14:16:56.563Z] /home/sftnight/build/workspace/root-pullrequests-build/root/core/thread/test/testInterpreterLock.cxx:60:7: error: ‘pool’ was not declared in this scope; did you mean ‘powl’? ; - [2020-09-05T14:16:56.563Z] /home/sftnight/build/workspace/root-pullrequests-build/root/core/thread/test/testInterpreterLock.cxx:78:13: error: ‘TThreadExecutor’ is not a member of ‘ROOT’ ; - [2020-09-05T14:16:56.564Z] /home/sftnight/build/workspace/root-pullrequests-build/root/core/thread/test/testInterpreterLock.cxx:81:7: error: ‘pool’ was not declared in this scope; did you mean ‘powl’? ; - [2020-09-05T14:16:56.564Z] /home/sftnight/build/workspace/root-pullrequests-build/root/core/thread/test/testInterpreterLock.cxx:99:13: error: ‘TThreadExecutor’ is not a member of ‘ROOT’ ;",MatchSource.ISSUE_COMMENT,root-project,root,v6-32-06,https://github.com/root-project/root/pull/6301#issuecomment-687617383:728,test,test,728,https://root.cern,https://github.com/root-project/root/pull/6301#issuecomment-687617383,4,['test'],"['test', 'testInterpreterLock']"
Testability,Build failed on ROOT-fedora31/noimt.; Running on root-fedora-31-2.cern.ch:/home/sftnight/build/workspace/root-pullrequests-build; [See cdash](http://cdash.cern.ch/index.php?project=ROOT&filtercount=1&field1=buildname/string&compare1=65&value1=PR-6308-ROOT-fedora31-noimt&date=2020-09-06).; [See console output](https://lcgapp-services.cern.ch/root-jenkins/job/root-pullrequests-build/94910/console).; ### Failing tests:; - [projectroot.roottest.root.io.stdarray.roottest_root_io_stdarray_modelReadDictTFile](https://lcgapp-services.cern.ch/root-jenkins/job/root-pullrequests-build/94910/testReport/projectroot.roottest.root.io/stdarray/roottest_root_io_stdarray_modelReadDictTFile/),MatchSource.ISSUE_COMMENT,root-project,root,v6-32-06,https://github.com/root-project/root/pull/6308#issuecomment-687769490:413,test,tests,413,https://root.cern,https://github.com/root-project/root/pull/6308#issuecomment-687769490,2,['test'],"['testReport', 'tests']"
Testability,Build failed on ROOT-fedora31/noimt.; Running on root-fedora-31-2.cern.ch:/home/sftnight/build/workspace/root-pullrequests-build; [See cdash](http://cdash.cern.ch/index.php?project=ROOT&filtercount=1&field1=buildname/string&compare1=65&value1=PR-6323-ROOT-fedora31-noimt&date=2020-09-08).; [See console output](https://lcgapp-services.cern.ch/root-jenkins/job/root-pullrequests-build/95257/console).; ### Errors:; - [2020-09-08T16:11:57.871Z] /home/sftnight/build/workspace/root-pullrequests-build/root/roofit/roofitcore/test/testRooAbsCollection.cxx:35:19: error: ambiguous overload for ‘operator[]’ (operand types are ‘RooArgSet’ and ‘int’),MatchSource.ISSUE_COMMENT,root-project,root,v6-32-06,https://github.com/root-project/root/pull/6323#issuecomment-688983672:521,test,test,521,https://root.cern,https://github.com/root-project/root/pull/6323#issuecomment-688983672,2,['test'],"['test', 'testRooAbsCollection']"
Testability,Build failed on ROOT-fedora31/noimt.; Running on root-fedora-31-2.cern.ch:/home/sftnight/build/workspace/root-pullrequests-build; [See cdash](http://cdash.cern.ch/index.php?project=ROOT&filtercount=1&field1=buildname/string&compare1=65&value1=PR-6323-ROOT-fedora31-noimt&date=2020-09-09).; [See console output](https://lcgapp-services.cern.ch/root-jenkins/job/root-pullrequests-build/95329/console).; ### Failing tests:; - [projectroot.roofit.roofitcore.test.gtest_roofit_roofitcore_test_testRooAbsCollection](https://lcgapp-services.cern.ch/root-jenkins/job/root-pullrequests-build/95329/testReport/projectroot.roofit.roofitcore/test/gtest_roofit_roofitcore_test_testRooAbsCollection/),MatchSource.ISSUE_COMMENT,root-project,root,v6-32-06,https://github.com/root-project/root/pull/6323#issuecomment-689477122:413,test,tests,413,https://root.cern,https://github.com/root-project/root/pull/6323#issuecomment-689477122,4,['test'],"['test', 'testReport', 'tests']"
Testability,Build failed on ROOT-fedora31/noimt.; Running on root-fedora-31-2.cern.ch:/home/sftnight/build/workspace/root-pullrequests-build; [See cdash](http://cdash.cern.ch/index.php?project=ROOT&filtercount=1&field1=buildname/string&compare1=65&value1=PR-6342-ROOT-fedora31-noimt&date=2020-09-11).; [See console output](https://lcgapp-services.cern.ch/root-jenkins/job/root-pullrequests-build/95593/console).; ### Failing tests:; - [projectroot.tree.dataframe.test.gtest_tree_dataframe_test_dataframe_interface](https://lcgapp-services.cern.ch/root-jenkins/job/root-pullrequests-build/95593/testReport/projectroot.tree.dataframe/test/gtest_tree_dataframe_test_dataframe_interface/); - [projectroot.roottest.root.dataframe.roottest_root_dataframe_test_readShip](https://lcgapp-services.cern.ch/root-jenkins/job/root-pullrequests-build/95593/testReport/projectroot.roottest.root/dataframe/roottest_root_dataframe_test_readShip/),MatchSource.ISSUE_COMMENT,root-project,root,v6-32-06,https://github.com/root-project/root/pull/6342#issuecomment-691306341:413,test,tests,413,https://root.cern,https://github.com/root-project/root/pull/6342#issuecomment-691306341,5,['test'],"['test', 'testReport', 'tests']"
Testability,Build failed on ROOT-fedora31/noimt.; Running on root-fedora-31-2.cern.ch:/home/sftnight/build/workspace/root-pullrequests-build; [See cdash](http://cdash.cern.ch/index.php?project=ROOT&filtercount=1&field1=buildname/string&compare1=65&value1=PR-6342-ROOT-fedora31-noimt&date=2020-09-16).; [See console output](https://lcgapp-services.cern.ch/root-jenkins/job/root-pullrequests-build/95937/console).; ### Failing tests:; - [projectroot.roottest.root.dataframe.roottest_root_dataframe_test_readShip](https://lcgapp-services.cern.ch/root-jenkins/job/root-pullrequests-build/95937/testReport/projectroot.roottest.root/dataframe/roottest_root_dataframe_test_readShip/),MatchSource.ISSUE_COMMENT,root-project,root,v6-32-06,https://github.com/root-project/root/pull/6342#issuecomment-693015965:413,test,tests,413,https://root.cern,https://github.com/root-project/root/pull/6342#issuecomment-693015965,2,['test'],"['testReport', 'tests']"
Testability,Build failed on ROOT-fedora31/noimt.; Running on root-fedora-31-2.cern.ch:/home/sftnight/build/workspace/root-pullrequests-build; [See console output](https://lcgapp-services.cern.ch/root-jenkins/job/root-pullrequests-build/100072/console).; ### Failing tests:; - [projectroot.roottest.root.meta.genreflex.ROOT-5756.roottest_root_meta_genreflex_ROOT_5756_execLibLoad](https://lcgapp-services.cern.ch/root-jenkins/job/root-pullrequests-build/100072/testReport/projectroot.roottest.root.meta.genreflex/ROOT-5756/roottest_root_meta_genreflex_ROOT_5756_execLibLoad/); - [projectroot.roottest.root.meta.genreflex.ROOT-5952.roottest_root_meta_genreflex_ROOT_5952_5952](https://lcgapp-services.cern.ch/root-jenkins/job/root-pullrequests-build/100072/testReport/projectroot.roottest.root.meta.genreflex/ROOT-5952/roottest_root_meta_genreflex_ROOT_5952_5952/),MatchSource.ISSUE_COMMENT,root-project,root,v6-32-06,https://github.com/root-project/root/pull/6680#issuecomment-715536822:254,test,tests,254,https://root.cern,https://github.com/root-project/root/pull/6680#issuecomment-715536822,3,['test'],"['testReport', 'tests']"
Testability,Build failed on ROOT-fedora31/noimt.; Running on root-fedora-31-2.cern.ch:/home/sftnight/build/workspace/root-pullrequests-build; [See console output](https://lcgapp-services.cern.ch/root-jenkins/job/root-pullrequests-build/100104/console).; ### Failing tests:; - [projectroot.roottest.root.meta.genreflex.ROOT-5756.roottest_root_meta_genreflex_ROOT_5756_execLibLoad](https://lcgapp-services.cern.ch/root-jenkins/job/root-pullrequests-build/100104/testReport/projectroot.roottest.root.meta.genreflex/ROOT-5756/roottest_root_meta_genreflex_ROOT_5756_execLibLoad/); - [projectroot.roottest.root.meta.genreflex.ROOT-5952.roottest_root_meta_genreflex_ROOT_5952_5952](https://lcgapp-services.cern.ch/root-jenkins/job/root-pullrequests-build/100104/testReport/projectroot.roottest.root.meta.genreflex/ROOT-5952/roottest_root_meta_genreflex_ROOT_5952_5952/),MatchSource.ISSUE_COMMENT,root-project,root,v6-32-06,https://github.com/root-project/root/pull/6680#issuecomment-715616481:254,test,tests,254,https://root.cern,https://github.com/root-project/root/pull/6680#issuecomment-715616481,3,['test'],"['testReport', 'tests']"
Testability,Build failed on ROOT-fedora31/noimt.; Running on root-fedora-31-2.cern.ch:/home/sftnight/build/workspace/root-pullrequests-build; [See console output](https://lcgapp-services.cern.ch/root-jenkins/job/root-pullrequests-build/100160/console).; ### Failing tests:; - [projectroot.roottest.cling.autoauto.roottest_cling_autoauto_ROOT8442](https://lcgapp-services.cern.ch/root-jenkins/job/root-pullrequests-build/100160/testReport/projectroot.roottest.cling/autoauto/roottest_cling_autoauto_ROOT8442/); - [projectroot.roottest.cling.function.roottest_cling_function_runstaticfunc](https://lcgapp-services.cern.ch/root-jenkins/job/root-pullrequests-build/100160/testReport/projectroot.roottest.cling/function/roottest_cling_function_runstaticfunc/); - [projectroot.roottest.cling.specialobj.roottest_cling_specialobj_runf02](https://lcgapp-services.cern.ch/root-jenkins/job/root-pullrequests-build/100160/testReport/projectroot.roottest.cling/specialobj/roottest_cling_specialobj_runf02/); - [projectroot.roottest.cling.specialobj.roottest_cling_specialobj_unhappy](https://lcgapp-services.cern.ch/root-jenkins/job/root-pullrequests-build/100160/testReport/projectroot.roottest.cling/specialobj/roottest_cling_specialobj_unhappy/); - [projectroot.roottest.root.rint.roottest_root_rint_TabCom](https://lcgapp-services.cern.ch/root-jenkins/job/root-pullrequests-build/100160/testReport/projectroot.roottest.root/rint/roottest_root_rint_TabCom/),MatchSource.ISSUE_COMMENT,root-project,root,v6-32-06,https://github.com/root-project/root/pull/6707#issuecomment-716585488:254,test,tests,254,https://root.cern,https://github.com/root-project/root/pull/6707#issuecomment-716585488,6,['test'],"['testReport', 'tests']"
Testability,Build failed on ROOT-fedora31/noimt.; Running on root-fedora-31-2.cern.ch:/home/sftnight/build/workspace/root-pullrequests-build; [See console output](https://lcgapp-services.cern.ch/root-jenkins/job/root-pullrequests-build/100200/console).; ### Failing tests:; - [projectroot.roottest.root.dataframe.roottest_root_dataframe_test_stringfiltercolumn](https://lcgapp-services.cern.ch/root-jenkins/job/root-pullrequests-build/100200/testReport/projectroot.roottest.root/dataframe/roottest_root_dataframe_test_stringfiltercolumn/); - [projectroot.roottest.root.meta.evolution.roottest_root_meta_evolution_execCheckSum](https://lcgapp-services.cern.ch/root-jenkins/job/root-pullrequests-build/100200/testReport/projectroot.roottest.root.meta/evolution/roottest_root_meta_evolution_execCheckSum/),MatchSource.ISSUE_COMMENT,root-project,root,v6-32-06,https://github.com/root-project/root/pull/6680#issuecomment-716822560:254,test,tests,254,https://root.cern,https://github.com/root-project/root/pull/6680#issuecomment-716822560,3,['test'],"['testReport', 'tests']"
Testability,Build failed on ROOT-fedora31/noimt.; Running on root-fedora-31-2.cern.ch:/home/sftnight/build/workspace/root-pullrequests-build; [See console output](https://lcgapp-services.cern.ch/root-jenkins/job/root-pullrequests-build/100520/console).; ### Failing tests:; - [projectroot.roottest.root.meta.autoloading.headerParsingOnDemand.roottest_root_meta_autoloading_headerParsingOnDemand_no_autoparse_write](https://lcgapp-services.cern.ch/root-jenkins/job/root-pullrequests-build/100520/testReport/projectroot.roottest.root.meta.autoloading/headerParsingOnDemand/roottest_root_meta_autoloading_headerParsingOnDemand_no_autoparse_write/); - [projectroot.roottest.root.meta.autoloading.headerParsingOnDemand.roottest_root_meta_autoloading_headerParsingOnDemand_no_autoparse_read](https://lcgapp-services.cern.ch/root-jenkins/job/root-pullrequests-build/100520/testReport/projectroot.roottest.root.meta.autoloading/headerParsingOnDemand/roottest_root_meta_autoloading_headerParsingOnDemand_no_autoparse_read/); - [projectroot.roottest.root.meta.evolution.version5.roottest_root_meta_evolution_version5_execNestedColl](https://lcgapp-services.cern.ch/root-jenkins/job/root-pullrequests-build/100520/testReport/projectroot.roottest.root.meta.evolution/version5/roottest_root_meta_evolution_version5_execNestedColl/),MatchSource.ISSUE_COMMENT,root-project,root,v6-32-06,https://github.com/root-project/root/pull/6728#issuecomment-718889014:254,test,tests,254,https://root.cern,https://github.com/root-project/root/pull/6728#issuecomment-718889014,4,['test'],"['testReport', 'tests']"
Testability,Build failed on ROOT-fedora31/noimt.; Running on root-fedora-31-2.cern.ch:/home/sftnight/build/workspace/root-pullrequests-build; [See console output](https://lcgapp-services.cern.ch/root-jenkins/job/root-pullrequests-build/100536/console).; ### Failing tests:; - [projectroot.roottest.root.meta.autoloading.headerParsingOnDemand.roottest_root_meta_autoloading_headerParsingOnDemand_no_autoparse_write](https://lcgapp-services.cern.ch/root-jenkins/job/root-pullrequests-build/100536/testReport/projectroot.roottest.root.meta.autoloading/headerParsingOnDemand/roottest_root_meta_autoloading_headerParsingOnDemand_no_autoparse_write/); - [projectroot.roottest.root.meta.autoloading.headerParsingOnDemand.roottest_root_meta_autoloading_headerParsingOnDemand_no_autoparse_read](https://lcgapp-services.cern.ch/root-jenkins/job/root-pullrequests-build/100536/testReport/projectroot.roottest.root.meta.autoloading/headerParsingOnDemand/roottest_root_meta_autoloading_headerParsingOnDemand_no_autoparse_read/); - [projectroot.roottest.root.meta.evolution.version5.roottest_root_meta_evolution_version5_execNestedColl](https://lcgapp-services.cern.ch/root-jenkins/job/root-pullrequests-build/100536/testReport/projectroot.roottest.root.meta.evolution/version5/roottest_root_meta_evolution_version5_execNestedColl/); - [projectroot.roottest.root.tree.addresses.roottest_root_tree_addresses_make](https://lcgapp-services.cern.ch/root-jenkins/job/root-pullrequests-build/100536/testReport/projectroot.roottest.root.tree/addresses/roottest_root_tree_addresses_make/),MatchSource.ISSUE_COMMENT,root-project,root,v6-32-06,https://github.com/root-project/root/pull/6729#issuecomment-718902762:254,test,tests,254,https://root.cern,https://github.com/root-project/root/pull/6729#issuecomment-718902762,5,['test'],"['testReport', 'tests']"
Testability,Build failed on ROOT-fedora31/noimt.; Running on root-fedora-31-2.cern.ch:/home/sftnight/build/workspace/root-pullrequests-build; [See console output](https://lcgapp-services.cern.ch/root-jenkins/job/root-pullrequests-build/100604/console).; ### Failing tests:; - [projectroot.roottest.root.meta.ROOT-7462.roottest_root_meta_ROOT_7462_make](https://lcgapp-services.cern.ch/root-jenkins/job/root-pullrequests-build/100604/testReport/projectroot.roottest.root.meta/ROOT-7462/roottest_root_meta_ROOT_7462_make/),MatchSource.ISSUE_COMMENT,root-project,root,v6-32-06,https://github.com/root-project/root/pull/6729#issuecomment-719116593:254,test,tests,254,https://root.cern,https://github.com/root-project/root/pull/6729#issuecomment-719116593,2,['test'],"['testReport', 'tests']"
Testability,Build failed on ROOT-fedora31/noimt.; Running on root-fedora-31-2.cern.ch:/home/sftnight/build/workspace/root-pullrequests-build; [See console output](https://lcgapp-services.cern.ch/root-jenkins/job/root-pullrequests-build/101208/console).; ### Failing tests:; - [projectroot.roottest.root.meta.rootcling.roottest_root_meta_rootcling_ROOT10798](https://lcgapp-services.cern.ch/root-jenkins/job/root-pullrequests-build/101208/testReport/projectroot.roottest.root.meta/rootcling/roottest_root_meta_rootcling_ROOT10798/),MatchSource.ISSUE_COMMENT,root-project,root,v6-32-06,https://github.com/root-project/root/pull/6559#issuecomment-722722201:254,test,tests,254,https://root.cern,https://github.com/root-project/root/pull/6559#issuecomment-722722201,2,['test'],"['testReport', 'tests']"
Testability,"Build failed on ROOT-fedora31/noimt.; Running on root-fedora-31-2.cern.ch:/home/sftnight/build/workspace/root-pullrequests-build; [See console output](https://lcgapp-services.cern.ch/root-jenkins/job/root-pullrequests-build/101580/console).; ### Errors:; - [2020-11-11T15:13:39.700Z] /home/sftnight/build/workspace/root-pullrequests-build/root/math/mathcore/test/../src/mulmod.h:19:16: error: invalid return type ‘void’ of ‘constexpr’ function ‘constexpr void multiply9x9(const uint64_t*, const uint64_t*, uint64_t*)’ ; - [2020-11-11T15:13:39.700Z] /home/sftnight/build/workspace/root-pullrequests-build/root/math/mathcore/test/../src/mulmod.h:92:16: error: invalid return type ‘void’ of ‘constexpr’ function ‘constexpr void mod_m(const uint64_t*, uint64_t*)’ ; - [2020-11-11T15:13:39.700Z] /home/sftnight/build/workspace/root-pullrequests-build/root/math/mathcore/test/../src/mulmod.h:311:16: error: invalid return type ‘void’ of ‘constexpr’ function ‘constexpr void mulmod(const uint64_t*, uint64_t*)’ ; - [2020-11-11T15:13:39.700Z] /home/sftnight/build/workspace/root-pullrequests-build/root/math/mathcore/test/../src/mulmod.h:325:16: error: invalid return type ‘void’ of ‘constexpr’ function ‘constexpr void powermod(const uint64_t*, uint64_t*, uint64_t)’",MatchSource.ISSUE_COMMENT,root-project,root,v6-32-06,https://github.com/root-project/root/pull/6794#issuecomment-725479392:358,test,test,358,https://root.cern,https://github.com/root-project/root/pull/6794#issuecomment-725479392,4,['test'],['test']
Testability,Build failed on ROOT-fedora31/noimt.; Running on root-fedora-31-2.cern.ch:/home/sftnight/build/workspace/root-pullrequests-build; [See console output](https://lcgapp-services.cern.ch/root-jenkins/job/root-pullrequests-build/102205/console).; ### Failing tests:; - [projectroot.tree.dataframe.test.gtest_tree_dataframe_test_dataframe_simple](https://lcgapp-services.cern.ch/root-jenkins/job/root-pullrequests-build/102205/testReport/projectroot.tree.dataframe/test/gtest_tree_dataframe_test_dataframe_simple/); - [projectroot.roottest.root.tree.chain.roottest_root_tree_chain_make](https://lcgapp-services.cern.ch/root-jenkins/job/root-pullrequests-build/102205/testReport/projectroot.roottest.root.tree/chain/roottest_root_tree_chain_make/); - [projectroot.roottest.root.tree.friend.roottest_root_tree_friend_make](https://lcgapp-services.cern.ch/root-jenkins/job/root-pullrequests-build/102205/testReport/projectroot.roottest.root.tree/friend/roottest_root_tree_friend_make/),MatchSource.ISSUE_COMMENT,root-project,root,v6-32-06,https://github.com/root-project/root/pull/6821#issuecomment-729936631:254,test,tests,254,https://root.cern,https://github.com/root-project/root/pull/6821#issuecomment-729936631,6,['test'],"['test', 'testReport', 'tests']"
Testability,Build failed on ROOT-fedora31/noimt.; Running on root-fedora-31-2.cern.ch:/home/sftnight/build/workspace/root-pullrequests-build; [See console output](https://lcgapp-services.cern.ch/root-jenkins/job/root-pullrequests-build/102306/console).; ### Errors:; - [2020-11-20T10:44:35.410Z] /home/sftnight/build/workspace/root-pullrequests-build/root/math/mathcore/test/../src/mulmod.h:132:49: error: cannot bind non-const lvalue reference of type ‘unsigned int&’ to an rvalue of type ‘unsigned int’,MatchSource.ISSUE_COMMENT,root-project,root,v6-32-06,https://github.com/root-project/root/pull/6844#issuecomment-731093328:358,test,test,358,https://root.cern,https://github.com/root-project/root/pull/6844#issuecomment-731093328,1,['test'],['test']
Testability,Build failed on ROOT-fedora31/noimt.; Running on root-fedora-31-2.cern.ch:/home/sftnight/build/workspace/root-pullrequests-build; [See console output](https://lcgapp-services.cern.ch/root-jenkins/job/root-pullrequests-build/102355/console).; ### Failing tests:; - [projectroot.roottest.root.aclic.load.roottest_root_aclic_load_autoloadtest_build](https://lcgapp-services.cern.ch/root-jenkins/job/root-pullrequests-build/102355/testReport/projectroot.roottest.root.aclic/load/roottest_root_aclic_load_autoloadtest_build/); - [projectroot.roottest.root.io.stdarray.roottest_root_io_stdarray_aclicModelWrite](https://lcgapp-services.cern.ch/root-jenkins/job/root-pullrequests-build/102355/testReport/projectroot.roottest.root.io/stdarray/roottest_root_io_stdarray_aclicModelWrite/); - [projectroot.roottest.root.io.uniquePointer.roottest_root_io_uniquePointer_writeUniqPtrColls](https://lcgapp-services.cern.ch/root-jenkins/job/root-pullrequests-build/102355/testReport/projectroot.roottest.root.io/uniquePointer/roottest_root_io_uniquePointer_writeUniqPtrColls/); - [projectroot.roottest.root.meta.evolution.roottest_root_meta_evolution_data1_build](https://lcgapp-services.cern.ch/root-jenkins/job/root-pullrequests-build/102355/testReport/projectroot.roottest.root.meta/evolution/roottest_root_meta_evolution_data1_build/); - [projectroot.roottest.root.meta.evolution.roottest_root_meta_evolution_data2_build](https://lcgapp-services.cern.ch/root-jenkins/job/root-pullrequests-build/102355/testReport/projectroot.roottest.root.meta/evolution/roottest_root_meta_evolution_data2_build/); - [projectroot.roottest.root.io.uniquePointer.roottest_root_io_uniquePointer_writePtrColls](https://lcgapp-services.cern.ch/root-jenkins/job/root-pullrequests-build/102355/testReport/projectroot.roottest.root.io/uniquePointer/roottest_root_io_uniquePointer_writePtrColls/); - [projectroot.roottest.root.meta.evolution.roottest_root_meta_evolution_data3_build](https://lcgapp-services.cern.ch/root-jenkins/job/root-p,MatchSource.ISSUE_COMMENT,root-project,root,v6-32-06,https://github.com/root-project/root/pull/6850#issuecomment-731292979:254,test,tests,254,https://root.cern,https://github.com/root-project/root/pull/6850#issuecomment-731292979,4,['test'],"['testReport', 'tests']"
Testability,Build failed on ROOT-fedora31/noimt.; Running on root-fedora-31-2.cern.ch:/home/sftnight/build/workspace/root-pullrequests-build; [See console output](https://lcgapp-services.cern.ch/root-jenkins/job/root-pullrequests-build/102369/console).; ### Failing tests:; - [projectroot.roottest.python.cpp.roottest_python_cpp_advanced](https://lcgapp-services.cern.ch/root-jenkins/job/root-pullrequests-build/102369/testReport/projectroot.roottest.python/cpp/roottest_python_cpp_advanced/); - [projectroot.roottest.root.dataframe.roottest_root_dataframe_writeFcc](https://lcgapp-services.cern.ch/root-jenkins/job/root-pullrequests-build/102369/testReport/projectroot.roottest.root/dataframe/roottest_root_dataframe_writeFcc/); - [projectroot.roottest.root.dataframe.roottest_root_dataframe_test_readFcc](https://lcgapp-services.cern.ch/root-jenkins/job/root-pullrequests-build/102369/testReport/projectroot.roottest.root/dataframe/roottest_root_dataframe_test_readFcc/); - [projectroot.roottest.root.meta.roottest_root_meta_runmissingInfo_auto](https://lcgapp-services.cern.ch/root-jenkins/job/root-pullrequests-build/102369/testReport/projectroot.roottest.root/meta/roottest_root_meta_runmissingInfo_auto/); - [projectroot.roottest.root.hist.formula.roottest_root_hist_formula_runconstargs](https://lcgapp-services.cern.ch/root-jenkins/job/root-pullrequests-build/102369/testReport/projectroot.roottest.root.hist/formula/roottest_root_hist_formula_runconstargs/); - [projectroot.roottest.root.hist.misc.roottest_root_hist_misc_runownership](https://lcgapp-services.cern.ch/root-jenkins/job/root-pullrequests-build/102369/testReport/projectroot.roottest.root.hist/misc/roottest_root_hist_misc_runownership/); - [projectroot.roottest.root.io.complex.roottest_root_io_complex_classWithComplex_libgen_build](https://lcgapp-services.cern.ch/root-jenkins/job/root-pullrequests-build/102369/testReport/projectroot.roottest.root.io/complex/roottest_root_io_complex_classWithComplex_libgen_build/); - [projectroot.root,MatchSource.ISSUE_COMMENT,root-project,root,v6-32-06,https://github.com/root-project/root/pull/6852#issuecomment-731307868:254,test,tests,254,https://root.cern,https://github.com/root-project/root/pull/6852#issuecomment-731307868,4,['test'],"['testReport', 'tests']"
Testability,Build failed on ROOT-fedora31/noimt.; Running on root-fedora-31-2.cern.ch:/home/sftnight/build/workspace/root-pullrequests-build; [See console output](https://lcgapp-services.cern.ch/root-jenkins/job/root-pullrequests-build/102377/console).; ### Failing tests:; - [projectroot.roofit.roofitcore.test.gtest_roofit_roofitcore_test_testProxiesAndCategories](https://lcgapp-services.cern.ch/root-jenkins/job/root-pullrequests-build/102377/testReport/projectroot.roofit.roofitcore/test/gtest_roofit_roofitcore_test_testProxiesAndCategories/); - [projectroot.roottest.root.io.emulated.roottest_root_io_emulated_make](https://lcgapp-services.cern.ch/root-jenkins/job/root-pullrequests-build/102377/testReport/projectroot.roottest.root.io/emulated/roottest_root_io_emulated_make/); - [projectroot.roottest.root.io.filemerger.roottest_root_io_filemerger_simple_default_compr_level9_datageneration](https://lcgapp-services.cern.ch/root-jenkins/job/root-pullrequests-build/102377/testReport/projectroot.roottest.root.io/filemerger/roottest_root_io_filemerger_simple_default_compr_level9_datageneration/); - [projectroot.roottest.root.io.filemerger.roottest_root_io_filemerger_simple_default_compr_level9](https://lcgapp-services.cern.ch/root-jenkins/job/root-pullrequests-build/102377/testReport/projectroot.roottest.root.io/filemerger/roottest_root_io_filemerger_simple_default_compr_level9/); - [projectroot.roottest.root.io.filemerger.roottest_root_io_filemerger_simple_lz4_compr_level9](https://lcgapp-services.cern.ch/root-jenkins/job/root-pullrequests-build/102377/testReport/projectroot.roottest.root.io/filemerger/roottest_root_io_filemerger_simple_lz4_compr_level9/); - [projectroot.roottest.root.io.filemerger.roottest_root_io_filemerger_simplex2_default_compr_level9](https://lcgapp-services.cern.ch/root-jenkins/job/root-pullrequests-build/102377/testReport/projectroot.roottest.root.io/filemerger/roottest_root_io_filemerger_simplex2_default_compr_level9/); - [projectroot.roottest.root.io.filemerge,MatchSource.ISSUE_COMMENT,root-project,root,v6-32-06,https://github.com/root-project/root/pull/6854#issuecomment-731508496:254,test,tests,254,https://root.cern,https://github.com/root-project/root/pull/6854#issuecomment-731508496,6,['test'],"['test', 'testReport', 'tests']"
Testability,Build failed on ROOT-fedora31/noimt.; Running on root-fedora-31-2.cern.ch:/home/sftnight/build/workspace/root-pullrequests-build; [See console output](https://lcgapp-services.cern.ch/root-jenkins/job/root-pullrequests-build/102393/console).; ### Failing tests:; - [projectroot.roottest.root.io.filemerger.roottest_root_io_filemerger_simple_default_compr_level9_datageneration](https://lcgapp-services.cern.ch/root-jenkins/job/root-pullrequests-build/102393/testReport/projectroot.roottest.root.io/filemerger/roottest_root_io_filemerger_simple_default_compr_level9_datageneration/); - [projectroot.roottest.root.io.filemerger.roottest_root_io_filemerger_simple_default_compr_level9](https://lcgapp-services.cern.ch/root-jenkins/job/root-pullrequests-build/102393/testReport/projectroot.roottest.root.io/filemerger/roottest_root_io_filemerger_simple_default_compr_level9/); - [projectroot.roottest.root.io.filemerger.roottest_root_io_filemerger_simple_lz4_compr_level9](https://lcgapp-services.cern.ch/root-jenkins/job/root-pullrequests-build/102393/testReport/projectroot.roottest.root.io/filemerger/roottest_root_io_filemerger_simple_lz4_compr_level9/); - [projectroot.roottest.root.io.filemerger.roottest_root_io_filemerger_simplex2_default_compr_level9](https://lcgapp-services.cern.ch/root-jenkins/job/root-pullrequests-build/102393/testReport/projectroot.roottest.root.io/filemerger/roottest_root_io_filemerger_simplex2_default_compr_level9/); - [projectroot.roottest.root.io.filemerger.roottest_root_io_filemerger_simple_lzma_compr_level9](https://lcgapp-services.cern.ch/root-jenkins/job/root-pullrequests-build/102393/testReport/projectroot.roottest.root.io/filemerger/roottest_root_io_filemerger_simple_lzma_compr_level9/); - [projectroot.roottest.root.io.filemerger.roottest_root_io_filemerger_simplek_default_compr_deflevel](https://lcgapp-services.cern.ch/root-jenkins/job/root-pullrequests-build/102393/testReport/projectroot.roottest.root.io/filemerger/roottest_root_io_filemerger_simplek,MatchSource.ISSUE_COMMENT,root-project,root,v6-32-06,https://github.com/root-project/root/pull/6854#issuecomment-731627203:254,test,tests,254,https://root.cern,https://github.com/root-project/root/pull/6854#issuecomment-731627203,3,['test'],"['testReport', 'tests']"
Testability,Build failed on ROOT-fedora31/noimt.; Running on root-fedora-31-2.cern.ch:/home/sftnight/build/workspace/root-pullrequests-build; [See console output](https://lcgapp-services.cern.ch/root-jenkins/job/root-pullrequests-build/102513/console).; ### Failing tests:; - [projectroot.roottest.root.aclic.load.roottest_root_aclic_load_autoloadtest_build](https://lcgapp-services.cern.ch/root-jenkins/job/root-pullrequests-build/102513/testReport/projectroot.roottest.root.aclic/load/roottest_root_aclic_load_autoloadtest_build/); - [projectroot.roottest.root.io.uniquePointer.roottest_root_io_uniquePointer_writePtrColls](https://lcgapp-services.cern.ch/root-jenkins/job/root-pullrequests-build/102513/testReport/projectroot.roottest.root.io/uniquePointer/roottest_root_io_uniquePointer_writePtrColls/); - [projectroot.roottest.root.meta.evolution.roottest_root_meta_evolution_data2_build](https://lcgapp-services.cern.ch/root-jenkins/job/root-pullrequests-build/102513/testReport/projectroot.roottest.root.meta/evolution/roottest_root_meta_evolution_data2_build/); - [projectroot.roottest.root.io.stdarray.roottest_root_io_stdarray_aclicModelWrite](https://lcgapp-services.cern.ch/root-jenkins/job/root-pullrequests-build/102513/testReport/projectroot.roottest.root.io/stdarray/roottest_root_io_stdarray_aclicModelWrite/); - [projectroot.roottest.root.io.uniquePointer.roottest_root_io_uniquePointer_writeUniqPtrColls](https://lcgapp-services.cern.ch/root-jenkins/job/root-pullrequests-build/102513/testReport/projectroot.roottest.root.io/uniquePointer/roottest_root_io_uniquePointer_writeUniqPtrColls/); - [projectroot.roottest.root.meta.evolution.roottest_root_meta_evolution_data1_build](https://lcgapp-services.cern.ch/root-jenkins/job/root-pullrequests-build/102513/testReport/projectroot.roottest.root.meta/evolution/roottest_root_meta_evolution_data1_build/); - [projectroot.roottest.root.meta.evolution.roottest_root_meta_evolution_data3_build](https://lcgapp-services.cern.ch/root-jenkins/job/root-p,MatchSource.ISSUE_COMMENT,root-project,root,v6-32-06,https://github.com/root-project/root/pull/6850#issuecomment-732264483:254,test,tests,254,https://root.cern,https://github.com/root-project/root/pull/6850#issuecomment-732264483,4,['test'],"['testReport', 'tests']"
Testability,Build failed on ROOT-fedora31/noimt.; Running on root-fedora-31-2.cern.ch:/home/sftnight/build/workspace/root-pullrequests-build; [See console output](https://lcgapp-services.cern.ch/root-jenkins/job/root-pullrequests-build/102562/console).; ### Failing tests:; - [projectroot.roottest.root.meta.tclass.issue-6840.roottest_root_meta_tclass_issue_6840_emulatePairsTest](https://lcgapp-services.cern.ch/root-jenkins/job/root-pullrequests-build/102562/testReport/projectroot.roottest.root.meta.tclass/issue-6840/roottest_root_meta_tclass_issue_6840_emulatePairsTest/); - [projectroot.roottest.root.meta.tclass.issue-6840.roottest_root_meta_tclass_issue_6840_pairCalculation](https://lcgapp-services.cern.ch/root-jenkins/job/root-pullrequests-build/102562/testReport/projectroot.roottest.root.meta.tclass/issue-6840/roottest_root_meta_tclass_issue_6840_pairCalculation/),MatchSource.ISSUE_COMMENT,root-project,root,v6-32-06,https://github.com/root-project/root/pull/6854#issuecomment-732455860:254,test,tests,254,https://root.cern,https://github.com/root-project/root/pull/6854#issuecomment-732455860,3,['test'],"['testReport', 'tests']"
Testability,Build failed on ROOT-fedora31/noimt.; Running on root-fedora-31-2.cern.ch:/home/sftnight/build/workspace/root-pullrequests-build; [See console output](https://lcgapp-services.cern.ch/root-jenkins/job/root-pullrequests-build/102583/console).; ### Failing tests:; - [projectroot.roottest.root.io.emulated.roottest_root_io_emulated_make](https://lcgapp-services.cern.ch/root-jenkins/job/root-pullrequests-build/102583/testReport/projectroot.roottest.root.io/emulated/roottest_root_io_emulated_make/); - [projectroot.roottest.root.tree.fastcloning.roottest_root_tree_fastcloning_execCheckClusterRange](https://lcgapp-services.cern.ch/root-jenkins/job/root-pullrequests-build/102583/testReport/projectroot.roottest.root.tree/fastcloning/roottest_root_tree_fastcloning_execCheckClusterRange/),MatchSource.ISSUE_COMMENT,root-project,root,v6-32-06,https://github.com/root-project/root/pull/6873#issuecomment-732474517:254,test,tests,254,https://root.cern,https://github.com/root-project/root/pull/6873#issuecomment-732474517,3,['test'],"['testReport', 'tests']"
Testability,Build failed on ROOT-fedora31/noimt.; Running on root-fedora-31-2.cern.ch:/home/sftnight/build/workspace/root-pullrequests-build; [See console output](https://lcgapp-services.cern.ch/root-jenkins/job/root-pullrequests-build/102590/console).; ### Failing tests:; - [projectroot.roottest.root.meta.tclass.issue-6840.roottest_root_meta_tclass_issue_6840_emulatePairsTest](https://lcgapp-services.cern.ch/root-jenkins/job/root-pullrequests-build/102590/testReport/projectroot.roottest.root.meta.tclass/issue-6840/roottest_root_meta_tclass_issue_6840_emulatePairsTest/),MatchSource.ISSUE_COMMENT,root-project,root,v6-32-06,https://github.com/root-project/root/pull/6854#issuecomment-732496023:254,test,tests,254,https://root.cern,https://github.com/root-project/root/pull/6854#issuecomment-732496023,2,['test'],"['testReport', 'tests']"
Testability,Build failed on ROOT-fedora31/noimt.; Running on root-fedora-31-2.cern.ch:/home/sftnight/build/workspace/root-pullrequests-build; [See console output](https://lcgapp-services.cern.ch/root-jenkins/job/root-pullrequests-build/102597/console).; ### Failing tests:; - [projectroot.roottest.root.meta.tclass.issue-6840.roottest_root_meta_tclass_issue_6840_emulatePairsTest](https://lcgapp-services.cern.ch/root-jenkins/job/root-pullrequests-build/102597/testReport/projectroot.roottest.root.meta.tclass/issue-6840/roottest_root_meta_tclass_issue_6840_emulatePairsTest/),MatchSource.ISSUE_COMMENT,root-project,root,v6-32-06,https://github.com/root-project/root/pull/6854#issuecomment-732585355:254,test,tests,254,https://root.cern,https://github.com/root-project/root/pull/6854#issuecomment-732585355,2,['test'],"['testReport', 'tests']"
Testability,Build failed on ROOT-fedora31/noimt.; Running on root-fedora-31-2.cern.ch:/home/sftnight/build/workspace/root-pullrequests-build; [See console output](https://lcgapp-services.cern.ch/root-jenkins/job/root-pullrequests-build/102611/console).; ### Failing tests:; - [projectroot.roottest.root.meta.MakeProject.roottest_root_meta_MakeProject_stl_makeproject_test_build](https://lcgapp-services.cern.ch/root-jenkins/job/root-pullrequests-build/102611/testReport/projectroot.roottest.root.meta/MakeProject/roottest_root_meta_MakeProject_stl_makeproject_test_build/); - [projectroot.roottest.root.io.complex.roottest_root_io_complex_classWithComplex_libgen_build](https://lcgapp-services.cern.ch/root-jenkins/job/root-pullrequests-build/102611/testReport/projectroot.roottest.root.io/complex/roottest_root_io_complex_classWithComplex_libgen_build/); - [projectroot.roottest.root.meta.MakeProject.roottest_root_meta_MakeProject_examples](https://lcgapp-services.cern.ch/root-jenkins/job/root-pullrequests-build/102611/testReport/projectroot.roottest.root.meta/MakeProject/roottest_root_meta_MakeProject_examples/); - [projectroot.roottest.root.io.cpp11Containers.roottest_root_io_cpp11Containers_forwardList_libgen_build](https://lcgapp-services.cern.ch/root-jenkins/job/root-pullrequests-build/102611/testReport/projectroot.roottest.root.io/cpp11Containers/roottest_root_io_cpp11Containers_forwardList_libgen_build/); - [projectroot.roottest.root.io.complex.roottest_root_io_complex_writeClassWithComplex](https://lcgapp-services.cern.ch/root-jenkins/job/root-pullrequests-build/102611/testReport/projectroot.roottest.root.io/complex/roottest_root_io_complex_writeClassWithComplex/); - [projectroot.roottest.root.io.cpp11Containers.roottest_root_io_cpp11Containers_unorderedSet_libgen_build](https://lcgapp-services.cern.ch/root-jenkins/job/root-pullrequests-build/102611/testReport/projectroot.roottest.root.io/cpp11Containers/roottest_root_io_cpp11Containers_unorderedSet_libgen_build/); - [projectroot.ro,MatchSource.ISSUE_COMMENT,root-project,root,v6-32-06,https://github.com/root-project/root/pull/6852#issuecomment-732743973:254,test,tests,254,https://root.cern,https://github.com/root-project/root/pull/6852#issuecomment-732743973,4,['test'],"['testReport', 'tests']"
Testability,Build failed on ROOT-fedora31/noimt.; Running on root-fedora-31-2.cern.ch:/home/sftnight/build/workspace/root-pullrequests-build; [See console output](https://lcgapp-services.cern.ch/root-jenkins/job/root-pullrequests-build/102618/console).; ### Failing tests:; - [projectroot.roottest.root.meta.tclass.issue-6840.roottest_root_meta_tclass_issue_6840_emulatePairsTest](https://lcgapp-services.cern.ch/root-jenkins/job/root-pullrequests-build/102618/testReport/projectroot.roottest.root.meta.tclass/issue-6840/roottest_root_meta_tclass_issue_6840_emulatePairsTest/),MatchSource.ISSUE_COMMENT,root-project,root,v6-32-06,https://github.com/root-project/root/pull/6854#issuecomment-732944114:254,test,tests,254,https://root.cern,https://github.com/root-project/root/pull/6854#issuecomment-732944114,2,['test'],"['testReport', 'tests']"
Testability,Build failed on ROOT-fedora31/noimt.; Running on root-fedora-31-2.cern.ch:/home/sftnight/build/workspace/root-pullrequests-build; [See console output](https://lcgapp-services.cern.ch/root-jenkins/job/root-pullrequests-build/102639/console).; ### Failing tests:; - [projectroot.roottest.root.meta.tclass.issue-6840.roottest_root_meta_tclass_issue_6840_emulatePairsTest](https://lcgapp-services.cern.ch/root-jenkins/job/root-pullrequests-build/102639/testReport/projectroot.roottest.root.meta.tclass/issue-6840/roottest_root_meta_tclass_issue_6840_emulatePairsTest/),MatchSource.ISSUE_COMMENT,root-project,root,v6-32-06,https://github.com/root-project/root/pull/6854#issuecomment-733074307:254,test,tests,254,https://root.cern,https://github.com/root-project/root/pull/6854#issuecomment-733074307,2,['test'],"['testReport', 'tests']"
Testability,"Build failed on ROOT-fedora31/noimt.; Running on root-fedora-31-2.cern.ch:/home/sftnight/build/workspace/root-pullrequests-build; [See console output](https://lcgapp-services.cern.ch/root-jenkins/job/root-pullrequests-build/102674/console).; ### Warnings:; - [2020-11-24T19:45:43.720Z] /home/sftnight/build/workspace/root-pullrequests-build/root/core/meta/src/TClass.cxx:734:14: warning: ‘char* strncat(char*, const char*, size_t)’ specified bound 1024 equals destination size [-Wstringop-overflow=] . ### Failing tests:; - [projectroot.roottest.root.io.newClassDef.roottest_root_io_newClassDef_make](https://lcgapp-services.cern.ch/root-jenkins/job/root-pullrequests-build/102674/testReport/projectroot.roottest.root.io/newClassDef/roottest_root_io_newClassDef_make/)",MatchSource.ISSUE_COMMENT,root-project,root,v6-32-06,https://github.com/root-project/root/pull/6854#issuecomment-733205177:514,test,tests,514,https://root.cern,https://github.com/root-project/root/pull/6854#issuecomment-733205177,2,['test'],"['testReport', 'tests']"
Testability,Build failed on ROOT-fedora31/noimt.; Running on root-fedora-31-2.cern.ch:/home/sftnight/build/workspace/root-pullrequests-build; [See console output](https://lcgapp-services.cern.ch/root-jenkins/job/root-pullrequests-build/102795/console).; ### Failing tests:; - [projectroot.roottest.root.io.filemerger.roottest_root_io_filemerger_simple_default_compr_level9_datageneration](https://lcgapp-services.cern.ch/root-jenkins/job/root-pullrequests-build/102795/testReport/projectroot.roottest.root.io/filemerger/roottest_root_io_filemerger_simple_default_compr_level9_datageneration/); - [projectroot.roottest.root.io.filemerger.roottest_root_io_filemerger_simple_default_compr_level9](https://lcgapp-services.cern.ch/root-jenkins/job/root-pullrequests-build/102795/testReport/projectroot.roottest.root.io/filemerger/roottest_root_io_filemerger_simple_default_compr_level9/); - [projectroot.roottest.root.io.filemerger.roottest_root_io_filemerger_simple_lzma_compr_level9](https://lcgapp-services.cern.ch/root-jenkins/job/root-pullrequests-build/102795/testReport/projectroot.roottest.root.io/filemerger/roottest_root_io_filemerger_simple_lzma_compr_level9/); - [projectroot.roottest.root.io.filemerger.roottest_root_io_filemerger_simple_lz4_compr_level9](https://lcgapp-services.cern.ch/root-jenkins/job/root-pullrequests-build/102795/testReport/projectroot.roottest.root.io/filemerger/roottest_root_io_filemerger_simple_lz4_compr_level9/); - [projectroot.roottest.root.io.filemerger.roottest_root_io_filemerger_simplex2_default_compr_level9](https://lcgapp-services.cern.ch/root-jenkins/job/root-pullrequests-build/102795/testReport/projectroot.roottest.root.io/filemerger/roottest_root_io_filemerger_simplex2_default_compr_level9/); - [projectroot.roottest.root.io.filemerger.roottest_root_io_filemerger_simplek_default_compr_deflevel](https://lcgapp-services.cern.ch/root-jenkins/job/root-pullrequests-build/102795/testReport/projectroot.roottest.root.io/filemerger/roottest_root_io_filemerger_simplek,MatchSource.ISSUE_COMMENT,root-project,root,v6-32-06,https://github.com/root-project/root/pull/6880#issuecomment-733867779:254,test,tests,254,https://root.cern,https://github.com/root-project/root/pull/6880#issuecomment-733867779,3,['test'],"['testReport', 'tests']"
Testability,Build failed on ROOT-fedora31/noimt.; Running on root-fedora-31-2.cern.ch:/home/sftnight/build/workspace/root-pullrequests-build; [See console output](https://lcgapp-services.cern.ch/root-jenkins/job/root-pullrequests-build/102839/console).; ### Failing tests:; - [projectroot.roottest.root.meta.autoloading.roottest_root_meta_autoloading_exectypeDefAutoloading_auto](https://lcgapp-services.cern.ch/root-jenkins/job/root-pullrequests-build/102839/testReport/projectroot.roottest.root.meta/autoloading/roottest_root_meta_autoloading_exectypeDefAutoloading_auto/); - [projectroot.roottest.root.meta.dictSelection.roottest_root_meta_dictSelection_execAtlasTest](https://lcgapp-services.cern.ch/root-jenkins/job/root-pullrequests-build/102839/testReport/projectroot.roottest.root.meta/dictSelection/roottest_root_meta_dictSelection_execAtlasTest/),MatchSource.ISSUE_COMMENT,root-project,root,v6-32-06,https://github.com/root-project/root/pull/6880#issuecomment-734210122:254,test,tests,254,https://root.cern,https://github.com/root-project/root/pull/6880#issuecomment-734210122,3,['test'],"['testReport', 'tests']"
Testability,Build failed on ROOT-fedora31/noimt.; Running on root-fedora-31-2.cern.ch:/home/sftnight/build/workspace/root-pullrequests-build; [See console output](https://lcgapp-services.cern.ch/root-jenkins/job/root-pullrequests-build/102853/console).; ### Failing tests:; - [projectroot.roottest.root.meta.autoloading.roottest_root_meta_autoloading_exectypeDefAutoloading_auto](https://lcgapp-services.cern.ch/root-jenkins/job/root-pullrequests-build/102853/testReport/projectroot.roottest.root.meta/autoloading/roottest_root_meta_autoloading_exectypeDefAutoloading_auto/),MatchSource.ISSUE_COMMENT,root-project,root,v6-32-06,https://github.com/root-project/root/pull/6880#issuecomment-734230054:254,test,tests,254,https://root.cern,https://github.com/root-project/root/pull/6880#issuecomment-734230054,2,['test'],"['testReport', 'tests']"
Testability,Build failed on ROOT-fedora31/noimt.; Running on root-fedora-31-2.cern.ch:/home/sftnight/build/workspace/root-pullrequests-build; [See console output](https://lcgapp-services.cern.ch/root-jenkins/job/root-pullrequests-build/102986/console).; ### Failing tests:; - [projectroot.math.genetic.test.genetic_GAMinTutorial](https://lcgapp-services.cern.ch/root-jenkins/job/root-pullrequests-build/102986/testReport/projectroot.math.genetic/test/genetic_GAMinTutorial/); - [projectroot.math.mathcore.test.mathcore_testBinnedFitExecPolicy](https://lcgapp-services.cern.ch/root-jenkins/job/root-pullrequests-build/102986/testReport/projectroot.math.mathcore/test/mathcore_testBinnedFitExecPolicy/); - [projectroot.math.mathcore.test.mathcore_testLogLExecPolicy](https://lcgapp-services.cern.ch/root-jenkins/job/root-pullrequests-build/102986/testReport/projectroot.math.mathcore/test/mathcore_testLogLExecPolicy/); - [projectroot.math.mathcore.test.mathcore_testFit](https://lcgapp-services.cern.ch/root-jenkins/job/root-pullrequests-build/102986/testReport/projectroot.math.mathcore/test/mathcore_testFit/); - [projectroot.test.test_stressHistFactory_interpreted](https://lcgapp-services.cern.ch/root-jenkins/job/root-pullrequests-build/102986/testReport/projectroot/test/test_stressHistFactory_interpreted/); - [projectroot.test.test_stresshistofit_interpreted](https://lcgapp-services.cern.ch/root-jenkins/job/root-pullrequests-build/102986/testReport/projectroot/test/test_stresshistofit_interpreted/); - [projectroot.math.minuit2.test.minuit2_testMinimizer](https://lcgapp-services.cern.ch/root-jenkins/job/root-pullrequests-build/102986/testReport/projectroot.math.minuit2/test/minuit2_testMinimizer/); - [projectroot.roottest.root.roofitstats.gtesttest_root_roofitstats_stabilityTests](https://lcgapp-services.cern.ch/root-jenkins/job/root-pullrequests-build/102986/testReport/projectroot.roottest.root/roofitstats/gtesttest_root_roofitstats_stabilityTests/),MatchSource.ISSUE_COMMENT,root-project,root,v6-32-06,https://github.com/root-project/root/pull/6705#issuecomment-735838988:254,test,tests,254,https://root.cern,https://github.com/root-project/root/pull/6705#issuecomment-735838988,23,['test'],"['test', 'testReport', 'tests']"
Testability,Build failed on ROOT-fedora31/noimt.; Running on root-fedora-31-2.cern.ch:/home/sftnight/build/workspace/root-pullrequests-build; [See console output](https://lcgapp-services.cern.ch/root-jenkins/job/root-pullrequests-build/103274/console).; ### Failing tests:; - [projectroot.roottest.cling.autoauto.roottest_cling_autoauto_ROOT8442](https://lcgapp-services.cern.ch/root-jenkins/job/root-pullrequests-build/103274/testReport/projectroot.roottest.cling/autoauto/roottest_cling_autoauto_ROOT8442/); - [projectroot.roottest.cling.function.roottest_cling_function_runstaticfunc](https://lcgapp-services.cern.ch/root-jenkins/job/root-pullrequests-build/103274/testReport/projectroot.roottest.cling/function/roottest_cling_function_runstaticfunc/); - [projectroot.roottest.cling.specialobj.roottest_cling_specialobj_runf02](https://lcgapp-services.cern.ch/root-jenkins/job/root-pullrequests-build/103274/testReport/projectroot.roottest.cling/specialobj/roottest_cling_specialobj_runf02/); - [projectroot.roottest.cling.specialobj.roottest_cling_specialobj_unhappy](https://lcgapp-services.cern.ch/root-jenkins/job/root-pullrequests-build/103274/testReport/projectroot.roottest.cling/specialobj/roottest_cling_specialobj_unhappy/); - [projectroot.roottest.root.rint.roottest_root_rint_TabCom](https://lcgapp-services.cern.ch/root-jenkins/job/root-pullrequests-build/103274/testReport/projectroot.roottest.root/rint/roottest_root_rint_TabCom/),MatchSource.ISSUE_COMMENT,root-project,root,v6-32-06,https://github.com/root-project/root/pull/6707#issuecomment-738666608:254,test,tests,254,https://root.cern,https://github.com/root-project/root/pull/6707#issuecomment-738666608,6,['test'],"['testReport', 'tests']"
Testability,Build failed on ROOT-fedora31/noimt.; Running on root-fedora-31-2.cern.ch:/home/sftnight/build/workspace/root-pullrequests-build; [See console output](https://lcgapp-services.cern.ch/root-jenkins/job/root-pullrequests-build/103330/console).; ### Failing tests:; - [projectroot.roottest.root.meta.evolution.roottest_root_meta_evolution_execMixedBaseClass_v2](https://lcgapp-services.cern.ch/root-jenkins/job/root-pullrequests-build/103330/testReport/projectroot.roottest.root.meta/evolution/roottest_root_meta_evolution_execMixedBaseClass_v2/); - [projectroot.roottest.root.meta.evolution.roottest_root_meta_evolution_mixedBase_merge1](https://lcgapp-services.cern.ch/root-jenkins/job/root-pullrequests-build/103330/testReport/projectroot.roottest.root.meta/evolution/roottest_root_meta_evolution_mixedBase_merge1/); - [projectroot.roottest.root.meta.evolution.roottest_root_meta_evolution_mixedBase_merge2](https://lcgapp-services.cern.ch/root-jenkins/job/root-pullrequests-build/103330/testReport/projectroot.roottest.root.meta/evolution/roottest_root_meta_evolution_mixedBase_merge2/),MatchSource.ISSUE_COMMENT,root-project,root,v6-32-06,https://github.com/root-project/root/pull/6914#issuecomment-738908884:254,test,tests,254,https://root.cern,https://github.com/root-project/root/pull/6914#issuecomment-738908884,4,['test'],"['testReport', 'tests']"
Testability,Build failed on ROOT-fedora31/noimt.; Running on root-fedora-31-2.cern.ch:/home/sftnight/build/workspace/root-pullrequests-build; [See console output](https://lcgapp-services.cern.ch/root-jenkins/job/root-pullrequests-build/103729/console).; ### Failing tests:; - [projectroot.roottest.root.meta.tclass.issue-6767.roottest_root_meta_tclass_issue_6767_reproducer](https://lcgapp-services.cern.ch/root-jenkins/job/root-pullrequests-build/103729/testReport/projectroot.roottest.root.meta.tclass/issue-6767/roottest_root_meta_tclass_issue_6767_reproducer/); - [projectroot.roottest.root.meta.tclass.issue-6840.roottest_root_meta_tclass_issue_6840_emulatePairsTest](https://lcgapp-services.cern.ch/root-jenkins/job/root-pullrequests-build/103729/testReport/projectroot.roottest.root.meta.tclass/issue-6840/roottest_root_meta_tclass_issue_6840_emulatePairsTest/),MatchSource.ISSUE_COMMENT,root-project,root,v6-32-06,https://github.com/root-project/root/pull/6880#issuecomment-743324284:254,test,tests,254,https://root.cern,https://github.com/root-project/root/pull/6880#issuecomment-743324284,3,['test'],"['testReport', 'tests']"
Testability,"Build failed on ROOT-fedora31/noimt.; Running on root-fedora-31-2.cern.ch:/home/sftnight/build/workspace/root-pullrequests-build; [See console output](https://lcgapp-services.cern.ch/root-jenkins/job/root-pullrequests-build/103813/console).; ### Errors:; - [2020-12-14T21:44:47.424Z] Commit message: ""Several new test failures on ppc64le with 6.22.06 due to: g++: error: linux-vdso64.so.1: No such file or directory"" ; - [2020-12-14T21:44:57.593Z] CMake Error at /home/sftnight/build/workspace/root-pullrequests-build/rootspi/jenkins/root-build.cmake:1009 (message):",MatchSource.ISSUE_COMMENT,root-project,root,v6-32-06,https://github.com/root-project/root/pull/6952#issuecomment-744729962:313,test,test,313,https://root.cern,https://github.com/root-project/root/pull/6952#issuecomment-744729962,1,['test'],['test']
Testability,"Build failed on ROOT-fedora31/noimt.; Running on root-fedora-31-2.cern.ch:/home/sftnight/build/workspace/root-pullrequests-build; [See console output](https://lcgapp-services.cern.ch/root-jenkins/job/root-pullrequests-build/103827/console).; ### Errors:; - [2020-12-14T21:48:25.903Z] Commit message: ""Several new test failures on ppc64le with 6.22.06 due to: g++: error: linux-vdso64.so.1: No such file or directory"" ; - [2020-12-14T21:48:34.960Z] CMake Error at /home/sftnight/build/workspace/root-pullrequests-build/rootspi/jenkins/root-build.cmake:1009 (message):",MatchSource.ISSUE_COMMENT,root-project,root,v6-32-06,https://github.com/root-project/root/pull/6952#issuecomment-744731719:313,test,test,313,https://root.cern,https://github.com/root-project/root/pull/6952#issuecomment-744731719,1,['test'],['test']
Testability,"Build failed on ROOT-fedora31/noimt.; Running on root-fedora-31-2.cern.ch:/home/sftnight/build/workspace/root-pullrequests-build; [See console output](https://lcgapp-services.cern.ch/root-jenkins/job/root-pullrequests-build/103880/console).; ### Errors:; - [2020-12-15T02:41:11.004Z] Commit message: ""Several new test failures on ppc64le with 6.22.06 due to: g++: error: linux-vdso64.so.1: No such file or directory"" . ### Failing tests:; - [projectroot.roottest.python.pickle.roottest_python_pickle_write](https://lcgapp-services.cern.ch/root-jenkins/job/root-pullrequests-build/103880/testReport/projectroot.roottest.python/pickle/roottest_python_pickle_write/); - [projectroot.test.test_stressroofit](https://lcgapp-services.cern.ch/root-jenkins/job/root-pullrequests-build/103880/testReport/projectroot/test/test_stressroofit/); - [projectroot.test.test_stresshistofit](https://lcgapp-services.cern.ch/root-jenkins/job/root-pullrequests-build/103880/testReport/projectroot/test/test_stresshistofit/); - [projectroot.bindings.pyroot.pythonizations.test.pyunittests_pyroot_pyz_tdirectory_attrsyntax](https://lcgapp-services.cern.ch/root-jenkins/job/root-pullrequests-build/103880/testReport/projectroot.bindings.pyroot.pythonizations/test/pyunittests_pyroot_pyz_tdirectory_attrsyntax/); - [projectroot.bindings.pyroot.pythonizations.test.pyunittests_pyroot_pyz_tdirectoryfile_attrsyntax_get](https://lcgapp-services.cern.ch/root-jenkins/job/root-pullrequests-build/103880/testReport/projectroot.bindings.pyroot.pythonizations/test/pyunittests_pyroot_pyz_tdirectoryfile_attrsyntax_get/); - [projectroot.bindings.pyroot.pythonizations.test.pyunittests_pyroot_pyz_ttree_asmatrix](https://lcgapp-services.cern.ch/root-jenkins/job/root-pullrequests-build/103880/testReport/projectroot.bindings.pyroot.pythonizations/test/pyunittests_pyroot_pyz_ttree_asmatrix/); - [projectroot.bindings.pyroot.pythonizations.test.pyunittests_pyroot_pyz_rdataframe_asnumpy](https://lcgapp-services.cern.ch/root-jenkins/job",MatchSource.ISSUE_COMMENT,root-project,root,v6-32-06,https://github.com/root-project/root/pull/6952#issuecomment-745047068:313,test,test,313,https://root.cern,https://github.com/root-project/root/pull/6952#issuecomment-745047068,9,['test'],"['test', 'testReport', 'tests']"
Testability,"Build failed on ROOT-fedora31/noimt.; Running on root-fedora-31-2.cern.ch:/home/sftnight/build/workspace/root-pullrequests-build; [See console output](https://lcgapp-services.cern.ch/root-jenkins/job/root-pullrequests-build/103887/console).; ### Errors:; - [2020-12-15T08:55:12.503Z] Commit message: ""Several new test failures on ppc64le with 6.22.06 due to: g++: error: linux-vdso64.so.1: No such file or directory"" ; - [2020-12-15T08:57:43.694Z] collect2: error: ld returned 1 exit status",MatchSource.ISSUE_COMMENT,root-project,root,v6-32-06,https://github.com/root-project/root/pull/6950#issuecomment-745149196:313,test,test,313,https://root.cern,https://github.com/root-project/root/pull/6950#issuecomment-745149196,1,['test'],['test']
Testability,Build failed on ROOT-fedora31/noimt.; Running on root-fedora-31-2.cern.ch:/home/sftnight/build/workspace/root-pullrequests-build; [See console output](https://lcgapp-services.cern.ch/root-jenkins/job/root-pullrequests-build/103909/console).; ### Failing tests:; - [projectroot.roottest.root.meta.tclass.issue-6767.roottest_root_meta_tclass_issue_6767_reproducer](https://lcgapp-services.cern.ch/root-jenkins/job/root-pullrequests-build/103909/testReport/projectroot.roottest.root.meta.tclass/issue-6767/roottest_root_meta_tclass_issue_6767_reproducer/); - [projectroot.roottest.root.meta.tclass.issue-6840.roottest_root_meta_tclass_issue_6840_emulatePairsTest](https://lcgapp-services.cern.ch/root-jenkins/job/root-pullrequests-build/103909/testReport/projectroot.roottest.root.meta.tclass/issue-6840/roottest_root_meta_tclass_issue_6840_emulatePairsTest/),MatchSource.ISSUE_COMMENT,root-project,root,v6-32-06,https://github.com/root-project/root/pull/6880#issuecomment-745401224:254,test,tests,254,https://root.cern,https://github.com/root-project/root/pull/6880#issuecomment-745401224,3,['test'],"['testReport', 'tests']"
Testability,Build failed on ROOT-fedora31/noimt.; Running on root-fedora-31-2.cern.ch:/home/sftnight/build/workspace/root-pullrequests-build; [See console output](https://lcgapp-services.cern.ch/root-jenkins/job/root-pullrequests-build/103940/console).; ### Failing tests:; - [projectroot.roottest.python.pickle.roottest_python_pickle_write](https://lcgapp-services.cern.ch/root-jenkins/job/root-pullrequests-build/103940/testReport/projectroot.roottest.python/pickle/roottest_python_pickle_write/); - [projectroot.test.test_stressroofit](https://lcgapp-services.cern.ch/root-jenkins/job/root-pullrequests-build/103940/testReport/projectroot/test/test_stressroofit/); - [projectroot.test.test_stresshistofit](https://lcgapp-services.cern.ch/root-jenkins/job/root-pullrequests-build/103940/testReport/projectroot/test/test_stresshistofit/); - [projectroot.bindings.pyroot.pythonizations.test.pyunittests_pyroot_pyz_tdirectoryfile_attrsyntax_get](https://lcgapp-services.cern.ch/root-jenkins/job/root-pullrequests-build/103940/testReport/projectroot.bindings.pyroot.pythonizations/test/pyunittests_pyroot_pyz_tdirectoryfile_attrsyntax_get/); - [projectroot.bindings.pyroot.pythonizations.test.pyunittests_pyroot_pyz_tdirectory_attrsyntax](https://lcgapp-services.cern.ch/root-jenkins/job/root-pullrequests-build/103940/testReport/projectroot.bindings.pyroot.pythonizations/test/pyunittests_pyroot_pyz_tdirectory_attrsyntax/); - [projectroot.bindings.pyroot.pythonizations.test.pyunittests_pyroot_pyz_ttree_asmatrix](https://lcgapp-services.cern.ch/root-jenkins/job/root-pullrequests-build/103940/testReport/projectroot.bindings.pyroot.pythonizations/test/pyunittests_pyroot_pyz_ttree_asmatrix/); - [projectroot.bindings.pyroot.pythonizations.test.pyunittests_pyroot_pyz_rdataframe_asnumpy](https://lcgapp-services.cern.ch/root-jenkins/job/root-pullrequests-build/103940/testReport/projectroot.bindings.pyroot.pythonizations/test/pyunittests_pyroot_pyz_rdataframe_asnumpy/); - [projectroot.core.thread.test.gtest_cor,MatchSource.ISSUE_COMMENT,root-project,root,v6-32-06,https://github.com/root-project/root/pull/6952#issuecomment-745610651:254,test,tests,254,https://root.cern,https://github.com/root-project/root/pull/6952#issuecomment-745610651,10,['test'],"['test', 'testReport', 'tests']"
Testability,Build failed on ROOT-fedora31/noimt.; Running on root-fedora-31-2.cern.ch:/home/sftnight/build/workspace/root-pullrequests-build; [See console output](https://lcgapp-services.cern.ch/root-jenkins/job/root-pullrequests-build/104165/console).; ### Failing tests:; - [projectroot.tree.dataframe.test.gtest_tree_dataframe_test_dataframe_simple](https://lcgapp-services.cern.ch/root-jenkins/job/root-pullrequests-build/104165/testReport/projectroot.tree.dataframe/test/gtest_tree_dataframe_test_dataframe_simple/); - [projectroot.roottest.root.tree.chain.roottest_root_tree_chain_make](https://lcgapp-services.cern.ch/root-jenkins/job/root-pullrequests-build/104165/testReport/projectroot.roottest.root.tree/chain/roottest_root_tree_chain_make/); - [projectroot.roottest.root.tree.friend.roottest_root_tree_friend_make](https://lcgapp-services.cern.ch/root-jenkins/job/root-pullrequests-build/104165/testReport/projectroot.roottest.root.tree/friend/roottest_root_tree_friend_make/),MatchSource.ISSUE_COMMENT,root-project,root,v6-32-06,https://github.com/root-project/root/pull/6821#issuecomment-749145021:254,test,tests,254,https://root.cern,https://github.com/root-project/root/pull/6821#issuecomment-749145021,6,['test'],"['test', 'testReport', 'tests']"
Testability,Build failed on ROOT-fedora31/noimt.; Running on root-fedora-31-2.cern.ch:/home/sftnight/build/workspace/root-pullrequests-build; [See console output](https://lcgapp-services.cern.ch/root-jenkins/job/root-pullrequests-build/104193/console).; ### Failing tests:; - [projectroot.tree.dataframe.test.gtest_tree_dataframe_test_dataframe_simple](https://lcgapp-services.cern.ch/root-jenkins/job/root-pullrequests-build/104193/testReport/projectroot.tree.dataframe/test/gtest_tree_dataframe_test_dataframe_simple/); - [projectroot.roottest.root.tree.chain.roottest_root_tree_chain_make](https://lcgapp-services.cern.ch/root-jenkins/job/root-pullrequests-build/104193/testReport/projectroot.roottest.root.tree/chain/roottest_root_tree_chain_make/),MatchSource.ISSUE_COMMENT,root-project,root,v6-32-06,https://github.com/root-project/root/pull/6821#issuecomment-749907120:254,test,tests,254,https://root.cern,https://github.com/root-project/root/pull/6821#issuecomment-749907120,5,['test'],"['test', 'testReport', 'tests']"
Testability,Build failed on ROOT-fedora31/noimt.; Running on root-fedora-31-2.cern.ch:/home/sftnight/build/workspace/root-pullrequests-build; [See console output](https://lcgapp-services.cern.ch/root-jenkins/job/root-pullrequests-build/104934/console).; ### Failing tests:; - [projectroot.core.rint.test.gtest_core_rint_test_TTabComTests](https://lcgapp-services.cern.ch/root-jenkins/job/root-pullrequests-build/104934/testReport/projectroot.core.rint/test/gtest_core_rint_test_TTabComTests/),MatchSource.ISSUE_COMMENT,root-project,root,v6-32-06,https://github.com/root-project/root/pull/7056#issuecomment-762125252:254,test,tests,254,https://root.cern,https://github.com/root-project/root/pull/7056#issuecomment-762125252,4,['test'],"['test', 'testReport', 'tests']"
Testability,"Build failed on ROOT-fedora31/noimt.; Running on root-fedora-31-2.cern.ch:/home/sftnight/build/workspace/root-pullrequests-build; [See console output](https://lcgapp-services.cern.ch/root-jenkins/job/root-pullrequests-build/104974/console).; ### Errors:; - [2021-01-18T11:34:36.169Z] /home/sftnight/build/workspace/root-pullrequests-build/root/core/base/test/TStringTest.cxx:6:13: error: macro ""TEST"" requires 2 arguments, but only 1 given ; - [2021-01-18T11:34:37.128Z] /home/sftnight/build/workspace/root-pullrequests-build/root/core/base/test/TStringTest.cxx:6:1: error: ‘TEST’ does not name a type",MatchSource.ISSUE_COMMENT,root-project,root,v6-32-06,https://github.com/root-project/root/pull/7042#issuecomment-762191166:354,test,test,354,https://root.cern,https://github.com/root-project/root/pull/7042#issuecomment-762191166,4,"['TEST', 'test']","['TEST', 'test']"
Testability,Build failed on ROOT-fedora31/noimt.; Running on root-fedora-31-2.cern.ch:/home/sftnight/build/workspace/root-pullrequests-build; [See console output](https://lcgapp-services.cern.ch/root-jenkins/job/root-pullrequests-build/105288/console).; ### Failing tests:; - [projectroot.hist.hist.test.gtest_hist_hist_test_TFormulaGradientTests](https://lcgapp-services.cern.ch/root-jenkins/job/root-pullrequests-build/105288/testReport/projectroot.hist.hist/test/gtest_hist_hist_test_TFormulaGradientTests/),MatchSource.ISSUE_COMMENT,root-project,root,v6-32-06,https://github.com/root-project/root/pull/6970#issuecomment-765201308:254,test,tests,254,https://root.cern,https://github.com/root-project/root/pull/6970#issuecomment-765201308,4,['test'],"['test', 'testReport', 'tests']"
Testability,Build failed on ROOT-fedora31/noimt.; Running on root-fedora-31-2.cern.ch:/home/sftnight/build/workspace/root-pullrequests-build; [See console output](https://lcgapp-services.cern.ch/root-jenkins/job/root-pullrequests-build/105529/console).; ### Failing tests:; - [projectroot.roottest.cling.autoauto.roottest_cling_autoauto_ROOT8442](https://lcgapp-services.cern.ch/root-jenkins/job/root-pullrequests-build/105529/testReport/projectroot.roottest.cling/autoauto/roottest_cling_autoauto_ROOT8442/); - [projectroot.roottest.cling.function.roottest_cling_function_runstaticfunc](https://lcgapp-services.cern.ch/root-jenkins/job/root-pullrequests-build/105529/testReport/projectroot.roottest.cling/function/roottest_cling_function_runstaticfunc/); - [projectroot.roottest.cling.specialobj.roottest_cling_specialobj_unhappy](https://lcgapp-services.cern.ch/root-jenkins/job/root-pullrequests-build/105529/testReport/projectroot.roottest.cling/specialobj/roottest_cling_specialobj_unhappy/); - [projectroot.roottest.cling.specialobj.roottest_cling_specialobj_runf02](https://lcgapp-services.cern.ch/root-jenkins/job/root-pullrequests-build/105529/testReport/projectroot.roottest.cling/specialobj/roottest_cling_specialobj_runf02/); - [projectroot.roottest.root.rint.roottest_root_rint_TabCom](https://lcgapp-services.cern.ch/root-jenkins/job/root-pullrequests-build/105529/testReport/projectroot.roottest.root/rint/roottest_root_rint_TabCom/),MatchSource.ISSUE_COMMENT,root-project,root,v6-32-06,https://github.com/root-project/root/pull/6707#issuecomment-767751803:254,test,tests,254,https://root.cern,https://github.com/root-project/root/pull/6707#issuecomment-767751803,6,['test'],"['testReport', 'tests']"
Testability,Build failed on ROOT-fedora31/noimt.; Running on root-fedora-31-2.cern.ch:/home/sftnight/build/workspace/root-pullrequests-build; [See console output](https://lcgapp-services.cern.ch/root-jenkins/job/root-pullrequests-build/105738/console).; ### Failing tests:; - [projectroot.roottest.root.meta.evolution.roottest_root_meta_evolution_execMixedBaseClass_v1](https://lcgapp-services.cern.ch/root-jenkins/job/root-pullrequests-build/105738/testReport/projectroot.roottest.root.meta/evolution/roottest_root_meta_evolution_execMixedBaseClass_v1/); - [projectroot.roottest.root.meta.evolution.roottest_root_meta_evolution_execMixedBaseClass_v2](https://lcgapp-services.cern.ch/root-jenkins/job/root-pullrequests-build/105738/testReport/projectroot.roottest.root.meta/evolution/roottest_root_meta_evolution_execMixedBaseClass_v2/); - [projectroot.roottest.root.tree.fastcloning.roottest_root_tree_fastcloning_make_CloneTree](https://lcgapp-services.cern.ch/root-jenkins/job/root-pullrequests-build/105738/testReport/projectroot.roottest.root.tree/fastcloning/roottest_root_tree_fastcloning_make_CloneTree/); - [projectroot.tree.dataframe.test.gtest_tree_dataframe_test_dataframe_snapshot](https://lcgapp-services.cern.ch/root-jenkins/job/root-pullrequests-build/105738/testReport/projectroot.tree.dataframe/test/gtest_tree_dataframe_test_dataframe_snapshot/); - [projectroot.roottest.root.meta.evolution.roottest_root_meta_evolution_mixedBase_merge1](https://lcgapp-services.cern.ch/root-jenkins/job/root-pullrequests-build/105738/testReport/projectroot.roottest.root.meta/evolution/roottest_root_meta_evolution_mixedBase_merge1/); - [projectroot.roottest.root.meta.evolution.roottest_root_meta_evolution_mixedBase_merge2](https://lcgapp-services.cern.ch/root-jenkins/job/root-pullrequests-build/105738/testReport/projectroot.roottest.root.meta/evolution/roottest_root_meta_evolution_mixedBase_merge2/); - [projectroot.roottest.root.meta.roottest_root_meta_drawing](https://lcgapp-services.cern.ch/root-jenk,MatchSource.ISSUE_COMMENT,root-project,root,v6-32-06,https://github.com/root-project/root/pull/7119#issuecomment-771036593:254,test,tests,254,https://root.cern,https://github.com/root-project/root/pull/7119#issuecomment-771036593,4,['test'],"['testReport', 'tests']"
Testability,Build failed on ROOT-fedora31/noimt.; Running on root-fedora-31-2.cern.ch:/home/sftnight/build/workspace/root-pullrequests-build; [See console output](https://lcgapp-services.cern.ch/root-jenkins/job/root-pullrequests-build/105754/console).; ### Failing tests:; - [projectroot.roottest.root.meta.evolution.roottest_root_meta_evolution_execMixedBaseClass_v2](https://lcgapp-services.cern.ch/root-jenkins/job/root-pullrequests-build/105754/testReport/projectroot.roottest.root.meta/evolution/roottest_root_meta_evolution_execMixedBaseClass_v2/); - [projectroot.roottest.root.meta.evolution.roottest_root_meta_evolution_mixedBase_merge2](https://lcgapp-services.cern.ch/root-jenkins/job/root-pullrequests-build/105754/testReport/projectroot.roottest.root.meta/evolution/roottest_root_meta_evolution_mixedBase_merge2/); - [projectroot.roottest.root.meta.evolution.roottest_root_meta_evolution_mixedBase_merge1](https://lcgapp-services.cern.ch/root-jenkins/job/root-pullrequests-build/105754/testReport/projectroot.roottest.root.meta/evolution/roottest_root_meta_evolution_mixedBase_merge1/); - [projectroot.roottest.root.tree.cloning.roottest_root_tree_cloning_deepClass](https://lcgapp-services.cern.ch/root-jenkins/job/root-pullrequests-build/105754/testReport/projectroot.roottest.root.tree/cloning/roottest_root_tree_cloning_deepClass/); - [projectroot.roottest.root.tree.fastcloning.roottest_root_tree_fastcloning_make_CloneTree](https://lcgapp-services.cern.ch/root-jenkins/job/root-pullrequests-build/105754/testReport/projectroot.roottest.root.tree/fastcloning/roottest_root_tree_fastcloning_make_CloneTree/); - [projectroot.roottest.root.tree.fastcloning.roottest_root_tree_fastcloning_runcloneChain](https://lcgapp-services.cern.ch/root-jenkins/job/root-pullrequests-build/105754/testReport/projectroot.roottest.root.tree/fastcloning/roottest_root_tree_fastcloning_runcloneChain/),MatchSource.ISSUE_COMMENT,root-project,root,v6-32-06,https://github.com/root-project/root/pull/7119#issuecomment-771457042:254,test,tests,254,https://root.cern,https://github.com/root-project/root/pull/7119#issuecomment-771457042,7,['test'],"['testReport', 'tests']"
Testability,Build failed on ROOT-fedora31/noimt.; Running on root-fedora-31-2.cern.ch:/home/sftnight/build/workspace/root-pullrequests-build; [See console output](https://lcgapp-services.cern.ch/root-jenkins/job/root-pullrequests-build/105995/console).; ### Failing tests:; - [projectroot.bindings.experimental.distrdf.tests.integration.spark.pyunittests_distrdf_integration_spark_test_friend_trees](https://lcgapp-services.cern.ch/root-jenkins/job/root-pullrequests-build/105995/testReport/projectroot.bindings.experimental.distrdf.tests.integration/spark/pyunittests_distrdf_integration_spark_test_friend_trees/); - [projectroot.bindings.experimental.distrdf.tests.integration.spark.pyunittests_distrdf_integration_spark_test_inv_mass](https://lcgapp-services.cern.ch/root-jenkins/job/root-pullrequests-build/105995/testReport/projectroot.bindings.experimental.distrdf.tests.integration/spark/pyunittests_distrdf_integration_spark_test_inv_mass/); - [projectroot.bindings.experimental.distrdf.tests.integration.spark.pyunittests_distrdf_integration_spark_test_reducer_merge](https://lcgapp-services.cern.ch/root-jenkins/job/root-pullrequests-build/105995/testReport/projectroot.bindings.experimental.distrdf.tests.integration/spark/pyunittests_distrdf_integration_spark_test_reducer_merge/); - [projectroot.bindings.experimental.distrdf.tests.integration.spark.pyunittests_distrdf_integration_spark_test_include_headers](https://lcgapp-services.cern.ch/root-jenkins/job/root-pullrequests-build/105995/testReport/projectroot.bindings.experimental.distrdf.tests.integration/spark/pyunittests_distrdf_integration_spark_test_include_headers/); - [projectroot.bindings.experimental.distrdf.tests.integration.spark.pyunittests_distrdf_integration_spark_test_histo_write](https://lcgapp-services.cern.ch/root-jenkins/job/root-pullrequests-build/105995/testReport/projectroot.bindings.experimental.distrdf.tests.integration/spark/pyunittests_distrdf_integration_spark_test_histo_write/); - [projectroot.bindings.experim,MatchSource.ISSUE_COMMENT,root-project,root,v6-32-06,https://github.com/root-project/root/pull/7139#issuecomment-774106349:254,test,tests,254,https://root.cern,https://github.com/root-project/root/pull/7139#issuecomment-774106349,8,['test'],"['testReport', 'tests']"
Testability,"Build failed on ROOT-fedora31/noimt.; Running on root-fedora-31-2.cern.ch:/home/sftnight/build/workspace/root-pullrequests-build; [See console output](https://lcgapp-services.cern.ch/root-jenkins/job/root-pullrequests-build/106075/console).; ### Errors:; - [2021-02-08T09:31:11.002Z] /home/sftnight/build/workspace/root-pullrequests-build/root/roofit/roofitcore/test/testRooDataHist.cxx:263:44: error: use of deleted function ‘virtual RooSpan&lt;const double&gt; RooAbsReal::getValBatch(std::size_t, std::size_t, const RooArgSet*)’ ; - [2021-02-08T09:31:11.002Z] /home/sftnight/build/workspace/root-pullrequests-build/root/roofit/roofitcore/test/testRooDataHist.cxx:264:46: error: use of deleted function ‘virtual RooSpan&lt;const double&gt; RooAbsReal::getValBatch(std::size_t, std::size_t, const RooArgSet*)’ ; - [2021-02-08T09:31:11.002Z] /home/sftnight/build/workspace/root-pullrequests-build/root/roofit/roofitcore/test/testRooDataHist.cxx:265:46: error: use of deleted function ‘virtual RooSpan&lt;const double&gt; RooAbsReal::getValBatch(std::size_t, std::size_t, const RooArgSet*)’ ; - [2021-02-08T09:31:11.002Z] /home/sftnight/build/workspace/root-pullrequests-build/root/roofit/roofitcore/test/testRooDataHist.cxx:315:43: error: use of deleted function ‘virtual RooSpan&lt;const double&gt; RooAbsReal::getValBatch(std::size_t, std::size_t, const RooArgSet*)’ ; - [2021-02-08T09:31:11.002Z] /home/sftnight/build/workspace/root-pullrequests-build/root/roofit/roofitcore/test/testRooDataHist.cxx:316:51: error: use of deleted function ‘virtual RooSpan&lt;const double&gt; RooAbsReal::getValBatch(std::size_t, std::size_t, const RooArgSet*)’ ; - [2021-02-08T09:31:11.002Z] /home/sftnight/build/workspace/root-pullrequests-build/root/roofit/roofitcore/test/testRooDataHist.cxx:361:43: error: use of deleted function ‘virtual RooSpan&lt;const double&gt; RooAbsReal::getValBatch(std::size_t, std::size_t, const RooArgSet*)’ ; - [2021-02-08T09:31:11.002Z] /home/sftnight/build/workspace/root-pullreq",MatchSource.ISSUE_COMMENT,root-project,root,v6-32-06,https://github.com/root-project/root/pull/6718#issuecomment-775006649:362,test,test,362,https://root.cern,https://github.com/root-project/root/pull/6718#issuecomment-775006649,6,['test'],"['test', 'testRooDataHist']"
Testability,Build failed on ROOT-fedora31/noimt.; Running on root-fedora-31-2.cern.ch:/home/sftnight/build/workspace/root-pullrequests-build; [See console output](https://lcgapp-services.cern.ch/root-jenkins/job/root-pullrequests-build/106219/console).; ### Warnings:; - [2021-02-09T08:03:09.946Z] /home/sftnight/build/workspace/root-pullrequests-build/root/interpreter/cling/lib/Utils/PlatformPosix.cpp:73:44: warning: type qualifiers ignored on cast result type [-Wignored-qualifiers] ; - [2021-02-09T08:03:14.239Z] /home/sftnight/build/workspace/root-pullrequests-build/root/interpreter/cling/lib/Interpreter/ValuePrinter.cpp:484:65: warning: type qualifiers ignored on cast result type [-Wignored-qualifiers] ; - [2021-02-09T08:03:14.239Z] /home/sftnight/build/workspace/root-pullrequests-build/root/interpreter/cling/lib/Interpreter/ValuePrinter.cpp:486:63: warning: type qualifiers ignored on cast result type [-Wignored-qualifiers] . ### Failing tests:; - [projectroot.bindings.pyroot.pythonizations.test.pyunittests_pyroot_pyz_rdataframe_asnumpy](https://lcgapp-services.cern.ch/root-jenkins/job/root-pullrequests-build/106219/testReport/projectroot.bindings.pyroot.pythonizations/test/pyunittests_pyroot_pyz_rdataframe_asnumpy/); - [projectroot.roottest.root.io.stdarray.roottest_root_io_stdarray_modelReadDictTXMLFile](https://lcgapp-services.cern.ch/root-jenkins/job/root-pullrequests-build/106219/testReport/projectroot.roottest.root.io/stdarray/roottest_root_io_stdarray_modelReadDictTXMLFile/); - [projectroot.roottest.root.io.stdarray.roottest_root_io_stdarray_modelReadDictTFile](https://lcgapp-services.cern.ch/root-jenkins/job/root-pullrequests-build/106219/testReport/projectroot.roottest.root.io/stdarray/roottest_root_io_stdarray_modelReadDictTFile/); - [projectroot.roottest.root.io.stdarray.roottest_root_io_stdarray_modelReadDict2TFile](https://lcgapp-services.cern.ch/root-jenkins/job/root-pullrequests-build/106219/testReport/projectroot.roottest.root.io/stdarray/roottest_root_io_stdarr,MatchSource.ISSUE_COMMENT,root-project,root,v6-32-06,https://github.com/root-project/root/pull/6385#issuecomment-775753702:941,test,tests,941,https://root.cern,https://github.com/root-project/root/pull/6385#issuecomment-775753702,2,['test'],"['test', 'tests']"
Testability,Build failed on ROOT-fedora31/noimt.; Running on root-fedora-31-2.cern.ch:/home/sftnight/build/workspace/root-pullrequests-build; [See console output](https://lcgapp-services.cern.ch/root-jenkins/job/root-pullrequests-build/106243/console).; ### Warnings:; - [2021-02-09T09:23:34.245Z] /home/sftnight/build/workspace/root-pullrequests-build/root/interpreter/cling/lib/Utils/PlatformPosix.cpp:73:44: warning: type qualifiers ignored on cast result type [-Wignored-qualifiers] ; - [2021-02-09T09:23:38.992Z] /home/sftnight/build/workspace/root-pullrequests-build/root/interpreter/cling/lib/Interpreter/ValuePrinter.cpp:484:65: warning: type qualifiers ignored on cast result type [-Wignored-qualifiers] ; - [2021-02-09T09:23:38.992Z] /home/sftnight/build/workspace/root-pullrequests-build/root/interpreter/cling/lib/Interpreter/ValuePrinter.cpp:486:63: warning: type qualifiers ignored on cast result type [-Wignored-qualifiers] . ### Failing tests:; - [projectroot.roottest.root.io.stdarray.roottest_root_io_stdarray_modelReadDictTXMLFile](https://lcgapp-services.cern.ch/root-jenkins/job/root-pullrequests-build/106243/testReport/projectroot.roottest.root.io/stdarray/roottest_root_io_stdarray_modelReadDictTXMLFile/); - [projectroot.bindings.pyroot.pythonizations.test.pyunittests_pyroot_pyz_rdataframe_asnumpy](https://lcgapp-services.cern.ch/root-jenkins/job/root-pullrequests-build/106243/testReport/projectroot.bindings.pyroot.pythonizations/test/pyunittests_pyroot_pyz_rdataframe_asnumpy/); - [projectroot.roottest.root.io.stdarray.roottest_root_io_stdarray_modelReadDictTFile](https://lcgapp-services.cern.ch/root-jenkins/job/root-pullrequests-build/106243/testReport/projectroot.roottest.root.io/stdarray/roottest_root_io_stdarray_modelReadDictTFile/); - [projectroot.roottest.root.io.stdarray.roottest_root_io_stdarray_modelReadDict2TFile](https://lcgapp-services.cern.ch/root-jenkins/job/root-pullrequests-build/106243/testReport/projectroot.roottest.root.io/stdarray/roottest_root_io_stdarr,MatchSource.ISSUE_COMMENT,root-project,root,v6-32-06,https://github.com/root-project/root/pull/6385#issuecomment-775799207:941,test,tests,941,https://root.cern,https://github.com/root-project/root/pull/6385#issuecomment-775799207,1,['test'],['tests']
Testability,Build failed on ROOT-fedora31/noimt.; Running on root-fedora-31-2.cern.ch:/home/sftnight/build/workspace/root-pullrequests-build; [See console output](https://lcgapp-services.cern.ch/root-jenkins/job/root-pullrequests-build/106387/console).; ### Warnings:; - [2021-02-11T08:02:50.742Z] /home/sftnight/build/workspace/root-pullrequests-build/root/interpreter/cling/lib/Utils/PlatformPosix.cpp:73:44: warning: type qualifiers ignored on cast result type [-Wignored-qualifiers] ; - [2021-02-11T08:04:19.179Z] /home/sftnight/build/workspace/root-pullrequests-build/root/interpreter/cling/lib/Interpreter/ValuePrinter.cpp:484:65: warning: type qualifiers ignored on cast result type [-Wignored-qualifiers] ; - [2021-02-11T08:04:19.179Z] /home/sftnight/build/workspace/root-pullrequests-build/root/interpreter/cling/lib/Interpreter/ValuePrinter.cpp:486:63: warning: type qualifiers ignored on cast result type [-Wignored-qualifiers] . ### Failing tests:; - [projectroot.roottest.root.io.stdarray.roottest_root_io_stdarray_modelReadDictTXMLFile](https://lcgapp-services.cern.ch/root-jenkins/job/root-pullrequests-build/106387/testReport/projectroot.roottest.root.io/stdarray/roottest_root_io_stdarray_modelReadDictTXMLFile/); - [projectroot.bindings.pyroot.pythonizations.test.pyunittests_pyroot_pyz_rdataframe_asnumpy](https://lcgapp-services.cern.ch/root-jenkins/job/root-pullrequests-build/106387/testReport/projectroot.bindings.pyroot.pythonizations/test/pyunittests_pyroot_pyz_rdataframe_asnumpy/); - [projectroot.roottest.root.io.stdarray.roottest_root_io_stdarray_modelReadDictTFile](https://lcgapp-services.cern.ch/root-jenkins/job/root-pullrequests-build/106387/testReport/projectroot.roottest.root.io/stdarray/roottest_root_io_stdarray_modelReadDictTFile/); - [projectroot.roottest.root.io.stdarray.roottest_root_io_stdarray_modelReadDict2TFile](https://lcgapp-services.cern.ch/root-jenkins/job/root-pullrequests-build/106387/testReport/projectroot.roottest.root.io/stdarray/roottest_root_io_stdarr,MatchSource.ISSUE_COMMENT,root-project,root,v6-32-06,https://github.com/root-project/root/pull/6385#issuecomment-777268688:941,test,tests,941,https://root.cern,https://github.com/root-project/root/pull/6385#issuecomment-777268688,1,['test'],['tests']
Testability,Build failed on ROOT-fedora31/noimt.; Running on root-fedora-31-2.cern.ch:/home/sftnight/build/workspace/root-pullrequests-build; [See console output](https://lcgapp-services.cern.ch/root-jenkins/job/root-pullrequests-build/106531/console).; ### Failing tests:; - [projectroot.core.base.test.gtest_core_base_test_CoreBaseTests](https://lcgapp-services.cern.ch/root-jenkins/job/root-pullrequests-build/106531/testReport/projectroot.core.base/test/gtest_core_base_test_CoreBaseTests/),MatchSource.ISSUE_COMMENT,root-project,root,v6-32-06,https://github.com/root-project/root/pull/7132#issuecomment-778192648:254,test,tests,254,https://root.cern,https://github.com/root-project/root/pull/7132#issuecomment-778192648,4,['test'],"['test', 'testReport', 'tests']"
Testability,Build failed on ROOT-fedora31/noimt.; Running on root-fedora-31-2.cern.ch:/home/sftnight/build/workspace/root-pullrequests-build; [See console output](https://lcgapp-services.cern.ch/root-jenkins/job/root-pullrequests-build/107193/console).; ### Failing tests:; - [projectroot.test.test_stressroofit_interpreted](https://lcgapp-services.cern.ch/root-jenkins/job/root-pullrequests-build/107193/testReport/projectroot/test/test_stressroofit_interpreted/),MatchSource.ISSUE_COMMENT,root-project,root,v6-32-06,https://github.com/root-project/root/pull/7245#issuecomment-781307145:254,test,tests,254,https://root.cern,https://github.com/root-project/root/pull/7245#issuecomment-781307145,4,['test'],"['test', 'testReport', 'tests']"
Testability,Build failed on ROOT-fedora31/noimt.; Running on root-fedora-31-2.cern.ch:/home/sftnight/build/workspace/root-pullrequests-build; [See console output](https://lcgapp-services.cern.ch/root-jenkins/job/root-pullrequests-build/107266/console).; ### Failing tests:; - [projectroot.test.test_stressroofit_interpreted](https://lcgapp-services.cern.ch/root-jenkins/job/root-pullrequests-build/107266/testReport/projectroot/test/test_stressroofit_interpreted/),MatchSource.ISSUE_COMMENT,root-project,root,v6-32-06,https://github.com/root-project/root/pull/7245#issuecomment-781386105:254,test,tests,254,https://root.cern,https://github.com/root-project/root/pull/7245#issuecomment-781386105,4,['test'],"['test', 'testReport', 'tests']"
Testability,Build failed on ROOT-fedora31/noimt.; Running on root-fedora-31-2.cern.ch:/home/sftnight/build/workspace/root-pullrequests-build; [See console output](https://lcgapp-services.cern.ch/root-jenkins/job/root-pullrequests-build/107346/console).; ### Failing tests:; - [projectroot.test.test_stress](https://lcgapp-services.cern.ch/root-jenkins/job/root-pullrequests-build/107346/testReport/projectroot/test/test_stress/),MatchSource.ISSUE_COMMENT,root-project,root,v6-32-06,https://github.com/root-project/root/pull/7253#issuecomment-781716489:254,test,tests,254,https://root.cern,https://github.com/root-project/root/pull/7253#issuecomment-781716489,4,['test'],"['test', 'testReport', 'tests']"
Testability,Build failed on ROOT-fedora31/noimt.; Running on root-fedora-31-2.cern.ch:/home/sftnight/build/workspace/root-pullrequests-build; [See console output](https://lcgapp-services.cern.ch/root-jenkins/job/root-pullrequests-build/107362/console).; ### Failing tests:; - [projectroot.test.test_stress](https://lcgapp-services.cern.ch/root-jenkins/job/root-pullrequests-build/107362/testReport/projectroot/test/test_stress/),MatchSource.ISSUE_COMMENT,root-project,root,v6-32-06,https://github.com/root-project/root/pull/3760#issuecomment-781821924:254,test,tests,254,https://root.cern,https://github.com/root-project/root/pull/3760#issuecomment-781821924,4,['test'],"['test', 'testReport', 'tests']"
Testability,Build failed on ROOT-fedora31/noimt.; Running on root-fedora-31-2.cern.ch:/home/sftnight/build/workspace/root-pullrequests-build; [See console output](https://lcgapp-services.cern.ch/root-jenkins/job/root-pullrequests-build/107434/console).; ### Failing tests:; - [projectroot.test.test_stress](https://lcgapp-services.cern.ch/root-jenkins/job/root-pullrequests-build/107434/testReport/projectroot/test/test_stress/),MatchSource.ISSUE_COMMENT,root-project,root,v6-32-06,https://github.com/root-project/root/pull/7132#issuecomment-782155288:254,test,tests,254,https://root.cern,https://github.com/root-project/root/pull/7132#issuecomment-782155288,4,['test'],"['test', 'testReport', 'tests']"
Testability,"Build failed on ROOT-fedora31/noimt.; Running on root-fedora-31-2.cern.ch:/home/sftnight/build/workspace/root-pullrequests-build; [See console output](https://lcgapp-services.cern.ch/root-jenkins/job/root-pullrequests-build/107498/console).; ### Errors:; - [2021-02-22T08:36:18.659Z] /home/sftnight/build/workspace/root-pullrequests-build/root/roofit/roofitcore/test/testRooDataHist.cxx:263:44: error: use of deleted function ‘virtual RooSpan&lt;const double&gt; RooAbsReal::getValBatch(std::size_t, std::size_t, const RooArgSet*)’ ; - [2021-02-22T08:36:18.659Z] /home/sftnight/build/workspace/root-pullrequests-build/root/roofit/roofitcore/test/testRooDataHist.cxx:264:46: error: use of deleted function ‘virtual RooSpan&lt;const double&gt; RooAbsReal::getValBatch(std::size_t, std::size_t, const RooArgSet*)’ ; - [2021-02-22T08:36:18.659Z] /home/sftnight/build/workspace/root-pullrequests-build/root/roofit/roofitcore/test/testRooDataHist.cxx:265:46: error: use of deleted function ‘virtual RooSpan&lt;const double&gt; RooAbsReal::getValBatch(std::size_t, std::size_t, const RooArgSet*)’ ; - [2021-02-22T08:36:18.659Z] /home/sftnight/build/workspace/root-pullrequests-build/root/roofit/roofitcore/test/testRooDataHist.cxx:315:43: error: use of deleted function ‘virtual RooSpan&lt;const double&gt; RooAbsReal::getValBatch(std::size_t, std::size_t, const RooArgSet*)’ ; - [2021-02-22T08:36:18.659Z] /home/sftnight/build/workspace/root-pullrequests-build/root/roofit/roofitcore/test/testRooDataHist.cxx:316:51: error: use of deleted function ‘virtual RooSpan&lt;const double&gt; RooAbsReal::getValBatch(std::size_t, std::size_t, const RooArgSet*)’ ; - [2021-02-22T08:36:18.659Z] /home/sftnight/build/workspace/root-pullrequests-build/root/roofit/roofitcore/test/testRooDataHist.cxx:361:43: error: use of deleted function ‘virtual RooSpan&lt;const double&gt; RooAbsReal::getValBatch(std::size_t, std::size_t, const RooArgSet*)’ ; - [2021-02-22T08:36:18.660Z] /home/sftnight/build/workspace/root-pullreq",MatchSource.ISSUE_COMMENT,root-project,root,v6-32-06,https://github.com/root-project/root/pull/6718#issuecomment-783196772:362,test,test,362,https://root.cern,https://github.com/root-project/root/pull/6718#issuecomment-783196772,6,['test'],"['test', 'testRooDataHist']"
Testability,Build failed on ROOT-fedora31/noimt.; Running on root-fedora-31-2.cern.ch:/home/sftnight/build/workspace/root-pullrequests-build; [See console output](https://lcgapp-services.cern.ch/root-jenkins/job/root-pullrequests-build/107841/console).; ### Failing tests:; - [projectroot.roottest.root.meta.roottest_root_meta_runMemberComments](https://lcgapp-services.cern.ch/root-jenkins/job/root-pullrequests-build/107841/testReport/projectroot.roottest.root/meta/roottest_root_meta_runMemberComments/); - [projectroot.roottest.root.io.newClassDef.roottest_root_io_newClassDef_make](https://lcgapp-services.cern.ch/root-jenkins/job/root-pullrequests-build/107841/testReport/projectroot.roottest.root.io/newClassDef/roottest_root_io_newClassDef_make/); - [projectroot.roottest.root.rint.roottest_root_rint_TabCom](https://lcgapp-services.cern.ch/root-jenkins/job/root-pullrequests-build/107841/testReport/projectroot.roottest.root/rint/roottest_root_rint_TabCom/),MatchSource.ISSUE_COMMENT,root-project,root,v6-32-06,https://github.com/root-project/root/pull/7286#issuecomment-785554171:254,test,tests,254,https://root.cern,https://github.com/root-project/root/pull/7286#issuecomment-785554171,4,['test'],"['testReport', 'tests']"
Testability,Build failed on ROOT-fedora31/noimt.; Running on root-fedora-31-2.cern.ch:/home/sftnight/build/workspace/root-pullrequests-build; [See console output](https://lcgapp-services.cern.ch/root-jenkins/job/root-pullrequests-build/107890/console).; ### Errors:; - [2021-02-25T16:34:12.429Z] /home/sftnight/build/workspace/root-pullrequests-build/root/roofit/roofitcore/test/testRooDataHist.cxx:456:1: error: ‘integrate’ function uses ‘auto’ type specifier without trailing return type ; - [2021-02-25T16:34:12.429Z] /home/sftnight/build/workspace/root-pullrequests-build/root/roofit/roofitcore/test/testRooDataHist.cxx:461:1: error: ‘integrate’ function uses ‘auto’ type specifier without trailing return type,MatchSource.ISSUE_COMMENT,root-project,root,v6-32-06,https://github.com/root-project/root/pull/7271#issuecomment-786034208:362,test,test,362,https://root.cern,https://github.com/root-project/root/pull/7271#issuecomment-786034208,4,['test'],"['test', 'testRooDataHist']"
Testability,Build failed on ROOT-fedora31/noimt.; Running on root-fedora-31-2.cern.ch:/home/sftnight/build/workspace/root-pullrequests-build; [See console output](https://lcgapp-services.cern.ch/root-jenkins/job/root-pullrequests-build/107914/console).; ### Failing tests:; - [projectroot.roottest.python.cmdLineUtils.roottest_python_cmdLineUtils_SimpleRootmkdir3](https://lcgapp-services.cern.ch/root-jenkins/job/root-pullrequests-build/107914/testReport/projectroot.roottest.python/cmdLineUtils/roottest_python_cmdLineUtils_SimpleRootmkdir3/); - [projectroot.roottest.python.cmdLineUtils.roottest_python_cmdLineUtils_SimpleRootrm1CheckOutput](https://lcgapp-services.cern.ch/root-jenkins/job/root-pullrequests-build/107914/testReport/projectroot.roottest.python/cmdLineUtils/roottest_python_cmdLineUtils_SimpleRootrm1CheckOutput/); - [projectroot.roottest.python.cmdLineUtils.roottest_python_cmdLineUtils_SimpleRootrm2CheckOutput](https://lcgapp-services.cern.ch/root-jenkins/job/root-pullrequests-build/107914/testReport/projectroot.roottest.python/cmdLineUtils/roottest_python_cmdLineUtils_SimpleRootrm2CheckOutput/); - [projectroot.roottest.python.cmdLineUtils.roottest_python_cmdLineUtils_SimpleRootmkdir1CheckOutput](https://lcgapp-services.cern.ch/root-jenkins/job/root-pullrequests-build/107914/testReport/projectroot.roottest.python/cmdLineUtils/roottest_python_cmdLineUtils_SimpleRootmkdir1CheckOutput/); - [projectroot.roottest.python.cmdLineUtils.roottest_python_cmdLineUtils_SimpleRootrm3CheckOutput](https://lcgapp-services.cern.ch/root-jenkins/job/root-pullrequests-build/107914/testReport/projectroot.roottest.python/cmdLineUtils/roottest_python_cmdLineUtils_SimpleRootrm3CheckOutput/); - [projectroot.roottest.python.cmdLineUtils.roottest_python_cmdLineUtils_SimpleRootmkdir2CheckOutput](https://lcgapp-services.cern.ch/root-jenkins/job/root-pullrequests-build/107914/testReport/projectroot.roottest.python/cmdLineUtils/roottest_python_cmdLineUtils_SimpleRootmkdir2CheckOutput/); - [projectroot.,MatchSource.ISSUE_COMMENT,root-project,root,v6-32-06,https://github.com/root-project/root/pull/7290#issuecomment-786080413:254,test,tests,254,https://root.cern,https://github.com/root-project/root/pull/7290#issuecomment-786080413,4,['test'],"['testReport', 'tests']"
Testability,Build failed on ROOT-fedora31/noimt.; Running on root-fedora-31-2.cern.ch:/home/sftnight/build/workspace/root-pullrequests-build; [See console output](https://lcgapp-services.cern.ch/root-jenkins/job/root-pullrequests-build/107955/console).; ### Failing tests:; - [projectroot.roottest.root.meta.roottest_root_meta_runMemberComments](https://lcgapp-services.cern.ch/root-jenkins/job/root-pullrequests-build/107955/testReport/projectroot.roottest.root/meta/roottest_root_meta_runMemberComments/); - [projectroot.roottest.root.rint.roottest_root_rint_TabCom](https://lcgapp-services.cern.ch/root-jenkins/job/root-pullrequests-build/107955/testReport/projectroot.roottest.root/rint/roottest_root_rint_TabCom/),MatchSource.ISSUE_COMMENT,root-project,root,v6-32-06,https://github.com/root-project/root/pull/7286#issuecomment-786251550:254,test,tests,254,https://root.cern,https://github.com/root-project/root/pull/7286#issuecomment-786251550,3,['test'],"['testReport', 'tests']"
Testability,Build failed on ROOT-fedora31/noimt.; Running on root-fedora-31-2.cern.ch:/home/sftnight/build/workspace/root-pullrequests-build; [See console output](https://lcgapp-services.cern.ch/root-jenkins/job/root-pullrequests-build/108351/console).; ### Failing tests:; - [projectroot.hist.hist.test.gtest_hist_hist_test_testTF1](https://lcgapp-services.cern.ch/root-jenkins/job/root-pullrequests-build/108351/testReport/projectroot.hist.hist/test/gtest_hist_hist_test_testTF1/); - [projectroot.test.test_stress](https://lcgapp-services.cern.ch/root-jenkins/job/root-pullrequests-build/108351/testReport/projectroot/test/test_stress/),MatchSource.ISSUE_COMMENT,root-project,root,v6-32-06,https://github.com/root-project/root/pull/7193#issuecomment-788209080:254,test,tests,254,https://root.cern,https://github.com/root-project/root/pull/7193#issuecomment-788209080,7,['test'],"['test', 'testReport', 'tests']"
Testability,Build failed on ROOT-fedora31/noimt.; Running on root-fedora-31-2.cern.ch:/home/sftnight/build/workspace/root-pullrequests-build; [See console output](https://lcgapp-services.cern.ch/root-jenkins/job/root-pullrequests-build/108504/console).; ### Failing tests:; - [projectroot.roottest.root.dataframe.roottest_root_dataframe_test_columnoverride](https://lcgapp-services.cern.ch/root-jenkins/job/root-pullrequests-build/108504/testReport/projectroot.roottest.root/dataframe/roottest_root_dataframe_test_columnoverride/); - [projectroot.roottest.root.dataframe.roottest_root_dataframe_branchoverwrite](https://lcgapp-services.cern.ch/root-jenkins/job/root-pullrequests-build/108504/testReport/projectroot.roottest.root/dataframe/roottest_root_dataframe_branchoverwrite/),MatchSource.ISSUE_COMMENT,root-project,root,v6-32-06,https://github.com/root-project/root/pull/7333#issuecomment-788940480:254,test,tests,254,https://root.cern,https://github.com/root-project/root/pull/7333#issuecomment-788940480,3,['test'],"['testReport', 'tests']"
Testability,Build failed on ROOT-fedora31/noimt.; Running on root-fedora-31-2.cern.ch:/home/sftnight/build/workspace/root-pullrequests-build; [See console output](https://lcgapp-services.cern.ch/root-jenkins/job/root-pullrequests-build/108600/console).; ### Failing tests:; - [projectroot.roottest.root.meta.roottest_root_meta_runMemberComments](https://lcgapp-services.cern.ch/root-jenkins/job/root-pullrequests-build/108600/testReport/projectroot.roottest.root/meta/roottest_root_meta_runMemberComments/); - [projectroot.roottest.root.rint.roottest_root_rint_TabCom](https://lcgapp-services.cern.ch/root-jenkins/job/root-pullrequests-build/108600/testReport/projectroot.roottest.root/rint/roottest_root_rint_TabCom/),MatchSource.ISSUE_COMMENT,root-project,root,v6-32-06,https://github.com/root-project/root/pull/7286#issuecomment-789254056:254,test,tests,254,https://root.cern,https://github.com/root-project/root/pull/7286#issuecomment-789254056,3,['test'],"['testReport', 'tests']"
Testability,Build failed on ROOT-fedora31/noimt.; Running on root-fedora-31-2.cern.ch:/home/sftnight/build/workspace/root-pullrequests-build; [See console output](https://lcgapp-services.cern.ch/root-jenkins/job/root-pullrequests-build/108616/console).; ### Failing tests:; - [projectroot.roottest.root.meta.roottest_root_meta_runMemberComments](https://lcgapp-services.cern.ch/root-jenkins/job/root-pullrequests-build/108616/testReport/projectroot.roottest.root/meta/roottest_root_meta_runMemberComments/); - [projectroot.roottest.root.rint.roottest_root_rint_TabCom](https://lcgapp-services.cern.ch/root-jenkins/job/root-pullrequests-build/108616/testReport/projectroot.roottest.root/rint/roottest_root_rint_TabCom/),MatchSource.ISSUE_COMMENT,root-project,root,v6-32-06,https://github.com/root-project/root/pull/7286#issuecomment-789286513:254,test,tests,254,https://root.cern,https://github.com/root-project/root/pull/7286#issuecomment-789286513,3,['test'],"['testReport', 'tests']"
Testability,Build failed on ROOT-fedora31/noimt.; Running on root-fedora-31-2.cern.ch:/home/sftnight/build/workspace/root-pullrequests-build; [See console output](https://lcgapp-services.cern.ch/root-jenkins/job/root-pullrequests-build/108796/console).; ### Failing tests:; - [projectroot.roottest.root.dataframe.roottest_root_dataframe_test_columnoverride](https://lcgapp-services.cern.ch/root-jenkins/job/root-pullrequests-build/108796/testReport/projectroot.roottest.root/dataframe/roottest_root_dataframe_test_columnoverride/); - [projectroot.roottest.root.dataframe.roottest_root_dataframe_branchoverwrite](https://lcgapp-services.cern.ch/root-jenkins/job/root-pullrequests-build/108796/testReport/projectroot.roottest.root/dataframe/roottest_root_dataframe_branchoverwrite/),MatchSource.ISSUE_COMMENT,root-project,root,v6-32-06,https://github.com/root-project/root/pull/7335#issuecomment-790506136:254,test,tests,254,https://root.cern,https://github.com/root-project/root/pull/7335#issuecomment-790506136,3,['test'],"['testReport', 'tests']"
Testability,Build failed on ROOT-fedora31/noimt.; Running on root-fedora-31-2.cern.ch:/home/sftnight/build/workspace/root-pullrequests-build; [See console output](https://lcgapp-services.cern.ch/root-jenkins/job/root-pullrequests-build/108804/console).; ### Failing tests:; - [projectroot.roottest.root.dataframe.roottest_root_dataframe_test_columnoverride](https://lcgapp-services.cern.ch/root-jenkins/job/root-pullrequests-build/108804/testReport/projectroot.roottest.root/dataframe/roottest_root_dataframe_test_columnoverride/); - [projectroot.roottest.root.dataframe.roottest_root_dataframe_branchoverwrite](https://lcgapp-services.cern.ch/root-jenkins/job/root-pullrequests-build/108804/testReport/projectroot.roottest.root/dataframe/roottest_root_dataframe_branchoverwrite/),MatchSource.ISSUE_COMMENT,root-project,root,v6-32-06,https://github.com/root-project/root/pull/7260#issuecomment-790515843:254,test,tests,254,https://root.cern,https://github.com/root-project/root/pull/7260#issuecomment-790515843,3,['test'],"['testReport', 'tests']"
Testability,Build failed on ROOT-fedora31/noimt.; Running on root-fedora-31-2.cern.ch:/home/sftnight/build/workspace/root-pullrequests-build; [See console output](https://lcgapp-services.cern.ch/root-jenkins/job/root-pullrequests-build/108852/console).; ### Failing tests:; - [projectroot.roottest.root.dataframe.roottest_root_dataframe_test_columnoverride](https://lcgapp-services.cern.ch/root-jenkins/job/root-pullrequests-build/108852/testReport/projectroot.roottest.root/dataframe/roottest_root_dataframe_test_columnoverride/); - [projectroot.roottest.root.dataframe.roottest_root_dataframe_branchoverwrite](https://lcgapp-services.cern.ch/root-jenkins/job/root-pullrequests-build/108852/testReport/projectroot.roottest.root/dataframe/roottest_root_dataframe_branchoverwrite/),MatchSource.ISSUE_COMMENT,root-project,root,v6-32-06,https://github.com/root-project/root/pull/7354#issuecomment-790560074:254,test,tests,254,https://root.cern,https://github.com/root-project/root/pull/7354#issuecomment-790560074,3,['test'],"['testReport', 'tests']"
Testability,Build failed on ROOT-fedora31/noimt.; Running on root-fedora-31-2.cern.ch:/home/sftnight/build/workspace/root-pullrequests-build; [See console output](https://lcgapp-services.cern.ch/root-jenkins/job/root-pullrequests-build/108988/console).; ### Failing tests:; - [projectroot.test.test_stressIOPlugins_xroot](https://lcgapp-services.cern.ch/root-jenkins/job/root-pullrequests-build/108988/testReport/projectroot/test/test_stressIOPlugins_xroot/),MatchSource.ISSUE_COMMENT,root-project,root,v6-32-06,https://github.com/root-project/root/pull/7335#issuecomment-790749898:254,test,tests,254,https://root.cern,https://github.com/root-project/root/pull/7335#issuecomment-790749898,4,['test'],"['test', 'testReport', 'tests']"
Testability,Build failed on ROOT-fedora31/noimt.; Running on root-fedora-31-2.cern.ch:/home/sftnight/build/workspace/root-pullrequests-build; [See console output](https://lcgapp-services.cern.ch/root-jenkins/job/root-pullrequests-build/109165/console).; ### Failing tests:; - [projectroot.core.foundationiolite.test.gtest_core_foundationiolite_test_RRawFile](https://lcgapp-services.cern.ch/root-jenkins/job/root-pullrequests-build/109165/testReport/projectroot.core.foundationiolite/test/gtest_core_foundationiolite_test_RRawFile/); - [projectroot.tree.dataframe.test.gtest_tree_dataframe_test_datasource_sqlite](https://lcgapp-services.cern.ch/root-jenkins/job/root-pullrequests-build/109165/testReport/projectroot.tree.dataframe/test/gtest_tree_dataframe_test_datasource_sqlite/); - [projectroot.tree.dataframe.test.gtest_tree_dataframe_test_datasource_csv](https://lcgapp-services.cern.ch/root-jenkins/job/root-pullrequests-build/109165/testReport/projectroot.tree.dataframe/test/gtest_tree_dataframe_test_datasource_csv/),MatchSource.ISSUE_COMMENT,root-project,root,v6-32-06,https://github.com/root-project/root/pull/6766#issuecomment-791483330:254,test,tests,254,https://root.cern,https://github.com/root-project/root/pull/6766#issuecomment-791483330,10,['test'],"['test', 'testReport', 'tests']"
Testability,Build failed on ROOT-fedora31/noimt.; Running on root-fedora-31-2.cern.ch:/home/sftnight/build/workspace/root-pullrequests-build; [See console output](https://lcgapp-services.cern.ch/root-jenkins/job/root-pullrequests-build/109173/console).; ### Failing tests:; - [projectroot.roottest.root.dataframe.roottest_root_dataframe_branchoverwrite](https://lcgapp-services.cern.ch/root-jenkins/job/root-pullrequests-build/109173/testReport/projectroot.roottest.root/dataframe/roottest_root_dataframe_branchoverwrite/),MatchSource.ISSUE_COMMENT,root-project,root,v6-32-06,https://github.com/root-project/root/pull/7384#issuecomment-791491732:254,test,tests,254,https://root.cern,https://github.com/root-project/root/pull/7384#issuecomment-791491732,2,['test'],"['testReport', 'tests']"
Testability,Build failed on ROOT-fedora31/noimt.; Running on root-fedora-31-2.cern.ch:/home/sftnight/build/workspace/root-pullrequests-build; [See console output](https://lcgapp-services.cern.ch/root-jenkins/job/root-pullrequests-build/110409/console).; ### Failing tests:; - [projectroot.bindings.pyroot.pythonizations.test.pyunittests_pyroot_pyz_pretty_printing](https://lcgapp-services.cern.ch/root-jenkins/job/root-pullrequests-build/110409/testReport/projectroot.bindings.pyroot.pythonizations/test/pyunittests_pyroot_pyz_pretty_printing/); - [projectroot.bindings.pyroot.pythonizations.test.pyunittests_pyroot_pyz_rvec](https://lcgapp-services.cern.ch/root-jenkins/job/root-pullrequests-build/110409/testReport/projectroot.bindings.pyroot.pythonizations/test/pyunittests_pyroot_pyz_rvec/); - [projectroot.bindings.pyroot.pythonizations.test.pyunittests_pyroot_pyz_array_interface](https://lcgapp-services.cern.ch/root-jenkins/job/root-pullrequests-build/110409/testReport/projectroot.bindings.pyroot.pythonizations/test/pyunittests_pyroot_pyz_array_interface/); - [projectroot.bindings.pyroot.pythonizations.test.pyunittests_pyroot_numbadeclare](https://lcgapp-services.cern.ch/root-jenkins/job/root-pullrequests-build/110409/testReport/projectroot.bindings.pyroot.pythonizations/test/pyunittests_pyroot_numbadeclare/); - [projectroot.bindings.pyroot.pythonizations.test.pyunittests_pyroot_pyz_rvec_asrvec](https://lcgapp-services.cern.ch/root-jenkins/job/root-pullrequests-build/110409/testReport/projectroot.bindings.pyroot.pythonizations/test/pyunittests_pyroot_pyz_rvec_asrvec/); - [projectroot.bindings.pyroot.pythonizations.test.pyunittests_pyroot_pyz_rdataframe_makenumpy](https://lcgapp-services.cern.ch/root-jenkins/job/root-pullrequests-build/110409/testReport/projectroot.bindings.pyroot.pythonizations/test/pyunittests_pyroot_pyz_rdataframe_makenumpy/); - [projectroot.tree.dataframe.test.pyunittests_dataframe_cache](https://lcgapp-services.cern.ch/root-jenkins/job/root-pullrequests-build/1104,MatchSource.ISSUE_COMMENT,root-project,root,v6-32-06,https://github.com/root-project/root/pull/7502#issuecomment-799286009:254,test,tests,254,https://root.cern,https://github.com/root-project/root/pull/7502#issuecomment-799286009,9,['test'],"['test', 'testReport', 'tests']"
Testability,Build failed on ROOT-fedora31/noimt.; Running on root-fedora-31-2.cern.ch:/home/sftnight/build/workspace/root-pullrequests-build; [See console output](https://lcgapp-services.cern.ch/root-jenkins/job/root-pullrequests-build/110881/console).; ### Failing tests:; - [projectroot.roottest.root.meta.MakeProject.roottest_root_meta_MakeProject_examples](https://lcgapp-services.cern.ch/root-jenkins/job/root-pullrequests-build/110881/testReport/projectroot.roottest.root.meta/MakeProject/roottest_root_meta_MakeProject_examples/); - [projectroot.roottest.root.meta.autoloading.headerParsingOnDemand.roottest_root_meta_autoloading_headerParsingOnDemand_no_autoparse_write](https://lcgapp-services.cern.ch/root-jenkins/job/root-pullrequests-build/110881/testReport/projectroot.roottest.root.meta.autoloading/headerParsingOnDemand/roottest_root_meta_autoloading_headerParsingOnDemand_no_autoparse_write/); - [projectroot.roottest.root.meta.MakeProject.roottest_root_meta_MakeProject_stltest](https://lcgapp-services.cern.ch/root-jenkins/job/root-pullrequests-build/110881/testReport/projectroot.roottest.root.meta/MakeProject/roottest_root_meta_MakeProject_stltest/); - [projectroot.roottest.root.meta.MakeProject.roottest_root_meta_MakeProject_stltest2](https://lcgapp-services.cern.ch/root-jenkins/job/root-pullrequests-build/110881/testReport/projectroot.roottest.root.meta/MakeProject/roottest_root_meta_MakeProject_stltest2/); - [projectroot.roottest.root.meta.autoloading.ROOT-8432.roottest_root_meta_autoloading_ROOT_8432_execcmsWrapper_auto](https://lcgapp-services.cern.ch/root-jenkins/job/root-pullrequests-build/110881/testReport/projectroot.roottest.root.meta.autoloading/ROOT-8432/roottest_root_meta_autoloading_ROOT_8432_execcmsWrapper_auto/); - [projectroot.roottest.root.meta.autoloading.headerParsingOnDemand.roottest_root_meta_autoloading_headerParsingOnDemand_no_autoparse_read](https://lcgapp-services.cern.ch/root-jenkins/job/root-pullrequests-build/110881/testReport/projectroot.roottest,MatchSource.ISSUE_COMMENT,root-project,root,v6-32-06,https://github.com/root-project/root/pull/7566#issuecomment-801206374:254,test,tests,254,https://root.cern,https://github.com/root-project/root/pull/7566#issuecomment-801206374,3,['test'],"['testReport', 'tests']"
Testability,Build failed on ROOT-fedora31/noimt.; Running on root-fedora-31-2.cern.ch:/home/sftnight/build/workspace/root-pullrequests-build; [See console output](https://lcgapp-services.cern.ch/root-jenkins/job/root-pullrequests-build/111121/console).; ### Failing tests:; - [projectroot.roofit.RDataFrameHelpers.test.gtest_roofit_RDataFrameHelpers_test_testActionHelpers](https://lcgapp-services.cern.ch/root-jenkins/job/root-pullrequests-build/111121/testReport/projectroot.roofit.RDataFrameHelpers/test/gtest_roofit_RDataFrameHelpers_test_testActionHelpers/),MatchSource.ISSUE_COMMENT,root-project,root,v6-32-06,https://github.com/root-project/root/pull/7583#issuecomment-801822474:254,test,tests,254,https://root.cern,https://github.com/root-project/root/pull/7583#issuecomment-801822474,4,['test'],"['test', 'testReport', 'tests']"
Testability,Build failed on ROOT-fedora31/noimt.; Running on root-fedora-31-2.cern.ch:/home/sftnight/build/workspace/root-pullrequests-build; [See console output](https://lcgapp-services.cern.ch/root-jenkins/job/root-pullrequests-build/111169/console).; ### Failing tests:; - [projectroot.roofit.RDataFrameHelpers.test.gtest_roofit_RDataFrameHelpers_test_testActionHelpers](https://lcgapp-services.cern.ch/root-jenkins/job/root-pullrequests-build/111169/testReport/projectroot.roofit.RDataFrameHelpers/test/gtest_roofit_RDataFrameHelpers_test_testActionHelpers/),MatchSource.ISSUE_COMMENT,root-project,root,v6-32-06,https://github.com/root-project/root/pull/7583#issuecomment-801876609:254,test,tests,254,https://root.cern,https://github.com/root-project/root/pull/7583#issuecomment-801876609,4,['test'],"['test', 'testReport', 'tests']"
Testability,Build failed on ROOT-fedora31/noimt.; Running on root-fedora-31-2.cern.ch:/home/sftnight/build/workspace/root-pullrequests-build; [See console output](https://lcgapp-services.cern.ch/root-jenkins/job/root-pullrequests-build/111177/console).; ### Failing tests:; - [projectroot.bindings.pyroot.pythonizations.test.pyunittests_pyroot_pyz_pretty_printing](https://lcgapp-services.cern.ch/root-jenkins/job/root-pullrequests-build/111177/testReport/projectroot.bindings.pyroot.pythonizations/test/pyunittests_pyroot_pyz_pretty_printing/); - [projectroot.bindings.pyroot.pythonizations.test.pyunittests_pyroot_pyz_rvec](https://lcgapp-services.cern.ch/root-jenkins/job/root-pullrequests-build/111177/testReport/projectroot.bindings.pyroot.pythonizations/test/pyunittests_pyroot_pyz_rvec/); - [projectroot.bindings.pyroot.pythonizations.test.pyunittests_pyroot_pyz_array_interface](https://lcgapp-services.cern.ch/root-jenkins/job/root-pullrequests-build/111177/testReport/projectroot.bindings.pyroot.pythonizations/test/pyunittests_pyroot_pyz_array_interface/); - [projectroot.bindings.pyroot.pythonizations.test.pyunittests_pyroot_numbadeclare](https://lcgapp-services.cern.ch/root-jenkins/job/root-pullrequests-build/111177/testReport/projectroot.bindings.pyroot.pythonizations/test/pyunittests_pyroot_numbadeclare/); - [projectroot.bindings.pyroot.pythonizations.test.pyunittests_pyroot_pyz_rvec_asrvec](https://lcgapp-services.cern.ch/root-jenkins/job/root-pullrequests-build/111177/testReport/projectroot.bindings.pyroot.pythonizations/test/pyunittests_pyroot_pyz_rvec_asrvec/); - [projectroot.bindings.pyroot.pythonizations.test.pyunittests_pyroot_pyz_rdataframe_makenumpy](https://lcgapp-services.cern.ch/root-jenkins/job/root-pullrequests-build/111177/testReport/projectroot.bindings.pyroot.pythonizations/test/pyunittests_pyroot_pyz_rdataframe_makenumpy/); - [projectroot.tree.dataframe.test.pyunittests_dataframe_cache](https://lcgapp-services.cern.ch/root-jenkins/job/root-pullrequests-build/1111,MatchSource.ISSUE_COMMENT,root-project,root,v6-32-06,https://github.com/root-project/root/pull/7502#issuecomment-801886561:254,test,tests,254,https://root.cern,https://github.com/root-project/root/pull/7502#issuecomment-801886561,9,['test'],"['test', 'testReport', 'tests']"
Testability,Build failed on ROOT-fedora31/noimt.; Running on root-fedora-31-2.cern.ch:/home/sftnight/build/workspace/root-pullrequests-build; [See console output](https://lcgapp-services.cern.ch/root-jenkins/job/root-pullrequests-build/111217/console).; ### Failing tests:; - [projectroot.roottest.root.meta.MakeProject.roottest_root_meta_MakeProject_stl_makeproject_test_build](https://lcgapp-services.cern.ch/root-jenkins/job/root-pullrequests-build/111217/testReport/projectroot.roottest.root.meta/MakeProject/roottest_root_meta_MakeProject_stl_makeproject_test_build/); - [projectroot.roottest.root.io.complex.roottest_root_io_complex_classWithComplex_libgen_build](https://lcgapp-services.cern.ch/root-jenkins/job/root-pullrequests-build/111217/testReport/projectroot.roottest.root.io/complex/roottest_root_io_complex_classWithComplex_libgen_build/); - [projectroot.roottest.root.meta.MakeProject.roottest_root_meta_MakeProject_examples](https://lcgapp-services.cern.ch/root-jenkins/job/root-pullrequests-build/111217/testReport/projectroot.roottest.root.meta/MakeProject/roottest_root_meta_MakeProject_examples/); - [projectroot.roottest.root.io.cpp11Containers.roottest_root_io_cpp11Containers_forwardList_libgen_build](https://lcgapp-services.cern.ch/root-jenkins/job/root-pullrequests-build/111217/testReport/projectroot.roottest.root.io/cpp11Containers/roottest_root_io_cpp11Containers_forwardList_libgen_build/); - [projectroot.roottest.root.io.complex.roottest_root_io_complex_writeClassWithComplex](https://lcgapp-services.cern.ch/root-jenkins/job/root-pullrequests-build/111217/testReport/projectroot.roottest.root.io/complex/roottest_root_io_complex_writeClassWithComplex/); - [projectroot.roottest.root.io.cpp11Containers.roottest_root_io_cpp11Containers_unorderedSet_libgen_build](https://lcgapp-services.cern.ch/root-jenkins/job/root-pullrequests-build/111217/testReport/projectroot.roottest.root.io/cpp11Containers/roottest_root_io_cpp11Containers_unorderedSet_libgen_build/); - [projectroot.ro,MatchSource.ISSUE_COMMENT,root-project,root,v6-32-06,https://github.com/root-project/root/pull/6852#issuecomment-801941692:254,test,tests,254,https://root.cern,https://github.com/root-project/root/pull/6852#issuecomment-801941692,4,['test'],"['testReport', 'tests']"
Testability,Build failed on ROOT-fedora31/noimt.; Running on root-fedora-31-2.cern.ch:/home/sftnight/build/workspace/root-pullrequests-build; [See console output](https://lcgapp-services.cern.ch/root-jenkins/job/root-pullrequests-build/111497/console).; ### Failing tests:; - [projectroot.test.test_stressroofit_interpreted](https://lcgapp-services.cern.ch/root-jenkins/job/root-pullrequests-build/111497/testReport/projectroot/test/test_stressroofit_interpreted/); - [projectroot.test.test_stressroostats_interpreted](https://lcgapp-services.cern.ch/root-jenkins/job/root-pullrequests-build/111497/testReport/projectroot/test/test_stressroostats_interpreted/); - [projectroot.roottest.root.roofitstats.vectorisedPDFs.gtesttest_root_roofitstats_vectorisedPDFs_testAddPdf](https://lcgapp-services.cern.ch/root-jenkins/job/root-pullrequests-build/111497/testReport/projectroot.roottest.root.roofitstats/vectorisedPDFs/gtesttest_root_roofitstats_vectorisedPDFs_testAddPdf/),MatchSource.ISSUE_COMMENT,root-project,root,v6-32-06,https://github.com/root-project/root/pull/7616#issuecomment-803081091:254,test,tests,254,https://root.cern,https://github.com/root-project/root/pull/7616#issuecomment-803081091,8,['test'],"['test', 'testReport', 'tests']"
Testability,Build failed on ROOT-fedora31/noimt.; Running on root-fedora-31-2.cern.ch:/home/sftnight/build/workspace/root-pullrequests-build; [See console output](https://lcgapp-services.cern.ch/root-jenkins/job/root-pullrequests-build/111537/console).; ### Failing tests:; - [projectroot.test.test_stressroofit_interpreted](https://lcgapp-services.cern.ch/root-jenkins/job/root-pullrequests-build/111537/testReport/projectroot/test/test_stressroofit_interpreted/),MatchSource.ISSUE_COMMENT,root-project,root,v6-32-06,https://github.com/root-project/root/pull/7616#issuecomment-803445053:254,test,tests,254,https://root.cern,https://github.com/root-project/root/pull/7616#issuecomment-803445053,4,['test'],"['test', 'testReport', 'tests']"
Testability,Build failed on ROOT-fedora31/noimt.; Running on root-fedora-31-2.cern.ch:/home/sftnight/build/workspace/root-pullrequests-build; [See console output](https://lcgapp-services.cern.ch/root-jenkins/job/root-pullrequests-build/111609/console).; ### Failing tests:; - [projectroot.roottest.root.multicore.roottest_root_multicore_processExecutorH1Test](https://lcgapp-services.cern.ch/root-jenkins/job/root-pullrequests-build/111609/testReport/projectroot.roottest.root/multicore/roottest_root_multicore_processExecutorH1Test/),MatchSource.ISSUE_COMMENT,root-project,root,v6-32-06,https://github.com/root-project/root/pull/7631#issuecomment-803865919:254,test,tests,254,https://root.cern,https://github.com/root-project/root/pull/7631#issuecomment-803865919,2,['test'],"['testReport', 'tests']"
Testability,Build failed on ROOT-fedora31/noimt.; Running on root-fedora-31-2.cern.ch:/home/sftnight/build/workspace/root-pullrequests-build; [See console output](https://lcgapp-services.cern.ch/root-jenkins/job/root-pullrequests-build/111617/console).; ### Warnings:; - [2021-03-22T08:52:48.878Z] /home/sftnight/build/workspace/root-pullrequests-build/root/tree/dataframe/inc/ROOT/RDF/InterfaceUtils.hxx:274:61: warning: unused parameter ‘nSlots’ [-Wunused-parameter] ; - [2021-03-22T08:52:48.878Z] /home/sftnight/build/workspace/root-pullrequests-build/root/tree/dataframe/inc/ROOT/RDF/InterfaceUtils.hxx:274:61: warning: unused parameter ‘nSlots’ [-Wunused-parameter] ; - [2021-03-22T08:52:49.137Z] /home/sftnight/build/workspace/root-pullrequests-build/root/tree/dataframe/inc/ROOT/RDF/InterfaceUtils.hxx:274:61: warning: unused parameter ‘nSlots’ [-Wunused-parameter] . ### Failing tests:; - [projectroot.io.io.test.gtest_io_io_test_RRawFile](https://lcgapp-services.cern.ch/root-jenkins/job/root-pullrequests-build/111617/testReport/projectroot.io.io/test/gtest_io_io_test_RRawFile/); - [projectroot.net.davix.test.gtest_net_davix_test_RRawFileDavix](https://lcgapp-services.cern.ch/root-jenkins/job/root-pullrequests-build/111617/testReport/projectroot.net.davix/test/gtest_net_davix_test_RRawFileDavix/); - [projectroot.test.test_stressIOPlugins_http](https://lcgapp-services.cern.ch/root-jenkins/job/root-pullrequests-build/111617/testReport/projectroot/test/test_stressIOPlugins_http/); - [projectroot.tmva.tmva.test.gtest_tmva_tmva_test_rstandardscaler](https://lcgapp-services.cern.ch/root-jenkins/job/root-pullrequests-build/111617/testReport/projectroot.tmva.tmva/test/gtest_tmva_tmva_test_rstandardscaler/); - [projectroot.tmva.tmva.test.gtest_tmva_tmva_test_rreader](https://lcgapp-services.cern.ch/root-jenkins/job/root-pullrequests-build/111617/testReport/projectroot.tmva.tmva/test/gtest_tmva_tmva_test_rreader/); - [projectroot.tmva.tmva.test.DNN.TMVA_DNN_MethodDL_Adam_Optimization_Cpu](https,MatchSource.ISSUE_COMMENT,root-project,root,v6-32-06,https://github.com/root-project/root/pull/7630#issuecomment-803891076:875,test,tests,875,https://root.cern,https://github.com/root-project/root/pull/7630#issuecomment-803891076,2,['test'],"['test', 'tests']"
Testability,Build failed on ROOT-fedora31/noimt.; Running on root-fedora-31-2.cern.ch:/home/sftnight/build/workspace/root-pullrequests-build; [See console output](https://lcgapp-services.cern.ch/root-jenkins/job/root-pullrequests-build/111713/console).; ### Failing tests:; - [projectroot.tree.dataframe.test.gtest_tree_dataframe_test_dataframe_snapshot](https://lcgapp-services.cern.ch/root-jenkins/job/root-pullrequests-build/111713/testReport/projectroot.tree.dataframe/test/gtest_tree_dataframe_test_dataframe_snapshot/),MatchSource.ISSUE_COMMENT,root-project,root,v6-32-06,https://github.com/root-project/root/pull/7640#issuecomment-804109835:254,test,tests,254,https://root.cern,https://github.com/root-project/root/pull/7640#issuecomment-804109835,4,['test'],"['test', 'testReport', 'tests']"
Testability,Build failed on ROOT-fedora31/noimt.; Running on root-fedora-31-2.cern.ch:/home/sftnight/build/workspace/root-pullrequests-build; [See console output](https://lcgapp-services.cern.ch/root-jenkins/job/root-pullrequests-build/112046/console).; ### Failing tests:; - [projectroot.bindings.pyroot.pythonizations.test.pyunittests_pyroot_pyz_pretty_printing](https://lcgapp-services.cern.ch/root-jenkins/job/root-pullrequests-build/112046/testReport/projectroot.bindings.pyroot.pythonizations/test/pyunittests_pyroot_pyz_pretty_printing/),MatchSource.ISSUE_COMMENT,root-project,root,v6-32-06,https://github.com/root-project/root/pull/7502#issuecomment-806594752:254,test,tests,254,https://root.cern,https://github.com/root-project/root/pull/7502#issuecomment-806594752,4,['test'],"['test', 'testReport', 'tests']"
Testability,Build failed on ROOT-fedora31/noimt.; Running on root-fedora-31-2.cern.ch:/home/sftnight/build/workspace/root-pullrequests-build; [See console output](https://lcgapp-services.cern.ch/root-jenkins/job/root-pullrequests-build/112207/console).; ### Failing tests:; - [projectroot.roottest.python.JupyROOT.roottest_python_JupyROOT_cppcompleter_doctest](https://lcgapp-services.cern.ch/root-jenkins/job/root-pullrequests-build/112207/testReport/projectroot.roottest.python/JupyROOT/roottest_python_JupyROOT_cppcompleter_doctest/); - [projectroot.roottest.python.distrdf.roottest_python_distrdf_spark_test_reducer_merge](https://lcgapp-services.cern.ch/root-jenkins/job/root-pullrequests-build/112207/testReport/projectroot.roottest.python/distrdf/roottest_python_distrdf_spark_test_reducer_merge/); - [projectroot.roottest.root.multicore.roottest_root_multicore_testSetAddressLoop](https://lcgapp-services.cern.ch/root-jenkins/job/root-pullrequests-build/112207/testReport/projectroot.roottest.root/multicore/roottest_root_multicore_testSetAddressLoop/); - [projectroot.core.thread.test.gtest_core_thread_test_testInterpreterLock](https://lcgapp-services.cern.ch/root-jenkins/job/root-pullrequests-build/112207/testReport/projectroot.core.thread/test/gtest_core_thread_test_testInterpreterLock/),MatchSource.ISSUE_COMMENT,root-project,root,v6-32-06,https://github.com/root-project/root/pull/7714#issuecomment-808390967:254,test,tests,254,https://root.cern,https://github.com/root-project/root/pull/7714#issuecomment-808390967,7,['test'],"['test', 'testReport', 'tests']"
Testability,Build failed on ROOT-fedora31/noimt.; Running on root-fedora-31-2.cern.ch:/home/sftnight/build/workspace/root-pullrequests-build; [See console output](https://lcgapp-services.cern.ch/root-jenkins/job/root-pullrequests-build/112239/console).; ### Failing tests:; - [projectroot.test.test_stressroofit_interpreted](https://lcgapp-services.cern.ch/root-jenkins/job/root-pullrequests-build/112239/testReport/projectroot/test/test_stressroofit_interpreted/),MatchSource.ISSUE_COMMENT,root-project,root,v6-32-06,https://github.com/root-project/root/pull/7719#issuecomment-808458209:254,test,tests,254,https://root.cern,https://github.com/root-project/root/pull/7719#issuecomment-808458209,4,['test'],"['test', 'testReport', 'tests']"
Testability,Build failed on ROOT-fedora31/noimt.; Running on root-fedora-31-2.cern.ch:/home/sftnight/build/workspace/root-pullrequests-build; [See console output](https://lcgapp-services.cern.ch/root-jenkins/job/root-pullrequests-build/112367/console).; ### Failing tests:; - [projectroot.roottest.python.distrdf.roottest_python_distrdf_spark_test_reducer_merge](https://lcgapp-services.cern.ch/root-jenkins/job/root-pullrequests-build/112367/testReport/projectroot.roottest.python/distrdf/roottest_python_distrdf_spark_test_reducer_merge/),MatchSource.ISSUE_COMMENT,root-project,root,v6-32-06,https://github.com/root-project/root/pull/7730#issuecomment-809395191:254,test,tests,254,https://root.cern,https://github.com/root-project/root/pull/7730#issuecomment-809395191,2,['test'],"['testReport', 'tests']"
Testability,Build failed on ROOT-fedora31/noimt.; Running on root-fedora-31-2.cern.ch:/home/sftnight/build/workspace/root-pullrequests-build; [See console output](https://lcgapp-services.cern.ch/root-jenkins/job/root-pullrequests-build/112439/console).; ### Failing tests:; - [projectroot.test.test_stressroofit_interpreted](https://lcgapp-services.cern.ch/root-jenkins/job/root-pullrequests-build/112439/testReport/projectroot/test/test_stressroofit_interpreted/),MatchSource.ISSUE_COMMENT,root-project,root,v6-32-06,https://github.com/root-project/root/pull/7719#issuecomment-809543530:254,test,tests,254,https://root.cern,https://github.com/root-project/root/pull/7719#issuecomment-809543530,4,['test'],"['test', 'testReport', 'tests']"
Testability,Build failed on ROOT-fedora31/noimt.; Running on root-fedora-31-2.cern.ch:/home/sftnight/build/workspace/root-pullrequests-build; [See console output](https://lcgapp-services.cern.ch/root-jenkins/job/root-pullrequests-build/112616/console).; ### Errors:; - [2021-03-30T13:19:58.671Z] /home/sftnight/build/workspace/root-pullrequests-build/root/roofit/roofitcore/test/testRooAbsPdf.cxx:71:19: error: ‘make_unique’ is not a member of ‘std’ ; - [2021-03-30T13:19:58.671Z] /home/sftnight/build/workspace/root-pullrequests-build/root/roofit/roofitcore/test/testRooAbsPdf.cxx:71:41: error: expected primary-expression before ‘&gt;’ token ; - [2021-03-30T13:19:58.671Z] /home/sftnight/build/workspace/root-pullrequests-build/root/roofit/roofitcore/test/testRooAbsPdf.cxx:86:8: error: ‘void data’ has incomplete type . ### Warnings:; - [2021-03-30T13:19:58.671Z] /home/sftnight/build/workspace/root-pullrequests-build/root/roofit/roofitcore/test/testRooAbsPdf.cxx:71:43: warning: left operand of comma operator has no effect [-Wunused-value] ; - [2021-03-30T13:19:58.671Z] /home/sftnight/build/workspace/root-pullrequests-build/root/roofit/roofitcore/test/testRooAbsPdf.cxx:71:67: warning: right operand of comma operator has no effect [-Wunused-value],MatchSource.ISSUE_COMMENT,root-project,root,v6-32-06,https://github.com/root-project/root/pull/7742#issuecomment-810233836:362,test,test,362,https://root.cern,https://github.com/root-project/root/pull/7742#issuecomment-810233836,10,['test'],"['test', 'testRooAbsPdf']"
Testability,Build failed on ROOT-fedora31/noimt.; Running on root-fedora-31-2.cern.ch:/home/sftnight/build/workspace/root-pullrequests-build; [See console output](https://lcgapp-services.cern.ch/root-jenkins/job/root-pullrequests-build/112720/console).; ### Failing tests:; - [projectroot.roottest.root.aclic.load.roottest_root_aclic_load_reload](https://lcgapp-services.cern.ch/root-jenkins/job/root-pullrequests-build/112720/testReport/projectroot.roottest.root.aclic/load/roottest_root_aclic_load_reload/); - [projectroot.roottest.root.io.interface.roottest_root_io_interface_make](https://lcgapp-services.cern.ch/root-jenkins/job/root-pullrequests-build/112720/testReport/projectroot.roottest.root.io/interface/roottest_root_io_interface_make/),MatchSource.ISSUE_COMMENT,root-project,root,v6-32-06,https://github.com/root-project/root/pull/7752#issuecomment-810584298:254,test,tests,254,https://root.cern,https://github.com/root-project/root/pull/7752#issuecomment-810584298,3,['test'],"['testReport', 'tests']"
Testability,Build failed on ROOT-fedora31/noimt.; Running on root-fedora-31-2.cern.ch:/home/sftnight/build/workspace/root-pullrequests-build; [See console output](https://lcgapp-services.cern.ch/root-jenkins/job/root-pullrequests-build/112829/console).; ### Failing tests:; - [projectroot.roottest.root.aclic.load.roottest_root_aclic_load_reload](https://lcgapp-services.cern.ch/root-jenkins/job/root-pullrequests-build/112829/testReport/projectroot.roottest.root.aclic/load/roottest_root_aclic_load_reload/); - [projectroot.roottest.root.io.interface.roottest_root_io_interface_make](https://lcgapp-services.cern.ch/root-jenkins/job/root-pullrequests-build/112829/testReport/projectroot.roottest.root.io/interface/roottest_root_io_interface_make/),MatchSource.ISSUE_COMMENT,root-project,root,v6-32-06,https://github.com/root-project/root/pull/7752#issuecomment-810966032:254,test,tests,254,https://root.cern,https://github.com/root-project/root/pull/7752#issuecomment-810966032,3,['test'],"['testReport', 'tests']"
Testability,Build failed on ROOT-fedora31/noimt.; Running on root-fedora-31-2.cern.ch:/home/sftnight/build/workspace/root-pullrequests-build; [See console output](https://lcgapp-services.cern.ch/root-jenkins/job/root-pullrequests-build/112945/console).; ### Failing tests:; - [projectroot.bindings.experimental.distrdf.test.pyunittests_distrdf_unit_test_operation](https://lcgapp-services.cern.ch/root-jenkins/job/root-pullrequests-build/112945/testReport/projectroot.bindings.experimental.distrdf/test/pyunittests_distrdf_unit_test_operation/),MatchSource.ISSUE_COMMENT,root-project,root,v6-32-06,https://github.com/root-project/root/pull/7772#issuecomment-811798155:254,test,tests,254,https://root.cern,https://github.com/root-project/root/pull/7772#issuecomment-811798155,4,['test'],"['test', 'testReport', 'tests']"
Testability,Build failed on ROOT-fedora31/noimt.; Running on root-fedora-31-2.cern.ch:/home/sftnight/build/workspace/root-pullrequests-build; [See console output](https://lcgapp-services.cern.ch/root-jenkins/job/root-pullrequests-build/113009/console).; ### Failing tests:; - [projectroot.roottest.root.meta.roottest_root_meta_runMemberComments](https://lcgapp-services.cern.ch/root-jenkins/job/root-pullrequests-build/113009/testReport/projectroot.roottest.root/meta/roottest_root_meta_runMemberComments/); - [projectroot.roottest.root.meta.tclass.issue-6840.roottest_root_meta_tclass_issue_6840_emulatePairsTest](https://lcgapp-services.cern.ch/root-jenkins/job/root-pullrequests-build/113009/testReport/projectroot.roottest.root.meta.tclass/issue-6840/roottest_root_meta_tclass_issue_6840_emulatePairsTest/),MatchSource.ISSUE_COMMENT,root-project,root,v6-32-06,https://github.com/root-project/root/pull/7778#issuecomment-812049810:254,test,tests,254,https://root.cern,https://github.com/root-project/root/pull/7778#issuecomment-812049810,3,['test'],"['testReport', 'tests']"
Testability,Build failed on ROOT-fedora31/noimt.; Running on root-fedora-31-2.cern.ch:/home/sftnight/build/workspace/root-pullrequests-build; [See console output](https://lcgapp-services.cern.ch/root-jenkins/job/root-pullrequests-build/113073/console).; ### Failing tests:; - [projectroot.test.test_stressHistFactory_interpreted](https://lcgapp-services.cern.ch/root-jenkins/job/root-pullrequests-build/113073/testReport/projectroot/test/test_stressHistFactory_interpreted/); - [projectroot.roofit.RDataFrameHelpers.test.gtest_roofit_RDataFrameHelpers_test_testActionHelpers](https://lcgapp-services.cern.ch/root-jenkins/job/root-pullrequests-build/113073/testReport/projectroot.roofit.RDataFrameHelpers/test/gtest_roofit_RDataFrameHelpers_test_testActionHelpers/); - [projectroot.roofit.histfactory.test.gtest_roofit_histfactory_test_testHistFactory](https://lcgapp-services.cern.ch/root-jenkins/job/root-pullrequests-build/113073/testReport/projectroot.roofit.histfactory/test/gtest_roofit_histfactory_test_testHistFactory/); - [projectroot.roofit.roofit.test.gtest_roofit_roofit_test_testRooGaussian](https://lcgapp-services.cern.ch/root-jenkins/job/root-pullrequests-build/113073/testReport/projectroot.roofit.roofit/test/gtest_roofit_roofit_test_testRooGaussian/); - [projectroot.roofit.roofit.test.gtest_roofit_roofit_test_testRooPoisson](https://lcgapp-services.cern.ch/root-jenkins/job/root-pullrequests-build/113073/testReport/projectroot.roofit.roofit/test/gtest_roofit_roofit_test_testRooPoisson/); - [projectroot.roofit.roofit.test.gtest_roofit_roofit_test_testRooBernstein](https://lcgapp-services.cern.ch/root-jenkins/job/root-pullrequests-build/113073/testReport/projectroot.roofit.roofit/test/gtest_roofit_roofit_test_testRooBernstein/); - [projectroot.roofit.roofit.test.gtest_roofit_roofit_test_testRooJohnson](https://lcgapp-services.cern.ch/root-jenkins/job/root-pullrequests-build/113073/testReport/projectroot.roofit.roofit/test/gtest_roofit_roofit_test_testRooJohnson/); - [projectroot.roof,MatchSource.ISSUE_COMMENT,root-project,root,v6-32-06,https://github.com/root-project/root/pull/5420#issuecomment-812417201:254,test,tests,254,https://root.cern,https://github.com/root-project/root/pull/5420#issuecomment-812417201,10,['test'],"['test', 'testReport', 'tests']"
Testability,Build failed on ROOT-fedora31/noimt.; Running on root-fedora-31-2.cern.ch:/home/sftnight/build/workspace/root-pullrequests-build; [See console output](https://lcgapp-services.cern.ch/root-jenkins/job/root-pullrequests-build/113250/console).; ### Failing tests:; - [projectroot.bindings.pyroot.pythonizations.test.pyunittests_pyroot_pyz_pretty_printing](https://lcgapp-services.cern.ch/root-jenkins/job/root-pullrequests-build/113250/testReport/projectroot.bindings.pyroot.pythonizations/test/pyunittests_pyroot_pyz_pretty_printing/); - [projectroot.roottest.root.meta.naming.roottest_root_meta_naming_execParamPack_auto](https://lcgapp-services.cern.ch/root-jenkins/job/root-pullrequests-build/113250/testReport/projectroot.roottest.root.meta/naming/roottest_root_meta_naming_execParamPack_auto/),MatchSource.ISSUE_COMMENT,root-project,root,v6-32-06,https://github.com/root-project/root/pull/7502#issuecomment-814282572:254,test,tests,254,https://root.cern,https://github.com/root-project/root/pull/7502#issuecomment-814282572,5,['test'],"['test', 'testReport', 'tests']"
Testability,Build failed on ROOT-fedora31/noimt.; Running on root-fedora-31-2.cern.ch:/home/sftnight/build/workspace/root-pullrequests-build; [See console output](https://lcgapp-services.cern.ch/root-jenkins/job/root-pullrequests-build/113258/console).; ### Failing tests:; - [projectroot.bindings.pyroot.pythonizations.test.pyunittests_pyroot_pyz_pretty_printing](https://lcgapp-services.cern.ch/root-jenkins/job/root-pullrequests-build/113258/testReport/projectroot.bindings.pyroot.pythonizations/test/pyunittests_pyroot_pyz_pretty_printing/); - [projectroot.roottest.root.meta.naming.roottest_root_meta_naming_execParamPack_auto](https://lcgapp-services.cern.ch/root-jenkins/job/root-pullrequests-build/113258/testReport/projectroot.roottest.root.meta/naming/roottest_root_meta_naming_execParamPack_auto/),MatchSource.ISSUE_COMMENT,root-project,root,v6-32-06,https://github.com/root-project/root/pull/7502#issuecomment-814294073:254,test,tests,254,https://root.cern,https://github.com/root-project/root/pull/7502#issuecomment-814294073,5,['test'],"['test', 'testReport', 'tests']"
Testability,Build failed on ROOT-fedora31/noimt.; Running on root-fedora-31-2.cern.ch:/home/sftnight/build/workspace/root-pullrequests-build; [See console output](https://lcgapp-services.cern.ch/root-jenkins/job/root-pullrequests-build/113370/console).; ### Failing tests:; - [projectroot.bindings.pyroot.pythonizations.test.pyunittests_pyroot_pyz_pretty_printing](https://lcgapp-services.cern.ch/root-jenkins/job/root-pullrequests-build/113370/testReport/projectroot.bindings.pyroot.pythonizations/test/pyunittests_pyroot_pyz_pretty_printing/); - [projectroot.roottest.root.meta.naming.roottest_root_meta_naming_execParamPack_auto](https://lcgapp-services.cern.ch/root-jenkins/job/root-pullrequests-build/113370/testReport/projectroot.roottest.root.meta/naming/roottest_root_meta_naming_execParamPack_auto/),MatchSource.ISSUE_COMMENT,root-project,root,v6-32-06,https://github.com/root-project/root/pull/7502#issuecomment-815017508:254,test,tests,254,https://root.cern,https://github.com/root-project/root/pull/7502#issuecomment-815017508,5,['test'],"['test', 'testReport', 'tests']"
Testability,Build failed on ROOT-fedora31/noimt.; Running on root-fedora-31-2.cern.ch:/home/sftnight/build/workspace/root-pullrequests-build; [See console output](https://lcgapp-services.cern.ch/root-jenkins/job/root-pullrequests-build/113386/console).; ### Failing tests:; - [projectroot.roottest.root.io.stdarray.roottest_root_io_stdarray_colWiseWrite_3](https://lcgapp-services.cern.ch/root-jenkins/job/root-pullrequests-build/113386/testReport/projectroot.roottest.root.io/stdarray/roottest_root_io_stdarray_colWiseWrite_3/); - [projectroot.roottest.root.io.stdarray.roottest_root_io_stdarray_colWiseRead_31](https://lcgapp-services.cern.ch/root-jenkins/job/root-pullrequests-build/113386/testReport/projectroot.roottest.root.io/stdarray/roottest_root_io_stdarray_colWiseRead_31/); - [projectroot.roottest.root.io.stdarray.roottest_root_io_stdarray_colWiseRead_32](https://lcgapp-services.cern.ch/root-jenkins/job/root-pullrequests-build/113386/testReport/projectroot.roottest.root.io/stdarray/roottest_root_io_stdarray_colWiseRead_32/),MatchSource.ISSUE_COMMENT,root-project,root,v6-32-06,https://github.com/root-project/root/pull/7798#issuecomment-815051849:254,test,tests,254,https://root.cern,https://github.com/root-project/root/pull/7798#issuecomment-815051849,4,['test'],"['testReport', 'tests']"
Testability,Build failed on ROOT-fedora31/noimt.; Running on root-fedora-31-2.cern.ch:/home/sftnight/build/workspace/root-pullrequests-build; [See console output](https://lcgapp-services.cern.ch/root-jenkins/job/root-pullrequests-build/113486/console).; ### Failing tests:; - [projectroot.roottest.root.io.filemerger.roottest_root_io_filemerger_simple_default_compr_level9_datageneration](https://lcgapp-services.cern.ch/root-jenkins/job/root-pullrequests-build/113486/testReport/projectroot.roottest.root.io/filemerger/roottest_root_io_filemerger_simple_default_compr_level9_datageneration/); - [projectroot.roottest.root.io.filemerger.roottest_root_io_filemerger_simple_default_compr_level9](https://lcgapp-services.cern.ch/root-jenkins/job/root-pullrequests-build/113486/testReport/projectroot.roottest.root.io/filemerger/roottest_root_io_filemerger_simple_default_compr_level9/); - [projectroot.roottest.root.io.filemerger.roottest_root_io_filemerger_simple_lz4_compr_level9](https://lcgapp-services.cern.ch/root-jenkins/job/root-pullrequests-build/113486/testReport/projectroot.roottest.root.io/filemerger/roottest_root_io_filemerger_simple_lz4_compr_level9/); - [projectroot.roottest.root.io.filemerger.roottest_root_io_filemerger_simplex2_default_compr_level9](https://lcgapp-services.cern.ch/root-jenkins/job/root-pullrequests-build/113486/testReport/projectroot.roottest.root.io/filemerger/roottest_root_io_filemerger_simplex2_default_compr_level9/); - [projectroot.roottest.root.io.filemerger.roottest_root_io_filemerger_simple_lzma_compr_level9](https://lcgapp-services.cern.ch/root-jenkins/job/root-pullrequests-build/113486/testReport/projectroot.roottest.root.io/filemerger/roottest_root_io_filemerger_simple_lzma_compr_level9/); - [projectroot.roottest.root.io.filemerger.roottest_root_io_filemerger_simplek_default_compr_deflevel](https://lcgapp-services.cern.ch/root-jenkins/job/root-pullrequests-build/113486/testReport/projectroot.roottest.root.io/filemerger/roottest_root_io_filemerger_simplek,MatchSource.ISSUE_COMMENT,root-project,root,v6-32-06,https://github.com/root-project/root/pull/7726#issuecomment-815594403:254,test,tests,254,https://root.cern,https://github.com/root-project/root/pull/7726#issuecomment-815594403,3,['test'],"['testReport', 'tests']"
Testability,Build failed on ROOT-fedora31/noimt.; Running on root-fedora-31-2.cern.ch:/home/sftnight/build/workspace/root-pullrequests-build; [See console output](https://lcgapp-services.cern.ch/root-jenkins/job/root-pullrequests-build/113510/console).; ### Failing tests:; - [projectroot.roottest.root.io.filemerger.roottest_root_io_filemerger_simple_default_compr_level9_datageneration](https://lcgapp-services.cern.ch/root-jenkins/job/root-pullrequests-build/113510/testReport/projectroot.roottest.root.io/filemerger/roottest_root_io_filemerger_simple_default_compr_level9_datageneration/); - [projectroot.roottest.root.io.filemerger.roottest_root_io_filemerger_simple_default_compr_level9](https://lcgapp-services.cern.ch/root-jenkins/job/root-pullrequests-build/113510/testReport/projectroot.roottest.root.io/filemerger/roottest_root_io_filemerger_simple_default_compr_level9/); - [projectroot.roottest.root.io.filemerger.roottest_root_io_filemerger_simple_lz4_compr_level9](https://lcgapp-services.cern.ch/root-jenkins/job/root-pullrequests-build/113510/testReport/projectroot.roottest.root.io/filemerger/roottest_root_io_filemerger_simple_lz4_compr_level9/); - [projectroot.roottest.root.io.filemerger.roottest_root_io_filemerger_simple_lzma_compr_level9](https://lcgapp-services.cern.ch/root-jenkins/job/root-pullrequests-build/113510/testReport/projectroot.roottest.root.io/filemerger/roottest_root_io_filemerger_simple_lzma_compr_level9/); - [projectroot.roottest.root.io.filemerger.roottest_root_io_filemerger_simplex2_default_compr_level9](https://lcgapp-services.cern.ch/root-jenkins/job/root-pullrequests-build/113510/testReport/projectroot.roottest.root.io/filemerger/roottest_root_io_filemerger_simplex2_default_compr_level9/); - [projectroot.roottest.root.io.filemerger.roottest_root_io_filemerger_simplek_default_compr_deflevel](https://lcgapp-services.cern.ch/root-jenkins/job/root-pullrequests-build/113510/testReport/projectroot.roottest.root.io/filemerger/roottest_root_io_filemerger_simplek,MatchSource.ISSUE_COMMENT,root-project,root,v6-32-06,https://github.com/root-project/root/pull/7726#issuecomment-815909387:254,test,tests,254,https://root.cern,https://github.com/root-project/root/pull/7726#issuecomment-815909387,3,['test'],"['testReport', 'tests']"
Testability,Build failed on ROOT-fedora31/noimt.; Running on root-fedora-31-2.cern.ch:/home/sftnight/build/workspace/root-pullrequests-build; [See console output](https://lcgapp-services.cern.ch/root-jenkins/job/root-pullrequests-build/113518/console).; ### Failing tests:; - [projectroot.test.test_stressIOPlugins_xroot](https://lcgapp-services.cern.ch/root-jenkins/job/root-pullrequests-build/113518/testReport/projectroot/test/test_stressIOPlugins_xroot/); - [projectroot.roottest.root.io.filemerger.roottest_root_io_filemerger_simple_default_compr_level9_datageneration](https://lcgapp-services.cern.ch/root-jenkins/job/root-pullrequests-build/113518/testReport/projectroot.roottest.root.io/filemerger/roottest_root_io_filemerger_simple_default_compr_level9_datageneration/); - [projectroot.roottest.root.io.filemerger.roottest_root_io_filemerger_simple_lz4_compr_level9](https://lcgapp-services.cern.ch/root-jenkins/job/root-pullrequests-build/113518/testReport/projectroot.roottest.root.io/filemerger/roottest_root_io_filemerger_simple_lz4_compr_level9/); - [projectroot.roottest.root.io.filemerger.roottest_root_io_filemerger_simple_default_compr_level9](https://lcgapp-services.cern.ch/root-jenkins/job/root-pullrequests-build/113518/testReport/projectroot.roottest.root.io/filemerger/roottest_root_io_filemerger_simple_default_compr_level9/); - [projectroot.roottest.root.io.filemerger.roottest_root_io_filemerger_simple_lzma_compr_level9](https://lcgapp-services.cern.ch/root-jenkins/job/root-pullrequests-build/113518/testReport/projectroot.roottest.root.io/filemerger/roottest_root_io_filemerger_simple_lzma_compr_level9/); - [projectroot.roottest.root.io.filemerger.roottest_root_io_filemerger_simplex2_default_compr_level9](https://lcgapp-services.cern.ch/root-jenkins/job/root-pullrequests-build/113518/testReport/projectroot.roottest.root.io/filemerger/roottest_root_io_filemerger_simplex2_default_compr_level9/); - [projectroot.roottest.root.io.filemerger.roottest_root_io_filemerger_simplek_defa,MatchSource.ISSUE_COMMENT,root-project,root,v6-32-06,https://github.com/root-project/root/pull/7766#issuecomment-816285804:254,test,tests,254,https://root.cern,https://github.com/root-project/root/pull/7766#issuecomment-816285804,6,['test'],"['test', 'testReport', 'tests']"
Testability,Build failed on ROOT-fedora31/noimt.; Running on root-fedora-31-2.cern.ch:/home/sftnight/build/workspace/root-pullrequests-build; [See console output](https://lcgapp-services.cern.ch/root-jenkins/job/root-pullrequests-build/113534/console).; ### Failing tests:; - [projectroot.test.test_stressIOPlugins_xroot](https://lcgapp-services.cern.ch/root-jenkins/job/root-pullrequests-build/113534/testReport/projectroot/test/test_stressIOPlugins_xroot/),MatchSource.ISSUE_COMMENT,root-project,root,v6-32-06,https://github.com/root-project/root/pull/7806#issuecomment-816467515:254,test,tests,254,https://root.cern,https://github.com/root-project/root/pull/7806#issuecomment-816467515,4,['test'],"['test', 'testReport', 'tests']"
Testability,Build failed on ROOT-fedora31/noimt.; Running on root-fedora-31-2.cern.ch:/home/sftnight/build/workspace/root-pullrequests-build; [See console output](https://lcgapp-services.cern.ch/root-jenkins/job/root-pullrequests-build/113542/console).; ### Failing tests:; - [projectroot.test.test_stressIOPlugins_xroot](https://lcgapp-services.cern.ch/root-jenkins/job/root-pullrequests-build/113542/testReport/projectroot/test/test_stressIOPlugins_xroot/),MatchSource.ISSUE_COMMENT,root-project,root,v6-32-06,https://github.com/root-project/root/pull/7807#issuecomment-816484221:254,test,tests,254,https://root.cern,https://github.com/root-project/root/pull/7807#issuecomment-816484221,4,['test'],"['test', 'testReport', 'tests']"
Testability,Build failed on ROOT-fedora31/noimt.; Running on root-fedora-31-2.cern.ch:/home/sftnight/build/workspace/root-pullrequests-build; [See console output](https://lcgapp-services.cern.ch/root-jenkins/job/root-pullrequests-build/113550/console).; ### Failing tests:; - [projectroot.roottest.root.io.filemerger.roottest_root_io_filemerger_simple_default_compr_level9_datageneration](https://lcgapp-services.cern.ch/root-jenkins/job/root-pullrequests-build/113550/testReport/projectroot.roottest.root.io/filemerger/roottest_root_io_filemerger_simple_default_compr_level9_datageneration/); - [projectroot.roottest.root.io.filemerger.roottest_root_io_filemerger_simple_lz4_compr_level9](https://lcgapp-services.cern.ch/root-jenkins/job/root-pullrequests-build/113550/testReport/projectroot.roottest.root.io/filemerger/roottest_root_io_filemerger_simple_lz4_compr_level9/); - [projectroot.roottest.root.io.filemerger.roottest_root_io_filemerger_simple_default_compr_level9](https://lcgapp-services.cern.ch/root-jenkins/job/root-pullrequests-build/113550/testReport/projectroot.roottest.root.io/filemerger/roottest_root_io_filemerger_simple_default_compr_level9/); - [projectroot.roottest.root.io.filemerger.roottest_root_io_filemerger_simple_lzma_compr_level9](https://lcgapp-services.cern.ch/root-jenkins/job/root-pullrequests-build/113550/testReport/projectroot.roottest.root.io/filemerger/roottest_root_io_filemerger_simple_lzma_compr_level9/); - [projectroot.roottest.root.io.filemerger.roottest_root_io_filemerger_simplex2_default_compr_level9](https://lcgapp-services.cern.ch/root-jenkins/job/root-pullrequests-build/113550/testReport/projectroot.roottest.root.io/filemerger/roottest_root_io_filemerger_simplex2_default_compr_level9/); - [projectroot.roottest.root.io.filemerger.roottest_root_io_filemerger_simplek_default_compr_deflevel](https://lcgapp-services.cern.ch/root-jenkins/job/root-pullrequests-build/113550/testReport/projectroot.roottest.root.io/filemerger/roottest_root_io_filemerger_simplek,MatchSource.ISSUE_COMMENT,root-project,root,v6-32-06,https://github.com/root-project/root/pull/7766#issuecomment-816502429:254,test,tests,254,https://root.cern,https://github.com/root-project/root/pull/7766#issuecomment-816502429,3,['test'],"['testReport', 'tests']"
Testability,Build failed on ROOT-fedora31/noimt.; Running on root-fedora-31-2.cern.ch:/home/sftnight/build/workspace/root-pullrequests-build; [See console output](https://lcgapp-services.cern.ch/root-jenkins/job/root-pullrequests-build/113558/console).; ### Failing tests:; - [projectroot.roottest.root.io.filemerger.roottest_root_io_filemerger_simple_default_compr_level9_datageneration](https://lcgapp-services.cern.ch/root-jenkins/job/root-pullrequests-build/113558/testReport/projectroot.roottest.root.io/filemerger/roottest_root_io_filemerger_simple_default_compr_level9_datageneration/); - [projectroot.roottest.root.io.filemerger.roottest_root_io_filemerger_simple_default_compr_level9](https://lcgapp-services.cern.ch/root-jenkins/job/root-pullrequests-build/113558/testReport/projectroot.roottest.root.io/filemerger/roottest_root_io_filemerger_simple_default_compr_level9/); - [projectroot.roottest.root.io.filemerger.roottest_root_io_filemerger_simplex2_default_compr_level9](https://lcgapp-services.cern.ch/root-jenkins/job/root-pullrequests-build/113558/testReport/projectroot.roottest.root.io/filemerger/roottest_root_io_filemerger_simplex2_default_compr_level9/); - [projectroot.roottest.root.io.filemerger.roottest_root_io_filemerger_simple_lzma_compr_level9](https://lcgapp-services.cern.ch/root-jenkins/job/root-pullrequests-build/113558/testReport/projectroot.roottest.root.io/filemerger/roottest_root_io_filemerger_simple_lzma_compr_level9/); - [projectroot.roottest.root.io.filemerger.roottest_root_io_filemerger_simple_lz4_compr_level9](https://lcgapp-services.cern.ch/root-jenkins/job/root-pullrequests-build/113558/testReport/projectroot.roottest.root.io/filemerger/roottest_root_io_filemerger_simple_lz4_compr_level9/); - [projectroot.roottest.root.io.filemerger.roottest_root_io_filemerger_simplek_default_compr_deflevel](https://lcgapp-services.cern.ch/root-jenkins/job/root-pullrequests-build/113558/testReport/projectroot.roottest.root.io/filemerger/roottest_root_io_filemerger_simplek,MatchSource.ISSUE_COMMENT,root-project,root,v6-32-06,https://github.com/root-project/root/pull/7810#issuecomment-816570568:254,test,tests,254,https://root.cern,https://github.com/root-project/root/pull/7810#issuecomment-816570568,3,['test'],"['testReport', 'tests']"
Testability,Build failed on ROOT-fedora31/noimt.; Running on root-fedora-31-2.cern.ch:/home/sftnight/build/workspace/root-pullrequests-build; [See console output](https://lcgapp-services.cern.ch/root-jenkins/job/root-pullrequests-build/113566/console).; ### Failing tests:; - [projectroot.test.test_stressIOPlugins_xroot](https://lcgapp-services.cern.ch/root-jenkins/job/root-pullrequests-build/113566/testReport/projectroot/test/test_stressIOPlugins_xroot/); - [projectroot.roottest.root.io.filemerger.roottest_root_io_filemerger_simple_default_compr_level9_datageneration](https://lcgapp-services.cern.ch/root-jenkins/job/root-pullrequests-build/113566/testReport/projectroot.roottest.root.io/filemerger/roottest_root_io_filemerger_simple_default_compr_level9_datageneration/); - [projectroot.roottest.root.io.filemerger.roottest_root_io_filemerger_simple_default_compr_level9](https://lcgapp-services.cern.ch/root-jenkins/job/root-pullrequests-build/113566/testReport/projectroot.roottest.root.io/filemerger/roottest_root_io_filemerger_simple_default_compr_level9/); - [projectroot.roottest.root.io.filemerger.roottest_root_io_filemerger_simplex2_default_compr_level9](https://lcgapp-services.cern.ch/root-jenkins/job/root-pullrequests-build/113566/testReport/projectroot.roottest.root.io/filemerger/roottest_root_io_filemerger_simplex2_default_compr_level9/); - [projectroot.roottest.root.io.filemerger.roottest_root_io_filemerger_simple_lz4_compr_level9](https://lcgapp-services.cern.ch/root-jenkins/job/root-pullrequests-build/113566/testReport/projectroot.roottest.root.io/filemerger/roottest_root_io_filemerger_simple_lz4_compr_level9/); - [projectroot.roottest.root.io.filemerger.roottest_root_io_filemerger_simple_lzma_compr_level9](https://lcgapp-services.cern.ch/root-jenkins/job/root-pullrequests-build/113566/testReport/projectroot.roottest.root.io/filemerger/roottest_root_io_filemerger_simple_lzma_compr_level9/); - [projectroot.roottest.root.io.filemerger.roottest_root_io_filemerger_simplek_defa,MatchSource.ISSUE_COMMENT,root-project,root,v6-32-06,https://github.com/root-project/root/pull/7766#issuecomment-816614749:254,test,tests,254,https://root.cern,https://github.com/root-project/root/pull/7766#issuecomment-816614749,6,['test'],"['test', 'testReport', 'tests']"
Testability,Build failed on ROOT-fedora31/noimt.; Running on root-fedora-31-2.cern.ch:/home/sftnight/build/workspace/root-pullrequests-build; [See console output](https://lcgapp-services.cern.ch/root-jenkins/job/root-pullrequests-build/113574/console).; ### Failing tests:; - [projectroot.roottest.root.io.filemerger.roottest_root_io_filemerger_simple_default_compr_level9_datageneration](https://lcgapp-services.cern.ch/root-jenkins/job/root-pullrequests-build/113574/testReport/projectroot.roottest.root.io/filemerger/roottest_root_io_filemerger_simple_default_compr_level9_datageneration/); - [projectroot.roottest.root.io.filemerger.roottest_root_io_filemerger_simple_default_compr_level9](https://lcgapp-services.cern.ch/root-jenkins/job/root-pullrequests-build/113574/testReport/projectroot.roottest.root.io/filemerger/roottest_root_io_filemerger_simple_default_compr_level9/); - [projectroot.roottest.root.io.filemerger.roottest_root_io_filemerger_simplex2_default_compr_level9](https://lcgapp-services.cern.ch/root-jenkins/job/root-pullrequests-build/113574/testReport/projectroot.roottest.root.io/filemerger/roottest_root_io_filemerger_simplex2_default_compr_level9/); - [projectroot.roottest.root.io.filemerger.roottest_root_io_filemerger_simple_lz4_compr_level9](https://lcgapp-services.cern.ch/root-jenkins/job/root-pullrequests-build/113574/testReport/projectroot.roottest.root.io/filemerger/roottest_root_io_filemerger_simple_lz4_compr_level9/); - [projectroot.roottest.root.io.filemerger.roottest_root_io_filemerger_simple_lzma_compr_level9](https://lcgapp-services.cern.ch/root-jenkins/job/root-pullrequests-build/113574/testReport/projectroot.roottest.root.io/filemerger/roottest_root_io_filemerger_simple_lzma_compr_level9/); - [projectroot.roottest.root.io.filemerger.roottest_root_io_filemerger_simplek_default_compr_deflevel](https://lcgapp-services.cern.ch/root-jenkins/job/root-pullrequests-build/113574/testReport/projectroot.roottest.root.io/filemerger/roottest_root_io_filemerger_simplek,MatchSource.ISSUE_COMMENT,root-project,root,v6-32-06,https://github.com/root-project/root/pull/7811#issuecomment-816628267:254,test,tests,254,https://root.cern,https://github.com/root-project/root/pull/7811#issuecomment-816628267,3,['test'],"['testReport', 'tests']"
Testability,Build failed on ROOT-fedora31/noimt.; Running on root-fedora-31-2.cern.ch:/home/sftnight/build/workspace/root-pullrequests-build; [See console output](https://lcgapp-services.cern.ch/root-jenkins/job/root-pullrequests-build/113590/console).; ### Failing tests:; - [projectroot.test.test_stressIOPlugins_xroot](https://lcgapp-services.cern.ch/root-jenkins/job/root-pullrequests-build/113590/testReport/projectroot/test/test_stressIOPlugins_xroot/),MatchSource.ISSUE_COMMENT,root-project,root,v6-32-06,https://github.com/root-project/root/pull/7814#issuecomment-816685026:254,test,tests,254,https://root.cern,https://github.com/root-project/root/pull/7814#issuecomment-816685026,4,['test'],"['test', 'testReport', 'tests']"
Testability,Build failed on ROOT-fedora31/noimt.; Running on root-fedora-31-2.cern.ch:/home/sftnight/build/workspace/root-pullrequests-build; [See console output](https://lcgapp-services.cern.ch/root-jenkins/job/root-pullrequests-build/113598/console).; ### Failing tests:; - [projectroot.roottest.root.io.filemerger.roottest_root_io_filemerger_simple_default_compr_level9_datageneration](https://lcgapp-services.cern.ch/root-jenkins/job/root-pullrequests-build/113598/testReport/projectroot.roottest.root.io/filemerger/roottest_root_io_filemerger_simple_default_compr_level9_datageneration/); - [projectroot.roottest.root.io.filemerger.roottest_root_io_filemerger_simple_default_compr_level9](https://lcgapp-services.cern.ch/root-jenkins/job/root-pullrequests-build/113598/testReport/projectroot.roottest.root.io/filemerger/roottest_root_io_filemerger_simple_default_compr_level9/); - [projectroot.roottest.root.io.filemerger.roottest_root_io_filemerger_simplex2_default_compr_level9](https://lcgapp-services.cern.ch/root-jenkins/job/root-pullrequests-build/113598/testReport/projectroot.roottest.root.io/filemerger/roottest_root_io_filemerger_simplex2_default_compr_level9/); - [projectroot.roottest.root.io.filemerger.roottest_root_io_filemerger_simple_lz4_compr_level9](https://lcgapp-services.cern.ch/root-jenkins/job/root-pullrequests-build/113598/testReport/projectroot.roottest.root.io/filemerger/roottest_root_io_filemerger_simple_lz4_compr_level9/); - [projectroot.roottest.root.io.filemerger.roottest_root_io_filemerger_simple_lzma_compr_level9](https://lcgapp-services.cern.ch/root-jenkins/job/root-pullrequests-build/113598/testReport/projectroot.roottest.root.io/filemerger/roottest_root_io_filemerger_simple_lzma_compr_level9/); - [projectroot.roottest.root.io.filemerger.roottest_root_io_filemerger_simplek_default_compr_deflevel](https://lcgapp-services.cern.ch/root-jenkins/job/root-pullrequests-build/113598/testReport/projectroot.roottest.root.io/filemerger/roottest_root_io_filemerger_simplek,MatchSource.ISSUE_COMMENT,root-project,root,v6-32-06,https://github.com/root-project/root/pull/7815#issuecomment-816792885:254,test,tests,254,https://root.cern,https://github.com/root-project/root/pull/7815#issuecomment-816792885,3,['test'],"['testReport', 'tests']"
Testability,Build failed on ROOT-fedora31/noimt.; Running on root-fedora-31-2.cern.ch:/home/sftnight/build/workspace/root-pullrequests-build; [See console output](https://lcgapp-services.cern.ch/root-jenkins/job/root-pullrequests-build/113615/console).; ### Failing tests:; - [projectroot.roottest.root.io.filemerger.roottest_root_io_filemerger_simple_default_compr_level9_datageneration](https://lcgapp-services.cern.ch/root-jenkins/job/root-pullrequests-build/113615/testReport/projectroot.roottest.root.io/filemerger/roottest_root_io_filemerger_simple_default_compr_level9_datageneration/); - [projectroot.roottest.root.io.filemerger.roottest_root_io_filemerger_simple_default_compr_level9](https://lcgapp-services.cern.ch/root-jenkins/job/root-pullrequests-build/113615/testReport/projectroot.roottest.root.io/filemerger/roottest_root_io_filemerger_simple_default_compr_level9/); - [projectroot.roottest.root.io.filemerger.roottest_root_io_filemerger_simple_lzma_compr_level9](https://lcgapp-services.cern.ch/root-jenkins/job/root-pullrequests-build/113615/testReport/projectroot.roottest.root.io/filemerger/roottest_root_io_filemerger_simple_lzma_compr_level9/); - [projectroot.roottest.root.io.filemerger.roottest_root_io_filemerger_simplex2_default_compr_level9](https://lcgapp-services.cern.ch/root-jenkins/job/root-pullrequests-build/113615/testReport/projectroot.roottest.root.io/filemerger/roottest_root_io_filemerger_simplex2_default_compr_level9/); - [projectroot.roottest.root.io.filemerger.roottest_root_io_filemerger_simple_lz4_compr_level9](https://lcgapp-services.cern.ch/root-jenkins/job/root-pullrequests-build/113615/testReport/projectroot.roottest.root.io/filemerger/roottest_root_io_filemerger_simple_lz4_compr_level9/); - [projectroot.roottest.root.io.filemerger.roottest_root_io_filemerger_simplek_default_compr_deflevel](https://lcgapp-services.cern.ch/root-jenkins/job/root-pullrequests-build/113615/testReport/projectroot.roottest.root.io/filemerger/roottest_root_io_filemerger_simplek,MatchSource.ISSUE_COMMENT,root-project,root,v6-32-06,https://github.com/root-project/root/pull/6969#issuecomment-816955733:254,test,tests,254,https://root.cern,https://github.com/root-project/root/pull/6969#issuecomment-816955733,3,['test'],"['testReport', 'tests']"
Testability,Build failed on ROOT-fedora31/noimt.; Running on root-fedora-31-2.cern.ch:/home/sftnight/build/workspace/root-pullrequests-build; [See console output](https://lcgapp-services.cern.ch/root-jenkins/job/root-pullrequests-build/113623/console).; ### Failing tests:; - [projectroot.roottest.root.io.filemerger.roottest_root_io_filemerger_simple_default_compr_level9_datageneration](https://lcgapp-services.cern.ch/root-jenkins/job/root-pullrequests-build/113623/testReport/projectroot.roottest.root.io/filemerger/roottest_root_io_filemerger_simple_default_compr_level9_datageneration/); - [projectroot.roottest.root.io.filemerger.roottest_root_io_filemerger_simple_default_compr_level9](https://lcgapp-services.cern.ch/root-jenkins/job/root-pullrequests-build/113623/testReport/projectroot.roottest.root.io/filemerger/roottest_root_io_filemerger_simple_default_compr_level9/); - [projectroot.roottest.root.io.filemerger.roottest_root_io_filemerger_simple_lzma_compr_level9](https://lcgapp-services.cern.ch/root-jenkins/job/root-pullrequests-build/113623/testReport/projectroot.roottest.root.io/filemerger/roottest_root_io_filemerger_simple_lzma_compr_level9/); - [projectroot.roottest.root.io.filemerger.roottest_root_io_filemerger_simple_lz4_compr_level9](https://lcgapp-services.cern.ch/root-jenkins/job/root-pullrequests-build/113623/testReport/projectroot.roottest.root.io/filemerger/roottest_root_io_filemerger_simple_lz4_compr_level9/); - [projectroot.roottest.root.io.filemerger.roottest_root_io_filemerger_simplex2_default_compr_level9](https://lcgapp-services.cern.ch/root-jenkins/job/root-pullrequests-build/113623/testReport/projectroot.roottest.root.io/filemerger/roottest_root_io_filemerger_simplex2_default_compr_level9/); - [projectroot.roottest.root.io.filemerger.roottest_root_io_filemerger_simplek_default_compr_deflevel](https://lcgapp-services.cern.ch/root-jenkins/job/root-pullrequests-build/113623/testReport/projectroot.roottest.root.io/filemerger/roottest_root_io_filemerger_simplek,MatchSource.ISSUE_COMMENT,root-project,root,v6-32-06,https://github.com/root-project/root/pull/6606#issuecomment-816978862:254,test,tests,254,https://root.cern,https://github.com/root-project/root/pull/6606#issuecomment-816978862,3,['test'],"['testReport', 'tests']"
Testability,Build failed on ROOT-fedora31/noimt.; Running on root-fedora-31-2.cern.ch:/home/sftnight/build/workspace/root-pullrequests-build; [See console output](https://lcgapp-services.cern.ch/root-jenkins/job/root-pullrequests-build/113631/console).; ### Failing tests:; - [projectroot.roottest.root.io.filemerger.roottest_root_io_filemerger_simple_default_compr_level9_datageneration](https://lcgapp-services.cern.ch/root-jenkins/job/root-pullrequests-build/113631/testReport/projectroot.roottest.root.io/filemerger/roottest_root_io_filemerger_simple_default_compr_level9_datageneration/); - [projectroot.roottest.root.io.filemerger.roottest_root_io_filemerger_simple_lzma_compr_level9](https://lcgapp-services.cern.ch/root-jenkins/job/root-pullrequests-build/113631/testReport/projectroot.roottest.root.io/filemerger/roottest_root_io_filemerger_simple_lzma_compr_level9/); - [projectroot.roottest.root.io.filemerger.roottest_root_io_filemerger_simplex2_default_compr_level9](https://lcgapp-services.cern.ch/root-jenkins/job/root-pullrequests-build/113631/testReport/projectroot.roottest.root.io/filemerger/roottest_root_io_filemerger_simplex2_default_compr_level9/); - [projectroot.roottest.root.io.filemerger.roottest_root_io_filemerger_simple_default_compr_level9](https://lcgapp-services.cern.ch/root-jenkins/job/root-pullrequests-build/113631/testReport/projectroot.roottest.root.io/filemerger/roottest_root_io_filemerger_simple_default_compr_level9/); - [projectroot.roottest.root.io.filemerger.roottest_root_io_filemerger_simple_lz4_compr_level9](https://lcgapp-services.cern.ch/root-jenkins/job/root-pullrequests-build/113631/testReport/projectroot.roottest.root.io/filemerger/roottest_root_io_filemerger_simple_lz4_compr_level9/); - [projectroot.roottest.root.io.filemerger.roottest_root_io_filemerger_simplek_default_compr_deflevel](https://lcgapp-services.cern.ch/root-jenkins/job/root-pullrequests-build/113631/testReport/projectroot.roottest.root.io/filemerger/roottest_root_io_filemerger_simplek,MatchSource.ISSUE_COMMENT,root-project,root,v6-32-06,https://github.com/root-project/root/pull/7816#issuecomment-816993982:254,test,tests,254,https://root.cern,https://github.com/root-project/root/pull/7816#issuecomment-816993982,3,['test'],"['testReport', 'tests']"
Testability,Build failed on ROOT-fedora31/noimt.; Running on root-fedora-31-2.cern.ch:/home/sftnight/build/workspace/root-pullrequests-build; [See console output](https://lcgapp-services.cern.ch/root-jenkins/job/root-pullrequests-build/113639/console).; ### Failing tests:; - [projectroot.roottest.root.io.filemerger.roottest_root_io_filemerger_simple_default_compr_level9_datageneration](https://lcgapp-services.cern.ch/root-jenkins/job/root-pullrequests-build/113639/testReport/projectroot.roottest.root.io/filemerger/roottest_root_io_filemerger_simple_default_compr_level9_datageneration/); - [projectroot.roottest.root.io.filemerger.roottest_root_io_filemerger_simple_lz4_compr_level9](https://lcgapp-services.cern.ch/root-jenkins/job/root-pullrequests-build/113639/testReport/projectroot.roottest.root.io/filemerger/roottest_root_io_filemerger_simple_lz4_compr_level9/); - [projectroot.roottest.root.io.filemerger.roottest_root_io_filemerger_simple_default_compr_level9](https://lcgapp-services.cern.ch/root-jenkins/job/root-pullrequests-build/113639/testReport/projectroot.roottest.root.io/filemerger/roottest_root_io_filemerger_simple_default_compr_level9/); - [projectroot.roottest.root.io.filemerger.roottest_root_io_filemerger_simplex2_default_compr_level9](https://lcgapp-services.cern.ch/root-jenkins/job/root-pullrequests-build/113639/testReport/projectroot.roottest.root.io/filemerger/roottest_root_io_filemerger_simplex2_default_compr_level9/); - [projectroot.roottest.root.io.filemerger.roottest_root_io_filemerger_simple_lzma_compr_level9](https://lcgapp-services.cern.ch/root-jenkins/job/root-pullrequests-build/113639/testReport/projectroot.roottest.root.io/filemerger/roottest_root_io_filemerger_simple_lzma_compr_level9/); - [projectroot.roottest.root.io.filemerger.roottest_root_io_filemerger_simplek_default_compr_deflevel](https://lcgapp-services.cern.ch/root-jenkins/job/root-pullrequests-build/113639/testReport/projectroot.roottest.root.io/filemerger/roottest_root_io_filemerger_simplek,MatchSource.ISSUE_COMMENT,root-project,root,v6-32-06,https://github.com/root-project/root/pull/7783#issuecomment-817023089:254,test,tests,254,https://root.cern,https://github.com/root-project/root/pull/7783#issuecomment-817023089,3,['test'],"['testReport', 'tests']"
Testability,Build failed on ROOT-fedora31/noimt.; Running on root-fedora-31-2.cern.ch:/home/sftnight/build/workspace/root-pullrequests-build; [See console output](https://lcgapp-services.cern.ch/root-jenkins/job/root-pullrequests-build/113647/console).; ### Failing tests:; - [projectroot.test.test_stressIOPlugins_xroot](https://lcgapp-services.cern.ch/root-jenkins/job/root-pullrequests-build/113647/testReport/projectroot/test/test_stressIOPlugins_xroot/); - [projectroot.roottest.root.io.filemerger.roottest_root_io_filemerger_simple_default_compr_level9_datageneration](https://lcgapp-services.cern.ch/root-jenkins/job/root-pullrequests-build/113647/testReport/projectroot.roottest.root.io/filemerger/roottest_root_io_filemerger_simple_default_compr_level9_datageneration/); - [projectroot.roottest.root.io.filemerger.roottest_root_io_filemerger_simplex2_default_compr_level9](https://lcgapp-services.cern.ch/root-jenkins/job/root-pullrequests-build/113647/testReport/projectroot.roottest.root.io/filemerger/roottest_root_io_filemerger_simplex2_default_compr_level9/); - [projectroot.roottest.root.io.filemerger.roottest_root_io_filemerger_simple_lz4_compr_level9](https://lcgapp-services.cern.ch/root-jenkins/job/root-pullrequests-build/113647/testReport/projectroot.roottest.root.io/filemerger/roottest_root_io_filemerger_simple_lz4_compr_level9/); - [projectroot.roottest.root.io.filemerger.roottest_root_io_filemerger_simple_default_compr_level9](https://lcgapp-services.cern.ch/root-jenkins/job/root-pullrequests-build/113647/testReport/projectroot.roottest.root.io/filemerger/roottest_root_io_filemerger_simple_default_compr_level9/); - [projectroot.roottest.root.io.filemerger.roottest_root_io_filemerger_simple_lzma_compr_level9](https://lcgapp-services.cern.ch/root-jenkins/job/root-pullrequests-build/113647/testReport/projectroot.roottest.root.io/filemerger/roottest_root_io_filemerger_simple_lzma_compr_level9/); - [projectroot.roottest.root.io.filemerger.roottest_root_io_filemerger_simplek_defa,MatchSource.ISSUE_COMMENT,root-project,root,v6-32-06,https://github.com/root-project/root/pull/6606#issuecomment-817089781:254,test,tests,254,https://root.cern,https://github.com/root-project/root/pull/6606#issuecomment-817089781,6,['test'],"['test', 'testReport', 'tests']"
Testability,Build failed on ROOT-fedora31/noimt.; Running on root-fedora-31-2.cern.ch:/home/sftnight/build/workspace/root-pullrequests-build; [See console output](https://lcgapp-services.cern.ch/root-jenkins/job/root-pullrequests-build/113671/console).; ### Failing tests:; - [projectroot.test.test_stressIOPlugins_xroot](https://lcgapp-services.cern.ch/root-jenkins/job/root-pullrequests-build/113671/testReport/projectroot/test/test_stressIOPlugins_xroot/),MatchSource.ISSUE_COMMENT,root-project,root,v6-32-06,https://github.com/root-project/root/pull/7816#issuecomment-817285510:254,test,tests,254,https://root.cern,https://github.com/root-project/root/pull/7816#issuecomment-817285510,4,['test'],"['test', 'testReport', 'tests']"
Testability,Build failed on ROOT-fedora31/noimt.; Running on root-fedora-31-2.cern.ch:/home/sftnight/build/workspace/root-pullrequests-build; [See console output](https://lcgapp-services.cern.ch/root-jenkins/job/root-pullrequests-build/113687/console).; ### Failing tests:; - [projectroot.test.test_stressIOPlugins_xroot](https://lcgapp-services.cern.ch/root-jenkins/job/root-pullrequests-build/113687/testReport/projectroot/test/test_stressIOPlugins_xroot/),MatchSource.ISSUE_COMMENT,root-project,root,v6-32-06,https://github.com/root-project/root/pull/7785#issuecomment-817604705:254,test,tests,254,https://root.cern,https://github.com/root-project/root/pull/7785#issuecomment-817604705,4,['test'],"['test', 'testReport', 'tests']"
Testability,Build failed on ROOT-fedora31/noimt.; Running on root-fedora-31-2.cern.ch:/home/sftnight/build/workspace/root-pullrequests-build; [See console output](https://lcgapp-services.cern.ch/root-jenkins/job/root-pullrequests-build/113695/console).; ### Failing tests:; - [projectroot.test.test_stresshistogram_interpreted](https://lcgapp-services.cern.ch/root-jenkins/job/root-pullrequests-build/113695/testReport/projectroot/test/test_stresshistogram_interpreted/); - [projectroot.roottest.root.hist.operator.roottest_root_hist_operator_runsparse](https://lcgapp-services.cern.ch/root-jenkins/job/root-pullrequests-build/113695/testReport/projectroot.roottest.root.hist/operator/roottest_root_hist_operator_runsparse/); - [projectroot.roottest.root.io.filemerger.roottest_root_io_filemerger_execFileMerger](https://lcgapp-services.cern.ch/root-jenkins/job/root-pullrequests-build/113695/testReport/projectroot.roottest.root.io/filemerger/roottest_root_io_filemerger_execFileMerger/); - [projectroot.roottest.root.meta.roottest_root_meta_runMemberComments](https://lcgapp-services.cern.ch/root-jenkins/job/root-pullrequests-build/113695/testReport/projectroot.roottest.root/meta/roottest_root_meta_runMemberComments/); - [projectroot.roottest.root.treeformula.clones.roottest_root_treeformula_clones_make](https://lcgapp-services.cern.ch/root-jenkins/job/root-pullrequests-build/113695/testReport/projectroot.roottest.root.treeformula/clones/roottest_root_treeformula_clones_make/); - [projectroot.roottest.root.treeformula.stl.roottest_root_treeformula_stl_make](https://lcgapp-services.cern.ch/root-jenkins/job/root-pullrequests-build/113695/testReport/projectroot.roottest.root.treeformula/stl/roottest_root_treeformula_stl_make/); - [projectroot.roottest.root.meta.roottest_root_meta_drawing](https://lcgapp-services.cern.ch/root-jenkins/job/root-pullrequests-build/113695/testReport/projectroot.roottest.root/meta/roottest_root_meta_drawing/); - [projectroot.test.test_stressIOPlugins_xroot](https://lcg,MatchSource.ISSUE_COMMENT,root-project,root,v6-32-06,https://github.com/root-project/root/pull/7824#issuecomment-817709607:254,test,tests,254,https://root.cern,https://github.com/root-project/root/pull/7824#issuecomment-817709607,6,['test'],"['test', 'testReport', 'tests']"
Testability,Build failed on ROOT-fedora31/noimt.; Running on root-fedora-31-2.cern.ch:/home/sftnight/build/workspace/root-pullrequests-build; [See console output](https://lcgapp-services.cern.ch/root-jenkins/job/root-pullrequests-build/113703/console).; ### Failing tests:; - [projectroot.roottest.root.meta.roottest_root_meta_runMemberComments](https://lcgapp-services.cern.ch/root-jenkins/job/root-pullrequests-build/113703/testReport/projectroot.roottest.root/meta/roottest_root_meta_runMemberComments/); - [projectroot.test.test_stressIOPlugins_xroot](https://lcgapp-services.cern.ch/root-jenkins/job/root-pullrequests-build/113703/testReport/projectroot/test/test_stressIOPlugins_xroot/),MatchSource.ISSUE_COMMENT,root-project,root,v6-32-06,https://github.com/root-project/root/pull/7827#issuecomment-817721539:254,test,tests,254,https://root.cern,https://github.com/root-project/root/pull/7827#issuecomment-817721539,5,['test'],"['test', 'testReport', 'tests']"
Testability,Build failed on ROOT-fedora31/noimt.; Running on root-fedora-31-2.cern.ch:/home/sftnight/build/workspace/root-pullrequests-build; [See console output](https://lcgapp-services.cern.ch/root-jenkins/job/root-pullrequests-build/113711/console).; ### Failing tests:; - [projectroot.roottest.root.meta.roottest_root_meta_runMemberComments](https://lcgapp-services.cern.ch/root-jenkins/job/root-pullrequests-build/113711/testReport/projectroot.roottest.root/meta/roottest_root_meta_runMemberComments/); - [projectroot.test.test_stressIOPlugins_xroot](https://lcgapp-services.cern.ch/root-jenkins/job/root-pullrequests-build/113711/testReport/projectroot/test/test_stressIOPlugins_xroot/),MatchSource.ISSUE_COMMENT,root-project,root,v6-32-06,https://github.com/root-project/root/pull/7826#issuecomment-817732634:254,test,tests,254,https://root.cern,https://github.com/root-project/root/pull/7826#issuecomment-817732634,5,['test'],"['test', 'testReport', 'tests']"
Testability,Build failed on ROOT-fedora31/noimt.; Running on root-fedora-31-2.cern.ch:/home/sftnight/build/workspace/root-pullrequests-build; [See console output](https://lcgapp-services.cern.ch/root-jenkins/job/root-pullrequests-build/113719/console).; ### Failing tests:; - [projectroot.roottest.root.meta.roottest_root_meta_runMemberComments](https://lcgapp-services.cern.ch/root-jenkins/job/root-pullrequests-build/113719/testReport/projectroot.roottest.root/meta/roottest_root_meta_runMemberComments/); - [projectroot.test.test_stressIOPlugins_xroot](https://lcgapp-services.cern.ch/root-jenkins/job/root-pullrequests-build/113719/testReport/projectroot/test/test_stressIOPlugins_xroot/),MatchSource.ISSUE_COMMENT,root-project,root,v6-32-06,https://github.com/root-project/root/pull/7785#issuecomment-817742965:254,test,tests,254,https://root.cern,https://github.com/root-project/root/pull/7785#issuecomment-817742965,5,['test'],"['test', 'testReport', 'tests']"
Testability,Build failed on ROOT-fedora31/noimt.; Running on root-fedora-31-2.cern.ch:/home/sftnight/build/workspace/root-pullrequests-build; [See console output](https://lcgapp-services.cern.ch/root-jenkins/job/root-pullrequests-build/113735/console).; ### Failing tests:; - [projectroot.roottest.root.meta.roottest_root_meta_runMemberComments](https://lcgapp-services.cern.ch/root-jenkins/job/root-pullrequests-build/113735/testReport/projectroot.roottest.root/meta/roottest_root_meta_runMemberComments/); - [projectroot.test.test_stressIOPlugins_xroot](https://lcgapp-services.cern.ch/root-jenkins/job/root-pullrequests-build/113735/testReport/projectroot/test/test_stressIOPlugins_xroot/),MatchSource.ISSUE_COMMENT,root-project,root,v6-32-06,https://github.com/root-project/root/pull/7562#issuecomment-817753973:254,test,tests,254,https://root.cern,https://github.com/root-project/root/pull/7562#issuecomment-817753973,5,['test'],"['test', 'testReport', 'tests']"
Testability,Build failed on ROOT-fedora31/noimt.; Running on root-fedora-31-2.cern.ch:/home/sftnight/build/workspace/root-pullrequests-build; [See console output](https://lcgapp-services.cern.ch/root-jenkins/job/root-pullrequests-build/113743/console).; ### Failing tests:; - [projectroot.roottest.root.meta.roottest_root_meta_runMemberComments](https://lcgapp-services.cern.ch/root-jenkins/job/root-pullrequests-build/113743/testReport/projectroot.roottest.root/meta/roottest_root_meta_runMemberComments/); - [projectroot.test.test_stressIOPlugins_xroot](https://lcgapp-services.cern.ch/root-jenkins/job/root-pullrequests-build/113743/testReport/projectroot/test/test_stressIOPlugins_xroot/),MatchSource.ISSUE_COMMENT,root-project,root,v6-32-06,https://github.com/root-project/root/pull/7830#issuecomment-817764416:254,test,tests,254,https://root.cern,https://github.com/root-project/root/pull/7830#issuecomment-817764416,5,['test'],"['test', 'testReport', 'tests']"
Testability,Build failed on ROOT-fedora31/noimt.; Running on root-fedora-31-2.cern.ch:/home/sftnight/build/workspace/root-pullrequests-build; [See console output](https://lcgapp-services.cern.ch/root-jenkins/job/root-pullrequests-build/113751/console).; ### Failing tests:; - [projectroot.roottest.root.meta.roottest_root_meta_runMemberComments](https://lcgapp-services.cern.ch/root-jenkins/job/root-pullrequests-build/113751/testReport/projectroot.roottest.root/meta/roottest_root_meta_runMemberComments/); - [projectroot.test.test_stressIOPlugins_xroot](https://lcgapp-services.cern.ch/root-jenkins/job/root-pullrequests-build/113751/testReport/projectroot/test/test_stressIOPlugins_xroot/),MatchSource.ISSUE_COMMENT,root-project,root,v6-32-06,https://github.com/root-project/root/pull/7830#issuecomment-817816987:254,test,tests,254,https://root.cern,https://github.com/root-project/root/pull/7830#issuecomment-817816987,5,['test'],"['test', 'testReport', 'tests']"
Testability,Build failed on ROOT-fedora31/noimt.; Running on root-fedora-31-2.cern.ch:/home/sftnight/build/workspace/root-pullrequests-build; [See console output](https://lcgapp-services.cern.ch/root-jenkins/job/root-pullrequests-build/113759/console).; ### Failing tests:; - [projectroot.test.test_stressIOPlugins_xroot](https://lcgapp-services.cern.ch/root-jenkins/job/root-pullrequests-build/113759/testReport/projectroot/test/test_stressIOPlugins_xroot/),MatchSource.ISSUE_COMMENT,root-project,root,v6-32-06,https://github.com/root-project/root/pull/7831#issuecomment-817830230:254,test,tests,254,https://root.cern,https://github.com/root-project/root/pull/7831#issuecomment-817830230,4,['test'],"['test', 'testReport', 'tests']"
Testability,Build failed on ROOT-fedora31/noimt.; Running on root-fedora-31-2.cern.ch:/home/sftnight/build/workspace/root-pullrequests-build; [See console output](https://lcgapp-services.cern.ch/root-jenkins/job/root-pullrequests-build/113767/console).; ### Failing tests:; - [projectroot.roottest.root.meta.roottest_root_meta_runMemberComments](https://lcgapp-services.cern.ch/root-jenkins/job/root-pullrequests-build/113767/testReport/projectroot.roottest.root/meta/roottest_root_meta_runMemberComments/); - [projectroot.test.test_stressIOPlugins_xroot](https://lcgapp-services.cern.ch/root-jenkins/job/root-pullrequests-build/113767/testReport/projectroot/test/test_stressIOPlugins_xroot/),MatchSource.ISSUE_COMMENT,root-project,root,v6-32-06,https://github.com/root-project/root/pull/7832#issuecomment-817844509:254,test,tests,254,https://root.cern,https://github.com/root-project/root/pull/7832#issuecomment-817844509,5,['test'],"['test', 'testReport', 'tests']"
Testability,Build failed on ROOT-fedora31/noimt.; Running on root-fedora-31-2.cern.ch:/home/sftnight/build/workspace/root-pullrequests-build; [See console output](https://lcgapp-services.cern.ch/root-jenkins/job/root-pullrequests-build/113775/console).; ### Failing tests:; - [projectroot.roottest.root.meta.roottest_root_meta_runMemberComments](https://lcgapp-services.cern.ch/root-jenkins/job/root-pullrequests-build/113775/testReport/projectroot.roottest.root/meta/roottest_root_meta_runMemberComments/); - [projectroot.test.test_stressIOPlugins_xroot](https://lcgapp-services.cern.ch/root-jenkins/job/root-pullrequests-build/113775/testReport/projectroot/test/test_stressIOPlugins_xroot/),MatchSource.ISSUE_COMMENT,root-project,root,v6-32-06,https://github.com/root-project/root/pull/7833#issuecomment-817860578:254,test,tests,254,https://root.cern,https://github.com/root-project/root/pull/7833#issuecomment-817860578,5,['test'],"['test', 'testReport', 'tests']"
Testability,Build failed on ROOT-fedora31/noimt.; Running on root-fedora-31-2.cern.ch:/home/sftnight/build/workspace/root-pullrequests-build; [See console output](https://lcgapp-services.cern.ch/root-jenkins/job/root-pullrequests-build/113791/console).; ### Failing tests:; - [projectroot.roottest.root.meta.roottest_root_meta_runMemberComments](https://lcgapp-services.cern.ch/root-jenkins/job/root-pullrequests-build/113791/testReport/projectroot.roottest.root/meta/roottest_root_meta_runMemberComments/),MatchSource.ISSUE_COMMENT,root-project,root,v6-32-06,https://github.com/root-project/root/pull/7835#issuecomment-817877322:254,test,tests,254,https://root.cern,https://github.com/root-project/root/pull/7835#issuecomment-817877322,2,['test'],"['testReport', 'tests']"
Testability,Build failed on ROOT-fedora31/noimt.; Running on root-fedora-31-2.cern.ch:/home/sftnight/build/workspace/root-pullrequests-build; [See console output](https://lcgapp-services.cern.ch/root-jenkins/job/root-pullrequests-build/113815/console).; ### Failing tests:; - [projectroot.test.test_stressIOPlugins_xroot](https://lcgapp-services.cern.ch/root-jenkins/job/root-pullrequests-build/113815/testReport/projectroot/test/test_stressIOPlugins_xroot/),MatchSource.ISSUE_COMMENT,root-project,root,v6-32-06,https://github.com/root-project/root/pull/7837#issuecomment-817911691:254,test,tests,254,https://root.cern,https://github.com/root-project/root/pull/7837#issuecomment-817911691,4,['test'],"['test', 'testReport', 'tests']"
Testability,Build failed on ROOT-fedora31/noimt.; Running on root-fedora-31-2.cern.ch:/home/sftnight/build/workspace/root-pullrequests-build; [See console output](https://lcgapp-services.cern.ch/root-jenkins/job/root-pullrequests-build/113823/console).; ### Failing tests:; - [projectroot.roottest.root.meta.roottest_root_meta_runMemberComments](https://lcgapp-services.cern.ch/root-jenkins/job/root-pullrequests-build/113823/testReport/projectroot.roottest.root/meta/roottest_root_meta_runMemberComments/); - [projectroot.test.test_stressIOPlugins_xroot](https://lcgapp-services.cern.ch/root-jenkins/job/root-pullrequests-build/113823/testReport/projectroot/test/test_stressIOPlugins_xroot/),MatchSource.ISSUE_COMMENT,root-project,root,v6-32-06,https://github.com/root-project/root/pull/7783#issuecomment-817928534:254,test,tests,254,https://root.cern,https://github.com/root-project/root/pull/7783#issuecomment-817928534,5,['test'],"['test', 'testReport', 'tests']"
Testability,Build failed on ROOT-fedora31/noimt.; Running on root-fedora-31-2.cern.ch:/home/sftnight/build/workspace/root-pullrequests-build; [See console output](https://lcgapp-services.cern.ch/root-jenkins/job/root-pullrequests-build/113831/console).; ### Failing tests:; - [projectroot.test.test_stressIOPlugins_xroot](https://lcgapp-services.cern.ch/root-jenkins/job/root-pullrequests-build/113831/testReport/projectroot/test/test_stressIOPlugins_xroot/),MatchSource.ISSUE_COMMENT,root-project,root,v6-32-06,https://github.com/root-project/root/pull/7837#issuecomment-817938138:254,test,tests,254,https://root.cern,https://github.com/root-project/root/pull/7837#issuecomment-817938138,4,['test'],"['test', 'testReport', 'tests']"
Testability,Build failed on ROOT-fedora31/noimt.; Running on root-fedora-31-2.cern.ch:/home/sftnight/build/workspace/root-pullrequests-build; [See console output](https://lcgapp-services.cern.ch/root-jenkins/job/root-pullrequests-build/113839/console).; ### Failing tests:; - [projectroot.test.test_stressIOPlugins_xroot](https://lcgapp-services.cern.ch/root-jenkins/job/root-pullrequests-build/113839/testReport/projectroot/test/test_stressIOPlugins_xroot/); - [projectroot.roottest.root.meta.roottest_root_meta_runMemberComments](https://lcgapp-services.cern.ch/root-jenkins/job/root-pullrequests-build/113839/testReport/projectroot.roottest.root/meta/roottest_root_meta_runMemberComments/),MatchSource.ISSUE_COMMENT,root-project,root,v6-32-06,https://github.com/root-project/root/pull/7838#issuecomment-817950784:254,test,tests,254,https://root.cern,https://github.com/root-project/root/pull/7838#issuecomment-817950784,5,['test'],"['test', 'testReport', 'tests']"
Testability,Build failed on ROOT-fedora31/noimt.; Running on root-fedora-31-2.cern.ch:/home/sftnight/build/workspace/root-pullrequests-build; [See console output](https://lcgapp-services.cern.ch/root-jenkins/job/root-pullrequests-build/113952/console).; ### Failing tests:; - [projectroot.roottest.root.tree.branches.roottest_root_tree_branches_make](https://lcgapp-services.cern.ch/root-jenkins/job/root-pullrequests-build/113952/testReport/projectroot.roottest.root.tree/branches/roottest_root_tree_branches_make/),MatchSource.ISSUE_COMMENT,root-project,root,v6-32-06,https://github.com/root-project/root/pull/7843#issuecomment-818372440:254,test,tests,254,https://root.cern,https://github.com/root-project/root/pull/7843#issuecomment-818372440,2,['test'],"['testReport', 'tests']"
Testability,Build failed on ROOT-fedora31/noimt.; Running on root-fedora-31-2.cern.ch:/home/sftnight/build/workspace/root-pullrequests-build; [See console output](https://lcgapp-services.cern.ch/root-jenkins/job/root-pullrequests-build/113960/console).; ### Failing tests:; - [projectroot.roottest.root.tree.branches.roottest_root_tree_branches_make](https://lcgapp-services.cern.ch/root-jenkins/job/root-pullrequests-build/113960/testReport/projectroot.roottest.root.tree/branches/roottest_root_tree_branches_make/),MatchSource.ISSUE_COMMENT,root-project,root,v6-32-06,https://github.com/root-project/root/pull/7843#issuecomment-818404713:254,test,tests,254,https://root.cern,https://github.com/root-project/root/pull/7843#issuecomment-818404713,2,['test'],"['testReport', 'tests']"
Testability,Build failed on ROOT-fedora31/noimt.; Running on root-fedora-31-2.cern.ch:/home/sftnight/build/workspace/root-pullrequests-build; [See console output](https://lcgapp-services.cern.ch/root-jenkins/job/root-pullrequests-build/114104/console).; ### Failing tests:; - [projectroot.roottest.root.io.filemerger.roottest_root_io_filemerger_simple_default_compr_level9_datageneration](https://lcgapp-services.cern.ch/root-jenkins/job/root-pullrequests-build/114104/testReport/projectroot.roottest.root.io/filemerger/roottest_root_io_filemerger_simple_default_compr_level9_datageneration/); - [projectroot.roottest.root.io.filemerger.roottest_root_io_filemerger_simple_default_compr_level9](https://lcgapp-services.cern.ch/root-jenkins/job/root-pullrequests-build/114104/testReport/projectroot.roottest.root.io/filemerger/roottest_root_io_filemerger_simple_default_compr_level9/); - [projectroot.roottest.root.io.filemerger.roottest_root_io_filemerger_simple_lz4_compr_level9](https://lcgapp-services.cern.ch/root-jenkins/job/root-pullrequests-build/114104/testReport/projectroot.roottest.root.io/filemerger/roottest_root_io_filemerger_simple_lz4_compr_level9/); - [projectroot.roottest.root.io.filemerger.roottest_root_io_filemerger_simple_lzma_compr_level9](https://lcgapp-services.cern.ch/root-jenkins/job/root-pullrequests-build/114104/testReport/projectroot.roottest.root.io/filemerger/roottest_root_io_filemerger_simple_lzma_compr_level9/); - [projectroot.roottest.root.io.filemerger.roottest_root_io_filemerger_simplex2_default_compr_level9](https://lcgapp-services.cern.ch/root-jenkins/job/root-pullrequests-build/114104/testReport/projectroot.roottest.root.io/filemerger/roottest_root_io_filemerger_simplex2_default_compr_level9/); - [projectroot.roottest.root.io.filemerger.roottest_root_io_filemerger_simplek_default_compr_deflevel](https://lcgapp-services.cern.ch/root-jenkins/job/root-pullrequests-build/114104/testReport/projectroot.roottest.root.io/filemerger/roottest_root_io_filemerger_simplek,MatchSource.ISSUE_COMMENT,root-project,root,v6-32-06,https://github.com/root-project/root/pull/7857#issuecomment-818911485:254,test,tests,254,https://root.cern,https://github.com/root-project/root/pull/7857#issuecomment-818911485,3,['test'],"['testReport', 'tests']"
Testability,Build failed on ROOT-fedora31/noimt.; Running on root-fedora-31-2.cern.ch:/home/sftnight/build/workspace/root-pullrequests-build; [See console output](https://lcgapp-services.cern.ch/root-jenkins/job/root-pullrequests-build/114328/console).; ### Failing tests:; - [projectroot.bindings.experimental.distrdf.test.backend.pyunittests_distrdf_unit_backend_test_spark](https://lcgapp-services.cern.ch/root-jenkins/job/root-pullrequests-build/114328/testReport/projectroot.bindings.experimental.distrdf.test/backend/pyunittests_distrdf_unit_backend_test_spark/); - [projectroot.roottest.python.distrdf.roottest_python_distrdf_spark_test_histo_write](https://lcgapp-services.cern.ch/root-jenkins/job/root-pullrequests-build/114328/testReport/projectroot.roottest.python/distrdf/roottest_python_distrdf_spark_test_histo_write/); - [projectroot.roottest.python.distrdf.roottest_python_distrdf_spark_test_friend_trees](https://lcgapp-services.cern.ch/root-jenkins/job/root-pullrequests-build/114328/testReport/projectroot.roottest.python/distrdf/roottest_python_distrdf_spark_test_friend_trees/); - [projectroot.roottest.python.distrdf.roottest_python_distrdf_spark_test_reducer_merge](https://lcgapp-services.cern.ch/root-jenkins/job/root-pullrequests-build/114328/testReport/projectroot.roottest.python/distrdf/roottest_python_distrdf_spark_test_reducer_merge/); - [projectroot.roottest.python.distrdf.roottest_python_distrdf_spark_test_include_headers](https://lcgapp-services.cern.ch/root-jenkins/job/root-pullrequests-build/114328/testReport/projectroot.roottest.python/distrdf/roottest_python_distrdf_spark_test_include_headers/); - [projectroot.roottest.python.distrdf.roottest_python_distrdf_spark_test_inv_mass](https://lcgapp-services.cern.ch/root-jenkins/job/root-pullrequests-build/114328/testReport/projectroot.roottest.python/distrdf/roottest_python_distrdf_spark_test_inv_mass/); - [projectroot.bindings.experimental.distrdf.test.pyunittests_distrdf_unit_test_buildranges](https://lcgapp-service,MatchSource.ISSUE_COMMENT,root-project,root,v6-32-06,https://github.com/root-project/root/pull/7630#issuecomment-819464886:254,test,tests,254,https://root.cern,https://github.com/root-project/root/pull/7630#issuecomment-819464886,6,['test'],"['test', 'testReport', 'tests']"
Testability,Build failed on ROOT-fedora31/noimt.; Running on root-fedora-31-2.cern.ch:/home/sftnight/build/workspace/root-pullrequests-build; [See console output](https://lcgapp-services.cern.ch/root-jenkins/job/root-pullrequests-build/114570/console).; ### Warnings:; - [2021-04-16T01:06:25.865Z] /home/sftnight/build/workspace/root-pullrequests-build/root/core/meta/inc/TListOfDataMembers.h:40:22: warning: ‘TListOfDataMembers::fIsLoaded’ will be initialized after [-Wreorder] ; - [2021-04-16T01:06:25.865Z] /home/sftnight/build/workspace/root-pullrequests-build/root/core/meta/inc/TListOfDataMembers.h:39:22: warning: ‘ULong64_t TListOfDataMembers::fLastLoadMarker’ [-Wreorder] ; - [2021-04-16T01:06:25.865Z] /home/sftnight/build/workspace/root-pullrequests-build/root/core/meta/src/TListOfDataMembers.cxx:39:1: warning: when initialized here [-Wreorder] ; - [2021-04-16T01:06:35.539Z] /home/sftnight/build/workspace/root-pullrequests-build/root/core/meta/inc/TListOfDataMembers.h:40:22: warning: ‘TListOfDataMembers::fIsLoaded’ will be initialized after [-Wreorder] ; - [2021-04-16T01:06:35.539Z] /home/sftnight/build/workspace/root-pullrequests-build/root/core/meta/inc/TListOfDataMembers.h:39:22: warning: ‘ULong64_t TListOfDataMembers::fLastLoadMarker’ [-Wreorder] ; - [2021-04-16T01:06:35.539Z] /home/sftnight/build/workspace/root-pullrequests-build/root/core/meta/inc/TListOfDataMembers.h:54:4: warning: when initialized here [-Wreorder] . ### Failing tests:; - [projectroot.test.test_stressmathcore_interpreted](https://lcgapp-services.cern.ch/root-jenkins/job/root-pullrequests-build/114570/testReport/projectroot/test/test_stressmathcore_interpreted/),MatchSource.ISSUE_COMMENT,root-project,root,v6-32-06,https://github.com/root-project/root/pull/7892#issuecomment-820846308:1449,test,tests,1449,https://root.cern,https://github.com/root-project/root/pull/7892#issuecomment-820846308,4,['test'],"['test', 'testReport', 'tests']"
Testability,Build failed on ROOT-fedora31/noimt.; Running on root-fedora-31-2.cern.ch:/home/sftnight/build/workspace/root-pullrequests-build; [See console output](https://lcgapp-services.cern.ch/root-jenkins/job/root-pullrequests-build/114586/console).; ### Failing tests:; - [projectroot.tree.dataframe.test.gtest_tree_dataframe_test_dataframe_interface](https://lcgapp-services.cern.ch/root-jenkins/job/root-pullrequests-build/114586/testReport/projectroot.tree.dataframe/test/gtest_tree_dataframe_test_dataframe_interface/),MatchSource.ISSUE_COMMENT,root-project,root,v6-32-06,https://github.com/root-project/root/pull/7833#issuecomment-821006353:254,test,tests,254,https://root.cern,https://github.com/root-project/root/pull/7833#issuecomment-821006353,4,['test'],"['test', 'testReport', 'tests']"
Testability,Build failed on ROOT-fedora31/noimt.; Running on root-fedora-31-2.cern.ch:/home/sftnight/build/workspace/root-pullrequests-build; [See console output](https://lcgapp-services.cern.ch/root-jenkins/job/root-pullrequests-build/114642/console).; ### Failing tests:; - [projectroot.roottest.python.basic.roottest_python_basic_datatype](https://lcgapp-services.cern.ch/root-jenkins/job/root-pullrequests-build/114642/testReport/projectroot.roottest.python/basic/roottest_python_basic_datatype/); - [projectroot.roottest.python.stl.roottest_python_stl_stl](https://lcgapp-services.cern.ch/root-jenkins/job/root-pullrequests-build/114642/testReport/projectroot.roottest.python/stl/roottest_python_stl_stl/),MatchSource.ISSUE_COMMENT,root-project,root,v6-32-06,https://github.com/root-project/root/pull/7898#issuecomment-821191349:254,test,tests,254,https://root.cern,https://github.com/root-project/root/pull/7898#issuecomment-821191349,3,['test'],"['testReport', 'tests']"
Testability,Build failed on ROOT-fedora31/noimt.; Running on root-fedora-31-2.cern.ch:/home/sftnight/build/workspace/root-pullrequests-build; [See console output](https://lcgapp-services.cern.ch/root-jenkins/job/root-pullrequests-build/114691/console).; ### Warnings:; - [2021-04-16T17:23:10.528Z] /home/sftnight/build/workspace/root-pullrequests-build/root/core/meta/inc/TListOfDataMembers.h:40:22: warning: ‘TListOfDataMembers::fIsLoaded’ will be initialized after [-Wreorder] ; - [2021-04-16T17:23:10.528Z] /home/sftnight/build/workspace/root-pullrequests-build/root/core/meta/inc/TListOfDataMembers.h:39:22: warning: ‘ULong64_t TListOfDataMembers::fLastLoadMarker’ [-Wreorder] ; - [2021-04-16T17:23:10.528Z] /home/sftnight/build/workspace/root-pullrequests-build/root/core/meta/inc/TListOfDataMembers.h:54:4: warning: when initialized here [-Wreorder] . ### Failing tests:; - [projectroot.test.test_stressmathcore_interpreted](https://lcgapp-services.cern.ch/root-jenkins/job/root-pullrequests-build/114691/testReport/projectroot/test/test_stressmathcore_interpreted/),MatchSource.ISSUE_COMMENT,root-project,root,v6-32-06,https://github.com/root-project/root/pull/7892#issuecomment-821327628:858,test,tests,858,https://root.cern,https://github.com/root-project/root/pull/7892#issuecomment-821327628,4,['test'],"['test', 'testReport', 'tests']"
Testability,Build failed on ROOT-fedora31/noimt.; Running on root-fedora-31-2.cern.ch:/home/sftnight/build/workspace/root-pullrequests-build; [See console output](https://lcgapp-services.cern.ch/root-jenkins/job/root-pullrequests-build/114707/console).; ### Failing tests:; - [projectroot.test.test_stressmathcore_interpreted](https://lcgapp-services.cern.ch/root-jenkins/job/root-pullrequests-build/114707/testReport/projectroot/test/test_stressmathcore_interpreted/),MatchSource.ISSUE_COMMENT,root-project,root,v6-32-06,https://github.com/root-project/root/pull/7892#issuecomment-821371200:254,test,tests,254,https://root.cern,https://github.com/root-project/root/pull/7892#issuecomment-821371200,4,['test'],"['test', 'testReport', 'tests']"
Testability,Build failed on ROOT-fedora31/noimt.; Running on root-fedora-31-2.cern.ch:/home/sftnight/build/workspace/root-pullrequests-build; [See console output](https://lcgapp-services.cern.ch/root-jenkins/job/root-pullrequests-build/114758/console).; ### Failing tests:; - [projectroot.roottest.python.cmdLineUtils.roottest_python_cmdLineUtils_LongRootls1](https://lcgapp-services.cern.ch/root-jenkins/job/root-pullrequests-build/114758/testReport/projectroot.roottest.python/cmdLineUtils/roottest_python_cmdLineUtils_LongRootls1/); - [projectroot.roottest.python.cmdLineUtils.roottest_python_cmdLineUtils_LongRootls2](https://lcgapp-services.cern.ch/root-jenkins/job/root-pullrequests-build/114758/testReport/projectroot.roottest.python/cmdLineUtils/roottest_python_cmdLineUtils_LongRootls2/); - [projectroot.roottest.python.cmdLineUtils.roottest_python_cmdLineUtils_LongRootls3](https://lcgapp-services.cern.ch/root-jenkins/job/root-pullrequests-build/114758/testReport/projectroot.roottest.python/cmdLineUtils/roottest_python_cmdLineUtils_LongRootls3/); - [projectroot.roottest.python.cmdLineUtils.roottest_python_cmdLineUtils_LongRootls4](https://lcgapp-services.cern.ch/root-jenkins/job/root-pullrequests-build/114758/testReport/projectroot.roottest.python/cmdLineUtils/roottest_python_cmdLineUtils_LongRootls4/); - [projectroot.roottest.python.cmdLineUtils.roottest_python_cmdLineUtils_TreeRootls1](https://lcgapp-services.cern.ch/root-jenkins/job/root-pullrequests-build/114758/testReport/projectroot.roottest.python/cmdLineUtils/roottest_python_cmdLineUtils_TreeRootls1/); - [projectroot.roottest.python.cmdLineUtils.roottest_python_cmdLineUtils_NameCyclesRootls](https://lcgapp-services.cern.ch/root-jenkins/job/root-pullrequests-build/114758/testReport/projectroot.roottest.python/cmdLineUtils/roottest_python_cmdLineUtils_NameCyclesRootls/),MatchSource.ISSUE_COMMENT,root-project,root,v6-32-06,https://github.com/root-project/root/pull/7878#issuecomment-821787429:254,test,tests,254,https://root.cern,https://github.com/root-project/root/pull/7878#issuecomment-821787429,7,['test'],"['testReport', 'tests']"
Testability,Build failed on ROOT-fedora31/noimt.; Running on root-fedora-31-2.cern.ch:/home/sftnight/build/workspace/root-pullrequests-build; [See console output](https://lcgapp-services.cern.ch/root-jenkins/job/root-pullrequests-build/114862/console).; ### Warnings:; - [2021-04-19T13:36:43.122Z] /home/sftnight/build/workspace/root-pullrequests-build/root/tree/dataframe/src/RDFUtils.cxx:208:16: warning: declaration of ‘leaf’ shadows a previous local [-Wshadow] . ### Failing tests:; - [projectroot.tree.dataframe.test.gtest_tree_dataframe_test_dataframe_interface](https://lcgapp-services.cern.ch/root-jenkins/job/root-pullrequests-build/114862/testReport/projectroot.tree.dataframe/test/gtest_tree_dataframe_test_dataframe_interface/),MatchSource.ISSUE_COMMENT,root-project,root,v6-32-06,https://github.com/root-project/root/pull/7919#issuecomment-822479295:467,test,tests,467,https://root.cern,https://github.com/root-project/root/pull/7919#issuecomment-822479295,4,['test'],"['test', 'testReport', 'tests']"
Testability,Build failed on ROOT-fedora31/noimt.; Running on root-fedora-31-2.cern.ch:/home/sftnight/build/workspace/root-pullrequests-build; [See console output](https://lcgapp-services.cern.ch/root-jenkins/job/root-pullrequests-build/115032/console).; ### Failing tests:; - [projectroot.bindings.experimental.distrdf.test.pyunittests_distrdf_unit_test_headnode](https://lcgapp-services.cern.ch/root-jenkins/job/root-pullrequests-build/115032/testReport/projectroot.bindings.experimental.distrdf/test/pyunittests_distrdf_unit_test_headnode/); - [projectroot.bindings.pyroot.pythonizations.test.pyunittests_pyroot_pyz_rdataframe_asnumpy](https://lcgapp-services.cern.ch/root-jenkins/job/root-pullrequests-build/115032/testReport/projectroot.bindings.pyroot.pythonizations/test/pyunittests_pyroot_pyz_rdataframe_asnumpy/); - [projectroot.bindings.pyroot.pythonizations.test.pyunittests_pyroot_pyz_pretty_printing](https://lcgapp-services.cern.ch/root-jenkins/job/root-pullrequests-build/115032/testReport/projectroot.bindings.pyroot.pythonizations/test/pyunittests_pyroot_pyz_pretty_printing/); - [projectroot.roottest.python.cpp.roottest_python_cpp_cpp](https://lcgapp-services.cern.ch/root-jenkins/job/root-pullrequests-build/115032/testReport/projectroot.roottest.python/cpp/roottest_python_cpp_cpp/); - [projectroot.roottest.python.distrdf.roottest_python_distrdf_spark_test_reducer_merge](https://lcgapp-services.cern.ch/root-jenkins/job/root-pullrequests-build/115032/testReport/projectroot.roottest.python/distrdf/roottest_python_distrdf_spark_test_reducer_merge/); - [projectroot.tree.dataframe.test.pyunittests_dataframe_cache](https://lcgapp-services.cern.ch/root-jenkins/job/root-pullrequests-build/115032/testReport/projectroot.tree.dataframe/test/pyunittests_dataframe_cache/),MatchSource.ISSUE_COMMENT,root-project,root,v6-32-06,https://github.com/root-project/root/pull/7898#issuecomment-823211458:254,test,tests,254,https://root.cern,https://github.com/root-project/root/pull/7898#issuecomment-823211458,15,['test'],"['test', 'testReport', 'tests']"
Testability,Build failed on ROOT-fedora31/noimt.; Running on root-fedora-31-2.cern.ch:/home/sftnight/build/workspace/root-pullrequests-build; [See console output](https://lcgapp-services.cern.ch/root-jenkins/job/root-pullrequests-build/115065/console).; ### Failing tests:; - [projectroot.roottest-build.cling.parsing.roottest_cling_parsing_semicolon](https://lcgapp-services.cern.ch/root-jenkins/job/root-pullrequests-build/115065/testReport/projectroot.roottest-build.cling/parsing/roottest_cling_parsing_semicolon/),MatchSource.ISSUE_COMMENT,root-project,root,v6-32-06,https://github.com/root-project/root/pull/7937#issuecomment-823314832:254,test,tests,254,https://root.cern,https://github.com/root-project/root/pull/7937#issuecomment-823314832,2,['test'],"['testReport', 'tests']"
Testability,Build failed on ROOT-fedora31/noimt.; Running on root-fedora-31-2.cern.ch:/home/sftnight/build/workspace/root-pullrequests-build; [See console output](https://lcgapp-services.cern.ch/root-jenkins/job/root-pullrequests-build/115106/console).; ### Failing tests:; - [projectroot.core.thread.test.gtest_core_thread_test_corethreadtestUnit](https://lcgapp-services.cern.ch/root-jenkins/job/root-pullrequests-build/115106/testReport/projectroot.core.thread/test/gtest_core_thread_test_corethreadtestUnit/); - [projectroot.roottest.python.distrdf.roottest_python_distrdf_spark_test_reducer_merge](https://lcgapp-services.cern.ch/root-jenkins/job/root-pullrequests-build/115106/testReport/projectroot.roottest.python/distrdf/roottest_python_distrdf_spark_test_reducer_merge/); - [projectroot.roottest.root.dataframe.roottest_root_dataframe_test_snapshot](https://lcgapp-services.cern.ch/root-jenkins/job/root-pullrequests-build/115106/testReport/projectroot.roottest.root/dataframe/roottest_root_dataframe_test_snapshot/); - [projectroot.roottest.root.io.json.roottest_root_io_json_make](https://lcgapp-services.cern.ch/root-jenkins/job/root-pullrequests-build/115106/testReport/projectroot.roottest.root.io/json/roottest_root_io_json_make/); - [projectroot.roottest.root.meta.ROOT-7181.roottest_root_meta_ROOT_7181_make](https://lcgapp-services.cern.ch/root-jenkins/job/root-pullrequests-build/115106/testReport/projectroot.roottest.root.meta/ROOT-7181/roottest_root_meta_ROOT_7181_make/); - [projectroot.roottest.root.meta.cmsUnload.roottest_root_meta_cmsUnload_make](https://lcgapp-services.cern.ch/root-jenkins/job/root-pullrequests-build/115106/testReport/projectroot.roottest.root.meta/cmsUnload/roottest_root_meta_cmsUnload_make/),MatchSource.ISSUE_COMMENT,root-project,root,v6-32-06,https://github.com/root-project/root/pull/7932#issuecomment-823464947:254,test,tests,254,https://root.cern,https://github.com/root-project/root/pull/7932#issuecomment-823464947,9,['test'],"['test', 'testReport', 'tests']"
Testability,Build failed on ROOT-fedora31/noimt.; Running on root-fedora-31-2.cern.ch:/home/sftnight/build/workspace/root-pullrequests-build; [See console output](https://lcgapp-services.cern.ch/root-jenkins/job/root-pullrequests-build/115576/console).; ### Failing tests:; - [projectroot.bindings.experimental.distrdf.test.pyunittests_distrdf_unit_test_headnode](https://lcgapp-services.cern.ch/root-jenkins/job/root-pullrequests-build/115576/testReport/projectroot.bindings.experimental.distrdf/test/pyunittests_distrdf_unit_test_headnode/); - [projectroot.bindings.pyroot.pythonizations.test.pyunittests_pyroot_pyz_pretty_printing](https://lcgapp-services.cern.ch/root-jenkins/job/root-pullrequests-build/115576/testReport/projectroot.bindings.pyroot.pythonizations/test/pyunittests_pyroot_pyz_pretty_printing/); - [projectroot.bindings.pyroot.pythonizations.test.pyunittests_pyroot_pyz_rdataframe_asnumpy](https://lcgapp-services.cern.ch/root-jenkins/job/root-pullrequests-build/115576/testReport/projectroot.bindings.pyroot.pythonizations/test/pyunittests_pyroot_pyz_rdataframe_asnumpy/); - [projectroot.roottest.python.cpp.roottest_python_cpp_cpp](https://lcgapp-services.cern.ch/root-jenkins/job/root-pullrequests-build/115576/testReport/projectroot.roottest.python/cpp/roottest_python_cpp_cpp/); - [projectroot.roottest.python.distrdf.roottest_python_distrdf_spark_test_reducer_merge](https://lcgapp-services.cern.ch/root-jenkins/job/root-pullrequests-build/115576/testReport/projectroot.roottest.python/distrdf/roottest_python_distrdf_spark_test_reducer_merge/); - [projectroot.tree.dataframe.test.pyunittests_dataframe_cache](https://lcgapp-services.cern.ch/root-jenkins/job/root-pullrequests-build/115576/testReport/projectroot.tree.dataframe/test/pyunittests_dataframe_cache/),MatchSource.ISSUE_COMMENT,root-project,root,v6-32-06,https://github.com/root-project/root/pull/7898#issuecomment-826298374:254,test,tests,254,https://root.cern,https://github.com/root-project/root/pull/7898#issuecomment-826298374,15,['test'],"['test', 'testReport', 'tests']"
Testability,Build failed on ROOT-fedora31/noimt.; Running on root-fedora-31-2.cern.ch:/home/sftnight/build/workspace/root-pullrequests-build; [See console output](https://lcgapp-services.cern.ch/root-jenkins/job/root-pullrequests-build/115808/console).; ### Failing tests:; - [projectroot.core.metacling.test.gtest_core_metacling_test_TClingTest](https://lcgapp-services.cern.ch/root-jenkins/job/root-pullrequests-build/115808/testReport/projectroot.core.metacling/test/gtest_core_metacling_test_TClingTest/); - [projectroot.roottest.root.io.alloc.roottest_root_io_alloc_make](https://lcgapp-services.cern.ch/root-jenkins/job/root-pullrequests-build/115808/testReport/projectroot.roottest.root.io/alloc/roottest_root_io_alloc_make/); - [projectroot.roottest.root.io.double32.roottest_root_io_double32_make](https://lcgapp-services.cern.ch/root-jenkins/job/root-pullrequests-build/115808/testReport/projectroot.roottest.root.io/double32/roottest_root_io_double32_make/); - [projectroot.roottest.root.io.emulated.roottest_root_io_emulated_make](https://lcgapp-services.cern.ch/root-jenkins/job/root-pullrequests-build/115808/testReport/projectroot.roottest.root.io/emulated/roottest_root_io_emulated_make/); - [projectroot.roottest.root.tree.selector.roottest_root_tree_selector_make](https://lcgapp-services.cern.ch/root-jenkins/job/root-pullrequests-build/115808/testReport/projectroot.roottest.root.tree/selector/roottest_root_tree_selector_make/),MatchSource.ISSUE_COMMENT,root-project,root,v6-32-06,https://github.com/root-project/root/pull/8017#issuecomment-827806033:254,test,tests,254,https://root.cern,https://github.com/root-project/root/pull/8017#issuecomment-827806033,8,['test'],"['test', 'testReport', 'tests']"
Testability,Build failed on ROOT-fedora31/noimt.; Running on root-fedora-31-2.cern.ch:/home/sftnight/build/workspace/root-pullrequests-build; [See console output](https://lcgapp-services.cern.ch/root-jenkins/job/root-pullrequests-build/115824/console).; ### Warnings:; - [2021-04-27T18:55:01.262Z] /home/sftnight/build/workspace/root-pullrequests-build/root/core/base/src/TSystem.cxx:3326:21: warning: unused variable ‘onetime’ [-Wunused-variable] . ### Failing tests:; - [projectroot.core.metacling.test.gtest_core_metacling_test_TClingTest](https://lcgapp-services.cern.ch/root-jenkins/job/root-pullrequests-build/115824/testReport/projectroot.core.metacling/test/gtest_core_metacling_test_TClingTest/); - [projectroot.roottest.root.io.alloc.roottest_root_io_alloc_make](https://lcgapp-services.cern.ch/root-jenkins/job/root-pullrequests-build/115824/testReport/projectroot.roottest.root.io/alloc/roottest_root_io_alloc_make/); - [projectroot.roottest.root.io.double32.roottest_root_io_double32_make](https://lcgapp-services.cern.ch/root-jenkins/job/root-pullrequests-build/115824/testReport/projectroot.roottest.root.io/double32/roottest_root_io_double32_make/); - [projectroot.roottest.root.io.emulated.roottest_root_io_emulated_make](https://lcgapp-services.cern.ch/root-jenkins/job/root-pullrequests-build/115824/testReport/projectroot.roottest.root.io/emulated/roottest_root_io_emulated_make/); - [projectroot.roottest.root.tree.selector.roottest_root_tree_selector_make](https://lcgapp-services.cern.ch/root-jenkins/job/root-pullrequests-build/115824/testReport/projectroot.roottest.root.tree/selector/roottest_root_tree_selector_make/),MatchSource.ISSUE_COMMENT,root-project,root,v6-32-06,https://github.com/root-project/root/pull/8017#issuecomment-827846884:450,test,tests,450,https://root.cern,https://github.com/root-project/root/pull/8017#issuecomment-827846884,8,['test'],"['test', 'testReport', 'tests']"
Testability,Build failed on ROOT-fedora31/noimt.; Running on root-fedora-31-2.cern.ch:/home/sftnight/build/workspace/root-pullrequests-build; [See console output](https://lcgapp-services.cern.ch/root-jenkins/job/root-pullrequests-build/115832/console).; ### Failing tests:; - [projectroot.core.metacling.test.gtest_core_metacling_test_TClingTest](https://lcgapp-services.cern.ch/root-jenkins/job/root-pullrequests-build/115832/testReport/projectroot.core.metacling/test/gtest_core_metacling_test_TClingTest/); - [projectroot.roottest.root.io.alloc.roottest_root_io_alloc_make](https://lcgapp-services.cern.ch/root-jenkins/job/root-pullrequests-build/115832/testReport/projectroot.roottest.root.io/alloc/roottest_root_io_alloc_make/); - [projectroot.roottest.root.io.double32.roottest_root_io_double32_make](https://lcgapp-services.cern.ch/root-jenkins/job/root-pullrequests-build/115832/testReport/projectroot.roottest.root.io/double32/roottest_root_io_double32_make/); - [projectroot.roottest.root.io.emulated.roottest_root_io_emulated_make](https://lcgapp-services.cern.ch/root-jenkins/job/root-pullrequests-build/115832/testReport/projectroot.roottest.root.io/emulated/roottest_root_io_emulated_make/); - [projectroot.roottest.root.tree.selector.roottest_root_tree_selector_make](https://lcgapp-services.cern.ch/root-jenkins/job/root-pullrequests-build/115832/testReport/projectroot.roottest.root.tree/selector/roottest_root_tree_selector_make/),MatchSource.ISSUE_COMMENT,root-project,root,v6-32-06,https://github.com/root-project/root/pull/8017#issuecomment-827865451:254,test,tests,254,https://root.cern,https://github.com/root-project/root/pull/8017#issuecomment-827865451,8,['test'],"['test', 'testReport', 'tests']"
Testability,Build failed on ROOT-fedora31/noimt.; Running on root-fedora-31-2.cern.ch:/home/sftnight/build/workspace/root-pullrequests-build; [See console output](https://lcgapp-services.cern.ch/root-jenkins/job/root-pullrequests-build/115848/console).; ### Failing tests:; - [projectroot.core.metacling.test.gtest_core_metacling_test_TClingTest](https://lcgapp-services.cern.ch/root-jenkins/job/root-pullrequests-build/115848/testReport/projectroot.core.metacling/test/gtest_core_metacling_test_TClingTest/),MatchSource.ISSUE_COMMENT,root-project,root,v6-32-06,https://github.com/root-project/root/pull/8017#issuecomment-828145690:254,test,tests,254,https://root.cern,https://github.com/root-project/root/pull/8017#issuecomment-828145690,4,['test'],"['test', 'testReport', 'tests']"
Testability,Build failed on ROOT-fedora31/noimt.; Running on root-fedora-31-2.cern.ch:/home/sftnight/build/workspace/root-pullrequests-build; [See console output](https://lcgapp-services.cern.ch/root-jenkins/job/root-pullrequests-build/116018/console).; ### Failing tests:; - [projectroot.tree.dataframe.test.gtest_tree_dataframe_test_datasource_more](https://lcgapp-services.cern.ch/root-jenkins/job/root-pullrequests-build/116018/testReport/projectroot.tree.dataframe/test/gtest_tree_dataframe_test_datasource_more/),MatchSource.ISSUE_COMMENT,root-project,root,v6-32-06,https://github.com/root-project/root/pull/7354#issuecomment-828678983:254,test,tests,254,https://root.cern,https://github.com/root-project/root/pull/7354#issuecomment-828678983,4,['test'],"['test', 'testReport', 'tests']"
Testability,Build failed on ROOT-fedora31/noimt.; Running on root-fedora-31-2.cern.ch:/home/sftnight/build/workspace/root-pullrequests-build; [See console output](https://lcgapp-services.cern.ch/root-jenkins/job/root-pullrequests-build/116116/console).; ### Failing tests:; - [projectroot.roottest.cling.other.roottest_cling_other_assertDirWithParen](https://lcgapp-services.cern.ch/root-jenkins/job/root-pullrequests-build/116116/testReport/projectroot.roottest.cling/other/roottest_cling_other_assertDirWithParen/); - [projectroot.roottest.root.meta.roottest_root_meta_drawing](https://lcgapp-services.cern.ch/root-jenkins/job/root-pullrequests-build/116116/testReport/projectroot.roottest.root/meta/roottest_root_meta_drawing/); - [projectroot.roottest.root.io.filemerger.roottest_root_io_filemerger_simple_default_compr_level9_datageneration](https://lcgapp-services.cern.ch/root-jenkins/job/root-pullrequests-build/116116/testReport/projectroot.roottest.root.io/filemerger/roottest_root_io_filemerger_simple_default_compr_level9_datageneration/); - [projectroot.roottest.root.io.filemerger.roottest_root_io_filemerger_simple_lz4_compr_level9](https://lcgapp-services.cern.ch/root-jenkins/job/root-pullrequests-build/116116/testReport/projectroot.roottest.root.io/filemerger/roottest_root_io_filemerger_simple_lz4_compr_level9/); - [projectroot.roottest.root.io.filemerger.roottest_root_io_filemerger_simplex2_default_compr_level9](https://lcgapp-services.cern.ch/root-jenkins/job/root-pullrequests-build/116116/testReport/projectroot.roottest.root.io/filemerger/roottest_root_io_filemerger_simplex2_default_compr_level9/); - [projectroot.roottest.root.io.filemerger.roottest_root_io_filemerger_simple_default_compr_level9](https://lcgapp-services.cern.ch/root-jenkins/job/root-pullrequests-build/116116/testReport/projectroot.roottest.root.io/filemerger/roottest_root_io_filemerger_simple_default_compr_level9/); - [projectroot.roottest.root.io.filemerger.roottest_root_io_filemerger_simple_lzma_compr_level9,MatchSource.ISSUE_COMMENT,root-project,root,v6-32-06,https://github.com/root-project/root/pull/8040#issuecomment-829207136:254,test,tests,254,https://root.cern,https://github.com/root-project/root/pull/8040#issuecomment-829207136,4,['test'],"['testReport', 'tests']"
Testability,Build failed on ROOT-fedora31/noimt.; Running on root-fedora-31-2.cern.ch:/home/sftnight/build/workspace/root-pullrequests-build; [See console output](https://lcgapp-services.cern.ch/root-jenkins/job/root-pullrequests-build/116188/console).; ### Failing tests:; - [projectroot.test.test_stressIOPlugins_xroot](https://lcgapp-services.cern.ch/root-jenkins/job/root-pullrequests-build/116188/testReport/projectroot/test/test_stressIOPlugins_xroot/),MatchSource.ISSUE_COMMENT,root-project,root,v6-32-06,https://github.com/root-project/root/pull/8044#issuecomment-829349145:254,test,tests,254,https://root.cern,https://github.com/root-project/root/pull/8044#issuecomment-829349145,4,['test'],"['test', 'testReport', 'tests']"
Testability,Build failed on ROOT-fedora31/noimt.; Running on root-fedora-31-2.cern.ch:/home/sftnight/build/workspace/root-pullrequests-build; [See console output](https://lcgapp-services.cern.ch/root-jenkins/job/root-pullrequests-build/116715/console).; ### Failing tests:; - [projectroot.roofit.roofitcore.test.gtest_roofit_roofitcore_test_testRooDataHist](https://lcgapp-services.cern.ch/root-jenkins/job/root-pullrequests-build/116715/testReport/projectroot.roofit.roofitcore/test/gtest_roofit_roofitcore_test_testRooDataHist/),MatchSource.ISSUE_COMMENT,root-project,root,v6-32-06,https://github.com/root-project/root/pull/8090#issuecomment-831975399:254,test,tests,254,https://root.cern,https://github.com/root-project/root/pull/8090#issuecomment-831975399,4,['test'],"['test', 'testReport', 'tests']"
Testability,"Build failed on ROOT-fedora31/noimt.; Running on root-fedora-31-2.cern.ch:/home/sftnight/build/workspace/root-pullrequests-build; [See console output](https://lcgapp-services.cern.ch/root-jenkins/job/root-pullrequests-build/117255/console).; ### Errors:; - [2021-05-07T16:31:28.933Z] /home/sftnight/build/workspace/root-pullrequests-build/root/core/metacling/test/TClingMethodInfoTests.cxx:621:53: error: ‘std::unordered_map’ has not been declared ; - [2021-05-07T16:31:28.933Z] /home/sftnight/build/workspace/root-pullrequests-build/root/core/metacling/test/TClingMethodInfoTests.cxx:621:66: error: expected ‘,’ or ‘...’ before ‘&lt;’ token ; - [2021-05-07T16:31:28.933Z] /home/sftnight/build/workspace/root-pullrequests-build/root/core/metacling/test/TClingMethodInfoTests.cxx:630:27: error: ‘funcPar0’ was not declared in this scope ; - [2021-05-07T16:31:28.933Z] /home/sftnight/build/workspace/root-pullrequests-build/root/core/metacling/test/TClingMethodInfoTests.cxx:637:17: error: ‘funcPar0’ was not declared in this scope ; - [2021-05-07T16:31:28.933Z] /home/sftnight/build/workspace/root-pullrequests-build/root/core/metacling/test/TClingMethodInfoTests.cxx:645:34: error: no match for call to ‘(TClingMethodInfo_NonDependentMemberTypes_Test::TestBody()::&lt;lambda(const char*, int)&gt;) (const char [17], &lt;brace-enclosed initializer list&gt;)’ ; - [2021-05-07T16:31:28.933Z] /home/sftnight/build/workspace/root-pullrequests-build/root/core/metacling/test/TClingMethodInfoTests.cxx:654:34: error: no match for call to ‘(TClingMethodInfo_NonDependentMemberTypes_Test::TestBody()::&lt;lambda(const char*, int)&gt;) (const char [17], &lt;brace-enclosed initializer list&gt;)’ ; - [2021-05-07T16:31:28.933Z] /home/sftnight/build/workspace/root-pullrequests-build/root/core/metacling/test/TClingMethodInfoTests.cxx:662:34: error: no match for call to ‘(TClingMethodInfo_NonDependentMemberTypes_Test::TestBody()::&lt;lambda(const char*, int)&gt;) (const char [14], &lt;brace-enclosed initialize",MatchSource.ISSUE_COMMENT,root-project,root,v6-32-06,https://github.com/root-project/root/pull/8124#issuecomment-834599539:359,test,test,359,https://root.cern,https://github.com/root-project/root/pull/8124#issuecomment-834599539,4,['test'],['test']
Testability,Build failed on ROOT-fedora31/noimt.; Running on root-fedora-31-2.cern.ch:/home/sftnight/build/workspace/root-pullrequests-build; [See console output](https://lcgapp-services.cern.ch/root-jenkins/job/root-pullrequests-build/117263/console).; ### Failing tests:; - [projectroot.bindings.experimental.distrdf.test.pyunittests_distrdf_unit_test_headnode](https://lcgapp-services.cern.ch/root-jenkins/job/root-pullrequests-build/117263/testReport/projectroot.bindings.experimental.distrdf/test/pyunittests_distrdf_unit_test_headnode/); - [projectroot.bindings.pyroot.pythonizations.test.pyunittests_pyroot_pyz_pretty_printing](https://lcgapp-services.cern.ch/root-jenkins/job/root-pullrequests-build/117263/testReport/projectroot.bindings.pyroot.pythonizations/test/pyunittests_pyroot_pyz_pretty_printing/); - [projectroot.bindings.pyroot.pythonizations.test.pyunittests_pyroot_pyz_ttree_branch_attr](https://lcgapp-services.cern.ch/root-jenkins/job/root-pullrequests-build/117263/testReport/projectroot.bindings.pyroot.pythonizations/test/pyunittests_pyroot_pyz_ttree_branch_attr/); - [projectroot.bindings.pyroot.pythonizations.test.pyunittests_pyroot_pyz_array_interface](https://lcgapp-services.cern.ch/root-jenkins/job/root-pullrequests-build/117263/testReport/projectroot.bindings.pyroot.pythonizations/test/pyunittests_pyroot_pyz_array_interface/); - [projectroot.bindings.pyroot.pythonizations.test.pyunittests_pyroot_pyz_ttree_branch](https://lcgapp-services.cern.ch/root-jenkins/job/root-pullrequests-build/117263/testReport/projectroot.bindings.pyroot.pythonizations/test/pyunittests_pyroot_pyz_ttree_branch/); - [projectroot.bindings.pyroot.pythonizations.test.pyunittests_pyroot_pyz_ttree_setbranchaddress](https://lcgapp-services.cern.ch/root-jenkins/job/root-pullrequests-build/117263/testReport/projectroot.bindings.pyroot.pythonizations/test/pyunittests_pyroot_pyz_ttree_setbranchaddress/); - [projectroot.bindings.pyroot.pythonizations.test.pyunittests_pyroot_pyz_ttree_asmatrix](https:/,MatchSource.ISSUE_COMMENT,root-project,root,v6-32-06,https://github.com/root-project/root/pull/8124#issuecomment-834722654:254,test,tests,254,https://root.cern,https://github.com/root-project/root/pull/8124#issuecomment-834722654,9,['test'],"['test', 'testReport', 'tests']"
Testability,Build failed on ROOT-fedora31/noimt.; Running on root-fedora-31-2.cern.ch:/home/sftnight/build/workspace/root-pullrequests-build; [See console output](https://lcgapp-services.cern.ch/root-jenkins/job/root-pullrequests-build/117458/console).; ### Failing tests:; - [projectroot.roottest.root.tree.index.roottest_root_tree_index_make](https://lcgapp-services.cern.ch/root-jenkins/job/root-pullrequests-build/117458/testReport/projectroot.roottest.root.tree/index/roottest_root_tree_index_make/),MatchSource.ISSUE_COMMENT,root-project,root,v6-32-06,https://github.com/root-project/root/pull/8153#issuecomment-838454664:254,test,tests,254,https://root.cern,https://github.com/root-project/root/pull/8153#issuecomment-838454664,2,['test'],"['testReport', 'tests']"
Testability,Build failed on ROOT-fedora31/noimt.; Running on root-fedora-31-2.cern.ch:/home/sftnight/build/workspace/root-pullrequests-build; [See console output](https://lcgapp-services.cern.ch/root-jenkins/job/root-pullrequests-build/117685/console).; ### Warnings:; - [2021-05-12T14:03:59.731Z] /home/sftnight/build/workspace/root-pullrequests-build/root/roofit/histfactory/test/testHistFactory.cxx:315:8: warning: suggest explicit braces to avoid ambiguous ‘else’ [-Wdangling-else] ; - [2021-05-12T14:03:59.731Z] /home/sftnight/build/workspace/root-pullrequests-build/root/roofit/histfactory/test/testHistFactory.cxx:492:18: warning: declaration of ‘verbose’ shadows a member of ‘HFFixture_Fit_Test’ [-Wshadow],MatchSource.ISSUE_COMMENT,root-project,root,v6-32-06,https://github.com/root-project/root/pull/8167#issuecomment-839807254:365,test,test,365,https://root.cern,https://github.com/root-project/root/pull/8167#issuecomment-839807254,4,['test'],"['test', 'testHistFactory']"
Testability,Build failed on ROOT-fedora31/noimt.; Running on root-fedora-31-2.cern.ch:/home/sftnight/build/workspace/root-pullrequests-build; [See console output](https://lcgapp-services.cern.ch/root-jenkins/job/root-pullrequests-build/117782/console).; ### Failing tests:; - [projectroot.test.test_stressroostats_interpreted](https://lcgapp-services.cern.ch/root-jenkins/job/root-pullrequests-build/117782/testReport/projectroot/test/test_stressroostats_interpreted/); - [projectroot.test.test_stressHistFactory_interpreted](https://lcgapp-services.cern.ch/root-jenkins/job/root-pullrequests-build/117782/testReport/projectroot/test/test_stressHistFactory_interpreted/); - [projectroot.test.test_stressroofit_interpreted](https://lcgapp-services.cern.ch/root-jenkins/job/root-pullrequests-build/117782/testReport/projectroot/test/test_stressroofit_interpreted/); - [projectroot.bindings.pyroot.pythonizations.test.pyunittests_pyroot_roofit_rooabspdf_fitto](https://lcgapp-services.cern.ch/root-jenkins/job/root-pullrequests-build/117782/testReport/projectroot.bindings.pyroot.pythonizations/test/pyunittests_pyroot_roofit_rooabspdf_fitto/); - [projectroot.bindings.pyroot.pythonizations.test.pyunittests_pyroot_roofit_rooabsreal_ploton](https://lcgapp-services.cern.ch/root-jenkins/job/root-pullrequests-build/117782/testReport/projectroot.bindings.pyroot.pythonizations/test/pyunittests_pyroot_roofit_rooabsreal_ploton/); - [projectroot.bindings.pyroot.pythonizations.test.pyunittests_pyroot_roofit_roodatahist_ploton](https://lcgapp-services.cern.ch/root-jenkins/job/root-pullrequests-build/117782/testReport/projectroot.bindings.pyroot.pythonizations/test/pyunittests_pyroot_roofit_roodatahist_ploton/); - [projectroot.roofit.RDataFrameHelpers.test.gtest_roofit_RDataFrameHelpers_test_testActionHelpers](https://lcgapp-services.cern.ch/root-jenkins/job/root-pullrequests-build/117782/testReport/projectroot.roofit.RDataFrameHelpers/test/gtest_roofit_RDataFrameHelpers_test_testActionHelpers/); - [projectroot.,MatchSource.ISSUE_COMMENT,root-project,root,v6-32-06,https://github.com/root-project/root/pull/8179#issuecomment-841890583:254,test,tests,254,https://root.cern,https://github.com/root-project/root/pull/8179#issuecomment-841890583,11,['test'],"['test', 'testReport', 'tests']"
Testability,Build failed on ROOT-fedora31/noimt.; Running on root-fedora-31-2.cern.ch:/home/sftnight/build/workspace/root-pullrequests-build; [See console output](https://lcgapp-services.cern.ch/root-jenkins/job/root-pullrequests-build/117814/console).; ### Failing tests:; - [projectroot.roottest.root.tree.index.roottest_root_tree_index_make](https://lcgapp-services.cern.ch/root-jenkins/job/root-pullrequests-build/117814/testReport/projectroot.roottest.root.tree/index/roottest_root_tree_index_make/),MatchSource.ISSUE_COMMENT,root-project,root,v6-32-06,https://github.com/root-project/root/pull/8170#issuecomment-842176072:254,test,tests,254,https://root.cern,https://github.com/root-project/root/pull/8170#issuecomment-842176072,2,['test'],"['testReport', 'tests']"
Testability,Build failed on ROOT-fedora31/noimt.; Running on root-fedora-31-2.cern.ch:/home/sftnight/build/workspace/root-pullrequests-build; [See console output](https://lcgapp-services.cern.ch/root-jenkins/job/root-pullrequests-build/118088/console).; ### Failing tests:; - [projectroot.roottest.cling.specialobj.roottest_cling_specialobj_runf02](https://lcgapp-services.cern.ch/root-jenkins/job/root-pullrequests-build/118088/testReport/projectroot.roottest.cling/specialobj/roottest_cling_specialobj_runf02/); - [projectroot.roottest.root.meta.roottest_root_meta_runnamespace_auto](https://lcgapp-services.cern.ch/root-jenkins/job/root-pullrequests-build/118088/testReport/projectroot.roottest.root/meta/roottest_root_meta_runnamespace_auto/); - [projectroot.roottest.root.io.clones.roottest_root_io_clones_make](https://lcgapp-services.cern.ch/root-jenkins/job/root-pullrequests-build/118088/testReport/projectroot.roottest.root.io/clones/roottest_root_io_clones_make/); - [projectroot.roottest.root.io.interface.roottest_root_io_interface_make](https://lcgapp-services.cern.ch/root-jenkins/job/root-pullrequests-build/118088/testReport/projectroot.roottest.root.io/interface/roottest_root_io_interface_make/); - [projectroot.roottest.root.meta.ROOT-7462.roottest_root_meta_ROOT_7462_make](https://lcgapp-services.cern.ch/root-jenkins/job/root-pullrequests-build/118088/testReport/projectroot.roottest.root.meta/ROOT-7462/roottest_root_meta_ROOT_7462_make/); - [projectroot.roottest.root.meta.tclass.roottest_root_meta_tclass_execDuplicate](https://lcgapp-services.cern.ch/root-jenkins/job/root-pullrequests-build/118088/testReport/projectroot.roottest.root.meta/tclass/roottest_root_meta_tclass_execDuplicate/); - [projectroot.roottest.root.selector.simple.roottest_root_selector_simple_runtestLoadingSelector](https://lcgapp-services.cern.ch/root-jenkins/job/root-pullrequests-build/118088/testReport/projectroot.roottest.root.selector/simple/roottest_root_selector_simple_runtestLoadingSelector/); - [proj,MatchSource.ISSUE_COMMENT,root-project,root,v6-32-06,https://github.com/root-project/root/pull/8204#issuecomment-844244254:254,test,tests,254,https://root.cern,https://github.com/root-project/root/pull/8204#issuecomment-844244254,8,['test'],"['testReport', 'tests']"
Testability,Build failed on ROOT-fedora31/noimt.; Running on root-fedora-31-2.cern.ch:/home/sftnight/build/workspace/root-pullrequests-build; [See console output](https://lcgapp-services.cern.ch/root-jenkins/job/root-pullrequests-build/118248/console).; ### Failing tests:; - [projectroot.test.test_stressIOPlugins_xroot](https://lcgapp-services.cern.ch/root-jenkins/job/root-pullrequests-build/118248/testReport/projectroot/test/test_stressIOPlugins_xroot/),MatchSource.ISSUE_COMMENT,root-project,root,v6-32-06,https://github.com/root-project/root/pull/7335#issuecomment-845159287:254,test,tests,254,https://root.cern,https://github.com/root-project/root/pull/7335#issuecomment-845159287,4,['test'],"['test', 'testReport', 'tests']"
Testability,Build failed on ROOT-fedora31/noimt.; Running on root-fedora-31-2.cern.ch:/home/sftnight/build/workspace/root-pullrequests-build; [See console output](https://lcgapp-services.cern.ch/root-jenkins/job/root-pullrequests-build/118264/console).; ### Failing tests:; - [projectroot.interpreter.clingtest_check_cling](https://lcgapp-services.cern.ch/root-jenkins/job/root-pullrequests-build/118264/testReport/projectroot/interpreter/clingtest_check_cling/); - [projectroot.roottest.root.meta.roottest_root_meta_countIncludePaths](https://lcgapp-services.cern.ch/root-jenkins/job/root-pullrequests-build/118264/testReport/projectroot.roottest.root/meta/roottest_root_meta_countIncludePaths/),MatchSource.ISSUE_COMMENT,root-project,root,v6-32-06,https://github.com/root-project/root/pull/8204#issuecomment-845242342:254,test,tests,254,https://root.cern,https://github.com/root-project/root/pull/8204#issuecomment-845242342,3,['test'],"['testReport', 'tests']"
Testability,Build failed on ROOT-fedora31/noimt.; Running on root-fedora-31-2.cern.ch:/home/sftnight/build/workspace/root-pullrequests-build; [See console output](https://lcgapp-services.cern.ch/root-jenkins/job/root-pullrequests-build/118305/console).; ### Failing tests:; - [projectroot.roottest.root.dataframe.roottest_root_dataframe_test_glob](https://lcgapp-services.cern.ch/root-jenkins/job/root-pullrequests-build/118305/testReport/projectroot.roottest.root/dataframe/roottest_root_dataframe_test_glob/),MatchSource.ISSUE_COMMENT,root-project,root,v6-32-06,https://github.com/root-project/root/pull/8224#issuecomment-845825698:254,test,tests,254,https://root.cern,https://github.com/root-project/root/pull/8224#issuecomment-845825698,2,['test'],"['testReport', 'tests']"
Testability,Build failed on ROOT-fedora31/noimt.; Running on root-fedora-31-2.cern.ch:/home/sftnight/build/workspace/root-pullrequests-build; [See console output](https://lcgapp-services.cern.ch/root-jenkins/job/root-pullrequests-build/118369/console).; ### Failing tests:; - [projectroot.roottest.root.io.filemerger.roottest_root_io_filemerger_simplex2_default_compr_level9](https://lcgapp-services.cern.ch/root-jenkins/job/root-pullrequests-build/118369/testReport/projectroot.roottest.root.io/filemerger/roottest_root_io_filemerger_simplex2_default_compr_level9/); - [projectroot.roottest.root.io.filemerger.roottest_root_io_filemerger_simplek_default_compr_deflevel](https://lcgapp-services.cern.ch/root-jenkins/job/root-pullrequests-build/118369/testReport/projectroot.roottest.root.io/filemerger/roottest_root_io_filemerger_simplek_default_compr_deflevel/); - [projectroot.roottest.root.io.filemerger.roottest_root_io_filemerger_simplek_lzma_compr_level9](https://lcgapp-services.cern.ch/root-jenkins/job/root-pullrequests-build/118369/testReport/projectroot.roottest.root.io/filemerger/roottest_root_io_filemerger_simplek_lzma_compr_level9/); - [projectroot.roottest.root.io.filemerger.roottest_root_io_filemerger_datagen_hadd_mzfile12](https://lcgapp-services.cern.ch/root-jenkins/job/root-pullrequests-build/118369/testReport/projectroot.roottest.root.io/filemerger/roottest_root_io_filemerger_datagen_hadd_mzfile12/); - [projectroot.roottest.root.io.filemerger.roottest_root_io_filemerger_datagen_hadd_mzlibfile12](https://lcgapp-services.cern.ch/root-jenkins/job/root-pullrequests-build/118369/testReport/projectroot.roottest.root.io/filemerger/roottest_root_io_filemerger_datagen_hadd_mzlibfile12/); - [projectroot.roottest.root.io.filemerger.roottest_root_io_filemerger_datagen_hadd_mlz4file34](https://lcgapp-services.cern.ch/root-jenkins/job/root-pullrequests-build/118369/testReport/projectroot.roottest.root.io/filemerger/roottest_root_io_filemerger_datagen_hadd_mlz4file34/); - [projectroot.root,MatchSource.ISSUE_COMMENT,root-project,root,v6-32-06,https://github.com/root-project/root/pull/8228#issuecomment-846066467:254,test,tests,254,https://root.cern,https://github.com/root-project/root/pull/8228#issuecomment-846066467,3,['test'],"['testReport', 'tests']"
Testability,Build failed on ROOT-fedora31/noimt.; Running on root-fedora-31-2.cern.ch:/home/sftnight/build/workspace/root-pullrequests-build; [See console output](https://lcgapp-services.cern.ch/root-jenkins/job/root-pullrequests-build/118377/console).; ### Failing tests:; - [projectroot.io.io.test.gtest_io_io_test_TBufferMerger](https://lcgapp-services.cern.ch/root-jenkins/job/root-pullrequests-build/118377/testReport/projectroot.io.io/test/gtest_io_io_test_TBufferMerger/); - [projectroot.roottest.root.io.filemerger.roottest_root_io_filemerger_simplex2_default_compr_level9](https://lcgapp-services.cern.ch/root-jenkins/job/root-pullrequests-build/118377/testReport/projectroot.roottest.root.io/filemerger/roottest_root_io_filemerger_simplex2_default_compr_level9/); - [projectroot.roottest.root.io.filemerger.roottest_root_io_filemerger_simplek_default_compr_deflevel](https://lcgapp-services.cern.ch/root-jenkins/job/root-pullrequests-build/118377/testReport/projectroot.roottest.root.io/filemerger/roottest_root_io_filemerger_simplek_default_compr_deflevel/); - [projectroot.roottest.root.io.filemerger.roottest_root_io_filemerger_simplek_lzma_compr_level9](https://lcgapp-services.cern.ch/root-jenkins/job/root-pullrequests-build/118377/testReport/projectroot.roottest.root.io/filemerger/roottest_root_io_filemerger_simplek_lzma_compr_level9/); - [projectroot.roottest.root.io.filemerger.roottest_root_io_filemerger_datagen_hadd_mzfile12](https://lcgapp-services.cern.ch/root-jenkins/job/root-pullrequests-build/118377/testReport/projectroot.roottest.root.io/filemerger/roottest_root_io_filemerger_datagen_hadd_mzfile12/); - [projectroot.roottest.root.io.filemerger.roottest_root_io_filemerger_datagen_hadd_mzlibfile12](https://lcgapp-services.cern.ch/root-jenkins/job/root-pullrequests-build/118377/testReport/projectroot.roottest.root.io/filemerger/roottest_root_io_filemerger_datagen_hadd_mzlibfile12/); - [projectroot.roottest.root.io.filemerger.roottest_root_io_filemerger_datagen_hadd_mzfile34](h,MatchSource.ISSUE_COMMENT,root-project,root,v6-32-06,https://github.com/root-project/root/pull/8229#issuecomment-846079421:254,test,tests,254,https://root.cern,https://github.com/root-project/root/pull/8229#issuecomment-846079421,6,['test'],"['test', 'testReport', 'tests']"
Testability,Build failed on ROOT-fedora31/noimt.; Running on root-fedora-31-2.cern.ch:/home/sftnight/build/workspace/root-pullrequests-build; [See console output](https://lcgapp-services.cern.ch/root-jenkins/job/root-pullrequests-build/118450/console).; ### Failing tests:; - [projectroot.bindings.pyroot.pythonizations.test.pyunittests_pyroot_pyz_rdataframe_asnumpy](https://lcgapp-services.cern.ch/root-jenkins/job/root-pullrequests-build/118450/testReport/projectroot.bindings.pyroot.pythonizations/test/pyunittests_pyroot_pyz_rdataframe_asnumpy/); - [projectroot.roottest.cling.templateMembers.roottest_cling_templateMembers_runoperatorEqual](https://lcgapp-services.cern.ch/root-jenkins/job/root-pullrequests-build/118450/testReport/projectroot.roottest.cling/templateMembers/roottest_cling_templateMembers_runoperatorEqual/); - [projectroot.roottest.root.io.stdarray.roottest_root_io_stdarray_modelReadDictTXMLFile](https://lcgapp-services.cern.ch/root-jenkins/job/root-pullrequests-build/118450/testReport/projectroot.roottest.root.io/stdarray/roottest_root_io_stdarray_modelReadDictTXMLFile/); - [projectroot.roottest.root.io.stdarray.roottest_root_io_stdarray_modelReadDictTFile](https://lcgapp-services.cern.ch/root-jenkins/job/root-pullrequests-build/118450/testReport/projectroot.roottest.root.io/stdarray/roottest_root_io_stdarray_modelReadDictTFile/); - [projectroot.roottest.root.io.stdarray.roottest_root_io_stdarray_modelReadDict2TFile](https://lcgapp-services.cern.ch/root-jenkins/job/root-pullrequests-build/118450/testReport/projectroot.roottest.root.io/stdarray/roottest_root_io_stdarray_modelReadDict2TFile/); - [projectroot.roottest.root.io.stdarray.roottest_root_io_stdarray_aclic01](https://lcgapp-services.cern.ch/root-jenkins/job/root-pullrequests-build/118450/testReport/projectroot.roottest.root.io/stdarray/roottest_root_io_stdarray_aclic01/); - [projectroot.roottest.root.io.stdarray.roottest_root_io_stdarray_aclic03](https://lcgapp-services.cern.ch/root-jenkins/job/root-pullreque,MatchSource.ISSUE_COMMENT,root-project,root,v6-32-06,https://github.com/root-project/root/pull/8173#issuecomment-846779314:254,test,tests,254,https://root.cern,https://github.com/root-project/root/pull/8173#issuecomment-846779314,6,['test'],"['test', 'testReport', 'tests']"
Testability,Build failed on ROOT-fedora31/noimt.; Running on root-fedora-31-2.cern.ch:/home/sftnight/build/workspace/root-pullrequests-build; [See console output](https://lcgapp-services.cern.ch/root-jenkins/job/root-pullrequests-build/118465/console).; ### Failing tests:; - [projectroot.interpreter.clingtest_check_cling](https://lcgapp-services.cern.ch/root-jenkins/job/root-pullrequests-build/118465/testReport/projectroot/interpreter/clingtest_check_cling/); - [projectroot.roottest.root.meta.roottest_root_meta_countIncludePaths](https://lcgapp-services.cern.ch/root-jenkins/job/root-pullrequests-build/118465/testReport/projectroot.roottest.root/meta/roottest_root_meta_countIncludePaths/),MatchSource.ISSUE_COMMENT,root-project,root,v6-32-06,https://github.com/root-project/root/pull/8204#issuecomment-847659769:254,test,tests,254,https://root.cern,https://github.com/root-project/root/pull/8204#issuecomment-847659769,3,['test'],"['testReport', 'tests']"
Testability,Build failed on ROOT-fedora31/noimt.; Running on root-fedora-31-2.cern.ch:/home/sftnight/build/workspace/root-pullrequests-build; [See console output](https://lcgapp-services.cern.ch/root-jenkins/job/root-pullrequests-build/118530/console).; ### Failing tests:; - [projectroot.test.test_stressIOPlugins_xroot](https://lcgapp-services.cern.ch/root-jenkins/job/root-pullrequests-build/118530/testReport/projectroot/test/test_stressIOPlugins_xroot/),MatchSource.ISSUE_COMMENT,root-project,root,v6-32-06,https://github.com/root-project/root/pull/7354#issuecomment-848567871:254,test,tests,254,https://root.cern,https://github.com/root-project/root/pull/7354#issuecomment-848567871,4,['test'],"['test', 'testReport', 'tests']"
Testability,Build failed on ROOT-fedora31/noimt.; Running on root-fedora-31-2.cern.ch:/home/sftnight/build/workspace/root-pullrequests-build; [See console output](https://lcgapp-services.cern.ch/root-jenkins/job/root-pullrequests-build/118627/console).; ### Failing tests:; - [projectroot.bindings.pyroot.pythonizations.test.pyunittests_pyroot_pyz_ttree_branch_attr](https://lcgapp-services.cern.ch/root-jenkins/job/root-pullrequests-build/118627/testReport/projectroot.bindings.pyroot.pythonizations/test/pyunittests_pyroot_pyz_ttree_branch_attr/); - [projectroot.bindings.pyroot.pythonizations.test.pyunittests_pyroot_pyz_ttree_iterable](https://lcgapp-services.cern.ch/root-jenkins/job/root-pullrequests-build/118627/testReport/projectroot.bindings.pyroot.pythonizations/test/pyunittests_pyroot_pyz_ttree_iterable/); - [projectroot.bindings.pyroot.pythonizations.test.pyunittests_pyroot_pyz_ttree_setbranchaddress](https://lcgapp-services.cern.ch/root-jenkins/job/root-pullrequests-build/118627/testReport/projectroot.bindings.pyroot.pythonizations/test/pyunittests_pyroot_pyz_ttree_setbranchaddress/); - [projectroot.roottest.root.collection.roottest_root_collection_execHistArray_auto](https://lcgapp-services.cern.ch/root-jenkins/job/root-pullrequests-build/118627/testReport/projectroot.roottest.root/collection/roottest_root_collection_execHistArray_auto/); - [projectroot.roottest.root.io.complex.roottest_root_io_complex_readcomplex](https://lcgapp-services.cern.ch/root-jenkins/job/root-pullrequests-build/118627/testReport/projectroot.roottest.root.io/complex/roottest_root_io_complex_readcomplex/),MatchSource.ISSUE_COMMENT,root-project,root,v6-32-06,https://github.com/root-project/root/pull/8249#issuecomment-848768941:254,test,tests,254,https://root.cern,https://github.com/root-project/root/pull/8249#issuecomment-848768941,12,['test'],"['test', 'testReport', 'tests']"
Testability,Build failed on ROOT-fedora31/noimt.; Running on root-fedora-31-2.cern.ch:/home/sftnight/build/workspace/root-pullrequests-build; [See console output](https://lcgapp-services.cern.ch/root-jenkins/job/root-pullrequests-build/118683/console).; ### Failing tests:; - [projectroot.hist.hist.test.gtest_hist_hist_test_testTF1](https://lcgapp-services.cern.ch/root-jenkins/job/root-pullrequests-build/118683/testReport/projectroot.hist.hist/test/gtest_hist_hist_test_testTF1/),MatchSource.ISSUE_COMMENT,root-project,root,v6-32-06,https://github.com/root-project/root/pull/8253#issuecomment-848850645:254,test,tests,254,https://root.cern,https://github.com/root-project/root/pull/8253#issuecomment-848850645,4,['test'],"['test', 'testReport', 'tests']"
Testability,Build failed on ROOT-fedora31/noimt.; Running on root-fedora-31-2.cern.ch:/home/sftnight/build/workspace/root-pullrequests-build; [See console output](https://lcgapp-services.cern.ch/root-jenkins/job/root-pullrequests-build/96709/console).; ### Warnings:; - [2020-09-24T17:46:07.751Z] /home/sftnight/build/workspace/root-pullrequests-build/root/io/io/src/TGenCollectionProxy.cxx:391:21: warning: unused variable ‘enumTable’ [-Wunused-variable] . ### Failing tests:; - [projectroot.roottest.root.io.cpp11Containers.roottest_root_io_cpp11Containers_forwardList](https://lcgapp-services.cern.ch/root-jenkins/job/root-pullrequests-build/96709/testReport/projectroot.roottest.root.io/cpp11Containers/roottest_root_io_cpp11Containers_forwardList/); - [projectroot.tmva.tmva.test.gtest_tmva_tmva_test_branchlessForest](https://lcgapp-services.cern.ch/root-jenkins/job/root-pullrequests-build/96709/testReport/projectroot.tmva.tmva/test/gtest_tmva_tmva_test_branchlessForest/); - [projectroot.tmva.tmva.test.gtest_tmva_tmva_test_rbdt](https://lcgapp-services.cern.ch/root-jenkins/job/root-pullrequests-build/96709/testReport/projectroot.tmva.tmva/test/gtest_tmva_tmva_test_rbdt/); - [projectroot.bindings.pyroot.pythonizations.test.pyunittests_pyroot_pyz_rdataframe_asnumpy](https://lcgapp-services.cern.ch/root-jenkins/job/root-pullrequests-build/96709/testReport/projectroot.bindings.pyroot.pythonizations/test/pyunittests_pyroot_pyz_rdataframe_asnumpy/); - [projectroot.tree.dataframe.test.gtest_tree_dataframe_test_datasource_sqlite](https://lcgapp-services.cern.ch/root-jenkins/job/root-pullrequests-build/96709/testReport/projectroot.tree.dataframe/test/gtest_tree_dataframe_test_datasource_sqlite/); - [projectroot.tree.treeplayer.test.gtest_tree_treeplayer_test_treetreeplayertestUnit](https://lcgapp-services.cern.ch/root-jenkins/job/root-pullrequests-build/96709/testReport/projectroot.tree.treeplayer/test/gtest_tree_treeplayer_test_treetreeplayertestUnit/); - [projectroot.roottest.cling.typedef_g,MatchSource.ISSUE_COMMENT,root-project,root,v6-32-06,https://github.com/root-project/root/pull/6445#issuecomment-698496119:458,test,tests,458,https://root.cern,https://github.com/root-project/root/pull/6445#issuecomment-698496119,6,['test'],"['test', 'testReport', 'tests']"
Testability,Build failed on ROOT-fedora31/noimt.; Running on root-fedora-31-2.cern.ch:/home/sftnight/build/workspace/root-pullrequests-build; [See console output](https://lcgapp-services.cern.ch/root-jenkins/job/root-pullrequests-build/97505/console).; ### Failing tests:; - [projectroot.roottest.root.meta.autoloading.headerParsingOnDemand.roottest_root_meta_autoloading_headerParsingOnDemand_no_autoparse_read](https://lcgapp-services.cern.ch/root-jenkins/job/root-pullrequests-build/97505/testReport/projectroot.roottest.root.meta.autoloading/headerParsingOnDemand/roottest_root_meta_autoloading_headerParsingOnDemand_no_autoparse_read/); - [projectroot.roottest.root.multicore.roottest_root_multicore_processExecutorH1Test](https://lcgapp-services.cern.ch/root-jenkins/job/root-pullrequests-build/97505/testReport/projectroot.roottest.root/multicore/roottest_root_multicore_processExecutorH1Test/),MatchSource.ISSUE_COMMENT,root-project,root,v6-32-06,https://github.com/root-project/root/pull/6445#issuecomment-701614999:253,test,tests,253,https://root.cern,https://github.com/root-project/root/pull/6445#issuecomment-701614999,3,['test'],"['testReport', 'tests']"
Testability,Build failed on ROOT-fedora31/noimt.; Running on root-fedora-31-2.cern.ch:/home/sftnight/build/workspace/root-pullrequests-build; [See console output](https://lcgapp-services.cern.ch/root-jenkins/job/root-pullrequests-build/97713/console).; ### Failing tests:; - [projectroot.bindings.pyroot.pythonizations.test.pyunittests_pyroot_import_load_libs](https://lcgapp-services.cern.ch/root-jenkins/job/root-pullrequests-build/97713/testReport/projectroot.bindings.pyroot.pythonizations/test/pyunittests_pyroot_import_load_libs/),MatchSource.ISSUE_COMMENT,root-project,root,v6-32-06,https://github.com/root-project/root/pull/6532#issuecomment-702184413:253,test,tests,253,https://root.cern,https://github.com/root-project/root/pull/6532#issuecomment-702184413,4,['test'],"['test', 'testReport', 'tests']"
Testability,Build failed on ROOT-fedora31/noimt.; Running on root-fedora-31-2.cern.ch:/home/sftnight/build/workspace/root-pullrequests-build; [See console output](https://lcgapp-services.cern.ch/root-jenkins/job/root-pullrequests-build/97817/console).; ### Failing tests:; - [projectroot.roottest.root.hist.roottest_root_hist_assertSparseToTHn](https://lcgapp-services.cern.ch/root-jenkins/job/root-pullrequests-build/97817/testReport/projectroot.roottest.root/hist/roottest_root_hist_assertSparseToTHn/); - [projectroot.roottest.root.meta.ROOT-7462.roottest_root_meta_ROOT_7462_make](https://lcgapp-services.cern.ch/root-jenkins/job/root-pullrequests-build/97817/testReport/projectroot.roottest.root.meta/ROOT-7462/roottest_root_meta_ROOT_7462_make/),MatchSource.ISSUE_COMMENT,root-project,root,v6-32-06,https://github.com/root-project/root/pull/6377#issuecomment-702719225:253,test,tests,253,https://root.cern,https://github.com/root-project/root/pull/6377#issuecomment-702719225,3,['test'],"['testReport', 'tests']"
Testability,Build failed on ROOT-fedora31/noimt.; Running on root-fedora-31-2.cern.ch:/home/sftnight/build/workspace/root-pullrequests-build; [See console output](https://lcgapp-services.cern.ch/root-jenkins/job/root-pullrequests-build/97849/console).; ### Failing tests:; - [projectroot.core.metacling.test.gtest_core_metacling_test_TClingTest](https://lcgapp-services.cern.ch/root-jenkins/job/root-pullrequests-build/97849/testReport/projectroot.core.metacling/test/gtest_core_metacling_test_TClingTest/); - [projectroot.roottest.root.hist.roottest_root_hist_assertSparseToTHn](https://lcgapp-services.cern.ch/root-jenkins/job/root-pullrequests-build/97849/testReport/projectroot.roottest.root/hist/roottest_root_hist_assertSparseToTHn/),MatchSource.ISSUE_COMMENT,root-project,root,v6-32-06,https://github.com/root-project/root/pull/6377#issuecomment-702748980:253,test,tests,253,https://root.cern,https://github.com/root-project/root/pull/6377#issuecomment-702748980,5,['test'],"['test', 'testReport', 'tests']"
Testability,Build failed on ROOT-fedora31/noimt.; Running on root-fedora-31-2.cern.ch:/home/sftnight/build/workspace/root-pullrequests-build; [See console output](https://lcgapp-services.cern.ch/root-jenkins/job/root-pullrequests-build/98137/console).; ### Failing tests:; - [projectroot.test.test_stressgraphics_interpreted](https://lcgapp-services.cern.ch/root-jenkins/job/root-pullrequests-build/98137/testReport/projectroot/test/test_stressgraphics_interpreted/),MatchSource.ISSUE_COMMENT,root-project,root,v6-32-06,https://github.com/root-project/root/pull/6560#issuecomment-704298760:253,test,tests,253,https://root.cern,https://github.com/root-project/root/pull/6560#issuecomment-704298760,4,['test'],"['test', 'testReport', 'tests']"
Testability,Build failed on ROOT-fedora31/noimt.; Running on root-fedora-31-2.cern.ch:/home/sftnight/build/workspace/root-pullrequests-build; [See console output](https://lcgapp-services.cern.ch/root-jenkins/job/root-pullrequests-build/98225/console).; ### Failing tests:; - [projectroot.roottest.root.meta.tclass.roottest_root_meta_tclass_execReadTmplt](https://lcgapp-services.cern.ch/root-jenkins/job/root-pullrequests-build/98225/testReport/projectroot.roottest.root.meta/tclass/roottest_root_meta_tclass_execReadTmplt/),MatchSource.ISSUE_COMMENT,root-project,root,v6-32-06,https://github.com/root-project/root/pull/6571#issuecomment-704486930:253,test,tests,253,https://root.cern,https://github.com/root-project/root/pull/6571#issuecomment-704486930,2,['test'],"['testReport', 'tests']"
Testability,Build failed on ROOT-fedora31/noimt.; Running on root-fedora-31-2.cern.ch:/home/sftnight/build/workspace/root-pullrequests-build; [See console output](https://lcgapp-services.cern.ch/root-jenkins/job/root-pullrequests-build/98384/console).; ### Failing tests:; - [projectroot.roottest.root.meta.ROOT-7462.roottest_root_meta_ROOT_7462_make](https://lcgapp-services.cern.ch/root-jenkins/job/root-pullrequests-build/98384/testReport/projectroot.roottest.root.meta/ROOT-7462/roottest_root_meta_ROOT_7462_make/),MatchSource.ISSUE_COMMENT,root-project,root,v6-32-06,https://github.com/root-project/root/pull/6542#issuecomment-705062333:253,test,tests,253,https://root.cern,https://github.com/root-project/root/pull/6542#issuecomment-705062333,2,['test'],"['testReport', 'tests']"
Testability,Build failed on ROOT-fedora31/noimt.; Running on root-fedora-31-2.cern.ch:/home/sftnight/build/workspace/root-pullrequests-build; [See console output](https://lcgapp-services.cern.ch/root-jenkins/job/root-pullrequests-build/98392/console).; ### Failing tests:; - [projectroot.roottest.root.meta.ROOT-7462.roottest_root_meta_ROOT_7462_make](https://lcgapp-services.cern.ch/root-jenkins/job/root-pullrequests-build/98392/testReport/projectroot.roottest.root.meta/ROOT-7462/roottest_root_meta_ROOT_7462_make/),MatchSource.ISSUE_COMMENT,root-project,root,v6-32-06,https://github.com/root-project/root/pull/6401#issuecomment-705072608:253,test,tests,253,https://root.cern,https://github.com/root-project/root/pull/6401#issuecomment-705072608,2,['test'],"['testReport', 'tests']"
Testability,Build failed on ROOT-fedora31/noimt.; Running on root-fedora-31-2.cern.ch:/home/sftnight/build/workspace/root-pullrequests-build; [See console output](https://lcgapp-services.cern.ch/root-jenkins/job/root-pullrequests-build/98424/console).; ### Failing tests:; - [projectroot.bindings.pyroot.pythonizations.test.pyunittests_pyroot_numbadeclare](https://lcgapp-services.cern.ch/root-jenkins/job/root-pullrequests-build/98424/testReport/projectroot.bindings.pyroot.pythonizations/test/pyunittests_pyroot_numbadeclare/),MatchSource.ISSUE_COMMENT,root-project,root,v6-32-06,https://github.com/root-project/root/pull/6582#issuecomment-705379063:253,test,tests,253,https://root.cern,https://github.com/root-project/root/pull/6582#issuecomment-705379063,4,['test'],"['test', 'testReport', 'tests']"
Testability,Build failed on ROOT-fedora31/noimt.; Running on root-fedora-31-2.cern.ch:/home/sftnight/build/workspace/root-pullrequests-build; [See console output](https://lcgapp-services.cern.ch/root-jenkins/job/root-pullrequests-build/98521/console).; ### Failing tests:; - [projectroot.roottest.root.multicore.roottest_root_multicore_tSequentialExecutor_build](https://lcgapp-services.cern.ch/root-jenkins/job/root-pullrequests-build/98521/testReport/projectroot.roottest.root/multicore/roottest_root_multicore_tSequentialExecutor_build/); - [projectroot.roottest.root.multicore.roottest_root_multicore_SequentialExecutor](https://lcgapp-services.cern.ch/root-jenkins/job/root-pullrequests-build/98521/testReport/projectroot.roottest.root/multicore/roottest_root_multicore_SequentialExecutor/),MatchSource.ISSUE_COMMENT,root-project,root,v6-32-06,https://github.com/root-project/root/pull/6327#issuecomment-705624831:253,test,tests,253,https://root.cern,https://github.com/root-project/root/pull/6327#issuecomment-705624831,3,['test'],"['testReport', 'tests']"
Testability,Build failed on ROOT-fedora31/noimt.; Running on root-fedora-31-2.cern.ch:/home/sftnight/build/workspace/root-pullrequests-build; [See console output](https://lcgapp-services.cern.ch/root-jenkins/job/root-pullrequests-build/98577/console).; ### Failing tests:; - [projectroot.tree.dataframe.test.gtest_tree_dataframe_test_dataframe_simple](https://lcgapp-services.cern.ch/root-jenkins/job/root-pullrequests-build/98577/testReport/projectroot.tree.dataframe/test/gtest_tree_dataframe_test_dataframe_simple/),MatchSource.ISSUE_COMMENT,root-project,root,v6-32-06,https://github.com/root-project/root/pull/6594#issuecomment-706049276:253,test,tests,253,https://root.cern,https://github.com/root-project/root/pull/6594#issuecomment-706049276,4,['test'],"['test', 'testReport', 'tests']"
Testability,Build failed on ROOT-fedora31/noimt.; Running on root-fedora-31-2.cern.ch:/home/sftnight/build/workspace/root-pullrequests-build; [See console output](https://lcgapp-services.cern.ch/root-jenkins/job/root-pullrequests-build/98834/console).; ### Warnings:; - [2020-10-12T14:18:54.520Z] /home/sftnight/build/workspace/root-pullrequests-build/root/roofit/roofitcore/test/testNaNPacker.cxx:177:6: warning: suggest explicit braces to avoid ambiguous ‘else’ [-Wdangling-else] ; - [2020-10-12T14:18:54.520Z] /home/sftnight/build/workspace/root-pullrequests-build/root/roofit/roofitcore/test/testNaNPacker.cxx:242:6: warning: suggest explicit braces to avoid ambiguous ‘else’ [-Wdangling-else] ; - [2020-10-12T14:18:54.521Z] /home/sftnight/build/workspace/root-pullrequests-build/root/roofit/roofitcore/test/testNaNPacker.cxx:301:6: warning: suggest explicit braces to avoid ambiguous ‘else’ [-Wdangling-else],MatchSource.ISSUE_COMMENT,root-project,root,v6-32-06,https://github.com/root-project/root/pull/6401#issuecomment-707154872:363,test,test,363,https://root.cern,https://github.com/root-project/root/pull/6401#issuecomment-707154872,6,['test'],"['test', 'testNaNPacker']"
Testability,Build failed on ROOT-fedora31/noimt.; Running on root-fedora-31-2.cern.ch:/home/sftnight/build/workspace/root-pullrequests-build; [See console output](https://lcgapp-services.cern.ch/root-jenkins/job/root-pullrequests-build/98890/console).; ### Failing tests:; - [projectroot.roottest.root.meta.ROOT-7462.roottest_root_meta_ROOT_7462_make](https://lcgapp-services.cern.ch/root-jenkins/job/root-pullrequests-build/98890/testReport/projectroot.roottest.root.meta/ROOT-7462/roottest_root_meta_ROOT_7462_make/),MatchSource.ISSUE_COMMENT,root-project,root,v6-32-06,https://github.com/root-project/root/pull/6622#issuecomment-707240590:253,test,tests,253,https://root.cern,https://github.com/root-project/root/pull/6622#issuecomment-707240590,2,['test'],"['testReport', 'tests']"
Testability,Build failed on ROOT-fedora31/noimt.; Running on root-fedora-31-2.cern.ch:/home/sftnight/build/workspace/root-pullrequests-build; [See console output](https://lcgapp-services.cern.ch/root-jenkins/job/root-pullrequests-build/99043/console).; ### Warnings:; - [2020-10-14T10:35:31.620Z] /home/sftnight/build/workspace/root-pullrequests-build/root/roofit/roofitcore/test/testNumericIntAndRooRealBinding.cxx:52:42: warning: declaration of ‘b’ shadows a previous local [-Wshadow] ; - [2020-10-14T10:35:31.620Z] /home/sftnight/build/workspace/root-pullrequests-build/root/roofit/roofitcore/test/testNumericIntAndRooRealBinding.cxx:52:42: warning: declaration of ‘a’ shadows a previous local [-Wshadow] ; - [2020-10-14T10:35:31.620Z] /home/sftnight/build/workspace/root-pullrequests-build/root/roofit/roofitcore/test/testNumericIntAndRooRealBinding.cxx:115:62: warning: declaration of ‘d’ shadows a previous local [-Wshadow] ; - [2020-10-14T10:35:31.620Z] /home/sftnight/build/workspace/root-pullrequests-build/root/roofit/roofitcore/test/testNumericIntAndRooRealBinding.cxx:115:62: warning: declaration of ‘c’ shadows a previous local [-Wshadow] ; - [2020-10-14T10:35:31.620Z] /home/sftnight/build/workspace/root-pullrequests-build/root/roofit/roofitcore/test/testNumericIntAndRooRealBinding.cxx:115:62: warning: declaration of ‘b’ shadows a previous local [-Wshadow] ; - [2020-10-14T10:35:31.620Z] /home/sftnight/build/workspace/root-pullrequests-build/root/roofit/roofitcore/test/testNumericIntAndRooRealBinding.cxx:115:62: warning: declaration of ‘a’ shadows a previous local [-Wshadow] ; - [2020-10-14T10:35:31.620Z] /home/sftnight/build/workspace/root-pullrequests-build/root/roofit/roofitcore/test/testNumericIntAndRooRealBinding.cxx:180:56: warning: declaration of ‘x’ shadows a previous local [-Wshadow] ; - [2020-10-14T10:35:31.620Z] /home/sftnight/build/workspace/root-pullrequests-build/root/roofit/roofitcore/test/testNumericIntAndRooRealBinding.cxx:270:24: warning: declaration of ‘a’ shadows a,MatchSource.ISSUE_COMMENT,root-project,root,v6-32-06,https://github.com/root-project/root/pull/6632#issuecomment-708320753:363,test,test,363,https://root.cern,https://github.com/root-project/root/pull/6632#issuecomment-708320753,6,['test'],"['test', 'testNumericIntAndRooRealBinding']"
Testability,Build failed on ROOT-fedora31/noimt.; Running on root-fedora-31-2.cern.ch:/home/sftnight/build/workspace/root-pullrequests-build; [See console output](https://lcgapp-services.cern.ch/root-jenkins/job/root-pullrequests-build/99083/console).; ### Failing tests:; - [projectroot.roottest.root.io.emulated.roottest_root_io_emulated_make](https://lcgapp-services.cern.ch/root-jenkins/job/root-pullrequests-build/99083/testReport/projectroot.roottest.root.io/emulated/roottest_root_io_emulated_make/); - [projectroot.roottest.root.tree.fastcloning.roottest_root_tree_fastcloning_execCheckClusterRange](https://lcgapp-services.cern.ch/root-jenkins/job/root-pullrequests-build/99083/testReport/projectroot.roottest.root.tree/fastcloning/roottest_root_tree_fastcloning_execCheckClusterRange/),MatchSource.ISSUE_COMMENT,root-project,root,v6-32-06,https://github.com/root-project/root/pull/6639#issuecomment-708462197:253,test,tests,253,https://root.cern,https://github.com/root-project/root/pull/6639#issuecomment-708462197,3,['test'],"['testReport', 'tests']"
Testability,Build failed on ROOT-fedora31/noimt.; Running on root-fedora-31-2.cern.ch:/home/sftnight/build/workspace/root-pullrequests-build; [See console output](https://lcgapp-services.cern.ch/root-jenkins/job/root-pullrequests-build/99195/console).; ### Failing tests:; - [projectroot.test.test_stressIOPlugins_xroot](https://lcgapp-services.cern.ch/root-jenkins/job/root-pullrequests-build/99195/testReport/projectroot/test/test_stressIOPlugins_xroot/),MatchSource.ISSUE_COMMENT,root-project,root,v6-32-06,https://github.com/root-project/root/pull/6634#issuecomment-709396807:253,test,tests,253,https://root.cern,https://github.com/root-project/root/pull/6634#issuecomment-709396807,4,['test'],"['test', 'testReport', 'tests']"
Testability,Build failed on ROOT-fedora31/noimt.; Running on root-fedora-31-2.cern.ch:/home/sftnight/build/workspace/root-pullrequests-build; [See console output](https://lcgapp-services.cern.ch/root-jenkins/job/root-pullrequests-build/99203/console).; ### Warnings:; - [2020-10-15T17:37:51.095Z] /home/sftnight/build/workspace/root-pullrequests-build/root/roofit/roofitcore/src/RooVectorDataStore.cxx:1441:12: warning: declaration of ‘result’ shadows a previous local [-Wshadow] ; - [2020-10-15T17:37:51.095Z] /home/sftnight/build/workspace/root-pullrequests-build/root/roofit/roofitcore/src/RooVectorDataStore.cxx:1441:12: warning: variable ‘result’ set but not used [-Wunused-but-set-variable] ; - [2020-10-15T17:38:01.970Z] /home/sftnight/build/workspace/root-pullrequests-build/root/roofit/roofitcore/test/testNumericIntAndRooRealBinding.cxx:52:42: warning: declaration of ‘b’ shadows a previous local [-Wshadow] ; - [2020-10-15T17:38:01.970Z] /home/sftnight/build/workspace/root-pullrequests-build/root/roofit/roofitcore/test/testNumericIntAndRooRealBinding.cxx:52:42: warning: declaration of ‘a’ shadows a previous local [-Wshadow] ; - [2020-10-15T17:38:01.970Z] /home/sftnight/build/workspace/root-pullrequests-build/root/roofit/roofitcore/test/testNumericIntAndRooRealBinding.cxx:115:62: warning: declaration of ‘d’ shadows a previous local [-Wshadow] ; - [2020-10-15T17:38:01.970Z] /home/sftnight/build/workspace/root-pullrequests-build/root/roofit/roofitcore/test/testNumericIntAndRooRealBinding.cxx:115:62: warning: declaration of ‘c’ shadows a previous local [-Wshadow] ; - [2020-10-15T17:38:01.970Z] /home/sftnight/build/workspace/root-pullrequests-build/root/roofit/roofitcore/test/testNumericIntAndRooRealBinding.cxx:115:62: warning: declaration of ‘b’ shadows a previous local [-Wshadow] ; - [2020-10-15T17:38:01.970Z] /home/sftnight/build/workspace/root-pullrequests-build/root/roofit/roofitcore/test/testNumericIntAndRooRealBinding.cxx:115:62: warning: declaration of ‘a’ shadows a previous loc,MatchSource.ISSUE_COMMENT,root-project,root,v6-32-06,https://github.com/root-project/root/pull/6632#issuecomment-709488157:794,test,test,794,https://root.cern,https://github.com/root-project/root/pull/6632#issuecomment-709488157,4,['test'],"['test', 'testNumericIntAndRooRealBinding']"
Testability,Build failed on ROOT-fedora31/noimt.; Running on root-fedora-31-2.cern.ch:/home/sftnight/build/workspace/root-pullrequests-build; [See console output](https://lcgapp-services.cern.ch/root-jenkins/job/root-pullrequests-build/99396/console).; ### Failing tests:; - [projectroot.test.test_stressHistFactory_interpreted](https://lcgapp-services.cern.ch/root-jenkins/job/root-pullrequests-build/99396/testReport/projectroot/test/test_stressHistFactory_interpreted/); - [projectroot.test.test_stressroostats_interpreted](https://lcgapp-services.cern.ch/root-jenkins/job/root-pullrequests-build/99396/testReport/projectroot/test/test_stressroostats_interpreted/); - [projectroot.test.test_stressroofit_interpreted](https://lcgapp-services.cern.ch/root-jenkins/job/root-pullrequests-build/99396/testReport/projectroot/test/test_stressroofit_interpreted/); - [projectroot.bindings.pyroot.pythonizations.test.pyunittests_pyroot_pyz_roodatahist_ploton](https://lcgapp-services.cern.ch/root-jenkins/job/root-pullrequests-build/99396/testReport/projectroot.bindings.pyroot.pythonizations/test/pyunittests_pyroot_pyz_roodatahist_ploton/); - [projectroot.bindings.pyroot.pythonizations.test.pyunittests_pyroot_pyz_rooworkspace](https://lcgapp-services.cern.ch/root-jenkins/job/root-pullrequests-build/99396/testReport/projectroot.bindings.pyroot.pythonizations/test/pyunittests_pyroot_pyz_rooworkspace/); - [projectroot.bindings.pyroot.pythonizations.test.pyunittests_pyroot_pyz_rooabscollection_len](https://lcgapp-services.cern.ch/root-jenkins/job/root-pullrequests-build/99396/testReport/projectroot.bindings.pyroot.pythonizations/test/pyunittests_pyroot_pyz_rooabscollection_len/); - [projectroot.roofit.histfactory.test.gtest_roofit_histfactory_test_testHistFactory](https://lcgapp-services.cern.ch/root-jenkins/job/root-pullrequests-build/99396/testReport/projectroot.roofit.histfactory/test/gtest_roofit_histfactory_test_testHistFactory/); - [projectroot.roofit.roofit.test.gtest_roofit_roofit_test_testRooPoi,MatchSource.ISSUE_COMMENT,root-project,root,v6-32-06,https://github.com/root-project/root/pull/6665#issuecomment-712186915:253,test,tests,253,https://root.cern,https://github.com/root-project/root/pull/6665#issuecomment-712186915,11,['test'],"['test', 'testReport', 'tests']"
Testability,Build failed on ROOT-fedora31/noimt.; Running on root-fedora-31-2.cern.ch:/home/sftnight/build/workspace/root-pullrequests-build; [See console output](https://lcgapp-services.cern.ch/root-jenkins/job/root-pullrequests-build/99524/console).; ### Failing tests:; - [projectroot.roottest.root.meta.tclass.roottest_root_meta_tclass_libdatamemberload_build](https://lcgapp-services.cern.ch/root-jenkins/job/root-pullrequests-build/99524/testReport/projectroot.roottest.root.meta/tclass/roottest_root_meta_tclass_libdatamemberload_build/); - [projectroot.roottest.root.meta.tclass.roottest_root_meta_tclass_datamemberload](https://lcgapp-services.cern.ch/root-jenkins/job/root-pullrequests-build/99524/testReport/projectroot.roottest.root.meta/tclass/roottest_root_meta_tclass_datamemberload/),MatchSource.ISSUE_COMMENT,root-project,root,v6-32-06,https://github.com/root-project/root/pull/6668#issuecomment-712872010:253,test,tests,253,https://root.cern,https://github.com/root-project/root/pull/6668#issuecomment-712872010,3,['test'],"['testReport', 'tests']"
Testability,Build failed on ROOT-fedora31/noimt.; Running on root-fedora-31-2.cern.ch:/home/sftnight/build/workspace/root-pullrequests-build; [See console output](https://lcgapp-services.cern.ch/root-jenkins/job/root-pullrequests-build/99677/console).; ### Failing tests:; - [projectroot.test.test_stressmathcore_interpreted](https://lcgapp-services.cern.ch/root-jenkins/job/root-pullrequests-build/99677/testReport/projectroot/test/test_stressmathcore_interpreted/); - [projectroot.roottest.root.io.fakeClass.roottest_root_io_fakeClass_make](https://lcgapp-services.cern.ch/root-jenkins/job/root-pullrequests-build/99677/testReport/projectroot.roottest.root.io/fakeClass/roottest_root_io_fakeClass_make/); - [projectroot.roottest.root.meta.MakeProject.roottest_root_meta_MakeProject_stltest](https://lcgapp-services.cern.ch/root-jenkins/job/root-pullrequests-build/99677/testReport/projectroot.roottest.root.meta/MakeProject/roottest_root_meta_MakeProject_stltest/); - [projectroot.roottest.root.meta.MakeProject.roottest_root_meta_MakeProject_foreign](https://lcgapp-services.cern.ch/root-jenkins/job/root-pullrequests-build/99677/testReport/projectroot.roottest.root.meta/MakeProject/roottest_root_meta_MakeProject_foreign/); - [projectroot.roottest.root.meta.ROOT-7462.roottest_root_meta_ROOT_7462_make](https://lcgapp-services.cern.ch/root-jenkins/job/root-pullrequests-build/99677/testReport/projectroot.roottest.root.meta/ROOT-7462/roottest_root_meta_ROOT_7462_make/); - [projectroot.roottest.root.tree.cloning.roottest_root_tree_cloning_treeCloneTest](https://lcgapp-services.cern.ch/root-jenkins/job/root-pullrequests-build/99677/testReport/projectroot.roottest.root.tree/cloning/roottest_root_tree_cloning_treeCloneTest/); - [projectroot.roottest.root.treeformula.schemaEvolution.roottest_root_treeformula_schemaEvolution_make](https://lcgapp-services.cern.ch/root-jenkins/job/root-pullrequests-build/99677/testReport/projectroot.roottest.root.treeformula/schemaEvolution/roottest_root_treeformula_schem,MatchSource.ISSUE_COMMENT,root-project,root,v6-32-06,https://github.com/root-project/root/pull/6680#issuecomment-713842008:253,test,tests,253,https://root.cern,https://github.com/root-project/root/pull/6680#issuecomment-713842008,6,['test'],"['test', 'testReport', 'tests']"
Testability,Build failed on ROOT-fedora31/noimt.; Running on root-fedora-31-2.cern.ch:/home/sftnight/build/workspace/root-pullrequests-build; [See console output](https://lcgapp-services.cern.ch/root-jenkins/job/root-pullrequests-build/99685/console).; ### Failing tests:; - [projectroot.test.test_stressmathcore_interpreted](https://lcgapp-services.cern.ch/root-jenkins/job/root-pullrequests-build/99685/testReport/projectroot/test/test_stressmathcore_interpreted/),MatchSource.ISSUE_COMMENT,root-project,root,v6-32-06,https://github.com/root-project/root/pull/6680#issuecomment-713920193:253,test,tests,253,https://root.cern,https://github.com/root-project/root/pull/6680#issuecomment-713920193,4,['test'],"['test', 'testReport', 'tests']"
Testability,Build failed on ROOT-fedora31/noimt.; Running on root-fedora-31-2.cern.ch:/home/sftnight/build/workspace/root-pullrequests-build; [See console output](https://lcgapp-services.cern.ch/root-jenkins/job/root-pullrequests-build/99816/console).; ### Failing tests:; - [projectroot.roofit.roofitcore.test.gtest_roofit_roofitcore_test_testRooNLLVar](https://lcgapp-services.cern.ch/root-jenkins/job/root-pullrequests-build/99816/testReport/projectroot.roofit.roofitcore/test/gtest_roofit_roofitcore_test_testRooNLLVar/),MatchSource.ISSUE_COMMENT,root-project,root,v6-32-06,https://github.com/root-project/root/pull/6694#issuecomment-714561346:253,test,tests,253,https://root.cern,https://github.com/root-project/root/pull/6694#issuecomment-714561346,4,['test'],"['test', 'testReport', 'tests']"
Testability,Build failed on ROOT-fedora31/noimt.; Running on root-fedora-31-2.cern.ch:/home/sftnight/build/workspace/root-pullrequests-build; [See console output](https://lcgapp-services.cern.ch/root-jenkins/job/root-pullrequests-build/99840/console).; ### Failing tests:; - [projectroot.roofit.roofitcore.test.gtest_roofit_roofitcore_test_testRooNLLVar](https://lcgapp-services.cern.ch/root-jenkins/job/root-pullrequests-build/99840/testReport/projectroot.roofit.roofitcore/test/gtest_roofit_roofitcore_test_testRooNLLVar/),MatchSource.ISSUE_COMMENT,root-project,root,v6-32-06,https://github.com/root-project/root/pull/6694#issuecomment-714594688:253,test,tests,253,https://root.cern,https://github.com/root-project/root/pull/6694#issuecomment-714594688,4,['test'],"['test', 'testReport', 'tests']"
Testability,"Build failed on ROOT-fedora31/noimt.; Running on root-fedora-31-2.cern.ch:/home/sftnight/build/workspace/root-pullrequests-build; [See console output](https://lcgapp-services.cern.ch/root-jenkins/job/root-pullrequests-build/99872/console).; ### Warnings:; - [2020-10-22T17:37:26.800Z] /home/sftnight/build/workspace/root-pullrequests-build/root/core/meta/src/TProtoClass.cxx:264:68: warning: format ‘%ld’ expects argument of type ‘long int’, but argument 5 has type ‘Int_t’ {aka ‘int’} [-Wformat=] ; - [2020-10-22T17:37:26.800Z] /home/sftnight/build/workspace/root-pullrequests-build/root/core/meta/src/TProtoClass.cxx:264:124: warning: format ‘%ld’ expects argument of type ‘long int’, but argument 6 has type ‘Int_t’ {aka ‘int’} [-Wformat=] . ### Failing tests:; - [projectroot.roottest.root.meta.MakeProject.roottest_root_meta_MakeProject_stltest](https://lcgapp-services.cern.ch/root-jenkins/job/root-pullrequests-build/99872/testReport/projectroot.roottest.root.meta/MakeProject/roottest_root_meta_MakeProject_stltest/); - [projectroot.test.test_stressmathcore_interpreted](https://lcgapp-services.cern.ch/root-jenkins/job/root-pullrequests-build/99872/testReport/projectroot/test/test_stressmathcore_interpreted/)",MatchSource.ISSUE_COMMENT,root-project,root,v6-32-06,https://github.com/root-project/root/pull/6680#issuecomment-714655473:757,test,tests,757,https://root.cern,https://github.com/root-project/root/pull/6680#issuecomment-714655473,5,['test'],"['test', 'testReport', 'tests']"
Testability,Build failed on ROOT-fedora31/noimt.; Running on root-fedora-31-2.cern.ch:/home/sftnight/build/workspace/root-pullrequests-build; [See console output](https://lcgapp-services.cern.ch/root-jenkins/job/root-pullrequests-build/99888/console).; ### Failing tests:; - [projectroot.roottest.root.meta.MakeProject.roottest_root_meta_MakeProject_stltest](https://lcgapp-services.cern.ch/root-jenkins/job/root-pullrequests-build/99888/testReport/projectroot.roottest.root.meta/MakeProject/roottest_root_meta_MakeProject_stltest/); - [projectroot.test.test_stressmathcore_interpreted](https://lcgapp-services.cern.ch/root-jenkins/job/root-pullrequests-build/99888/testReport/projectroot/test/test_stressmathcore_interpreted/),MatchSource.ISSUE_COMMENT,root-project,root,v6-32-06,https://github.com/root-project/root/pull/6680#issuecomment-714706316:253,test,tests,253,https://root.cern,https://github.com/root-project/root/pull/6680#issuecomment-714706316,5,['test'],"['test', 'testReport', 'tests']"
Testability,Build failed on ROOT-fedora31/noimt.; Running on root-fedora-31-2.cern.ch:/home/sftnight/build/workspace/root-pullrequests-build; [See console output](https://lcgapp-services.cern.ch/root-jenkins/job/root-pullrequests-build/99904/console).; ### Failing tests:; - [projectroot.roottest.root.meta.MakeProject.roottest_root_meta_MakeProject_stltest](https://lcgapp-services.cern.ch/root-jenkins/job/root-pullrequests-build/99904/testReport/projectroot.roottest.root.meta/MakeProject/roottest_root_meta_MakeProject_stltest/); - [projectroot.test.test_stressmathcore_interpreted](https://lcgapp-services.cern.ch/root-jenkins/job/root-pullrequests-build/99904/testReport/projectroot/test/test_stressmathcore_interpreted/); - [projectroot.roottest.root.meta.tclass.roottest_root_meta_tclass_datamemberload](https://lcgapp-services.cern.ch/root-jenkins/job/root-pullrequests-build/99904/testReport/projectroot.roottest.root.meta/tclass/roottest_root_meta_tclass_datamemberload/),MatchSource.ISSUE_COMMENT,root-project,root,v6-32-06,https://github.com/root-project/root/pull/6680#issuecomment-714733751:253,test,tests,253,https://root.cern,https://github.com/root-project/root/pull/6680#issuecomment-714733751,6,['test'],"['test', 'testReport', 'tests']"
Testability,Build failed on ROOT-fedora31/noimt.; Running on root-fedora-31-2.cern.ch:/home/sftnight/build/workspace/root-pullrequests-build; [See console output](https://lcgapp-services.cern.ch/root-jenkins/job/root-pullrequests-build/99912/console).; ### Failing tests:; - [projectroot.test.test_stressmathcore_interpreted](https://lcgapp-services.cern.ch/root-jenkins/job/root-pullrequests-build/99912/testReport/projectroot/test/test_stressmathcore_interpreted/),MatchSource.ISSUE_COMMENT,root-project,root,v6-32-06,https://github.com/root-project/root/pull/6680#issuecomment-714775255:253,test,tests,253,https://root.cern,https://github.com/root-project/root/pull/6680#issuecomment-714775255,4,['test'],"['test', 'testReport', 'tests']"
Testability,Build failed on ROOT-fedora31/noimt.; [See cdash ](http://cdash.cern.ch/index.php?project=ROOT&filtercount=1&field1=buildname/string&compare1=65&value1=PR-5190-ROOT-fedora31-noimt&date=2020-04-14).; [See console output](https://lcgapp-services.cern.ch/root-jenkins/job/root-pullrequests-build/76291/console).; ### Failing tests:; - [projectroot.roottest.root.io.filemerger.roottest_root_io_filemerger_simple_lz4_compr_level1](https://lcgapp-services.cern.ch/root-jenkins/job/root-pullrequests-build/76291/testReport/projectroot.roottest.root.io/filemerger/roottest_root_io_filemerger_simple_lz4_compr_level1/); - [projectroot.roottest.root.tree.fastcloning.roottest_root_tree_fastcloning_execCheckClusterRange](https://lcgapp-services.cern.ch/root-jenkins/job/root-pullrequests-build/76291/testReport/projectroot.roottest.root.tree/fastcloning/roottest_root_tree_fastcloning_execCheckClusterRange/),MatchSource.ISSUE_COMMENT,root-project,root,v6-32-06,https://github.com/root-project/root/pull/5190#issuecomment-613271815:322,test,tests,322,https://root.cern,https://github.com/root-project/root/pull/5190#issuecomment-613271815,3,['test'],"['testReport', 'tests']"
Testability,Build failed on ROOT-fedora31/noimt.; [See cdash ](http://cdash.cern.ch/index.php?project=ROOT&filtercount=1&field1=buildname/string&compare1=65&value1=PR-5219-ROOT-fedora31-noimt&date=2020-04-15).; [See console output](https://lcgapp-services.cern.ch/root-jenkins/job/root-pullrequests-build/76571/console).; ### Failing tests:; - [projectroot.roofit.roofitcore.test.gtest_roofit_roofitcore_test_testProxiesAndCategories](https://lcgapp-services.cern.ch/root-jenkins/job/root-pullrequests-build/76571/testReport/projectroot.roofit.roofitcore/test/gtest_roofit_roofitcore_test_testProxiesAndCategories/),MatchSource.ISSUE_COMMENT,root-project,root,v6-32-06,https://github.com/root-project/root/pull/5219#issuecomment-614180123:322,test,tests,322,https://root.cern,https://github.com/root-project/root/pull/5219#issuecomment-614180123,4,['test'],"['test', 'testReport', 'tests']"
Testability,Build failed on ROOT-fedora31/noimt.; [See cdash ](http://cdash.cern.ch/index.php?project=ROOT&filtercount=1&field1=buildname/string&compare1=65&value1=PR-5219-ROOT-fedora31-noimt&date=2020-04-16).; [See console output](https://lcgapp-services.cern.ch/root-jenkins/job/root-pullrequests-build/76579/console).; ### Failing tests:; - [projectroot.roofit.roofitcore.test.gtest_roofit_roofitcore_test_testProxiesAndCategories](https://lcgapp-services.cern.ch/root-jenkins/job/root-pullrequests-build/76579/testReport/projectroot.roofit.roofitcore/test/gtest_roofit_roofitcore_test_testProxiesAndCategories/),MatchSource.ISSUE_COMMENT,root-project,root,v6-32-06,https://github.com/root-project/root/pull/5219#issuecomment-614464773:322,test,tests,322,https://root.cern,https://github.com/root-project/root/pull/5219#issuecomment-614464773,4,['test'],"['test', 'testReport', 'tests']"
Testability,Build failed on ROOT-fedora31/noimt.; [See cdash ](http://cdash.cern.ch/index.php?project=ROOT&filtercount=1&field1=buildname/string&compare1=65&value1=PR-5219-ROOT-fedora31-noimt&date=2020-04-16).; [See console output](https://lcgapp-services.cern.ch/root-jenkins/job/root-pullrequests-build/76635/console).; ### Failing tests:; - [projectroot.roofit.roofitcore.test.gtest_roofit_roofitcore_test_testProxiesAndCategories](https://lcgapp-services.cern.ch/root-jenkins/job/root-pullrequests-build/76635/testReport/projectroot.roofit.roofitcore/test/gtest_roofit_roofitcore_test_testProxiesAndCategories/),MatchSource.ISSUE_COMMENT,root-project,root,v6-32-06,https://github.com/root-project/root/pull/5219#issuecomment-614523230:322,test,tests,322,https://root.cern,https://github.com/root-project/root/pull/5219#issuecomment-614523230,4,['test'],"['test', 'testReport', 'tests']"
Testability,Build failed on ROOT-fedora31/noimt.; [See cdash ](http://cdash.cern.ch/index.php?project=ROOT&filtercount=1&field1=buildname/string&compare1=65&value1=PR-5219-ROOT-fedora31-noimt&date=2020-04-18).; [See console output](https://lcgapp-services.cern.ch/root-jenkins/job/root-pullrequests-build/77088/console).; ### Failing tests:; - [projectroot.roofit.roofitcore.test.gtest_roofit_roofitcore_test_testProxiesAndCategories](https://lcgapp-services.cern.ch/root-jenkins/job/root-pullrequests-build/77088/testReport/projectroot.roofit.roofitcore/test/gtest_roofit_roofitcore_test_testProxiesAndCategories/),MatchSource.ISSUE_COMMENT,root-project,root,v6-32-06,https://github.com/root-project/root/pull/5219#issuecomment-615526802:322,test,tests,322,https://root.cern,https://github.com/root-project/root/pull/5219#issuecomment-615526802,4,['test'],"['test', 'testReport', 'tests']"
Testability,Build failed on ROOT-fedora31/noimt.; [See cdash ](http://cdash.cern.ch/index.php?project=ROOT&filtercount=1&field1=buildname/string&compare1=65&value1=PR-5235)[See console output](https://lcgapp-services.cern.ch/root-jenkins/job/root-pullrequests-build/74873/console).; ### Failing tests:; - [projectroot.roottest.scripts.roottest_scripts_utils](https://lcgapp-services.cern.ch/root-jenkins/job/root-pullrequests-build/74873/testReport/projectroot.roottest/scripts/roottest_scripts_utils/),MatchSource.ISSUE_COMMENT,root-project,root,v6-32-06,https://github.com/root-project/root/pull/5235#issuecomment-607988816:283,test,tests,283,https://root.cern,https://github.com/root-project/root/pull/5235#issuecomment-607988816,2,['test'],"['testReport', 'tests']"
Testability,Build failed on ROOT-fedora31/noimt.; [See cdash ](http://cdash.cern.ch/index.php?project=ROOT&filtercount=1&field1=buildname/string&compare1=65&value1=PR-5244)[See console output](https://lcgapp-services.cern.ch/root-jenkins/job/root-pullrequests-build/73836/console).; ### Failing tests:; - [projectroot.tree.dataframe.test.gtest_tree_dataframe_test_dataframe_display](https://lcgapp-services.cern.ch/root-jenkins/job/root-pullrequests-build/73836/testReport/projectroot.tree.dataframe/test/gtest_tree_dataframe_test_dataframe_display/),MatchSource.ISSUE_COMMENT,root-project,root,v6-32-06,https://github.com/root-project/root/pull/5244#issuecomment-605621483:283,test,tests,283,https://root.cern,https://github.com/root-project/root/pull/5244#issuecomment-605621483,4,['test'],"['test', 'testReport', 'tests']"
Testability,Build failed on ROOT-fedora31/noimt.; [See cdash ](http://cdash.cern.ch/index.php?project=ROOT&filtercount=1&field1=buildname/string&compare1=65&value1=PR-5252)[See console output](https://lcgapp-services.cern.ch/root-jenkins/job/root-pullrequests-build/74334/console).; ### Failing tests:; - [projectroot.bindings.pyroot_experimental.pythonizations.test.pyunittests_pyroot_import_load_libs](https://lcgapp-services.cern.ch/root-jenkins/job/root-pullrequests-build/74334/testReport/projectroot.bindings.pyroot_experimental.pythonizations/test/pyunittests_pyroot_import_load_libs/),MatchSource.ISSUE_COMMENT,root-project,root,v6-32-06,https://github.com/root-project/root/pull/5252#issuecomment-606655674:283,test,tests,283,https://root.cern,https://github.com/root-project/root/pull/5252#issuecomment-606655674,4,['test'],"['test', 'testReport', 'tests']"
Testability,Build failed on ROOT-fedora31/noimt.; [See cdash ](http://cdash.cern.ch/index.php?project=ROOT&filtercount=1&field1=buildname/string&compare1=65&value1=PR-5252)[See console output](https://lcgapp-services.cern.ch/root-jenkins/job/root-pullrequests-build/74359/console).; ### Failing tests:; - [projectroot.bindings.pyroot_experimental.pythonizations.test.pyunittests_pyroot_import_load_libs](https://lcgapp-services.cern.ch/root-jenkins/job/root-pullrequests-build/74359/testReport/projectroot.bindings.pyroot_experimental.pythonizations/test/pyunittests_pyroot_import_load_libs/); - [projectroot.bindings.pyroot_experimental.pythonizations.test.pyunittests_pyroot_pyz_rdataframe_makenumpy](https://lcgapp-services.cern.ch/root-jenkins/job/root-pullrequests-build/74359/testReport/projectroot.bindings.pyroot_experimental.pythonizations/test/pyunittests_pyroot_pyz_rdataframe_makenumpy/),MatchSource.ISSUE_COMMENT,root-project,root,v6-32-06,https://github.com/root-project/root/pull/5252#issuecomment-606686629:283,test,tests,283,https://root.cern,https://github.com/root-project/root/pull/5252#issuecomment-606686629,7,['test'],"['test', 'testReport', 'tests']"
Testability,Build failed on ROOT-fedora31/noimt.; [See cdash ](http://cdash.cern.ch/index.php?project=ROOT&filtercount=1&field1=buildname/string&compare1=65&value1=PR-5252)[See console output](https://lcgapp-services.cern.ch/root-jenkins/job/root-pullrequests-build/74439/console).; ### Failing tests:; - [projectroot.bindings.pyroot_experimental.pythonizations.test.pyunittests_pyroot_import_load_libs](https://lcgapp-services.cern.ch/root-jenkins/job/root-pullrequests-build/74439/testReport/projectroot.bindings.pyroot_experimental.pythonizations/test/pyunittests_pyroot_import_load_libs/),MatchSource.ISSUE_COMMENT,root-project,root,v6-32-06,https://github.com/root-project/root/pull/5252#issuecomment-606748297:283,test,tests,283,https://root.cern,https://github.com/root-project/root/pull/5252#issuecomment-606748297,4,['test'],"['test', 'testReport', 'tests']"
Testability,Build failed on ROOT-fedora31/noimt.; [See cdash ](http://cdash.cern.ch/index.php?project=ROOT&filtercount=1&field1=buildname/string&compare1=65&value1=PR-5256)[See console output](https://lcgapp-services.cern.ch/root-jenkins/job/root-pullrequests-build/74171/console).; ### Failing tests:; - [projectroot.bindings.pyroot_experimental.pythonizations.test.pyunittests_pyroot_import_load_libs](https://lcgapp-services.cern.ch/root-jenkins/job/root-pullrequests-build/74171/testReport/projectroot.bindings.pyroot_experimental.pythonizations/test/pyunittests_pyroot_import_load_libs/),MatchSource.ISSUE_COMMENT,root-project,root,v6-32-06,https://github.com/root-project/root/pull/5256#issuecomment-606499088:283,test,tests,283,https://root.cern,https://github.com/root-project/root/pull/5256#issuecomment-606499088,4,['test'],"['test', 'testReport', 'tests']"
Testability,Build failed on ROOT-fedora31/noimt.; [See cdash ](http://cdash.cern.ch/index.php?project=ROOT&filtercount=1&field1=buildname/string&compare1=65&value1=PR-5256)[See console output](https://lcgapp-services.cern.ch/root-jenkins/job/root-pullrequests-build/74212/console).; ### Failing tests:; - [projectroot.bindings.pyroot_experimental.pythonizations.test.pyunittests_pyroot_import_load_libs](https://lcgapp-services.cern.ch/root-jenkins/job/root-pullrequests-build/74212/testReport/projectroot.bindings.pyroot_experimental.pythonizations/test/pyunittests_pyroot_import_load_libs/),MatchSource.ISSUE_COMMENT,root-project,root,v6-32-06,https://github.com/root-project/root/pull/5256#issuecomment-606548232:283,test,tests,283,https://root.cern,https://github.com/root-project/root/pull/5256#issuecomment-606548232,4,['test'],"['test', 'testReport', 'tests']"
Testability,Build failed on ROOT-fedora31/noimt.; [See cdash ](http://cdash.cern.ch/index.php?project=ROOT&filtercount=1&field1=buildname/string&compare1=65&value1=PR-5283)[See console output](https://lcgapp-services.cern.ch/root-jenkins/job/root-pullrequests-build/74897/console).; ### Failing tests:; - [projectroot.roottest.root.io.double32.roottest_root_io_double32_make](https://lcgapp-services.cern.ch/root-jenkins/job/root-pullrequests-build/74897/testReport/projectroot.roottest.root.io/double32/roottest_root_io_double32_make/),MatchSource.ISSUE_COMMENT,root-project,root,v6-32-06,https://github.com/root-project/root/pull/5283#issuecomment-608046361:283,test,tests,283,https://root.cern,https://github.com/root-project/root/pull/5283#issuecomment-608046361,2,['test'],"['testReport', 'tests']"
Testability,Build failed on ROOT-fedora31/noimt.; [See cdash ](http://cdash.cern.ch/index.php?project=ROOT&filtercount=1&field1=buildname/string&compare1=65&value1=PR-5287)[See console output](https://lcgapp-services.cern.ch/root-jenkins/job/root-pullrequests-build/74979/console).; ### Failing tests:; - [projectroot.test.test_stressHistFactory_interpreted](https://lcgapp-services.cern.ch/root-jenkins/job/root-pullrequests-build/74979/testReport/projectroot/test/test_stressHistFactory_interpreted/); - [projectroot.test.test_stressroostats_interpreted](https://lcgapp-services.cern.ch/root-jenkins/job/root-pullrequests-build/74979/testReport/projectroot/test/test_stressroostats_interpreted/),MatchSource.ISSUE_COMMENT,root-project,root,v6-32-06,https://github.com/root-project/root/pull/5287#issuecomment-608377410:283,test,tests,283,https://root.cern,https://github.com/root-project/root/pull/5287#issuecomment-608377410,7,['test'],"['test', 'testReport', 'tests']"
Testability,Build failed on ROOT-fedora31/noimt.; [See cdash ](http://cdash.cern.ch/index.php?project=ROOT&filtercount=1&field1=buildname/string&compare1=65&value1=PR-5288-ROOT-fedora31-noimt&date=2020-04-06).; [See console output](https://lcgapp-services.cern.ch/root-jenkins/job/root-pullrequests-build/75401/console).; ### Failing tests:; - [projectroot.roottest.root.multicore.roottest_root_multicore_tclass_methods_libgen_build](https://lcgapp-services.cern.ch/root-jenkins/job/root-pullrequests-build/75401/testReport/projectroot.roottest.root/multicore/roottest_root_multicore_tclass_methods_libgen_build/); - [projectroot.roottest.root.multicore.roottest_root_multicore_fork](https://lcgapp-services.cern.ch/root-jenkins/job/root-pullrequests-build/75401/testReport/projectroot.roottest.root/multicore/roottest_root_multicore_fork/),MatchSource.ISSUE_COMMENT,root-project,root,v6-32-06,https://github.com/root-project/root/pull/5288#issuecomment-609870905:322,test,tests,322,https://root.cern,https://github.com/root-project/root/pull/5288#issuecomment-609870905,3,['test'],"['testReport', 'tests']"
Testability,Build failed on ROOT-fedora31/noimt.; [See cdash ](http://cdash.cern.ch/index.php?project=ROOT&filtercount=1&field1=buildname/string&compare1=65&value1=PR-5292)[See console output](https://lcgapp-services.cern.ch/root-jenkins/job/root-pullrequests-build/75051/console).; ### Failing tests:; - [projectroot.tree.dataframe.test.gtest_tree_dataframe_test_dataframe_snapshot](https://lcgapp-services.cern.ch/root-jenkins/job/root-pullrequests-build/75051/testReport/projectroot.tree.dataframe/test/gtest_tree_dataframe_test_dataframe_snapshot/); - [projectroot.roottest.root.dataframe.roottest_root_dataframe_test_trainCache](https://lcgapp-services.cern.ch/root-jenkins/job/root-pullrequests-build/75051/testReport/projectroot.roottest.root/dataframe/roottest_root_dataframe_test_trainCache/); - [projectroot.roottest.root.dataframe.roottest_root_dataframe_emptysource](https://lcgapp-services.cern.ch/root-jenkins/job/root-pullrequests-build/75051/testReport/projectroot.roottest.root/dataframe/roottest_root_dataframe_emptysource/); - [projectroot.roottest.root.dataframe.roottest_root_dataframe_missingBranches](https://lcgapp-services.cern.ch/root-jenkins/job/root-pullrequests-build/75051/testReport/projectroot.roottest.root/dataframe/roottest_root_dataframe_missingBranches/); - [projectroot.roottest.root.dataframe.roottest_root_dataframe_test_callables](https://lcgapp-services.cern.ch/root-jenkins/job/root-pullrequests-build/75051/testReport/projectroot.roottest.root/dataframe/roottest_root_dataframe_test_callables/); - [projectroot.roottest.root.dataframe.roottest_root_dataframe_test_readerarray](https://lcgapp-services.cern.ch/root-jenkins/job/root-pullrequests-build/75051/testReport/projectroot.roottest.root/dataframe/roottest_root_dataframe_test_readerarray/); - [projectroot.roottest.root.dataframe.roottest_root_dataframe_test_glob](https://lcgapp-services.cern.ch/root-jenkins/job/root-pullrequests-build/75051/testReport/projectroot.roottest.root/dataframe/roottest_root_datafram,MatchSource.ISSUE_COMMENT,root-project,root,v6-32-06,https://github.com/root-project/root/pull/5292#issuecomment-608542825:283,test,tests,283,https://root.cern,https://github.com/root-project/root/pull/5292#issuecomment-608542825,6,['test'],"['test', 'testReport', 'tests']"
Testability,Build failed on ROOT-fedora31/noimt.; [See cdash ](http://cdash.cern.ch/index.php?project=ROOT&filtercount=1&field1=buildname/string&compare1=65&value1=PR-5296-ROOT-fedora31-noimt&date=2020-04-05).; [See console output](https://lcgapp-services.cern.ch/root-jenkins/job/root-pullrequests-build/75143/console).; ### Failing tests:; - [projectroot.roottest.root.meta.MakeProject.roottest_root_meta_MakeProject_stl_makeproject_test_build](https://lcgapp-services.cern.ch/root-jenkins/job/root-pullrequests-build/75143/testReport/projectroot.roottest.root.meta/MakeProject/roottest_root_meta_MakeProject_stl_makeproject_test_build/); - [projectroot.roottest.root.io.complex.roottest_root_io_complex_classWithComplex_libgen_build](https://lcgapp-services.cern.ch/root-jenkins/job/root-pullrequests-build/75143/testReport/projectroot.roottest.root.io/complex/roottest_root_io_complex_classWithComplex_libgen_build/); - [projectroot.roottest.root.meta.MakeProject.roottest_root_meta_MakeProject_examples](https://lcgapp-services.cern.ch/root-jenkins/job/root-pullrequests-build/75143/testReport/projectroot.roottest.root.meta/MakeProject/roottest_root_meta_MakeProject_examples/); - [projectroot.roottest.root.io.stdarray.roottest_root_io_stdarray_aclicModelWrite](https://lcgapp-services.cern.ch/root-jenkins/job/root-pullrequests-build/75143/testReport/projectroot.roottest.root.io/stdarray/roottest_root_io_stdarray_aclicModelWrite/); - [projectroot.roottest.root.io.uniquePointer.roottest_root_io_uniquePointer_writePtrColls](https://lcgapp-services.cern.ch/root-jenkins/job/root-pullrequests-build/75143/testReport/projectroot.roottest.root.io/uniquePointer/roottest_root_io_uniquePointer_writePtrColls/); - [projectroot.roottest.root.io.cpp11Containers.roottest_root_io_cpp11Containers_forwardList_libgen_build](https://lcgapp-services.cern.ch/root-jenkins/job/root-pullrequests-build/75143/testReport/projectroot.roottest.root.io/cpp11Containers/roottest_root_io_cpp11Containers_forwardList_libgen_buil,MatchSource.ISSUE_COMMENT,root-project,root,v6-32-06,https://github.com/root-project/root/pull/5296#issuecomment-609407273:322,test,tests,322,https://root.cern,https://github.com/root-project/root/pull/5296#issuecomment-609407273,3,['test'],"['testReport', 'tests']"
Testability,Build failed on ROOT-fedora31/noimt.; [See cdash ](http://cdash.cern.ch/index.php?project=ROOT&filtercount=1&field1=buildname/string&compare1=65&value1=PR-5310-ROOT-fedora31-noimt&date=2020-04-07).; [See console output](https://lcgapp-services.cern.ch/root-jenkins/job/root-pullrequests-build/75481/console).; ### Failing tests:; - [projectroot.bindings.pyroot_experimental.pythonizations.test.pyunittests_pyroot_numbadefine](https://lcgapp-services.cern.ch/root-jenkins/job/root-pullrequests-build/75481/testReport/projectroot.bindings.pyroot_experimental.pythonizations/test/pyunittests_pyroot_numbadefine/),MatchSource.ISSUE_COMMENT,root-project,root,v6-32-06,https://github.com/root-project/root/pull/5310#issuecomment-610226648:322,test,tests,322,https://root.cern,https://github.com/root-project/root/pull/5310#issuecomment-610226648,4,['test'],"['test', 'testReport', 'tests']"
Testability,Build failed on ROOT-fedora31/noimt.; [See cdash ](http://cdash.cern.ch/index.php?project=ROOT&filtercount=1&field1=buildname/string&compare1=65&value1=PR-5310-ROOT-fedora31-noimt&date=2020-04-07).; [See console output](https://lcgapp-services.cern.ch/root-jenkins/job/root-pullrequests-build/75497/console).; ### Failing tests:; - [projectroot.bindings.pyroot_experimental.pythonizations.test.pyunittests_pyroot_numbadeclare](https://lcgapp-services.cern.ch/root-jenkins/job/root-pullrequests-build/75497/testReport/projectroot.bindings.pyroot_experimental.pythonizations/test/pyunittests_pyroot_numbadeclare/),MatchSource.ISSUE_COMMENT,root-project,root,v6-32-06,https://github.com/root-project/root/pull/5310#issuecomment-610251618:322,test,tests,322,https://root.cern,https://github.com/root-project/root/pull/5310#issuecomment-610251618,4,['test'],"['test', 'testReport', 'tests']"
Testability,Build failed on ROOT-fedora31/noimt.; [See cdash ](http://cdash.cern.ch/index.php?project=ROOT&filtercount=1&field1=buildname/string&compare1=65&value1=PR-5310-ROOT-fedora31-noimt&date=2020-04-07).; [See console output](https://lcgapp-services.cern.ch/root-jenkins/job/root-pullrequests-build/75529/console).; ### Failing tests:; - [projectroot.bindings.pyroot_experimental.pythonizations.test.pyunittests_pyroot_numbadeclare](https://lcgapp-services.cern.ch/root-jenkins/job/root-pullrequests-build/75529/testReport/projectroot.bindings.pyroot_experimental.pythonizations/test/pyunittests_pyroot_numbadeclare/),MatchSource.ISSUE_COMMENT,root-project,root,v6-32-06,https://github.com/root-project/root/pull/5310#issuecomment-610295250:322,test,tests,322,https://root.cern,https://github.com/root-project/root/pull/5310#issuecomment-610295250,4,['test'],"['test', 'testReport', 'tests']"
Testability,Build failed on ROOT-fedora31/noimt.; [See cdash ](http://cdash.cern.ch/index.php?project=ROOT&filtercount=1&field1=buildname/string&compare1=65&value1=PR-5310-ROOT-fedora31-noimt&date=2020-04-07).; [See console output](https://lcgapp-services.cern.ch/root-jenkins/job/root-pullrequests-build/75561/console).; ### Failing tests:; - [projectroot.bindings.pyroot_experimental.pythonizations.test.pyunittests_pyroot_numbadeclare](https://lcgapp-services.cern.ch/root-jenkins/job/root-pullrequests-build/75561/testReport/projectroot.bindings.pyroot_experimental.pythonizations/test/pyunittests_pyroot_numbadeclare/),MatchSource.ISSUE_COMMENT,root-project,root,v6-32-06,https://github.com/root-project/root/pull/5310#issuecomment-610326721:322,test,tests,322,https://root.cern,https://github.com/root-project/root/pull/5310#issuecomment-610326721,4,['test'],"['test', 'testReport', 'tests']"
Testability,Build failed on ROOT-fedora31/noimt.; [See cdash ](http://cdash.cern.ch/index.php?project=ROOT&filtercount=1&field1=buildname/string&compare1=65&value1=PR-5310-ROOT-fedora31-noimt&date=2020-04-15).; [See console output](https://lcgapp-services.cern.ch/root-jenkins/job/root-pullrequests-build/76395/console).; ### Failing tests:; - [projectroot.bindings.pyroot_experimental.pythonizations.test.pyunittests_pyroot_numbadeclare](https://lcgapp-services.cern.ch/root-jenkins/job/root-pullrequests-build/76395/testReport/projectroot.bindings.pyroot_experimental.pythonizations/test/pyunittests_pyroot_numbadeclare/),MatchSource.ISSUE_COMMENT,root-project,root,v6-32-06,https://github.com/root-project/root/pull/5310#issuecomment-613853819:322,test,tests,322,https://root.cern,https://github.com/root-project/root/pull/5310#issuecomment-613853819,4,['test'],"['test', 'testReport', 'tests']"
Testability,Build failed on ROOT-fedora31/noimt.; [See cdash ](http://cdash.cern.ch/index.php?project=ROOT&filtercount=1&field1=buildname/string&compare1=65&value1=PR-5310-ROOT-fedora31-noimt&date=2020-04-15).; [See console output](https://lcgapp-services.cern.ch/root-jenkins/job/root-pullrequests-build/76403/console).; ### Failing tests:; - [projectroot.bindings.pyroot_experimental.pythonizations.test.pyunittests_pyroot_numbadeclare](https://lcgapp-services.cern.ch/root-jenkins/job/root-pullrequests-build/76403/testReport/projectroot.bindings.pyroot_experimental.pythonizations/test/pyunittests_pyroot_numbadeclare/),MatchSource.ISSUE_COMMENT,root-project,root,v6-32-06,https://github.com/root-project/root/pull/5310#issuecomment-613860329:322,test,tests,322,https://root.cern,https://github.com/root-project/root/pull/5310#issuecomment-613860329,4,['test'],"['test', 'testReport', 'tests']"
Testability,Build failed on ROOT-fedora31/noimt.; [See cdash ](http://cdash.cern.ch/index.php?project=ROOT&filtercount=1&field1=buildname/string&compare1=65&value1=PR-5310-ROOT-fedora31-noimt&date=2020-04-15).; [See console output](https://lcgapp-services.cern.ch/root-jenkins/job/root-pullrequests-build/76499/console).; ### Failing tests:; - [projectroot.bindings.pyroot_experimental.pythonizations.test.pyunittests_pyroot_numbadeclare](https://lcgapp-services.cern.ch/root-jenkins/job/root-pullrequests-build/76499/testReport/projectroot.bindings.pyroot_experimental.pythonizations/test/pyunittests_pyroot_numbadeclare/),MatchSource.ISSUE_COMMENT,root-project,root,v6-32-06,https://github.com/root-project/root/pull/5310#issuecomment-614024982:322,test,tests,322,https://root.cern,https://github.com/root-project/root/pull/5310#issuecomment-614024982,4,['test'],"['test', 'testReport', 'tests']"
Testability,Build failed on ROOT-fedora31/noimt.; [See cdash ](http://cdash.cern.ch/index.php?project=ROOT&filtercount=1&field1=buildname/string&compare1=65&value1=PR-5310-ROOT-fedora31-noimt&date=2020-04-15).; [See console output](https://lcgapp-services.cern.ch/root-jenkins/job/root-pullrequests-build/76507/console).; ### Failing tests:; - [projectroot.bindings.pyroot_experimental.pythonizations.test.pyunittests_pyroot_numbadeclare](https://lcgapp-services.cern.ch/root-jenkins/job/root-pullrequests-build/76507/testReport/projectroot.bindings.pyroot_experimental.pythonizations/test/pyunittests_pyroot_numbadeclare/),MatchSource.ISSUE_COMMENT,root-project,root,v6-32-06,https://github.com/root-project/root/pull/5310#issuecomment-614065747:322,test,tests,322,https://root.cern,https://github.com/root-project/root/pull/5310#issuecomment-614065747,4,['test'],"['test', 'testReport', 'tests']"
Testability,Build failed on ROOT-fedora31/noimt.; [See cdash ](http://cdash.cern.ch/index.php?project=ROOT&filtercount=1&field1=buildname/string&compare1=65&value1=PR-5310-ROOT-fedora31-noimt&date=2020-04-16).; [See console output](https://lcgapp-services.cern.ch/root-jenkins/job/root-pullrequests-build/76587/console).; ### Failing tests:; - [projectroot.bindings.pyroot_experimental.pythonizations.test.pyunittests_pyroot_numbadeclare](https://lcgapp-services.cern.ch/root-jenkins/job/root-pullrequests-build/76587/testReport/projectroot.bindings.pyroot_experimental.pythonizations/test/pyunittests_pyroot_numbadeclare/),MatchSource.ISSUE_COMMENT,root-project,root,v6-32-06,https://github.com/root-project/root/pull/5310#issuecomment-614473881:322,test,tests,322,https://root.cern,https://github.com/root-project/root/pull/5310#issuecomment-614473881,4,['test'],"['test', 'testReport', 'tests']"
Testability,Build failed on ROOT-fedora31/noimt.; [See cdash ](http://cdash.cern.ch/index.php?project=ROOT&filtercount=1&field1=buildname/string&compare1=65&value1=PR-5316-ROOT-fedora31-noimt&date=2020-04-08).; [See console output](https://lcgapp-services.cern.ch/root-jenkins/job/root-pullrequests-build/75811/console).; ### Errors:; - [2020-04-08T11:11:35.541Z] /build/workspace/root-pullrequests-build/root/roofit/roofitcore/test/testRooAbsPdf.cxx:23:19: error: ‘RooDateaSet’ was not declared in this scope; did you mean ‘RooDataSet’? ; - [2020-04-08T11:11:35.541Z] /build/workspace/root-pullrequests-build/root/roofit/roofitcore/test/testRooAbsPdf.cxx:23:30: error: template argument 1 is invalid ; - [2020-04-08T11:11:35.541Z] /build/workspace/root-pullrequests-build/root/roofit/roofitcore/test/testRooAbsPdf.cxx:23:30: error: template argument 2 is invalid ; - [2020-04-08T11:11:35.541Z] /build/workspace/root-pullrequests-build/root/roofit/roofitcore/test/testRooAbsPdf.cxx:24:67: error: expression list treated as compound expression in initializer [-fpermissive] ; - [2020-04-08T11:11:35.541Z] /build/workspace/root-pullrequests-build/root/roofit/roofitcore/test/testRooAbsPdf.cxx:24:64: error: cannot convert ‘RooCmdArg’ to ‘int’ in initialization ; - [2020-04-08T11:11:35.541Z] /build/workspace/root-pullrequests-build/root/roofit/roofitcore/test/testRooAbsPdf.cxx:25:15: error: base operand of ‘-&gt;’ is not a pointer ; - [2020-04-08T11:11:35.541Z] /build/workspace/root-pullrequests-build/root/roofit/roofitcore/test/testRooAbsPdf.cxx:27:14: error: invalid type argument of unary ‘*’ (have ‘int’) . ### Warnings:; - [2020-04-08T11:11:35.541Z] /build/workspace/root-pullrequests-build/root/roofit/roofitcore/test/testRooAbsPdf.cxx:23:45: warning: left operand of comma operator has no effect [-Wunused-value] ; - [2020-04-08T11:11:35.541Z] /build/workspace/root-pullrequests-build/root/roofit/roofitcore/test/testRooAbsPdf.cxx:24:67: warning: right operand of comma operator has no effect [-Wunused-,MatchSource.ISSUE_COMMENT,root-project,root,v6-32-06,https://github.com/root-project/root/pull/5316#issuecomment-610897266:416,test,test,416,https://root.cern,https://github.com/root-project/root/pull/5316#issuecomment-610897266,8,['test'],"['test', 'testRooAbsPdf']"
Testability,Build failed on ROOT-fedora31/noimt.; [See cdash ](http://cdash.cern.ch/index.php?project=ROOT&filtercount=1&field1=buildname/string&compare1=65&value1=PR-5319-ROOT-fedora31-noimt&date=2020-04-08).; [See console output](https://lcgapp-services.cern.ch/root-jenkins/job/root-pullrequests-build/75705/console).; ### Failing tests:; - [projectroot.roottest.root.io.filemerger.roottest_root_io_filemerger_simple_lz4_compr_level1](https://lcgapp-services.cern.ch/root-jenkins/job/root-pullrequests-build/75705/testReport/projectroot.roottest.root.io/filemerger/roottest_root_io_filemerger_simple_lz4_compr_level1/); - [projectroot.roottest.root.tree.fastcloning.roottest_root_tree_fastcloning_execCheckClusterRange](https://lcgapp-services.cern.ch/root-jenkins/job/root-pullrequests-build/75705/testReport/projectroot.roottest.root.tree/fastcloning/roottest_root_tree_fastcloning_execCheckClusterRange/),MatchSource.ISSUE_COMMENT,root-project,root,v6-32-06,https://github.com/root-project/root/pull/5319#issuecomment-610668804:322,test,tests,322,https://root.cern,https://github.com/root-project/root/pull/5319#issuecomment-610668804,3,['test'],"['testReport', 'tests']"
Testability,Build failed on ROOT-fedora31/noimt.; [See cdash ](http://cdash.cern.ch/index.php?project=ROOT&filtercount=1&field1=buildname/string&compare1=65&value1=PR-5319-ROOT-fedora31-noimt&date=2020-04-08).; [See console output](https://lcgapp-services.cern.ch/root-jenkins/job/root-pullrequests-build/75859/console).; ### Failing tests:; - [projectroot.roottest.root.io.filemerger.roottest_root_io_filemerger_simple_lz4_compr_level1](https://lcgapp-services.cern.ch/root-jenkins/job/root-pullrequests-build/75859/testReport/projectroot.roottest.root.io/filemerger/roottest_root_io_filemerger_simple_lz4_compr_level1/); - [projectroot.roottest.root.tree.fastcloning.roottest_root_tree_fastcloning_execCheckClusterRange](https://lcgapp-services.cern.ch/root-jenkins/job/root-pullrequests-build/75859/testReport/projectroot.roottest.root.tree/fastcloning/roottest_root_tree_fastcloning_execCheckClusterRange/),MatchSource.ISSUE_COMMENT,root-project,root,v6-32-06,https://github.com/root-project/root/pull/5319#issuecomment-611055614:322,test,tests,322,https://root.cern,https://github.com/root-project/root/pull/5319#issuecomment-611055614,3,['test'],"['testReport', 'tests']"
Testability,Build failed on ROOT-fedora31/noimt.; [See cdash ](http://cdash.cern.ch/index.php?project=ROOT&filtercount=1&field1=buildname/string&compare1=65&value1=PR-5329-ROOT-fedora31-noimt&date=2020-04-08).; [See console output](https://lcgapp-services.cern.ch/root-jenkins/job/root-pullrequests-build/75883/console).; ### Failing tests:; - [projectroot.bindings.pyroot_experimental.pythonizations.test.pyunittests_pyroot_pyz_rdataframe_asnumpy](https://lcgapp-services.cern.ch/root-jenkins/job/root-pullrequests-build/75883/testReport/projectroot.bindings.pyroot_experimental.pythonizations/test/pyunittests_pyroot_pyz_rdataframe_asnumpy/); - [projectroot.tree.dataframe.test.gtest_tree_dataframe_test_dataframe_interface](https://lcgapp-services.cern.ch/root-jenkins/job/root-pullrequests-build/75883/testReport/projectroot.tree.dataframe/test/gtest_tree_dataframe_test_dataframe_interface/); - [projectroot.tree.dataframe.test.gtest_tree_dataframe_test_dataframe_simple](https://lcgapp-services.cern.ch/root-jenkins/job/root-pullrequests-build/75883/testReport/projectroot.tree.dataframe/test/gtest_tree_dataframe_test_dataframe_simple/); - [projectroot.tree.dataframe.test.pyunittests_dataframe_misc](https://lcgapp-services.cern.ch/root-jenkins/job/root-pullrequests-build/75883/testReport/projectroot.tree.dataframe/test/pyunittests_dataframe_misc/),MatchSource.ISSUE_COMMENT,root-project,root,v6-32-06,https://github.com/root-project/root/pull/5329#issuecomment-611075698:322,test,tests,322,https://root.cern,https://github.com/root-project/root/pull/5329#issuecomment-611075698,13,['test'],"['test', 'testReport', 'tests']"
Testability,Build failed on ROOT-fedora31/noimt.; [See cdash ](http://cdash.cern.ch/index.php?project=ROOT&filtercount=1&field1=buildname/string&compare1=65&value1=PR-5329-ROOT-fedora31-noimt&date=2020-04-14).; [See console output](https://lcgapp-services.cern.ch/root-jenkins/job/root-pullrequests-build/76355/console).; ### Failing tests:; - [projectroot.bindings.pyroot_experimental.pythonizations.test.pyunittests_pyroot_pyz_rdataframe_asnumpy](https://lcgapp-services.cern.ch/root-jenkins/job/root-pullrequests-build/76355/testReport/projectroot.bindings.pyroot_experimental.pythonizations/test/pyunittests_pyroot_pyz_rdataframe_asnumpy/); - [projectroot.tree.dataframe.test.gtest_tree_dataframe_test_dataframe_interface](https://lcgapp-services.cern.ch/root-jenkins/job/root-pullrequests-build/76355/testReport/projectroot.tree.dataframe/test/gtest_tree_dataframe_test_dataframe_interface/); - [projectroot.tree.dataframe.test.gtest_tree_dataframe_test_dataframe_simple](https://lcgapp-services.cern.ch/root-jenkins/job/root-pullrequests-build/76355/testReport/projectroot.tree.dataframe/test/gtest_tree_dataframe_test_dataframe_simple/); - [projectroot.tree.dataframe.test.pyunittests_dataframe_misc](https://lcgapp-services.cern.ch/root-jenkins/job/root-pullrequests-build/76355/testReport/projectroot.tree.dataframe/test/pyunittests_dataframe_misc/),MatchSource.ISSUE_COMMENT,root-project,root,v6-32-06,https://github.com/root-project/root/pull/5329#issuecomment-613518462:322,test,tests,322,https://root.cern,https://github.com/root-project/root/pull/5329#issuecomment-613518462,13,['test'],"['test', 'testReport', 'tests']"
Testability,Build failed on ROOT-fedora31/noimt.; [See cdash ](http://cdash.cern.ch/index.php?project=ROOT&filtercount=1&field1=buildname/string&compare1=65&value1=PR-5329-ROOT-fedora31-noimt&date=2020-04-16).; [See console output](https://lcgapp-services.cern.ch/root-jenkins/job/root-pullrequests-build/76781/console).; ### Failing tests:; - [projectroot.bindings.pyroot_experimental.pythonizations.test.pyunittests_pyroot_pyz_rdataframe_asnumpy](https://lcgapp-services.cern.ch/root-jenkins/job/root-pullrequests-build/76781/testReport/projectroot.bindings.pyroot_experimental.pythonizations/test/pyunittests_pyroot_pyz_rdataframe_asnumpy/); - [projectroot.tree.dataframe.test.gtest_tree_dataframe_test_dataframe_interface](https://lcgapp-services.cern.ch/root-jenkins/job/root-pullrequests-build/76781/testReport/projectroot.tree.dataframe/test/gtest_tree_dataframe_test_dataframe_interface/); - [projectroot.tree.dataframe.test.gtest_tree_dataframe_test_dataframe_simple](https://lcgapp-services.cern.ch/root-jenkins/job/root-pullrequests-build/76781/testReport/projectroot.tree.dataframe/test/gtest_tree_dataframe_test_dataframe_simple/); - [projectroot.tree.dataframe.test.pyunittests_dataframe_misc](https://lcgapp-services.cern.ch/root-jenkins/job/root-pullrequests-build/76781/testReport/projectroot.tree.dataframe/test/pyunittests_dataframe_misc/); - [projectroot.roottest.root.dataframe.roottest_root_dataframe_test_stringfiltercolumn](https://lcgapp-services.cern.ch/root-jenkins/job/root-pullrequests-build/76781/testReport/projectroot.roottest.root/dataframe/roottest_root_dataframe_test_stringfiltercolumn/),MatchSource.ISSUE_COMMENT,root-project,root,v6-32-06,https://github.com/root-project/root/pull/5329#issuecomment-614747601:322,test,tests,322,https://root.cern,https://github.com/root-project/root/pull/5329#issuecomment-614747601,14,['test'],"['test', 'testReport', 'tests']"
Testability,Build failed on ROOT-fedora31/noimt.; [See cdash ](http://cdash.cern.ch/index.php?project=ROOT&filtercount=1&field1=buildname/string&compare1=65&value1=PR-5342-ROOT-fedora31-noimt&date=2020-04-10).; [See console output](https://lcgapp-services.cern.ch/root-jenkins/job/root-pullrequests-build/76179/console).; ### Failing tests:; - [projectroot.runtutorials.tutorial_gl_parallelcoordtrans](https://lcgapp-services.cern.ch/root-jenkins/job/root-pullrequests-build/76179/testReport/projectroot/runtutorials/tutorial_gl_parallelcoordtrans/); - [projectroot.runtutorials.tutorial_legacy_mlp_mlpRegression](https://lcgapp-services.cern.ch/root-jenkins/job/root-pullrequests-build/76179/testReport/projectroot/runtutorials/tutorial_legacy_mlp_mlpRegression/); - [projectroot.runtutorials.tutorial_roofit_rf102_dataimport](https://lcgapp-services.cern.ch/root-jenkins/job/root-pullrequests-build/76179/testReport/projectroot/runtutorials/tutorial_roofit_rf102_dataimport/); - [projectroot.runtutorials.tutorial_roofit_rf401_importttreethx](https://lcgapp-services.cern.ch/root-jenkins/job/root-pullrequests-build/76179/testReport/projectroot/runtutorials/tutorial_roofit_rf401_importttreethx/); - [projectroot.runtutorials.tutorial_roostats_rs101_limitexample](https://lcgapp-services.cern.ch/root-jenkins/job/root-pullrequests-build/76179/testReport/projectroot/runtutorials/tutorial_roostats_rs101_limitexample/); - [projectroot.runtutorials.tutorial_splot_TestSPlot](https://lcgapp-services.cern.ch/root-jenkins/job/root-pullrequests-build/76179/testReport/projectroot/runtutorials/tutorial_splot_TestSPlot/); - [projectroot.runtutorials.tutorial_tree_circular](https://lcgapp-services.cern.ch/root-jenkins/job/root-pullrequests-build/76179/testReport/projectroot/runtutorials/tutorial_tree_circular/); - [projectroot.runtutorials.tutorial_tree_parallelcoord](https://lcgapp-services.cern.ch/root-jenkins/job/root-pullrequests-build/76179/testReport/projectroot/runtutorials/tutorial_tree_parallelcoord/);,MatchSource.ISSUE_COMMENT,root-project,root,v6-32-06,https://github.com/root-project/root/pull/5342#issuecomment-612232345:322,test,tests,322,https://root.cern,https://github.com/root-project/root/pull/5342#issuecomment-612232345,4,['test'],"['testReport', 'tests']"
Testability,Build failed on ROOT-fedora31/noimt.; [See cdash ](http://cdash.cern.ch/index.php?project=ROOT&filtercount=1&field1=buildname/string&compare1=65&value1=PR-5342-ROOT-fedora31-noimt&date=2020-04-11).; [See console output](https://lcgapp-services.cern.ch/root-jenkins/job/root-pullrequests-build/76203/console).; ### Failing tests:; - [projectroot.roottest.root.io.directory.roottest_root_io_directory_make](https://lcgapp-services.cern.ch/root-jenkins/job/root-pullrequests-build/76203/testReport/projectroot.roottest.root.io/directory/roottest_root_io_directory_make/); - [projectroot.roottest.root.io.withoutDictionaries.roottest_root_io_withoutDictionaries_IOWithoutDictionaries](https://lcgapp-services.cern.ch/root-jenkins/job/root-pullrequests-build/76203/testReport/projectroot.roottest.root.io/withoutDictionaries/roottest_root_io_withoutDictionaries_IOWithoutDictionaries/); - [projectroot.roottest.root.tree.branches.roottest_root_tree_branches_make](https://lcgapp-services.cern.ch/root-jenkins/job/root-pullrequests-build/76203/testReport/projectroot.roottest.root.tree/branches/roottest_root_tree_branches_make/),MatchSource.ISSUE_COMMENT,root-project,root,v6-32-06,https://github.com/root-project/root/pull/5342#issuecomment-612278736:322,test,tests,322,https://root.cern,https://github.com/root-project/root/pull/5342#issuecomment-612278736,4,['test'],"['testReport', 'tests']"
Testability,Build failed on ROOT-fedora31/noimt.; [See cdash ](http://cdash.cern.ch/index.php?project=ROOT&filtercount=1&field1=buildname/string&compare1=65&value1=PR-5342-ROOT-fedora31-noimt&date=2020-04-14).; [See console output](https://lcgapp-services.cern.ch/root-jenkins/job/root-pullrequests-build/76283/console).; ### Failing tests:; - [projectroot.roottest.root.io.directory.roottest_root_io_directory_make](https://lcgapp-services.cern.ch/root-jenkins/job/root-pullrequests-build/76283/testReport/projectroot.roottest.root.io/directory/roottest_root_io_directory_make/); - [projectroot.roottest.root.io.filemerger.roottest_root_io_filemerger_simple_lz4_compr_level1](https://lcgapp-services.cern.ch/root-jenkins/job/root-pullrequests-build/76283/testReport/projectroot.roottest.root.io/filemerger/roottest_root_io_filemerger_simple_lz4_compr_level1/); - [projectroot.roottest.root.tree.fastcloning.roottest_root_tree_fastcloning_execCheckClusterRange](https://lcgapp-services.cern.ch/root-jenkins/job/root-pullrequests-build/76283/testReport/projectroot.roottest.root.tree/fastcloning/roottest_root_tree_fastcloning_execCheckClusterRange/),MatchSource.ISSUE_COMMENT,root-project,root,v6-32-06,https://github.com/root-project/root/pull/5342#issuecomment-613174382:322,test,tests,322,https://root.cern,https://github.com/root-project/root/pull/5342#issuecomment-613174382,4,['test'],"['testReport', 'tests']"
Testability,Build failed on ROOT-fedora31/noimt.; [See cdash ](http://cdash.cern.ch/index.php?project=ROOT&filtercount=1&field1=buildname/string&compare1=65&value1=PR-5342-ROOT-fedora31-noimt&date=2020-04-16).; [See console output](https://lcgapp-services.cern.ch/root-jenkins/job/root-pullrequests-build/76807/console).; ### Failing tests:; - [projectroot.roottest.root.io.directory.roottest_root_io_directory_make](https://lcgapp-services.cern.ch/root-jenkins/job/root-pullrequests-build/76807/testReport/projectroot.roottest.root.io/directory/roottest_root_io_directory_make/),MatchSource.ISSUE_COMMENT,root-project,root,v6-32-06,https://github.com/root-project/root/pull/5342#issuecomment-614899533:322,test,tests,322,https://root.cern,https://github.com/root-project/root/pull/5342#issuecomment-614899533,2,['test'],"['testReport', 'tests']"
Testability,Build failed on ROOT-fedora31/noimt.; [See cdash ](http://cdash.cern.ch/index.php?project=ROOT&filtercount=1&field1=buildname/string&compare1=65&value1=PR-5344-ROOT-fedora31-noimt&date=2020-04-14).; [See console output](https://lcgapp-services.cern.ch/root-jenkins/job/root-pullrequests-build/76299/console).; ### Failing tests:; - [projectroot.roottest.root.io.filemerger.roottest_root_io_filemerger_simple_lz4_compr_level1](https://lcgapp-services.cern.ch/root-jenkins/job/root-pullrequests-build/76299/testReport/projectroot.roottest.root.io/filemerger/roottest_root_io_filemerger_simple_lz4_compr_level1/); - [projectroot.roottest.root.tree.fastcloning.roottest_root_tree_fastcloning_execCheckClusterRange](https://lcgapp-services.cern.ch/root-jenkins/job/root-pullrequests-build/76299/testReport/projectroot.roottest.root.tree/fastcloning/roottest_root_tree_fastcloning_execCheckClusterRange/),MatchSource.ISSUE_COMMENT,root-project,root,v6-32-06,https://github.com/root-project/root/pull/5344#issuecomment-613330937:322,test,tests,322,https://root.cern,https://github.com/root-project/root/pull/5344#issuecomment-613330937,3,['test'],"['testReport', 'tests']"
Testability,Build failed on ROOT-fedora31/noimt.; [See cdash ](http://cdash.cern.ch/index.php?project=ROOT&filtercount=1&field1=buildname/string&compare1=65&value1=PR-5346-ROOT-fedora31-noimt&date=2020-04-10).; [See console output](https://lcgapp-services.cern.ch/root-jenkins/job/root-pullrequests-build/76131/console).; ### Failing tests:; - [projectroot.tree.dataframe.test.gtest_tree_dataframe_test_dataframe_interface](https://lcgapp-services.cern.ch/root-jenkins/job/root-pullrequests-build/76131/testReport/projectroot.tree.dataframe/test/gtest_tree_dataframe_test_dataframe_interface/),MatchSource.ISSUE_COMMENT,root-project,root,v6-32-06,https://github.com/root-project/root/pull/5346#issuecomment-612143198:322,test,tests,322,https://root.cern,https://github.com/root-project/root/pull/5346#issuecomment-612143198,4,['test'],"['test', 'testReport', 'tests']"
Testability,Build failed on ROOT-fedora31/noimt.; [See cdash ](http://cdash.cern.ch/index.php?project=ROOT&filtercount=1&field1=buildname/string&compare1=65&value1=PR-5348-ROOT-fedora31-noimt&date=2020-04-14).; [See console output](https://lcgapp-services.cern.ch/root-jenkins/job/root-pullrequests-build/76339/console).; ### Failing tests:; - [projectroot.roottest.root.io.filemerger.roottest_root_io_filemerger_simple_lz4_compr_level1](https://lcgapp-services.cern.ch/root-jenkins/job/root-pullrequests-build/76339/testReport/projectroot.roottest.root.io/filemerger/roottest_root_io_filemerger_simple_lz4_compr_level1/); - [projectroot.roottest.root.tree.fastcloning.roottest_root_tree_fastcloning_execCheckClusterRange](https://lcgapp-services.cern.ch/root-jenkins/job/root-pullrequests-build/76339/testReport/projectroot.roottest.root.tree/fastcloning/roottest_root_tree_fastcloning_execCheckClusterRange/),MatchSource.ISSUE_COMMENT,root-project,root,v6-32-06,https://github.com/root-project/root/pull/5348#issuecomment-613424217:322,test,tests,322,https://root.cern,https://github.com/root-project/root/pull/5348#issuecomment-613424217,3,['test'],"['testReport', 'tests']"
Testability,Build failed on ROOT-fedora31/noimt.; [See cdash ](http://cdash.cern.ch/index.php?project=ROOT&filtercount=1&field1=buildname/string&compare1=65&value1=PR-5351-ROOT-fedora31-noimt&date=2020-04-14).; [See console output](https://lcgapp-services.cern.ch/root-jenkins/job/root-pullrequests-build/76307/console).; ### Failing tests:; - [projectroot.roottest.root.io.filemerger.roottest_root_io_filemerger_simple_lz4_compr_level1](https://lcgapp-services.cern.ch/root-jenkins/job/root-pullrequests-build/76307/testReport/projectroot.roottest.root.io/filemerger/roottest_root_io_filemerger_simple_lz4_compr_level1/); - [projectroot.roottest.root.tree.fastcloning.roottest_root_tree_fastcloning_execCheckClusterRange](https://lcgapp-services.cern.ch/root-jenkins/job/root-pullrequests-build/76307/testReport/projectroot.roottest.root.tree/fastcloning/roottest_root_tree_fastcloning_execCheckClusterRange/),MatchSource.ISSUE_COMMENT,root-project,root,v6-32-06,https://github.com/root-project/root/pull/5351#issuecomment-613336375:322,test,tests,322,https://root.cern,https://github.com/root-project/root/pull/5351#issuecomment-613336375,3,['test'],"['testReport', 'tests']"
Testability,Build failed on ROOT-fedora31/noimt.; [See cdash ](http://cdash.cern.ch/index.php?project=ROOT&filtercount=1&field1=buildname/string&compare1=65&value1=PR-5352-ROOT-fedora31-noimt&date=2020-04-14).; [See console output](https://lcgapp-services.cern.ch/root-jenkins/job/root-pullrequests-build/76315/console).; ### Failing tests:; - [projectroot.roottest.root.io.filemerger.roottest_root_io_filemerger_simple_lz4_compr_level1](https://lcgapp-services.cern.ch/root-jenkins/job/root-pullrequests-build/76315/testReport/projectroot.roottest.root.io/filemerger/roottest_root_io_filemerger_simple_lz4_compr_level1/); - [projectroot.roottest.root.tree.fastcloning.roottest_root_tree_fastcloning_execCheckClusterRange](https://lcgapp-services.cern.ch/root-jenkins/job/root-pullrequests-build/76315/testReport/projectroot.roottest.root.tree/fastcloning/roottest_root_tree_fastcloning_execCheckClusterRange/),MatchSource.ISSUE_COMMENT,root-project,root,v6-32-06,https://github.com/root-project/root/pull/5352#issuecomment-613408732:322,test,tests,322,https://root.cern,https://github.com/root-project/root/pull/5352#issuecomment-613408732,3,['test'],"['testReport', 'tests']"
Testability,Build failed on ROOT-fedora31/noimt.; [See cdash ](http://cdash.cern.ch/index.php?project=ROOT&filtercount=1&field1=buildname/string&compare1=65&value1=PR-5356-ROOT-fedora31-noimt&date=2020-04-15).; [See console output](https://lcgapp-services.cern.ch/root-jenkins/job/root-pullrequests-build/76435/console).; ### Failing tests:; - [projectroot.tree.dataframe.test.gtest_tree_dataframe_test_dataframe_nodes](https://lcgapp-services.cern.ch/root-jenkins/job/root-pullrequests-build/76435/testReport/projectroot.tree.dataframe/test/gtest_tree_dataframe_test_dataframe_nodes/); - [projectroot.tree.dataframe.test.gtest_tree_dataframe_test_dataframe_interface](https://lcgapp-services.cern.ch/root-jenkins/job/root-pullrequests-build/76435/testReport/projectroot.tree.dataframe/test/gtest_tree_dataframe_test_dataframe_interface/),MatchSource.ISSUE_COMMENT,root-project,root,v6-32-06,https://github.com/root-project/root/pull/5356#issuecomment-613890000:322,test,tests,322,https://root.cern,https://github.com/root-project/root/pull/5356#issuecomment-613890000,7,['test'],"['test', 'testReport', 'tests']"
Testability,Build failed on ROOT-fedora31/noimt.; [See cdash ](http://cdash.cern.ch/index.php?project=ROOT&filtercount=1&field1=buildname/string&compare1=65&value1=PR-5391-ROOT-fedora31-noimt&date=2020-04-18).; [See console output](https://lcgapp-services.cern.ch/root-jenkins/job/root-pullrequests-build/77080/console).; ### Failing tests:; - [projectroot.runtutorials.tutorial_tmva_TMVAClassification](https://lcgapp-services.cern.ch/root-jenkins/job/root-pullrequests-build/77080/testReport/projectroot/runtutorials/tutorial_tmva_TMVAClassification/); - [projectroot.runtutorials.tutorial_tmva_TMVAMultipleBackgroundExample](https://lcgapp-services.cern.ch/root-jenkins/job/root-pullrequests-build/77080/testReport/projectroot/runtutorials/tutorial_tmva_TMVAMultipleBackgroundExample/); - [projectroot.runtutorials.tutorial_unfold_testUnfold5b](https://lcgapp-services.cern.ch/root-jenkins/job/root-pullrequests-build/77080/testReport/projectroot/runtutorials/tutorial_unfold_testUnfold5b/); - [projectroot.runtutorials.tutorial_foam_foam_demo](https://lcgapp-services.cern.ch/root-jenkins/job/root-pullrequests-build/77080/testReport/projectroot/runtutorials/tutorial_foam_foam_demo/); - [projectroot.runtutorials.tutorial_hist_fillrandom](https://lcgapp-services.cern.ch/root-jenkins/job/root-pullrequests-build/77080/testReport/projectroot/runtutorials/tutorial_hist_fillrandom/); - [projectroot.runtutorials.tutorial_multicore_mp101_fillNtuples](https://lcgapp-services.cern.ch/root-jenkins/job/root-pullrequests-build/77080/testReport/projectroot/runtutorials/tutorial_multicore_mp101_fillNtuples/); - [projectroot.runtutorials.tutorial_roofit_rf104_classfactory](https://lcgapp-services.cern.ch/root-jenkins/job/root-pullrequests-build/77080/testReport/projectroot/runtutorials/tutorial_roofit_rf104_classfactory/); - [projectroot.runtutorials.tutorial_roofit_rf502_wspacewrite](https://lcgapp-services.cern.ch/root-jenkins/job/root-pullrequests-build/77080/testReport/projectroot/runtutorials/tutorial_r,MatchSource.ISSUE_COMMENT,root-project,root,v6-32-06,https://github.com/root-project/root/pull/5391#issuecomment-615520611:322,test,tests,322,https://root.cern,https://github.com/root-project/root/pull/5391#issuecomment-615520611,4,['test'],"['testReport', 'tests']"
Testability,Build failed on ROOT-fedora31/noimt.; [See cdash ](http://cdash.cern.ch/index.php?project=ROOT&filtercount=1&field1=buildname/string&compare1=65&value1=PR-5395-ROOT-fedora31-noimt&date=2020-04-21).; [See console output](https://lcgapp-services.cern.ch/root-jenkins/job/root-pullrequests-build/77494/console).; ### Failing tests:; - [projectroot.bindings.pyroot_experimental.pythonizations.test.pyunittests_pyroot_pyz_rvec](https://lcgapp-services.cern.ch/root-jenkins/job/root-pullrequests-build/77494/testReport/projectroot.bindings.pyroot_experimental.pythonizations/test/pyunittests_pyroot_pyz_rvec/),MatchSource.ISSUE_COMMENT,root-project,root,v6-32-06,https://github.com/root-project/root/pull/5395#issuecomment-616948689:322,test,tests,322,https://root.cern,https://github.com/root-project/root/pull/5395#issuecomment-616948689,4,['test'],"['test', 'testReport', 'tests']"
Testability,Build failed on ROOT-fedora31/noimt.; [See console output](https://lcgapp-services.cern.ch/root-jenkins/job/root-pullrequests-build/73560/console).; ### Failing tests:; - [projectroot.test.test_stressmathcore_interpreted](https://lcgapp-services.cern.ch/root-jenkins/job/root-pullrequests-build/73560/testReport/projectroot/test/test_stressmathcore_interpreted/); - [projectroot.test.test_stresshistofit_interpreted](https://lcgapp-services.cern.ch/root-jenkins/job/root-pullrequests-build/73560/testReport/projectroot/test/test_stresshistofit_interpreted/),MatchSource.ISSUE_COMMENT,root-project,root,v6-32-06,https://github.com/root-project/root/pull/5094#issuecomment-604660978:161,test,tests,161,https://root.cern,https://github.com/root-project/root/pull/5094#issuecomment-604660978,7,['test'],"['test', 'testReport', 'tests']"
Testability,Build failed on ROOT-fedora31/noimt.; [See console output](https://lcgapp-services.cern.ch/root-jenkins/job/root-pullrequests-build/73680/console).; ### Failing tests:; - [projectroot.roottest.root.meta.MakeProject.roottest_root_meta_MakeProject_stltest](https://lcgapp-services.cern.ch/root-jenkins/job/root-pullrequests-build/73680/testReport/projectroot.roottest.root.meta/MakeProject/roottest_root_meta_MakeProject_stltest/); - [projectroot.roottest.root.tree.cloning.roottest_root_tree_cloning_runtreeCloneTest2](https://lcgapp-services.cern.ch/root-jenkins/job/root-pullrequests-build/73680/testReport/projectroot.roottest.root.tree/cloning/roottest_root_tree_cloning_runtreeCloneTest2/); - [projectroot.roottest.root.tree.cloning.roottest_root_tree_cloning_exectrim](https://lcgapp-services.cern.ch/root-jenkins/job/root-pullrequests-build/73680/testReport/projectroot.roottest.root.tree/cloning/roottest_root_tree_cloning_exectrim/); - [projectroot.roottest.root.tree.cloning.roottest_root_tree_cloning_treeCloneTest](https://lcgapp-services.cern.ch/root-jenkins/job/root-pullrequests-build/73680/testReport/projectroot.roottest.root.tree/cloning/roottest_root_tree_cloning_treeCloneTest/); - [projectroot.roottest.root.tree.cloning.roottest_root_tree_cloning_mergeWithDir](https://lcgapp-services.cern.ch/root-jenkins/job/root-pullrequests-build/73680/testReport/projectroot.roottest.root.tree/cloning/roottest_root_tree_cloning_mergeWithDir/); - [projectroot.roottest.root.tree.cloning.roottest_root_tree_cloning_deepClass](https://lcgapp-services.cern.ch/root-jenkins/job/root-pullrequests-build/73680/testReport/projectroot.roottest.root.tree/cloning/roottest_root_tree_cloning_deepClass/); - [projectroot.roottest.root.tree.cloning.roottest_root_tree_cloning_index](https://lcgapp-services.cern.ch/root-jenkins/job/root-pullrequests-build/73680/testReport/projectroot.roottest.root.tree/cloning/roottest_root_tree_cloning_index/); - [projectroot.roottest.root.tree.cloning.roottest_root_t,MatchSource.ISSUE_COMMENT,root-project,root,v6-32-06,https://github.com/root-project/root/pull/5235#issuecomment-604963635:161,test,tests,161,https://root.cern,https://github.com/root-project/root/pull/5235#issuecomment-604963635,4,['test'],"['testReport', 'tests']"
Testability,Build failed on ROOT-fedora31/noimt.; [See console output](https://lcgapp-services.cern.ch/root-jenkins/job/root-pullrequests-build/73787/console).; ### Failing tests:; - [projectroot.test.test_stressmathcore_interpreted](https://lcgapp-services.cern.ch/root-jenkins/job/root-pullrequests-build/73787/testReport/projectroot/test/test_stressmathcore_interpreted/); - [projectroot.test.test_stresshistofit_interpreted](https://lcgapp-services.cern.ch/root-jenkins/job/root-pullrequests-build/73787/testReport/projectroot/test/test_stresshistofit_interpreted/),MatchSource.ISSUE_COMMENT,root-project,root,v6-32-06,https://github.com/root-project/root/pull/5094#issuecomment-605465900:161,test,tests,161,https://root.cern,https://github.com/root-project/root/pull/5094#issuecomment-605465900,7,['test'],"['test', 'testReport', 'tests']"
Testability,Build failed on ROOT-fedora31/noimt.; [See console output](https://lcgapp-services.cern.ch/root-jenkins/job/root-pullrequests-build/73803/console).; ### Failing tests:; - [projectroot.test.test_stressmathcore_interpreted](https://lcgapp-services.cern.ch/root-jenkins/job/root-pullrequests-build/73803/testReport/projectroot/test/test_stressmathcore_interpreted/); - [projectroot.test.test_stresshistofit_interpreted](https://lcgapp-services.cern.ch/root-jenkins/job/root-pullrequests-build/73803/testReport/projectroot/test/test_stresshistofit_interpreted/),MatchSource.ISSUE_COMMENT,root-project,root,v6-32-06,https://github.com/root-project/root/pull/5094#issuecomment-605486142:161,test,tests,161,https://root.cern,https://github.com/root-project/root/pull/5094#issuecomment-605486142,7,['test'],"['test', 'testReport', 'tests']"
Testability,Build failed on ROOT-fedora32/default.; Running on root-fedora32-1.cern.ch:/home/sftnight/build/workspace/root-pullrequests-build; [See console output](https://lcgapp-services.cern.ch/root-jenkins/job/root-pullrequests-build/104289/console).; ### Failing tests:; - [projectroot.roottest.root.meta.ROOT-7462.roottest_root_meta_ROOT_7462_make](https://lcgapp-services.cern.ch/root-jenkins/job/root-pullrequests-build/104289/testReport/projectroot.roottest.root.meta/ROOT-7462/roottest_root_meta_ROOT_7462_make/); - [projectroot.roottest.root.io.uniquePointer.roottest_root_io_uniquePointer_simpleWriteRead](https://lcgapp-services.cern.ch/root-jenkins/job/root-pullrequests-build/104289/testReport/projectroot.roottest.root.io/uniquePointer/roottest_root_io_uniquePointer_simpleWriteRead/); - [projectroot.roottest.root.io.uniquePointer.roottest_root_io_uniquePointer_simpleRead](https://lcgapp-services.cern.ch/root-jenkins/job/root-pullrequests-build/104289/testReport/projectroot.roottest.root.io/uniquePointer/roottest_root_io_uniquePointer_simpleRead/),MatchSource.ISSUE_COMMENT,root-project,root,v6-32-06,https://github.com/root-project/root/pull/6983#issuecomment-754272391:255,test,tests,255,https://root.cern,https://github.com/root-project/root/pull/6983#issuecomment-754272391,4,['test'],"['testReport', 'tests']"
Testability,Build failed on ROOT-fedora32/default.; Running on root-fedora32-1.cern.ch:/home/sftnight/build/workspace/root-pullrequests-build; [See console output](https://lcgapp-services.cern.ch/root-jenkins/job/root-pullrequests-build/104423/console).; ### Failing tests:; - [projectroot.roottest.root.meta.ROOT-7462.roottest_root_meta_ROOT_7462_make](https://lcgapp-services.cern.ch/root-jenkins/job/root-pullrequests-build/104423/testReport/projectroot.roottest.root.meta/ROOT-7462/roottest_root_meta_ROOT_7462_make/); - [projectroot.roottest.root.io.uniquePointer.roottest_root_io_uniquePointer_simpleWriteRead](https://lcgapp-services.cern.ch/root-jenkins/job/root-pullrequests-build/104423/testReport/projectroot.roottest.root.io/uniquePointer/roottest_root_io_uniquePointer_simpleWriteRead/); - [projectroot.roottest.root.io.uniquePointer.roottest_root_io_uniquePointer_simpleRead](https://lcgapp-services.cern.ch/root-jenkins/job/root-pullrequests-build/104423/testReport/projectroot.roottest.root.io/uniquePointer/roottest_root_io_uniquePointer_simpleRead/),MatchSource.ISSUE_COMMENT,root-project,root,v6-32-06,https://github.com/root-project/root/pull/6983#issuecomment-756111697:255,test,tests,255,https://root.cern,https://github.com/root-project/root/pull/6983#issuecomment-756111697,4,['test'],"['testReport', 'tests']"
Testability,Build failed on ROOT-fedora32/default.; Running on root-fedora32-1.cern.ch:/home/sftnight/build/workspace/root-pullrequests-build; [See console output](https://lcgapp-services.cern.ch/root-jenkins/job/root-pullrequests-build/109396/console).; ### Failing tests:; - [projectroot.roottest.root.io.uniquePointer.roottest_root_io_uniquePointer_simpleWriteRead](https://lcgapp-services.cern.ch/root-jenkins/job/root-pullrequests-build/109396/testReport/projectroot.roottest.root.io/uniquePointer/roottest_root_io_uniquePointer_simpleWriteRead/); - [projectroot.roottest.root.io.uniquePointer.roottest_root_io_uniquePointer_simpleRead](https://lcgapp-services.cern.ch/root-jenkins/job/root-pullrequests-build/109396/testReport/projectroot.roottest.root.io/uniquePointer/roottest_root_io_uniquePointer_simpleRead/); - [projectroot.roottest.root.meta.ROOT-7462.roottest_root_meta_ROOT_7462_make](https://lcgapp-services.cern.ch/root-jenkins/job/root-pullrequests-build/109396/testReport/projectroot.roottest.root.meta/ROOT-7462/roottest_root_meta_ROOT_7462_make/),MatchSource.ISSUE_COMMENT,root-project,root,v6-32-06,https://github.com/root-project/root/pull/7371#issuecomment-792816582:255,test,tests,255,https://root.cern,https://github.com/root-project/root/pull/7371#issuecomment-792816582,4,['test'],"['testReport', 'tests']"
Testability,"Build failed on ROOT-fedora32/default.; Running on root-fedora32-1.cern.ch:/home/sftnight/build/workspace/root-pullrequests-build; [See console output](https://lcgapp-services.cern.ch/root-jenkins/job/root-pullrequests-build/115159/console).; ### Warnings:; - [2021-04-20T17:41:07.506Z] ginclude/tbb/concurrent_hash_map.h:131:76: warning: ‘void* memset(void*, int, size_t)’ clearing an object of type ‘struct tbb::interface5::internal::hash_map_base::bucket’ with no trivial copy-assignment; use value-initialization instead [-Wclass-memaccess] . ### Failing tests:; - [projectroot.roottest.root.meta.ROOT-7462.roottest_root_meta_ROOT_7462_make](https://lcgapp-services.cern.ch/root-jenkins/job/root-pullrequests-build/115159/testReport/projectroot.roottest.root.meta/ROOT-7462/roottest_root_meta_ROOT_7462_make/); - [projectroot.roottest.root.io.uniquePointer.roottest_root_io_uniquePointer_simpleWriteRead](https://lcgapp-services.cern.ch/root-jenkins/job/root-pullrequests-build/115159/testReport/projectroot.roottest.root.io/uniquePointer/roottest_root_io_uniquePointer_simpleWriteRead/); - [projectroot.roottest.root.io.uniquePointer.roottest_root_io_uniquePointer_simpleRead](https://lcgapp-services.cern.ch/root-jenkins/job/root-pullrequests-build/115159/testReport/projectroot.roottest.root.io/uniquePointer/roottest_root_io_uniquePointer_simpleRead/)",MatchSource.ISSUE_COMMENT,root-project,root,v6-32-06,https://github.com/root-project/root/pull/7942#issuecomment-823498058:559,test,tests,559,https://root.cern,https://github.com/root-project/root/pull/7942#issuecomment-823498058,8,['test'],"['testReport', 'tests']"
Testability,"Build failed on ROOT-fedora32/default.; Running on root-fedora32-1.cern.ch:/home/sftnight/build/workspace/root-pullrequests-build; [See console output](https://lcgapp-services.cern.ch/root-jenkins/job/root-pullrequests-build/115296/console).; ### Warnings:; - [2021-04-21T16:53:52.297Z] ginclude/tbb/concurrent_hash_map.h:131:76: warning: ‘void* memset(void*, int, size_t)’ clearing an object of type ‘struct tbb::interface5::internal::hash_map_base::bucket’ with no trivial copy-assignment; use value-initialization instead [-Wclass-memaccess] . ### Failing tests:; - [projectroot.roottest.root.meta.ROOT-7462.roottest_root_meta_ROOT_7462_make](https://lcgapp-services.cern.ch/root-jenkins/job/root-pullrequests-build/115296/testReport/projectroot.roottest.root.meta/ROOT-7462/roottest_root_meta_ROOT_7462_make/); - [projectroot.roottest.root.io.uniquePointer.roottest_root_io_uniquePointer_simpleWriteRead](https://lcgapp-services.cern.ch/root-jenkins/job/root-pullrequests-build/115296/testReport/projectroot.roottest.root.io/uniquePointer/roottest_root_io_uniquePointer_simpleWriteRead/); - [projectroot.roottest.root.io.uniquePointer.roottest_root_io_uniquePointer_simpleRead](https://lcgapp-services.cern.ch/root-jenkins/job/root-pullrequests-build/115296/testReport/projectroot.roottest.root.io/uniquePointer/roottest_root_io_uniquePointer_simpleRead/)",MatchSource.ISSUE_COMMENT,root-project,root,v6-32-06,https://github.com/root-project/root/pull/7942#issuecomment-824222731:559,test,tests,559,https://root.cern,https://github.com/root-project/root/pull/7942#issuecomment-824222731,8,['test'],"['testReport', 'tests']"
Testability,"Build failed on ROOT-fedora32/default.; Running on root-fedora32-1.cern.ch:/home/sftnight/build/workspace/root-pullrequests-build; [See console output](https://lcgapp-services.cern.ch/root-jenkins/job/root-pullrequests-build/115313/console).; ### Warnings:; - [2021-04-21T17:35:44.121Z] ginclude/tbb/concurrent_hash_map.h:131:76: warning: ‘void* memset(void*, int, size_t)’ clearing an object of type ‘struct tbb::interface5::internal::hash_map_base::bucket’ with no trivial copy-assignment; use value-initialization instead [-Wclass-memaccess] . ### Failing tests:; - [projectroot.roottest.root.meta.ROOT-7462.roottest_root_meta_ROOT_7462_make](https://lcgapp-services.cern.ch/root-jenkins/job/root-pullrequests-build/115313/testReport/projectroot.roottest.root.meta/ROOT-7462/roottest_root_meta_ROOT_7462_make/); - [projectroot.roottest.root.io.uniquePointer.roottest_root_io_uniquePointer_simpleWriteRead](https://lcgapp-services.cern.ch/root-jenkins/job/root-pullrequests-build/115313/testReport/projectroot.roottest.root.io/uniquePointer/roottest_root_io_uniquePointer_simpleWriteRead/); - [projectroot.roottest.root.io.uniquePointer.roottest_root_io_uniquePointer_simpleRead](https://lcgapp-services.cern.ch/root-jenkins/job/root-pullrequests-build/115313/testReport/projectroot.roottest.root.io/uniquePointer/roottest_root_io_uniquePointer_simpleRead/)",MatchSource.ISSUE_COMMENT,root-project,root,v6-32-06,https://github.com/root-project/root/pull/7942#issuecomment-824249820:559,test,tests,559,https://root.cern,https://github.com/root-project/root/pull/7942#issuecomment-824249820,8,['test'],"['testReport', 'tests']"
Testability,"Build failed on ROOT-fedora32/default.; Running on root-fedora32-1.cern.ch:/home/sftnight/build/workspace/root-pullrequests-build; [See console output](https://lcgapp-services.cern.ch/root-jenkins/job/root-pullrequests-build/115314/console).; ### Warnings:; - [2021-04-21T20:32:03.524Z] ginclude/tbb/concurrent_hash_map.h:131:76: warning: ‘void* memset(void*, int, size_t)’ clearing an object of type ‘struct tbb::interface5::internal::hash_map_base::bucket’ with no trivial copy-assignment; use value-initialization instead [-Wclass-memaccess] . ### Failing tests:; - [projectroot.roottest.root.meta.ROOT-7462.roottest_root_meta_ROOT_7462_make](https://lcgapp-services.cern.ch/root-jenkins/job/root-pullrequests-build/115314/testReport/projectroot.roottest.root.meta/ROOT-7462/roottest_root_meta_ROOT_7462_make/); - [projectroot.roottest.root.io.uniquePointer.roottest_root_io_uniquePointer_simpleWriteRead](https://lcgapp-services.cern.ch/root-jenkins/job/root-pullrequests-build/115314/testReport/projectroot.roottest.root.io/uniquePointer/roottest_root_io_uniquePointer_simpleWriteRead/); - [projectroot.roottest.root.io.uniquePointer.roottest_root_io_uniquePointer_simpleRead](https://lcgapp-services.cern.ch/root-jenkins/job/root-pullrequests-build/115314/testReport/projectroot.roottest.root.io/uniquePointer/roottest_root_io_uniquePointer_simpleRead/)",MatchSource.ISSUE_COMMENT,root-project,root,v6-32-06,https://github.com/root-project/root/pull/7942#issuecomment-824351593:559,test,tests,559,https://root.cern,https://github.com/root-project/root/pull/7942#issuecomment-824351593,8,['test'],"['testReport', 'tests']"
Testability,"Build failed on ROOT-fedora32/default.; Running on root-fedora32-1.cern.ch:/home/sftnight/build/workspace/root-pullrequests-build; [See console output](https://lcgapp-services.cern.ch/root-jenkins/job/root-pullrequests-build/115411/console).; ### Warnings:; - [2021-04-22T15:26:47.027Z] ginclude/tbb/concurrent_hash_map.h:131:76: warning: ‘void* memset(void*, int, size_t)’ clearing an object of type ‘struct tbb::interface5::internal::hash_map_base::bucket’ with no trivial copy-assignment; use value-initialization instead [-Wclass-memaccess] ; - [2021-04-22T15:28:51.056Z] math/unuran/unuran-1.8.0-root/src/methods/mvtdr_init.ch:886:17: warning: argument 1 value ‘18446744073709551608’ exceeds maximum object size 9223372036854775807 [-Walloc-size-larger-than=] . ### Failing tests:; - [projectroot.roottest.root.io.uniquePointer.roottest_root_io_uniquePointer_simpleWriteRead](https://lcgapp-services.cern.ch/root-jenkins/job/root-pullrequests-build/115411/testReport/projectroot.roottest.root.io/uniquePointer/roottest_root_io_uniquePointer_simpleWriteRead/); - [projectroot.roottest.root.io.uniquePointer.roottest_root_io_uniquePointer_simpleRead](https://lcgapp-services.cern.ch/root-jenkins/job/root-pullrequests-build/115411/testReport/projectroot.roottest.root.io/uniquePointer/roottest_root_io_uniquePointer_simpleRead/); - [projectroot.roottest.root.meta.ROOT-7462.roottest_root_meta_ROOT_7462_make](https://lcgapp-services.cern.ch/root-jenkins/job/root-pullrequests-build/115411/testReport/projectroot.roottest.root.meta/ROOT-7462/roottest_root_meta_ROOT_7462_make/)",MatchSource.ISSUE_COMMENT,root-project,root,v6-32-06,https://github.com/root-project/root/pull/7942#issuecomment-824971382:779,test,tests,779,https://root.cern,https://github.com/root-project/root/pull/7942#issuecomment-824971382,8,['test'],"['testReport', 'tests']"
Testability,"Build failed on ROOT-fedora32/default.; Running on root-fedora32-1.cern.ch:/home/sftnight/build/workspace/root-pullrequests-build; [See console output](https://lcgapp-services.cern.ch/root-jenkins/job/root-pullrequests-build/115420/console).; ### Warnings:; - [2021-04-22T16:40:55.816Z] ginclude/tbb/concurrent_hash_map.h:131:76: warning: ‘void* memset(void*, int, size_t)’ clearing an object of type ‘struct tbb::interface5::internal::hash_map_base::bucket’ with no trivial copy-assignment; use value-initialization instead [-Wclass-memaccess] ; - [2021-04-22T16:41:34.121Z] math/unuran/unuran-1.8.0-root/src/methods/mvtdr_init.ch:886:17: warning: argument 1 value ‘18446744073709551608’ exceeds maximum object size 9223372036854775807 [-Walloc-size-larger-than=] . ### Failing tests:; - [projectroot.roottest.root.meta.ROOT-7462.roottest_root_meta_ROOT_7462_make](https://lcgapp-services.cern.ch/root-jenkins/job/root-pullrequests-build/115420/testReport/projectroot.roottest.root.meta/ROOT-7462/roottest_root_meta_ROOT_7462_make/); - [projectroot.roottest.root.io.uniquePointer.roottest_root_io_uniquePointer_simpleWriteRead](https://lcgapp-services.cern.ch/root-jenkins/job/root-pullrequests-build/115420/testReport/projectroot.roottest.root.io/uniquePointer/roottest_root_io_uniquePointer_simpleWriteRead/); - [projectroot.roottest.root.io.uniquePointer.roottest_root_io_uniquePointer_simpleRead](https://lcgapp-services.cern.ch/root-jenkins/job/root-pullrequests-build/115420/testReport/projectroot.roottest.root.io/uniquePointer/roottest_root_io_uniquePointer_simpleRead/)",MatchSource.ISSUE_COMMENT,root-project,root,v6-32-06,https://github.com/root-project/root/pull/7942#issuecomment-825024680:779,test,tests,779,https://root.cern,https://github.com/root-project/root/pull/7942#issuecomment-825024680,8,['test'],"['testReport', 'tests']"
Testability,"Build failed on ROOT-fedora32/default.; Running on root-fedora32-1.cern.ch:/home/sftnight/build/workspace/root-pullrequests-build; [See console output](https://lcgapp-services.cern.ch/root-jenkins/job/root-pullrequests-build/117068/console).; ### Warnings:; - [2021-05-06T20:26:40.917Z] ginclude/tbb/concurrent_hash_map.h:131:76: warning: ‘void* memset(void*, int, size_t)’ clearing an object of type ‘struct tbb::interface5::internal::hash_map_base::bucket’ with no trivial copy-assignment; use value-initialization instead [-Wclass-memaccess] ; - [2021-05-06T20:28:24.470Z] math/unuran/unuran-1.8.0-root/src/methods/mvtdr_init.ch:886:17: warning: argument 1 value ‘18446744073709551608’ exceeds maximum object size 9223372036854775807 [-Walloc-size-larger-than=] . ### Failing tests:; - [projectroot.roottest.root.meta.ROOT-7462.roottest_root_meta_ROOT_7462_make](https://lcgapp-services.cern.ch/root-jenkins/job/root-pullrequests-build/117068/testReport/projectroot.roottest.root.meta/ROOT-7462/roottest_root_meta_ROOT_7462_make/); - [projectroot.roottest.root.io.uniquePointer.roottest_root_io_uniquePointer_simpleWriteRead](https://lcgapp-services.cern.ch/root-jenkins/job/root-pullrequests-build/117068/testReport/projectroot.roottest.root.io/uniquePointer/roottest_root_io_uniquePointer_simpleWriteRead/); - [projectroot.roottest.root.io.uniquePointer.roottest_root_io_uniquePointer_simpleRead](https://lcgapp-services.cern.ch/root-jenkins/job/root-pullrequests-build/117068/testReport/projectroot.roottest.root.io/uniquePointer/roottest_root_io_uniquePointer_simpleRead/)",MatchSource.ISSUE_COMMENT,root-project,root,v6-32-06,https://github.com/root-project/root/pull/7942#issuecomment-833862493:779,test,tests,779,https://root.cern,https://github.com/root-project/root/pull/7942#issuecomment-833862493,8,['test'],"['testReport', 'tests']"
Testability,Build failed on ROOT-fedora32/noimt.; Running on root-fedora32-1.cern.ch:/home/sftnight/build/workspace/root-pullrequests-build; [See console output](https://lcgapp-services.cern.ch/root-jenkins/job/root-pullrequests-build/103981/console).; ### Failing tests:; - [projectroot.roottest.root.meta.ROOT-7462.roottest_root_meta_ROOT_7462_make](https://lcgapp-services.cern.ch/root-jenkins/job/root-pullrequests-build/103981/testReport/projectroot.roottest.root.meta/ROOT-7462/roottest_root_meta_ROOT_7462_make/); - [projectroot.roottest.root.io.uniquePointer.roottest_root_io_uniquePointer_simpleWriteRead](https://lcgapp-services.cern.ch/root-jenkins/job/root-pullrequests-build/103981/testReport/projectroot.roottest.root.io/uniquePointer/roottest_root_io_uniquePointer_simpleWriteRead/); - [projectroot.roottest.root.io.uniquePointer.roottest_root_io_uniquePointer_simpleRead](https://lcgapp-services.cern.ch/root-jenkins/job/root-pullrequests-build/103981/testReport/projectroot.roottest.root.io/uniquePointer/roottest_root_io_uniquePointer_simpleRead/),MatchSource.ISSUE_COMMENT,root-project,root,v6-32-06,https://github.com/root-project/root/pull/6559#issuecomment-746718366:253,test,tests,253,https://root.cern,https://github.com/root-project/root/pull/6559#issuecomment-746718366,4,['test'],"['testReport', 'tests']"
Testability,Build failed on ROOT-fedora32/noimt.; Running on root-fedora32-1.cern.ch:/home/sftnight/build/workspace/root-pullrequests-build; [See console output](https://lcgapp-services.cern.ch/root-jenkins/job/root-pullrequests-build/103995/console).; ### Failing tests:; - [projectroot.roottest.root.meta.ROOT-7462.roottest_root_meta_ROOT_7462_make](https://lcgapp-services.cern.ch/root-jenkins/job/root-pullrequests-build/103995/testReport/projectroot.roottest.root.meta/ROOT-7462/roottest_root_meta_ROOT_7462_make/); - [projectroot.roottest.root.io.uniquePointer.roottest_root_io_uniquePointer_simpleWriteRead](https://lcgapp-services.cern.ch/root-jenkins/job/root-pullrequests-build/103995/testReport/projectroot.roottest.root.io/uniquePointer/roottest_root_io_uniquePointer_simpleWriteRead/); - [projectroot.roottest.root.io.uniquePointer.roottest_root_io_uniquePointer_simpleRead](https://lcgapp-services.cern.ch/root-jenkins/job/root-pullrequests-build/103995/testReport/projectroot.roottest.root.io/uniquePointer/roottest_root_io_uniquePointer_simpleRead/),MatchSource.ISSUE_COMMENT,root-project,root,v6-32-06,https://github.com/root-project/root/pull/6959#issuecomment-746777151:253,test,tests,253,https://root.cern,https://github.com/root-project/root/pull/6959#issuecomment-746777151,4,['test'],"['testReport', 'tests']"
Testability,Build failed on ROOT-fedora32/noimt.; Running on root-fedora32-1.cern.ch:/home/sftnight/build/workspace/root-pullrequests-build; [See console output](https://lcgapp-services.cern.ch/root-jenkins/job/root-pullrequests-build/104002/console).; ### Failing tests:; - [projectroot.roottest.root.meta.ROOT-7462.roottest_root_meta_ROOT_7462_make](https://lcgapp-services.cern.ch/root-jenkins/job/root-pullrequests-build/104002/testReport/projectroot.roottest.root.meta/ROOT-7462/roottest_root_meta_ROOT_7462_make/); - [projectroot.roottest.root.io.uniquePointer.roottest_root_io_uniquePointer_simpleWriteRead](https://lcgapp-services.cern.ch/root-jenkins/job/root-pullrequests-build/104002/testReport/projectroot.roottest.root.io/uniquePointer/roottest_root_io_uniquePointer_simpleWriteRead/); - [projectroot.roottest.root.io.uniquePointer.roottest_root_io_uniquePointer_simpleRead](https://lcgapp-services.cern.ch/root-jenkins/job/root-pullrequests-build/104002/testReport/projectroot.roottest.root.io/uniquePointer/roottest_root_io_uniquePointer_simpleRead/),MatchSource.ISSUE_COMMENT,root-project,root,v6-32-06,https://github.com/root-project/root/pull/6559#issuecomment-746943499:253,test,tests,253,https://root.cern,https://github.com/root-project/root/pull/6559#issuecomment-746943499,4,['test'],"['testReport', 'tests']"
Testability,Build failed on ROOT-fedora32/noimt.; Running on root-fedora32-1.cern.ch:/home/sftnight/build/workspace/root-pullrequests-build; [See console output](https://lcgapp-services.cern.ch/root-jenkins/job/root-pullrequests-build/104007/console).; ### Failing tests:; - [projectroot.roottest.root.meta.ROOT-7462.roottest_root_meta_ROOT_7462_make](https://lcgapp-services.cern.ch/root-jenkins/job/root-pullrequests-build/104007/testReport/projectroot.roottest.root.meta/ROOT-7462/roottest_root_meta_ROOT_7462_make/); - [projectroot.roottest.root.io.uniquePointer.roottest_root_io_uniquePointer_simpleWriteRead](https://lcgapp-services.cern.ch/root-jenkins/job/root-pullrequests-build/104007/testReport/projectroot.roottest.root.io/uniquePointer/roottest_root_io_uniquePointer_simpleWriteRead/); - [projectroot.roottest.root.io.uniquePointer.roottest_root_io_uniquePointer_simpleRead](https://lcgapp-services.cern.ch/root-jenkins/job/root-pullrequests-build/104007/testReport/projectroot.roottest.root.io/uniquePointer/roottest_root_io_uniquePointer_simpleRead/),MatchSource.ISSUE_COMMENT,root-project,root,v6-32-06,https://github.com/root-project/root/pull/3760#issuecomment-747061692:253,test,tests,253,https://root.cern,https://github.com/root-project/root/pull/3760#issuecomment-747061692,4,['test'],"['testReport', 'tests']"
Testability,Build failed on ROOT-fedora32/noimt.; Running on root-fedora32-1.cern.ch:/home/sftnight/build/workspace/root-pullrequests-build; [See console output](https://lcgapp-services.cern.ch/root-jenkins/job/root-pullrequests-build/104010/console).; ### Failing tests:; - [projectroot.roottest.root.meta.ROOT-7462.roottest_root_meta_ROOT_7462_make](https://lcgapp-services.cern.ch/root-jenkins/job/root-pullrequests-build/104010/testReport/projectroot.roottest.root.meta/ROOT-7462/roottest_root_meta_ROOT_7462_make/); - [projectroot.roottest.root.io.uniquePointer.roottest_root_io_uniquePointer_simpleWriteRead](https://lcgapp-services.cern.ch/root-jenkins/job/root-pullrequests-build/104010/testReport/projectroot.roottest.root.io/uniquePointer/roottest_root_io_uniquePointer_simpleWriteRead/); - [projectroot.roottest.root.io.uniquePointer.roottest_root_io_uniquePointer_simpleRead](https://lcgapp-services.cern.ch/root-jenkins/job/root-pullrequests-build/104010/testReport/projectroot.roottest.root.io/uniquePointer/roottest_root_io_uniquePointer_simpleRead/),MatchSource.ISSUE_COMMENT,root-project,root,v6-32-06,https://github.com/root-project/root/pull/6960#issuecomment-747575343:253,test,tests,253,https://root.cern,https://github.com/root-project/root/pull/6960#issuecomment-747575343,4,['test'],"['testReport', 'tests']"
Testability,Build failed on ROOT-fedora32/noimt.; Running on root-fedora32-1.cern.ch:/home/sftnight/build/workspace/root-pullrequests-build; [See console output](https://lcgapp-services.cern.ch/root-jenkins/job/root-pullrequests-build/104017/console).; ### Failing tests:; - [projectroot.roottest.root.meta.ROOT-7462.roottest_root_meta_ROOT_7462_make](https://lcgapp-services.cern.ch/root-jenkins/job/root-pullrequests-build/104017/testReport/projectroot.roottest.root.meta/ROOT-7462/roottest_root_meta_ROOT_7462_make/); - [projectroot.roottest.root.io.uniquePointer.roottest_root_io_uniquePointer_simpleWriteRead](https://lcgapp-services.cern.ch/root-jenkins/job/root-pullrequests-build/104017/testReport/projectroot.roottest.root.io/uniquePointer/roottest_root_io_uniquePointer_simpleWriteRead/); - [projectroot.roottest.root.io.uniquePointer.roottest_root_io_uniquePointer_simpleRead](https://lcgapp-services.cern.ch/root-jenkins/job/root-pullrequests-build/104017/testReport/projectroot.roottest.root.io/uniquePointer/roottest_root_io_uniquePointer_simpleRead/),MatchSource.ISSUE_COMMENT,root-project,root,v6-32-06,https://github.com/root-project/root/pull/6961#issuecomment-747595647:253,test,tests,253,https://root.cern,https://github.com/root-project/root/pull/6961#issuecomment-747595647,4,['test'],"['testReport', 'tests']"
Testability,Build failed on ROOT-fedora32/noimt.; Running on root-fedora32-1.cern.ch:/home/sftnight/build/workspace/root-pullrequests-build; [See console output](https://lcgapp-services.cern.ch/root-jenkins/job/root-pullrequests-build/104031/console).; ### Failing tests:; - [projectroot.roottest.root.meta.ROOT-7462.roottest_root_meta_ROOT_7462_make](https://lcgapp-services.cern.ch/root-jenkins/job/root-pullrequests-build/104031/testReport/projectroot.roottest.root.meta/ROOT-7462/roottest_root_meta_ROOT_7462_make/); - [projectroot.roottest.root.io.uniquePointer.roottest_root_io_uniquePointer_simpleWriteRead](https://lcgapp-services.cern.ch/root-jenkins/job/root-pullrequests-build/104031/testReport/projectroot.roottest.root.io/uniquePointer/roottest_root_io_uniquePointer_simpleWriteRead/); - [projectroot.roottest.root.io.uniquePointer.roottest_root_io_uniquePointer_simpleRead](https://lcgapp-services.cern.ch/root-jenkins/job/root-pullrequests-build/104031/testReport/projectroot.roottest.root.io/uniquePointer/roottest_root_io_uniquePointer_simpleRead/),MatchSource.ISSUE_COMMENT,root-project,root,v6-32-06,https://github.com/root-project/root/pull/6880#issuecomment-747606508:253,test,tests,253,https://root.cern,https://github.com/root-project/root/pull/6880#issuecomment-747606508,4,['test'],"['testReport', 'tests']"
Testability,Build failed on ROOT-fedora32/noimt.; Running on root-fedora32-1.cern.ch:/home/sftnight/build/workspace/root-pullrequests-build; [See console output](https://lcgapp-services.cern.ch/root-jenkins/job/root-pullrequests-build/104045/console).; ### Failing tests:; - [projectroot.roottest.root.io.uniquePointer.roottest_root_io_uniquePointer_simpleWriteRead](https://lcgapp-services.cern.ch/root-jenkins/job/root-pullrequests-build/104045/testReport/projectroot.roottest.root.io/uniquePointer/roottest_root_io_uniquePointer_simpleWriteRead/); - [projectroot.roottest.root.io.uniquePointer.roottest_root_io_uniquePointer_simpleRead](https://lcgapp-services.cern.ch/root-jenkins/job/root-pullrequests-build/104045/testReport/projectroot.roottest.root.io/uniquePointer/roottest_root_io_uniquePointer_simpleRead/); - [projectroot.roottest.root.meta.ROOT-7462.roottest_root_meta_ROOT_7462_make](https://lcgapp-services.cern.ch/root-jenkins/job/root-pullrequests-build/104045/testReport/projectroot.roottest.root.meta/ROOT-7462/roottest_root_meta_ROOT_7462_make/),MatchSource.ISSUE_COMMENT,root-project,root,v6-32-06,https://github.com/root-project/root/pull/6762#issuecomment-747945406:253,test,tests,253,https://root.cern,https://github.com/root-project/root/pull/6762#issuecomment-747945406,4,['test'],"['testReport', 'tests']"
Testability,Build failed on ROOT-fedora32/noimt.; Running on root-fedora32-1.cern.ch:/home/sftnight/build/workspace/root-pullrequests-build; [See console output](https://lcgapp-services.cern.ch/root-jenkins/job/root-pullrequests-build/104060/console).; ### Failing tests:; - [projectroot.roottest.root.meta.ROOT-7462.roottest_root_meta_ROOT_7462_make](https://lcgapp-services.cern.ch/root-jenkins/job/root-pullrequests-build/104060/testReport/projectroot.roottest.root.meta/ROOT-7462/roottest_root_meta_ROOT_7462_make/); - [projectroot.roottest.root.io.uniquePointer.roottest_root_io_uniquePointer_simpleWriteRead](https://lcgapp-services.cern.ch/root-jenkins/job/root-pullrequests-build/104060/testReport/projectroot.roottest.root.io/uniquePointer/roottest_root_io_uniquePointer_simpleWriteRead/); - [projectroot.roottest.root.io.uniquePointer.roottest_root_io_uniquePointer_simpleRead](https://lcgapp-services.cern.ch/root-jenkins/job/root-pullrequests-build/104060/testReport/projectroot.roottest.root.io/uniquePointer/roottest_root_io_uniquePointer_simpleRead/),MatchSource.ISSUE_COMMENT,root-project,root,v6-32-06,https://github.com/root-project/root/pull/6963#issuecomment-747976916:253,test,tests,253,https://root.cern,https://github.com/root-project/root/pull/6963#issuecomment-747976916,4,['test'],"['testReport', 'tests']"
Testability,Build failed on ROOT-fedora32/noimt.; Running on root-fedora32-1.cern.ch:/home/sftnight/build/workspace/root-pullrequests-build; [See console output](https://lcgapp-services.cern.ch/root-jenkins/job/root-pullrequests-build/104074/console).; ### Failing tests:; - [projectroot.roottest.root.io.uniquePointer.roottest_root_io_uniquePointer_simpleWriteRead](https://lcgapp-services.cern.ch/root-jenkins/job/root-pullrequests-build/104074/testReport/projectroot.roottest.root.io/uniquePointer/roottest_root_io_uniquePointer_simpleWriteRead/); - [projectroot.roottest.root.io.uniquePointer.roottest_root_io_uniquePointer_simpleRead](https://lcgapp-services.cern.ch/root-jenkins/job/root-pullrequests-build/104074/testReport/projectroot.roottest.root.io/uniquePointer/roottest_root_io_uniquePointer_simpleRead/); - [projectroot.roottest.root.meta.ROOT-7462.roottest_root_meta_ROOT_7462_make](https://lcgapp-services.cern.ch/root-jenkins/job/root-pullrequests-build/104074/testReport/projectroot.roottest.root.meta/ROOT-7462/roottest_root_meta_ROOT_7462_make/),MatchSource.ISSUE_COMMENT,root-project,root,v6-32-06,https://github.com/root-project/root/pull/6965#issuecomment-748018480:253,test,tests,253,https://root.cern,https://github.com/root-project/root/pull/6965#issuecomment-748018480,4,['test'],"['testReport', 'tests']"
Testability,Build failed on ROOT-fedora32/noimt.; Running on root-fedora32-1.cern.ch:/home/sftnight/build/workspace/root-pullrequests-build; [See console output](https://lcgapp-services.cern.ch/root-jenkins/job/root-pullrequests-build/104081/console).; ### Failing tests:; - [projectroot.roottest.root.meta.ROOT-7462.roottest_root_meta_ROOT_7462_make](https://lcgapp-services.cern.ch/root-jenkins/job/root-pullrequests-build/104081/testReport/projectroot.roottest.root.meta/ROOT-7462/roottest_root_meta_ROOT_7462_make/); - [projectroot.roottest.root.io.uniquePointer.roottest_root_io_uniquePointer_simpleWriteRead](https://lcgapp-services.cern.ch/root-jenkins/job/root-pullrequests-build/104081/testReport/projectroot.roottest.root.io/uniquePointer/roottest_root_io_uniquePointer_simpleWriteRead/); - [projectroot.roottest.root.io.uniquePointer.roottest_root_io_uniquePointer_simpleRead](https://lcgapp-services.cern.ch/root-jenkins/job/root-pullrequests-build/104081/testReport/projectroot.roottest.root.io/uniquePointer/roottest_root_io_uniquePointer_simpleRead/),MatchSource.ISSUE_COMMENT,root-project,root,v6-32-06,https://github.com/root-project/root/pull/6965#issuecomment-748037517:253,test,tests,253,https://root.cern,https://github.com/root-project/root/pull/6965#issuecomment-748037517,4,['test'],"['testReport', 'tests']"
Testability,Build failed on ROOT-fedora32/noimt.; Running on root-fedora32-1.cern.ch:/home/sftnight/build/workspace/root-pullrequests-build; [See console output](https://lcgapp-services.cern.ch/root-jenkins/job/root-pullrequests-build/104095/console).; ### Failing tests:; - [projectroot.roottest.root.meta.ROOT-7462.roottest_root_meta_ROOT_7462_make](https://lcgapp-services.cern.ch/root-jenkins/job/root-pullrequests-build/104095/testReport/projectroot.roottest.root.meta/ROOT-7462/roottest_root_meta_ROOT_7462_make/); - [projectroot.roottest.root.io.uniquePointer.roottest_root_io_uniquePointer_simpleWriteRead](https://lcgapp-services.cern.ch/root-jenkins/job/root-pullrequests-build/104095/testReport/projectroot.roottest.root.io/uniquePointer/roottest_root_io_uniquePointer_simpleWriteRead/); - [projectroot.roottest.root.io.uniquePointer.roottest_root_io_uniquePointer_simpleRead](https://lcgapp-services.cern.ch/root-jenkins/job/root-pullrequests-build/104095/testReport/projectroot.roottest.root.io/uniquePointer/roottest_root_io_uniquePointer_simpleRead/),MatchSource.ISSUE_COMMENT,root-project,root,v6-32-06,https://github.com/root-project/root/pull/6880#issuecomment-748200910:253,test,tests,253,https://root.cern,https://github.com/root-project/root/pull/6880#issuecomment-748200910,4,['test'],"['testReport', 'tests']"
Testability,Build failed on ROOT-fedora32/noimt.; Running on root-fedora32-1.cern.ch:/home/sftnight/build/workspace/root-pullrequests-build; [See console output](https://lcgapp-services.cern.ch/root-jenkins/job/root-pullrequests-build/118722/console).; ### Warnings:; - [2021-05-26T17:21:27.079Z] math/unuran/unuran-1.8.0-root/src/methods/mvtdr_init.ch:886:17: warning: argument 1 value ‘18446744073709551608’ exceeds maximum object size 9223372036854775807 [-Walloc-size-larger-than=] . ### Failing tests:; - [projectroot.roottest.root.io.uniquePointer.roottest_root_io_uniquePointer_simpleWriteRead](https://lcgapp-services.cern.ch/root-jenkins/job/root-pullrequests-build/118722/testReport/projectroot.roottest.root.io/uniquePointer/roottest_root_io_uniquePointer_simpleWriteRead/); - [projectroot.roottest.root.io.uniquePointer.roottest_root_io_uniquePointer_simpleRead](https://lcgapp-services.cern.ch/root-jenkins/job/root-pullrequests-build/118722/testReport/projectroot.roottest.root.io/uniquePointer/roottest_root_io_uniquePointer_simpleRead/); - [projectroot.roottest.root.meta.ROOT-7462.roottest_root_meta_ROOT_7462_make](https://lcgapp-services.cern.ch/root-jenkins/job/root-pullrequests-build/118722/testReport/projectroot.roottest.root.meta/ROOT-7462/roottest_root_meta_ROOT_7462_make/),MatchSource.ISSUE_COMMENT,root-project,root,v6-32-06,https://github.com/root-project/root/pull/7354#issuecomment-848988971:488,test,tests,488,https://root.cern,https://github.com/root-project/root/pull/7354#issuecomment-848988971,4,['test'],"['testReport', 'tests']"
Testability,Build failed on ROOT-fedora32/noimt.; Running on root-fedora32-1.cern.ch:/home/sftnight/build/workspace/root-pullrequests-build; [See console output](https://lcgapp-services.cern.ch/root-jenkins/job/root-pullrequests-build/118736/console).; ### Warnings:; - [2021-05-26T18:28:34.372Z] math/unuran/unuran-1.8.0-root/src/methods/mvtdr_init.ch:886:17: warning: argument 1 value ‘18446744073709551608’ exceeds maximum object size 9223372036854775807 [-Walloc-size-larger-than=] . ### Failing tests:; - [projectroot.roottest.root.io.uniquePointer.roottest_root_io_uniquePointer_simpleWriteRead](https://lcgapp-services.cern.ch/root-jenkins/job/root-pullrequests-build/118736/testReport/projectroot.roottest.root.io/uniquePointer/roottest_root_io_uniquePointer_simpleWriteRead/); - [projectroot.roottest.root.io.uniquePointer.roottest_root_io_uniquePointer_simpleRead](https://lcgapp-services.cern.ch/root-jenkins/job/root-pullrequests-build/118736/testReport/projectroot.roottest.root.io/uniquePointer/roottest_root_io_uniquePointer_simpleRead/); - [projectroot.roottest.root.meta.ROOT-7462.roottest_root_meta_ROOT_7462_make](https://lcgapp-services.cern.ch/root-jenkins/job/root-pullrequests-build/118736/testReport/projectroot.roottest.root.meta/ROOT-7462/roottest_root_meta_ROOT_7462_make/),MatchSource.ISSUE_COMMENT,root-project,root,v6-32-06,https://github.com/root-project/root/pull/7907#issuecomment-849033818:488,test,tests,488,https://root.cern,https://github.com/root-project/root/pull/7907#issuecomment-849033818,4,['test'],"['testReport', 'tests']"
Testability,Build failed on ROOT-fedora32/noimt.; Running on root-fedora32-1.cern.ch:/home/sftnight/build/workspace/root-pullrequests-build; [See console output](https://lcgapp-services.cern.ch/root-jenkins/job/root-pullrequests-build/118743/console).; ### Warnings:; - [2021-05-26T19:01:47.214Z] math/unuran/unuran-1.8.0-root/src/methods/mvtdr_init.ch:886:17: warning: argument 1 value ‘18446744073709551608’ exceeds maximum object size 9223372036854775807 [-Walloc-size-larger-than=] . ### Failing tests:; - [projectroot.roottest.root.io.uniquePointer.roottest_root_io_uniquePointer_simpleWriteRead](https://lcgapp-services.cern.ch/root-jenkins/job/root-pullrequests-build/118743/testReport/projectroot.roottest.root.io/uniquePointer/roottest_root_io_uniquePointer_simpleWriteRead/); - [projectroot.roottest.root.io.uniquePointer.roottest_root_io_uniquePointer_simpleRead](https://lcgapp-services.cern.ch/root-jenkins/job/root-pullrequests-build/118743/testReport/projectroot.roottest.root.io/uniquePointer/roottest_root_io_uniquePointer_simpleRead/); - [projectroot.roottest.root.meta.ROOT-7462.roottest_root_meta_ROOT_7462_make](https://lcgapp-services.cern.ch/root-jenkins/job/root-pullrequests-build/118743/testReport/projectroot.roottest.root.meta/ROOT-7462/roottest_root_meta_ROOT_7462_make/),MatchSource.ISSUE_COMMENT,root-project,root,v6-32-06,https://github.com/root-project/root/pull/8078#issuecomment-849053229:488,test,tests,488,https://root.cern,https://github.com/root-project/root/pull/8078#issuecomment-849053229,4,['test'],"['testReport', 'tests']"
Testability,Build failed on ROOT-fedora32/noimt.; Running on root-fedora32-1.cern.ch:/home/sftnight/build/workspace/root-pullrequests-build; [See console output](https://lcgapp-services.cern.ch/root-jenkins/job/root-pullrequests-build/118750/console).; ### Warnings:; - [2021-05-27T07:28:56.649Z] math/unuran/unuran-1.8.0-root/src/methods/mvtdr_init.ch:886:17: warning: argument 1 value ‘18446744073709551608’ exceeds maximum object size 9223372036854775807 [-Walloc-size-larger-than=] . ### Failing tests:; - [projectroot.roottest.root.io.uniquePointer.roottest_root_io_uniquePointer_simpleWriteRead](https://lcgapp-services.cern.ch/root-jenkins/job/root-pullrequests-build/118750/testReport/projectroot.roottest.root.io/uniquePointer/roottest_root_io_uniquePointer_simpleWriteRead/); - [projectroot.roottest.root.io.uniquePointer.roottest_root_io_uniquePointer_simpleRead](https://lcgapp-services.cern.ch/root-jenkins/job/root-pullrequests-build/118750/testReport/projectroot.roottest.root.io/uniquePointer/roottest_root_io_uniquePointer_simpleRead/); - [projectroot.roottest.root.meta.ROOT-7462.roottest_root_meta_ROOT_7462_make](https://lcgapp-services.cern.ch/root-jenkins/job/root-pullrequests-build/118750/testReport/projectroot.roottest.root.meta/ROOT-7462/roottest_root_meta_ROOT_7462_make/),MatchSource.ISSUE_COMMENT,root-project,root,v6-32-06,https://github.com/root-project/root/pull/8257#issuecomment-849416172:488,test,tests,488,https://root.cern,https://github.com/root-project/root/pull/8257#issuecomment-849416172,4,['test'],"['testReport', 'tests']"
Testability,Build failed on ROOT-fedora32/noimt.; Running on root-fedora32-1.cern.ch:/home/sftnight/build/workspace/root-pullrequests-build; [See console output](https://lcgapp-services.cern.ch/root-jenkins/job/root-pullrequests-build/118757/console).; ### Warnings:; - [2021-05-27T07:49:34.319Z] math/unuran/unuran-1.8.0-root/src/methods/mvtdr_init.ch:886:17: warning: argument 1 value ‘18446744073709551608’ exceeds maximum object size 9223372036854775807 [-Walloc-size-larger-than=] . ### Failing tests:; - [projectroot.roottest.root.io.uniquePointer.roottest_root_io_uniquePointer_simpleWriteRead](https://lcgapp-services.cern.ch/root-jenkins/job/root-pullrequests-build/118757/testReport/projectroot.roottest.root.io/uniquePointer/roottest_root_io_uniquePointer_simpleWriteRead/); - [projectroot.roottest.root.io.uniquePointer.roottest_root_io_uniquePointer_simpleRead](https://lcgapp-services.cern.ch/root-jenkins/job/root-pullrequests-build/118757/testReport/projectroot.roottest.root.io/uniquePointer/roottest_root_io_uniquePointer_simpleRead/); - [projectroot.roottest.root.meta.ROOT-7462.roottest_root_meta_ROOT_7462_make](https://lcgapp-services.cern.ch/root-jenkins/job/root-pullrequests-build/118757/testReport/projectroot.roottest.root.meta/ROOT-7462/roottest_root_meta_ROOT_7462_make/),MatchSource.ISSUE_COMMENT,root-project,root,v6-32-06,https://github.com/root-project/root/pull/8239#issuecomment-849428523:488,test,tests,488,https://root.cern,https://github.com/root-project/root/pull/8239#issuecomment-849428523,4,['test'],"['testReport', 'tests']"
Testability,Build failed on ROOT-fedora32/noimt.; Running on root-fedora32-1.cern.ch:/home/sftnight/build/workspace/root-pullrequests-build; [See console output](https://lcgapp-services.cern.ch/root-jenkins/job/root-pullrequests-build/118771/console).; ### Failing tests:; - [projectroot.roottest.root.io.uniquePointer.roottest_root_io_uniquePointer_simpleWriteRead](https://lcgapp-services.cern.ch/root-jenkins/job/root-pullrequests-build/118771/testReport/projectroot.roottest.root.io/uniquePointer/roottest_root_io_uniquePointer_simpleWriteRead/); - [projectroot.roottest.root.io.uniquePointer.roottest_root_io_uniquePointer_simpleRead](https://lcgapp-services.cern.ch/root-jenkins/job/root-pullrequests-build/118771/testReport/projectroot.roottest.root.io/uniquePointer/roottest_root_io_uniquePointer_simpleRead/); - [projectroot.roottest.root.meta.ROOT-7462.roottest_root_meta_ROOT_7462_make](https://lcgapp-services.cern.ch/root-jenkins/job/root-pullrequests-build/118771/testReport/projectroot.roottest.root.meta/ROOT-7462/roottest_root_meta_ROOT_7462_make/),MatchSource.ISSUE_COMMENT,root-project,root,v6-32-06,https://github.com/root-project/root/pull/8258#issuecomment-849486927:253,test,tests,253,https://root.cern,https://github.com/root-project/root/pull/8258#issuecomment-849486927,4,['test'],"['testReport', 'tests']"
Testability,Build failed on ROOT-fedora32/noimt.; Running on root-fedora32-1.cern.ch:/home/sftnight/build/workspace/root-pullrequests-build; [See console output](https://lcgapp-services.cern.ch/root-jenkins/job/root-pullrequests-build/118778/console).; ### Failing tests:; - [projectroot.roottest.root.meta.ROOT-7462.roottest_root_meta_ROOT_7462_make](https://lcgapp-services.cern.ch/root-jenkins/job/root-pullrequests-build/118778/testReport/projectroot.roottest.root.meta/ROOT-7462/roottest_root_meta_ROOT_7462_make/); - [projectroot.roottest.root.io.uniquePointer.roottest_root_io_uniquePointer_simpleWriteRead](https://lcgapp-services.cern.ch/root-jenkins/job/root-pullrequests-build/118778/testReport/projectroot.roottest.root.io/uniquePointer/roottest_root_io_uniquePointer_simpleWriteRead/); - [projectroot.roottest.root.io.uniquePointer.roottest_root_io_uniquePointer_simpleRead](https://lcgapp-services.cern.ch/root-jenkins/job/root-pullrequests-build/118778/testReport/projectroot.roottest.root.io/uniquePointer/roottest_root_io_uniquePointer_simpleRead/),MatchSource.ISSUE_COMMENT,root-project,root,v6-32-06,https://github.com/root-project/root/pull/8259#issuecomment-849500716:253,test,tests,253,https://root.cern,https://github.com/root-project/root/pull/8259#issuecomment-849500716,4,['test'],"['testReport', 'tests']"
Testability,Build failed on ROOT-fedora32/noimt.; Running on root-fedora32-1.cern.ch:/home/sftnight/build/workspace/root-pullrequests-build; [See console output](https://lcgapp-services.cern.ch/root-jenkins/job/root-pullrequests-build/118785/console).; ### Warnings:; - [2021-05-27T11:59:54.239Z] math/unuran/unuran-1.8.0-root/src/methods/mvtdr_init.ch:886:17: warning: argument 1 value ‘18446744073709551608’ exceeds maximum object size 9223372036854775807 [-Walloc-size-larger-than=] . ### Failing tests:; - [projectroot.roottest.root.io.uniquePointer.roottest_root_io_uniquePointer_simpleWriteRead](https://lcgapp-services.cern.ch/root-jenkins/job/root-pullrequests-build/118785/testReport/projectroot.roottest.root.io/uniquePointer/roottest_root_io_uniquePointer_simpleWriteRead/); - [projectroot.roottest.root.io.uniquePointer.roottest_root_io_uniquePointer_simpleRead](https://lcgapp-services.cern.ch/root-jenkins/job/root-pullrequests-build/118785/testReport/projectroot.roottest.root.io/uniquePointer/roottest_root_io_uniquePointer_simpleRead/); - [projectroot.roottest.root.meta.ROOT-7462.roottest_root_meta_ROOT_7462_make](https://lcgapp-services.cern.ch/root-jenkins/job/root-pullrequests-build/118785/testReport/projectroot.roottest.root.meta/ROOT-7462/roottest_root_meta_ROOT_7462_make/),MatchSource.ISSUE_COMMENT,root-project,root,v6-32-06,https://github.com/root-project/root/pull/8262#issuecomment-849587373:488,test,tests,488,https://root.cern,https://github.com/root-project/root/pull/8262#issuecomment-849587373,4,['test'],"['testReport', 'tests']"
Testability,Build failed on ROOT-fedora32/noimt.; Running on root-fedora32-1.cern.ch:/home/sftnight/build/workspace/root-pullrequests-build; [See console output](https://lcgapp-services.cern.ch/root-jenkins/job/root-pullrequests-build/118792/console).; ### Warnings:; - [2021-05-27T13:44:48.092Z] math/unuran/unuran-1.8.0-root/src/methods/mvtdr_init.ch:886:17: warning: argument 1 value ‘18446744073709551608’ exceeds maximum object size 9223372036854775807 [-Walloc-size-larger-than=] . ### Failing tests:; - [projectroot.roottest.root.io.uniquePointer.roottest_root_io_uniquePointer_simpleWriteRead](https://lcgapp-services.cern.ch/root-jenkins/job/root-pullrequests-build/118792/testReport/projectroot.roottest.root.io/uniquePointer/roottest_root_io_uniquePointer_simpleWriteRead/); - [projectroot.roottest.root.io.uniquePointer.roottest_root_io_uniquePointer_simpleRead](https://lcgapp-services.cern.ch/root-jenkins/job/root-pullrequests-build/118792/testReport/projectroot.roottest.root.io/uniquePointer/roottest_root_io_uniquePointer_simpleRead/); - [projectroot.roottest.root.meta.ROOT-7462.roottest_root_meta_ROOT_7462_make](https://lcgapp-services.cern.ch/root-jenkins/job/root-pullrequests-build/118792/testReport/projectroot.roottest.root.meta/ROOT-7462/roottest_root_meta_ROOT_7462_make/),MatchSource.ISSUE_COMMENT,root-project,root,v6-32-06,https://github.com/root-project/root/pull/8263#issuecomment-849661548:488,test,tests,488,https://root.cern,https://github.com/root-project/root/pull/8263#issuecomment-849661548,4,['test'],"['testReport', 'tests']"
Testability,"Build failed on ROOT-fedora34/default.; Running on root-fedora34-1.cern.ch:/home/sftnight/build/workspace/root-pullrequests-build; [See console output](https://lcgapp-services.cern.ch/root-jenkins/job/root-pullrequests-build/126763/console).; ### Warnings:; - [2021-10-04T15:57:57.930Z] /home/sftnight/build/workspace/root-pullrequests-build/build/ginclude/tbb/concurrent_hash_map.h:131:24: warning: ‘void* memset(void*, int, size_t)’ clearing an object of type ‘struct tbb::interface5::internal::hash_map_base::bucket’ with no trivial copy-assignment; use value-initialization instead [-Wclass-memaccess] . ### Failing tests:; - [projectroot.roottest.root.io.uniquePointer.roottest_root_io_uniquePointer_simpleWriteRead](https://lcgapp-services.cern.ch/root-jenkins/job/root-pullrequests-build/126763/testReport/projectroot.roottest.root.io/uniquePointer/roottest_root_io_uniquePointer_simpleWriteRead/); - [projectroot.roottest.root.io.uniquePointer.roottest_root_io_uniquePointer_simpleRead](https://lcgapp-services.cern.ch/root-jenkins/job/root-pullrequests-build/126763/testReport/projectroot.roottest.root.io/uniquePointer/roottest_root_io_uniquePointer_simpleRead/); - [projectroot.roottest.root.meta.MakeProject.roottest_root_meta_MakeProject_runaliceesd](https://lcgapp-services.cern.ch/root-jenkins/job/root-pullrequests-build/126763/testReport/projectroot.roottest.root.meta/MakeProject/roottest_root_meta_MakeProject_runaliceesd/); - [projectroot.roottest.root.meta.ROOT-7462.roottest_root_meta_ROOT_7462_make](https://lcgapp-services.cern.ch/root-jenkins/job/root-pullrequests-build/126763/testReport/projectroot.roottest.root.meta/ROOT-7462/roottest_root_meta_ROOT_7462_make/)",MatchSource.ISSUE_COMMENT,root-project,root,v6-32-06,https://github.com/root-project/root/pull/9066#issuecomment-933646782:620,test,tests,620,https://root.cern,https://github.com/root-project/root/pull/9066#issuecomment-933646782,10,['test'],"['testReport', 'tests']"
Testability,Build failed on ROOT-fedora34/default.; Running on root-fedora34-1.cern.ch:/home/sftnight/build/workspace/root-pullrequests-build; [See console output](https://lcgapp-services.cern.ch/root-jenkins/job/root-pullrequests-build/126764/console).; ### Failing tests:; - [projectroot.roottest.root.io.uniquePointer.roottest_root_io_uniquePointer_simpleWriteRead](https://lcgapp-services.cern.ch/root-jenkins/job/root-pullrequests-build/126764/testReport/projectroot.roottest.root.io/uniquePointer/roottest_root_io_uniquePointer_simpleWriteRead/); - [projectroot.roottest.root.io.uniquePointer.roottest_root_io_uniquePointer_simpleRead](https://lcgapp-services.cern.ch/root-jenkins/job/root-pullrequests-build/126764/testReport/projectroot.roottest.root.io/uniquePointer/roottest_root_io_uniquePointer_simpleRead/); - [projectroot.roottest.root.meta.MakeProject.roottest_root_meta_MakeProject_runaliceesd](https://lcgapp-services.cern.ch/root-jenkins/job/root-pullrequests-build/126764/testReport/projectroot.roottest.root.meta/MakeProject/roottest_root_meta_MakeProject_runaliceesd/); - [projectroot.roottest.root.meta.ROOT-7462.roottest_root_meta_ROOT_7462_make](https://lcgapp-services.cern.ch/root-jenkins/job/root-pullrequests-build/126764/testReport/projectroot.roottest.root.meta/ROOT-7462/roottest_root_meta_ROOT_7462_make/),MatchSource.ISSUE_COMMENT,root-project,root,v6-32-06,https://github.com/root-project/root/pull/9065#issuecomment-933804034:255,test,tests,255,https://root.cern,https://github.com/root-project/root/pull/9065#issuecomment-933804034,5,['test'],"['testReport', 'tests']"
Testability,Build failed on ROOT-fedora34/default.; Running on root-fedora34-2.cern.ch:/home/sftnight/build/workspace/root-pullrequests-build; [See console output](https://lcgapp-services.cern.ch/root-jenkins/job/root-pullrequests-build/126750/console).; ### Failing tests:; - [projectroot.roottest.python.distrdf.roottest_python_distrdf_spark_test_reducer_merge](https://lcgapp-services.cern.ch/root-jenkins/job/root-pullrequests-build/126750/testReport/projectroot.roottest.python/distrdf/roottest_python_distrdf_spark_test_reducer_merge/); - [projectroot.roottest.root.io.uniquePointer.roottest_root_io_uniquePointer_simpleWriteRead](https://lcgapp-services.cern.ch/root-jenkins/job/root-pullrequests-build/126750/testReport/projectroot.roottest.root.io/uniquePointer/roottest_root_io_uniquePointer_simpleWriteRead/); - [projectroot.roottest.root.io.uniquePointer.roottest_root_io_uniquePointer_simpleRead](https://lcgapp-services.cern.ch/root-jenkins/job/root-pullrequests-build/126750/testReport/projectroot.roottest.root.io/uniquePointer/roottest_root_io_uniquePointer_simpleRead/); - [projectroot.roottest.root.meta.MakeProject.roottest_root_meta_MakeProject_runaliceesd](https://lcgapp-services.cern.ch/root-jenkins/job/root-pullrequests-build/126750/testReport/projectroot.roottest.root.meta/MakeProject/roottest_root_meta_MakeProject_runaliceesd/); - [projectroot.roottest.root.meta.ROOT-7462.roottest_root_meta_ROOT_7462_make](https://lcgapp-services.cern.ch/root-jenkins/job/root-pullrequests-build/126750/testReport/projectroot.roottest.root.meta/ROOT-7462/roottest_root_meta_ROOT_7462_make/),MatchSource.ISSUE_COMMENT,root-project,root,v6-32-06,https://github.com/root-project/root/pull/9065#issuecomment-933653701:255,test,tests,255,https://root.cern,https://github.com/root-project/root/pull/9065#issuecomment-933653701,6,['test'],"['testReport', 'tests']"
Testability,Build failed on ROOT-performance-centos7-multicore/default.; Running Allocate node on root-jenkins-01.cern.ch:/var/lib/jenkins/workspace/root-pullrequests-build; Running Allocate node on olhswep22.cern.ch:/data/sftnight/workspace/root-pullrequests-build; [See cdash](http://cdash.cern.ch/index.php?project=ROOT&filtercount=1&field1=buildname/string&compare1=65&value1=PR-5412-ROOT-performance-centos7-multicore-default&date=2020-04-21).; [See console output](https://lcgapp-services.cern.ch/root-jenkins/job/root-pullrequests-build/77694/console).; ### Failing tests:; - [projectroot.math.foam.test.gtest_math_foam_test_testTFoam](https://lcgapp-services.cern.ch/root-jenkins/job/root-pullrequests-build/77694/testReport/projectroot.math.foam/test/gtest_math_foam_test_testTFoam/),MatchSource.ISSUE_COMMENT,root-project,root,v6-32-06,https://github.com/root-project/root/pull/5412#issuecomment-617254117:561,test,tests,561,https://root.cern,https://github.com/root-project/root/pull/5412#issuecomment-617254117,8,['test'],"['test', 'testReport', 'tests']"
Testability,Build failed on ROOT-performance-centos7-multicore/default.; Running on olhswep22.cern.ch:/data/sftnight/workspace/root-pullrequests-build; [See cdash](http://cdash.cern.ch/index.php?project=ROOT&filtercount=1&field1=buildname/string&compare1=65&value1=PR-3760-ROOT-performance-centos7-multicore-default&date=2020-05-18).; [See console output](https://lcgapp-services.cern.ch/root-jenkins/job/root-pullrequests-build/82675/console).; ### Failing tests:; - [projectroot.roottest.root.io.stdarray.roottest_root_io_stdarray_colWiseRead_32](https://lcgapp-services.cern.ch/root-jenkins/job/root-pullrequests-build/82675/testReport/projectroot.roottest.root.io/stdarray/roottest_root_io_stdarray_colWiseRead_32/); - [projectroot.roottest.root.meta.tclass.roottest_root_meta_tclass_execReadTmplt_build](https://lcgapp-services.cern.ch/root-jenkins/job/root-pullrequests-build/82675/testReport/projectroot.roottest.root.meta/tclass/roottest_root_meta_tclass_execReadTmplt_build/),MatchSource.ISSUE_COMMENT,root-project,root,v6-32-06,https://github.com/root-project/root/pull/3760#issuecomment-630301928:446,test,tests,446,https://root.cern,https://github.com/root-project/root/pull/3760#issuecomment-630301928,3,['test'],"['testReport', 'tests']"
Testability,Build failed on ROOT-performance-centos7-multicore/default.; Running on olhswep22.cern.ch:/data/sftnight/workspace/root-pullrequests-build; [See cdash](http://cdash.cern.ch/index.php?project=ROOT&filtercount=1&field1=buildname/string&compare1=65&value1=PR-4058-ROOT-performance-centos7-multicore-default&date=2020-09-14).; [See console output](https://lcgapp-services.cern.ch/root-jenkins/job/root-pullrequests-build/95759/console).; ### Failing tests:; - [projectroot.roottest.root.roofitstats.roottest_root_roofitstats_RooDataSet_ASCII_out](https://lcgapp-services.cern.ch/root-jenkins/job/root-pullrequests-build/95759/testReport/projectroot.roottest.root/roofitstats/roottest_root_roofitstats_RooDataSet_ASCII_out/); - [projectroot.roottest.root.io.filemerger.roottest_root_io_filemerger_simple_default_compr_level9_datageneration](https://lcgapp-services.cern.ch/root-jenkins/job/root-pullrequests-build/95759/testReport/projectroot.roottest.root.io/filemerger/roottest_root_io_filemerger_simple_default_compr_level9_datageneration/); - [projectroot.roottest.root.io.filemerger.roottest_root_io_filemerger_simplex2_default_compr_level9](https://lcgapp-services.cern.ch/root-jenkins/job/root-pullrequests-build/95759/testReport/projectroot.roottest.root.io/filemerger/roottest_root_io_filemerger_simplex2_default_compr_level9/); - [projectroot.roottest.root.io.filemerger.roottest_root_io_filemerger_simplek_default_compr_deflevel](https://lcgapp-services.cern.ch/root-jenkins/job/root-pullrequests-build/95759/testReport/projectroot.roottest.root.io/filemerger/roottest_root_io_filemerger_simplek_default_compr_deflevel/); - [projectroot.roottest.root.io.filemerger.roottest_root_io_filemerger_simplek_lzma_compr_level9](https://lcgapp-services.cern.ch/root-jenkins/job/root-pullrequests-build/95759/testReport/projectroot.roottest.root.io/filemerger/roottest_root_io_filemerger_simplek_lzma_compr_level9/); - [projectroot.roottest.root.io.filemerger.roottest_root_io_filemerger_simplek_lz4_compr,MatchSource.ISSUE_COMMENT,root-project,root,v6-32-06,https://github.com/root-project/root/pull/4058#issuecomment-692151790:446,test,tests,446,https://root.cern,https://github.com/root-project/root/pull/4058#issuecomment-692151790,3,['test'],"['testReport', 'tests']"
Testability,Build failed on ROOT-performance-centos7-multicore/default.; Running on olhswep22.cern.ch:/data/sftnight/workspace/root-pullrequests-build; [See cdash](http://cdash.cern.ch/index.php?project=ROOT&filtercount=1&field1=buildname/string&compare1=65&value1=PR-4717-ROOT-performance-centos7-multicore-default&date=2020-05-01).; [See console output](https://lcgapp-services.cern.ch/root-jenkins/job/root-pullrequests-build/79843/console).; ### Failing tests:; - [projectroot.roottest.cling.typedef.roottest_cling_typedef_assertFuncArray](https://lcgapp-services.cern.ch/root-jenkins/job/root-pullrequests-build/79843/testReport/projectroot.roottest.cling/typedef/roottest_cling_typedef_assertFuncArray/),MatchSource.ISSUE_COMMENT,root-project,root,v6-32-06,https://github.com/root-project/root/pull/4717#issuecomment-622447249:446,test,tests,446,https://root.cern,https://github.com/root-project/root/pull/4717#issuecomment-622447249,2,['test'],"['testReport', 'tests']"
Testability,Build failed on ROOT-performance-centos7-multicore/default.; Running on olhswep22.cern.ch:/data/sftnight/workspace/root-pullrequests-build; [See cdash](http://cdash.cern.ch/index.php?project=ROOT&filtercount=1&field1=buildname/string&compare1=65&value1=PR-4717-ROOT-performance-centos7-multicore-default&date=2020-05-01).; [See console output](https://lcgapp-services.cern.ch/root-jenkins/job/root-pullrequests-build/79851/console).; ### Failing tests:; - [projectroot.roottest.root.dataframe.roottest_root_dataframe_test_snapshot](https://lcgapp-services.cern.ch/root-jenkins/job/root-pullrequests-build/79851/testReport/projectroot.roottest.root/dataframe/roottest_root_dataframe_test_snapshot/),MatchSource.ISSUE_COMMENT,root-project,root,v6-32-06,https://github.com/root-project/root/pull/4717#issuecomment-622518657:446,test,tests,446,https://root.cern,https://github.com/root-project/root/pull/4717#issuecomment-622518657,2,['test'],"['testReport', 'tests']"
Testability,Build failed on ROOT-performance-centos7-multicore/default.; Running on olhswep22.cern.ch:/data/sftnight/workspace/root-pullrequests-build; [See cdash](http://cdash.cern.ch/index.php?project=ROOT&filtercount=1&field1=buildname/string&compare1=65&value1=PR-4717-ROOT-performance-centos7-multicore-default&date=2020-05-02).; [See console output](https://lcgapp-services.cern.ch/root-jenkins/job/root-pullrequests-build/79875/console).; ### Failing tests:; - [projectroot.roottest.cling.dict.roottest_cling_dict_exectemplatetemplateTest](https://lcgapp-services.cern.ch/root-jenkins/job/root-pullrequests-build/79875/testReport/projectroot.roottest.cling/dict/roottest_cling_dict_exectemplatetemplateTest/),MatchSource.ISSUE_COMMENT,root-project,root,v6-32-06,https://github.com/root-project/root/pull/4717#issuecomment-622936531:446,test,tests,446,https://root.cern,https://github.com/root-project/root/pull/4717#issuecomment-622936531,2,['test'],"['testReport', 'tests']"
Testability,Build failed on ROOT-performance-centos7-multicore/default.; Running on olhswep22.cern.ch:/data/sftnight/workspace/root-pullrequests-build; [See cdash](http://cdash.cern.ch/index.php?project=ROOT&filtercount=1&field1=buildname/string&compare1=65&value1=PR-4717-ROOT-performance-centos7-multicore-default&date=2020-05-03).; [See console output](https://lcgapp-services.cern.ch/root-jenkins/job/root-pullrequests-build/79987/console).; ### Failing tests:; - [projectroot.roottest.python.basic.roottest_python_basic_basic](https://lcgapp-services.cern.ch/root-jenkins/job/root-pullrequests-build/79987/testReport/projectroot.roottest.python/basic/roottest_python_basic_basic/),MatchSource.ISSUE_COMMENT,root-project,root,v6-32-06,https://github.com/root-project/root/pull/4717#issuecomment-623142456:446,test,tests,446,https://root.cern,https://github.com/root-project/root/pull/4717#issuecomment-623142456,2,['test'],"['testReport', 'tests']"
Testability,Build failed on ROOT-performance-centos7-multicore/default.; Running on olhswep22.cern.ch:/data/sftnight/workspace/root-pullrequests-build; [See cdash](http://cdash.cern.ch/index.php?project=ROOT&filtercount=1&field1=buildname/string&compare1=65&value1=PR-4717-ROOT-performance-centos7-multicore-default&date=2020-05-04).; [See console output](https://lcgapp-services.cern.ch/root-jenkins/job/root-pullrequests-build/79995/console).; ### Failing tests:; - [projectroot.roottest.root.meta.roottest_root_meta_namespaceconflict](https://lcgapp-services.cern.ch/root-jenkins/job/root-pullrequests-build/79995/testReport/projectroot.roottest.root/meta/roottest_root_meta_namespaceconflict/),MatchSource.ISSUE_COMMENT,root-project,root,v6-32-06,https://github.com/root-project/root/pull/4717#issuecomment-623277711:446,test,tests,446,https://root.cern,https://github.com/root-project/root/pull/4717#issuecomment-623277711,2,['test'],"['testReport', 'tests']"
Testability,Build failed on ROOT-performance-centos7-multicore/default.; Running on olhswep22.cern.ch:/data/sftnight/workspace/root-pullrequests-build; [See cdash](http://cdash.cern.ch/index.php?project=ROOT&filtercount=1&field1=buildname/string&compare1=65&value1=PR-4717-ROOT-performance-centos7-multicore-default&date=2020-05-05).; [See console output](https://lcgapp-services.cern.ch/root-jenkins/job/root-pullrequests-build/80525/console).; ### Failing tests:; - [projectroot.tmva.tmva.test.DNN.TMVA_DNN_MethodDL_Adam_Optimization_Cpu](https://lcgapp-services.cern.ch/root-jenkins/job/root-pullrequests-build/80525/testReport/projectroot.tmva.tmva.test/DNN/TMVA_DNN_MethodDL_Adam_Optimization_Cpu/),MatchSource.ISSUE_COMMENT,root-project,root,v6-32-06,https://github.com/root-project/root/pull/4717#issuecomment-624074148:446,test,tests,446,https://root.cern,https://github.com/root-project/root/pull/4717#issuecomment-624074148,4,['test'],"['test', 'testReport', 'tests']"
Testability,Build failed on ROOT-performance-centos7-multicore/default.; Running on olhswep22.cern.ch:/data/sftnight/workspace/root-pullrequests-build; [See cdash](http://cdash.cern.ch/index.php?project=ROOT&filtercount=1&field1=buildname/string&compare1=65&value1=PR-4717-ROOT-performance-centos7-multicore-default&date=2020-05-06).; [See console output](https://lcgapp-services.cern.ch/root-jenkins/job/root-pullrequests-build/80789/console).; ### Errors:; - [2020-05-06T15:23:43.260Z] 636/2022 Test #370: tutorial-dataframe-df103_NanoAODHiggsAnalysis .....................................................***Failed Error regular expression found in output. Regex=[: error:] 4.22 sec . ### Failing tests:; - [projectroot.runtutorials.tutorial_dataframe_df103_NanoAODHiggsAnalysis](https://lcgapp-services.cern.ch/root-jenkins/job/root-pullrequests-build/80789/testReport/projectroot/runtutorials/tutorial_dataframe_df103_NanoAODHiggsAnalysis/),MatchSource.ISSUE_COMMENT,root-project,root,v6-32-06,https://github.com/root-project/root/pull/4717#issuecomment-624720976:485,Test,Test,485,https://root.cern,https://github.com/root-project/root/pull/4717#issuecomment-624720976,3,"['Test', 'test']","['Test', 'testReport', 'tests']"
Testability,Build failed on ROOT-performance-centos7-multicore/default.; Running on olhswep22.cern.ch:/data/sftnight/workspace/root-pullrequests-build; [See cdash](http://cdash.cern.ch/index.php?project=ROOT&filtercount=1&field1=buildname/string&compare1=65&value1=PR-5094-ROOT-performance-centos7-multicore-default&date=2020-05-14).; [See console output](https://lcgapp-services.cern.ch/root-jenkins/job/root-pullrequests-build/82114/console).; ### Failing tests:; - [projectroot.test.test_stressHistFactory](https://lcgapp-services.cern.ch/root-jenkins/job/root-pullrequests-build/82114/testReport/projectroot/test/test_stressHistFactory/); - [projectroot.roofit.roofit.test.gtest_roofit_roofit_test_testRooGaussian](https://lcgapp-services.cern.ch/root-jenkins/job/root-pullrequests-build/82114/testReport/projectroot.roofit.roofit/test/gtest_roofit_roofit_test_testRooGaussian/); - [projectroot.roofit.roofit.test.gtest_roofit_roofit_test_testRooPoisson](https://lcgapp-services.cern.ch/root-jenkins/job/root-pullrequests-build/82114/testReport/projectroot.roofit.roofit/test/gtest_roofit_roofit_test_testRooPoisson/); - [projectroot.roofit.roofit.test.gtest_roofit_roofit_test_testRooBernstein](https://lcgapp-services.cern.ch/root-jenkins/job/root-pullrequests-build/82114/testReport/projectroot.roofit.roofit/test/gtest_roofit_roofit_test_testRooBernstein/); - [projectroot.roofit.roofit.test.gtest_roofit_roofit_test_testRooExponential](https://lcgapp-services.cern.ch/root-jenkins/job/root-pullrequests-build/82114/testReport/projectroot.roofit.roofit/test/gtest_roofit_roofit_test_testRooExponential/); - [projectroot.roofit.roofitcore.test.gtest_roofit_roofitcore_test_testRooWrapperPdf](https://lcgapp-services.cern.ch/root-jenkins/job/root-pullrequests-build/82114/testReport/projectroot.roofit.roofitcore/test/gtest_roofit_roofitcore_test_testRooWrapperPdf/); - [projectroot.roofit.roostats.test.gtest_roofit_roostats_test_testSPlot](https://lcgapp-services.cern.ch/root-jenkins/job/root-pullrequest,MatchSource.ISSUE_COMMENT,root-project,root,v6-32-06,https://github.com/root-project/root/pull/5094#issuecomment-628645404:446,test,tests,446,https://root.cern,https://github.com/root-project/root/pull/5094#issuecomment-628645404,8,['test'],"['test', 'testReport', 'tests']"
Testability,Build failed on ROOT-performance-centos7-multicore/default.; Running on olhswep22.cern.ch:/data/sftnight/workspace/root-pullrequests-build; [See cdash](http://cdash.cern.ch/index.php?project=ROOT&filtercount=1&field1=buildname/string&compare1=65&value1=PR-5094-ROOT-performance-centos7-multicore-default&date=2020-05-14).; [See console output](https://lcgapp-services.cern.ch/root-jenkins/job/root-pullrequests-build/82123/console).; ### Failing tests:; - [projectroot.test.test_stressHistFactory](https://lcgapp-services.cern.ch/root-jenkins/job/root-pullrequests-build/82123/testReport/projectroot/test/test_stressHistFactory/); - [projectroot.roofit.roofit.test.gtest_roofit_roofit_test_testRooGaussian](https://lcgapp-services.cern.ch/root-jenkins/job/root-pullrequests-build/82123/testReport/projectroot.roofit.roofit/test/gtest_roofit_roofit_test_testRooGaussian/); - [projectroot.roofit.roofit.test.gtest_roofit_roofit_test_testRooPoisson](https://lcgapp-services.cern.ch/root-jenkins/job/root-pullrequests-build/82123/testReport/projectroot.roofit.roofit/test/gtest_roofit_roofit_test_testRooPoisson/); - [projectroot.roofit.roofit.test.gtest_roofit_roofit_test_testRooBernstein](https://lcgapp-services.cern.ch/root-jenkins/job/root-pullrequests-build/82123/testReport/projectroot.roofit.roofit/test/gtest_roofit_roofit_test_testRooBernstein/); - [projectroot.roofit.roofit.test.gtest_roofit_roofit_test_testRooExponential](https://lcgapp-services.cern.ch/root-jenkins/job/root-pullrequests-build/82123/testReport/projectroot.roofit.roofit/test/gtest_roofit_roofit_test_testRooExponential/); - [projectroot.roofit.roofitcore.test.gtest_roofit_roofitcore_test_testRooWrapperPdf](https://lcgapp-services.cern.ch/root-jenkins/job/root-pullrequests-build/82123/testReport/projectroot.roofit.roofitcore/test/gtest_roofit_roofitcore_test_testRooWrapperPdf/); - [projectroot.roofit.roostats.test.gtest_roofit_roostats_test_testSPlot](https://lcgapp-services.cern.ch/root-jenkins/job/root-pullrequest,MatchSource.ISSUE_COMMENT,root-project,root,v6-32-06,https://github.com/root-project/root/pull/5094#issuecomment-628681066:446,test,tests,446,https://root.cern,https://github.com/root-project/root/pull/5094#issuecomment-628681066,8,['test'],"['test', 'testReport', 'tests']"
Testability,Build failed on ROOT-performance-centos7-multicore/default.; Running on olhswep22.cern.ch:/data/sftnight/workspace/root-pullrequests-build; [See cdash](http://cdash.cern.ch/index.php?project=ROOT&filtercount=1&field1=buildname/string&compare1=65&value1=PR-5094-ROOT-performance-centos7-multicore-default&date=2020-05-14).; [See console output](https://lcgapp-services.cern.ch/root-jenkins/job/root-pullrequests-build/82155/console).; ### Failing tests:; - [projectroot.test.test_stressHistFactory](https://lcgapp-services.cern.ch/root-jenkins/job/root-pullrequests-build/82155/testReport/projectroot/test/test_stressHistFactory/); - [projectroot.roofit.roofit.test.gtest_roofit_roofit_test_testRooGaussian](https://lcgapp-services.cern.ch/root-jenkins/job/root-pullrequests-build/82155/testReport/projectroot.roofit.roofit/test/gtest_roofit_roofit_test_testRooGaussian/); - [projectroot.roofit.roofit.test.gtest_roofit_roofit_test_testRooPoisson](https://lcgapp-services.cern.ch/root-jenkins/job/root-pullrequests-build/82155/testReport/projectroot.roofit.roofit/test/gtest_roofit_roofit_test_testRooPoisson/); - [projectroot.roofit.roofit.test.gtest_roofit_roofit_test_testRooBernstein](https://lcgapp-services.cern.ch/root-jenkins/job/root-pullrequests-build/82155/testReport/projectroot.roofit.roofit/test/gtest_roofit_roofit_test_testRooBernstein/); - [projectroot.roofit.roofit.test.gtest_roofit_roofit_test_testRooExponential](https://lcgapp-services.cern.ch/root-jenkins/job/root-pullrequests-build/82155/testReport/projectroot.roofit.roofit/test/gtest_roofit_roofit_test_testRooExponential/); - [projectroot.roofit.roofitcore.test.gtest_roofit_roofitcore_test_testRooWrapperPdf](https://lcgapp-services.cern.ch/root-jenkins/job/root-pullrequests-build/82155/testReport/projectroot.roofit.roofitcore/test/gtest_roofit_roofitcore_test_testRooWrapperPdf/); - [projectroot.roofit.roostats.test.gtest_roofit_roostats_test_testSPlot](https://lcgapp-services.cern.ch/root-jenkins/job/root-pullrequest,MatchSource.ISSUE_COMMENT,root-project,root,v6-32-06,https://github.com/root-project/root/pull/5094#issuecomment-628760983:446,test,tests,446,https://root.cern,https://github.com/root-project/root/pull/5094#issuecomment-628760983,8,['test'],"['test', 'testReport', 'tests']"
Testability,Build failed on ROOT-performance-centos7-multicore/default.; Running on olhswep22.cern.ch:/data/sftnight/workspace/root-pullrequests-build; [See cdash](http://cdash.cern.ch/index.php?project=ROOT&filtercount=1&field1=buildname/string&compare1=65&value1=PR-5094-ROOT-performance-centos7-multicore-default&date=2020-05-17).; [See console output](https://lcgapp-services.cern.ch/root-jenkins/job/root-pullrequests-build/82536/console).; ### Failing tests:; - [projectroot.test.test_stressHistFactory](https://lcgapp-services.cern.ch/root-jenkins/job/root-pullrequests-build/82536/testReport/projectroot/test/test_stressHistFactory/); - [projectroot.roofit.roofit.test.gtest_roofit_roofit_test_testRooGaussian](https://lcgapp-services.cern.ch/root-jenkins/job/root-pullrequests-build/82536/testReport/projectroot.roofit.roofit/test/gtest_roofit_roofit_test_testRooGaussian/); - [projectroot.roofit.roofit.test.gtest_roofit_roofit_test_testRooPoisson](https://lcgapp-services.cern.ch/root-jenkins/job/root-pullrequests-build/82536/testReport/projectroot.roofit.roofit/test/gtest_roofit_roofit_test_testRooPoisson/); - [projectroot.roofit.roofit.test.gtest_roofit_roofit_test_testRooBernstein](https://lcgapp-services.cern.ch/root-jenkins/job/root-pullrequests-build/82536/testReport/projectroot.roofit.roofit/test/gtest_roofit_roofit_test_testRooBernstein/); - [projectroot.roofit.roofit.test.gtest_roofit_roofit_test_testRooExponential](https://lcgapp-services.cern.ch/root-jenkins/job/root-pullrequests-build/82536/testReport/projectroot.roofit.roofit/test/gtest_roofit_roofit_test_testRooExponential/); - [projectroot.roofit.roofitcore.test.gtest_roofit_roofitcore_test_testRooWrapperPdf](https://lcgapp-services.cern.ch/root-jenkins/job/root-pullrequests-build/82536/testReport/projectroot.roofit.roofitcore/test/gtest_roofit_roofitcore_test_testRooWrapperPdf/); - [projectroot.roofit.roostats.test.gtest_roofit_roostats_test_testSPlot](https://lcgapp-services.cern.ch/root-jenkins/job/root-pullrequest,MatchSource.ISSUE_COMMENT,root-project,root,v6-32-06,https://github.com/root-project/root/pull/5094#issuecomment-629746588:446,test,tests,446,https://root.cern,https://github.com/root-project/root/pull/5094#issuecomment-629746588,8,['test'],"['test', 'testReport', 'tests']"
Testability,Build failed on ROOT-performance-centos7-multicore/default.; Running on olhswep22.cern.ch:/data/sftnight/workspace/root-pullrequests-build; [See cdash](http://cdash.cern.ch/index.php?project=ROOT&filtercount=1&field1=buildname/string&compare1=65&value1=PR-5094-ROOT-performance-centos7-multicore-default&date=2020-05-17).; [See console output](https://lcgapp-services.cern.ch/root-jenkins/job/root-pullrequests-build/82544/console).; ### Failing tests:; - [projectroot.test.test_stressHistFactory](https://lcgapp-services.cern.ch/root-jenkins/job/root-pullrequests-build/82544/testReport/projectroot/test/test_stressHistFactory/); - [projectroot.test.fit.test_fit_testFitPerf](https://lcgapp-services.cern.ch/root-jenkins/job/root-pullrequests-build/82544/testReport/projectroot.test/fit/test_fit_testFitPerf/); - [projectroot.runtutorials.tutorial_roostats_StandardFeldmanCousinsDemo](https://lcgapp-services.cern.ch/root-jenkins/job/root-pullrequests-build/82544/testReport/projectroot/runtutorials/tutorial_roostats_StandardFeldmanCousinsDemo/); - [projectroot.runtutorials.tutorial_roostats_StandardProfileInspectorDemo](https://lcgapp-services.cern.ch/root-jenkins/job/root-pullrequests-build/82544/testReport/projectroot/runtutorials/tutorial_roostats_StandardProfileInspectorDemo/); - [projectroot.runtutorials.tutorial_roostats_StandardFrequentistDiscovery](https://lcgapp-services.cern.ch/root-jenkins/job/root-pullrequests-build/82544/testReport/projectroot/runtutorials/tutorial_roostats_StandardFrequentistDiscovery/); - [projectroot.runtutorials.tutorial_roostats_StandardBayesianMCMCDemo](https://lcgapp-services.cern.ch/root-jenkins/job/root-pullrequests-build/82544/testReport/projectroot/runtutorials/tutorial_roostats_StandardBayesianMCMCDemo/); - [projectroot.runtutorials.tutorial_roostats_StandardHypoTestDemo](https://lcgapp-services.cern.ch/root-jenkins/job/root-pullrequests-build/82544/testReport/projectroot/runtutorials/tutorial_roostats_StandardHypoTestDemo/); - [projectro,MatchSource.ISSUE_COMMENT,root-project,root,v6-32-06,https://github.com/root-project/root/pull/5094#issuecomment-629749130:446,test,tests,446,https://root.cern,https://github.com/root-project/root/pull/5094#issuecomment-629749130,8,['test'],"['test', 'testReport', 'tests']"
Testability,Build failed on ROOT-performance-centos7-multicore/default.; Running on olhswep22.cern.ch:/data/sftnight/workspace/root-pullrequests-build; [See cdash](http://cdash.cern.ch/index.php?project=ROOT&filtercount=1&field1=buildname/string&compare1=65&value1=PR-5094-ROOT-performance-centos7-multicore-default&date=2020-05-18).; [See console output](https://lcgapp-services.cern.ch/root-jenkins/job/root-pullrequests-build/82560/console).; ### Failing tests:; - [projectroot.roofit.roofitcore.test.gtest_roofit_roofitcore_test_testProxiesAndCategories](https://lcgapp-services.cern.ch/root-jenkins/job/root-pullrequests-build/82560/testReport/projectroot.roofit.roofitcore/test/gtest_roofit_roofitcore_test_testProxiesAndCategories/); - [projectroot.runtutorials.tutorial_roostats_StandardFeldmanCousinsDemo](https://lcgapp-services.cern.ch/root-jenkins/job/root-pullrequests-build/82560/testReport/projectroot/runtutorials/tutorial_roostats_StandardFeldmanCousinsDemo/); - [projectroot.runtutorials.tutorial_roostats_StandardFrequentistDiscovery](https://lcgapp-services.cern.ch/root-jenkins/job/root-pullrequests-build/82560/testReport/projectroot/runtutorials/tutorial_roostats_StandardFrequentistDiscovery/); - [projectroot.runtutorials.tutorial_roostats_StandardBayesianMCMCDemo](https://lcgapp-services.cern.ch/root-jenkins/job/root-pullrequests-build/82560/testReport/projectroot/runtutorials/tutorial_roostats_StandardBayesianMCMCDemo/); - [projectroot.runtutorials.tutorial_roostats_StandardProfileLikelihoodDemo](https://lcgapp-services.cern.ch/root-jenkins/job/root-pullrequests-build/82560/testReport/projectroot/runtutorials/tutorial_roostats_StandardProfileLikelihoodDemo/); - [projectroot.runtutorials.tutorial_roostats_StandardBayesianNumericalDemo](https://lcgapp-services.cern.ch/root-jenkins/job/root-pullrequests-build/82560/testReport/projectroot/runtutorials/tutorial_roostats_StandardBayesianNumericalDemo/); - [projectroot.runtutorials.tutorial_roostats_StandardProfileInspectorDemo],MatchSource.ISSUE_COMMENT,root-project,root,v6-32-06,https://github.com/root-project/root/pull/5094#issuecomment-629992295:446,test,tests,446,https://root.cern,https://github.com/root-project/root/pull/5094#issuecomment-629992295,5,['test'],"['test', 'testReport', 'tests']"
Testability,Build failed on ROOT-performance-centos7-multicore/default.; Running on olhswep22.cern.ch:/data/sftnight/workspace/root-pullrequests-build; [See cdash](http://cdash.cern.ch/index.php?project=ROOT&filtercount=1&field1=buildname/string&compare1=65&value1=PR-5094-ROOT-performance-centos7-multicore-default&date=2020-05-22).; [See console output](https://lcgapp-services.cern.ch/root-jenkins/job/root-pullrequests-build/83121/console).; ### Failing tests:; - [projectroot.roofit.roofitcore.test.gtest_roofit_roofitcore_test_testProxiesAndCategories](https://lcgapp-services.cern.ch/root-jenkins/job/root-pullrequests-build/83121/testReport/projectroot.roofit.roofitcore/test/gtest_roofit_roofitcore_test_testProxiesAndCategories/); - [projectroot.runtutorials.tutorial_roostats_StandardFeldmanCousinsDemo](https://lcgapp-services.cern.ch/root-jenkins/job/root-pullrequests-build/83121/testReport/projectroot/runtutorials/tutorial_roostats_StandardFeldmanCousinsDemo/); - [projectroot.runtutorials.tutorial_roostats_StandardFrequentistDiscovery](https://lcgapp-services.cern.ch/root-jenkins/job/root-pullrequests-build/83121/testReport/projectroot/runtutorials/tutorial_roostats_StandardFrequentistDiscovery/); - [projectroot.runtutorials.tutorial_roostats_StandardProfileInspectorDemo](https://lcgapp-services.cern.ch/root-jenkins/job/root-pullrequests-build/83121/testReport/projectroot/runtutorials/tutorial_roostats_StandardProfileInspectorDemo/); - [projectroot.runtutorials.tutorial_roostats_StandardBayesianMCMCDemo](https://lcgapp-services.cern.ch/root-jenkins/job/root-pullrequests-build/83121/testReport/projectroot/runtutorials/tutorial_roostats_StandardBayesianMCMCDemo/); - [projectroot.runtutorials.tutorial_roostats_StandardHypoTestDemo](https://lcgapp-services.cern.ch/root-jenkins/job/root-pullrequests-build/83121/testReport/projectroot/runtutorials/tutorial_roostats_StandardHypoTestDemo/); - [projectroot.runtutorials.tutorial_roostats_StandardBayesianNumericalDemo](https://lcgapp-ser,MatchSource.ISSUE_COMMENT,root-project,root,v6-32-06,https://github.com/root-project/root/pull/5094#issuecomment-632536151:446,test,tests,446,https://root.cern,https://github.com/root-project/root/pull/5094#issuecomment-632536151,5,['test'],"['test', 'testReport', 'tests']"
Testability,Build failed on ROOT-performance-centos7-multicore/default.; Running on olhswep22.cern.ch:/data/sftnight/workspace/root-pullrequests-build; [See cdash](http://cdash.cern.ch/index.php?project=ROOT&filtercount=1&field1=buildname/string&compare1=65&value1=PR-5094-ROOT-performance-centos7-multicore-default&date=2020-05-25).; [See console output](https://lcgapp-services.cern.ch/root-jenkins/job/root-pullrequests-build/83484/console).; ### Failing tests:; - [projectroot.roofit.roofitcore.test.gtest_roofit_roofitcore_test_testProxiesAndCategories](https://lcgapp-services.cern.ch/root-jenkins/job/root-pullrequests-build/83484/testReport/projectroot.roofit.roofitcore/test/gtest_roofit_roofitcore_test_testProxiesAndCategories/); - [projectroot.runtutorials.tutorial_roostats_StandardFeldmanCousinsDemo](https://lcgapp-services.cern.ch/root-jenkins/job/root-pullrequests-build/83484/testReport/projectroot/runtutorials/tutorial_roostats_StandardFeldmanCousinsDemo/); - [projectroot.runtutorials.tutorial_roostats_StandardFrequentistDiscovery](https://lcgapp-services.cern.ch/root-jenkins/job/root-pullrequests-build/83484/testReport/projectroot/runtutorials/tutorial_roostats_StandardFrequentistDiscovery/); - [projectroot.runtutorials.tutorial_roostats_StandardBayesianMCMCDemo](https://lcgapp-services.cern.ch/root-jenkins/job/root-pullrequests-build/83484/testReport/projectroot/runtutorials/tutorial_roostats_StandardBayesianMCMCDemo/); - [projectroot.runtutorials.tutorial_roostats_StandardProfileInspectorDemo](https://lcgapp-services.cern.ch/root-jenkins/job/root-pullrequests-build/83484/testReport/projectroot/runtutorials/tutorial_roostats_StandardProfileInspectorDemo/); - [projectroot.runtutorials.tutorial_roostats_StandardBayesianNumericalDemo](https://lcgapp-services.cern.ch/root-jenkins/job/root-pullrequests-build/83484/testReport/projectroot/runtutorials/tutorial_roostats_StandardBayesianNumericalDemo/); - [projectroot.runtutorials.tutorial_roostats_StandardHypoTestDemo](https://l,MatchSource.ISSUE_COMMENT,root-project,root,v6-32-06,https://github.com/root-project/root/pull/5094#issuecomment-633684265:446,test,tests,446,https://root.cern,https://github.com/root-project/root/pull/5094#issuecomment-633684265,5,['test'],"['test', 'testReport', 'tests']"
Testability,Build failed on ROOT-performance-centos7-multicore/default.; Running on olhswep22.cern.ch:/data/sftnight/workspace/root-pullrequests-build; [See cdash](http://cdash.cern.ch/index.php?project=ROOT&filtercount=1&field1=buildname/string&compare1=65&value1=PR-5094-ROOT-performance-centos7-multicore-default&date=2020-05-27).; [See console output](https://lcgapp-services.cern.ch/root-jenkins/job/root-pullrequests-build/83797/console).; ### Failing tests:; - [projectroot.roofit.roofitcore.test.gtest_roofit_roofitcore_test_testProxiesAndCategories](https://lcgapp-services.cern.ch/root-jenkins/job/root-pullrequests-build/83797/testReport/projectroot.roofit.roofitcore/test/gtest_roofit_roofitcore_test_testProxiesAndCategories/); - [projectroot.runtutorials.tutorial_roostats_StandardFeldmanCousinsDemo](https://lcgapp-services.cern.ch/root-jenkins/job/root-pullrequests-build/83797/testReport/projectroot/runtutorials/tutorial_roostats_StandardFeldmanCousinsDemo/); - [projectroot.runtutorials.tutorial_roostats_StandardProfileInspectorDemo](https://lcgapp-services.cern.ch/root-jenkins/job/root-pullrequests-build/83797/testReport/projectroot/runtutorials/tutorial_roostats_StandardProfileInspectorDemo/); - [projectroot.runtutorials.tutorial_roostats_StandardFrequentistDiscovery](https://lcgapp-services.cern.ch/root-jenkins/job/root-pullrequests-build/83797/testReport/projectroot/runtutorials/tutorial_roostats_StandardFrequentistDiscovery/); - [projectroot.runtutorials.tutorial_roostats_StandardBayesianMCMCDemo](https://lcgapp-services.cern.ch/root-jenkins/job/root-pullrequests-build/83797/testReport/projectroot/runtutorials/tutorial_roostats_StandardBayesianMCMCDemo/); - [projectroot.runtutorials.tutorial_roostats_StandardProfileLikelihoodDemo](https://lcgapp-services.cern.ch/root-jenkins/job/root-pullrequests-build/83797/testReport/projectroot/runtutorials/tutorial_roostats_StandardProfileLikelihoodDemo/); - [projectroot.runtutorials.tutorial_roostats_StandardBayesianNumericalDemo](,MatchSource.ISSUE_COMMENT,root-project,root,v6-32-06,https://github.com/root-project/root/pull/5094#issuecomment-634798690:446,test,tests,446,https://root.cern,https://github.com/root-project/root/pull/5094#issuecomment-634798690,5,['test'],"['test', 'testReport', 'tests']"
Testability,Build failed on ROOT-performance-centos7-multicore/default.; Running on olhswep22.cern.ch:/data/sftnight/workspace/root-pullrequests-build; [See cdash](http://cdash.cern.ch/index.php?project=ROOT&filtercount=1&field1=buildname/string&compare1=65&value1=PR-5094-ROOT-performance-centos7-multicore-default&date=2020-05-29).; [See console output](https://lcgapp-services.cern.ch/root-jenkins/job/root-pullrequests-build/84329/console).; ### Failing tests:; - [projectroot.runtutorials.tutorial_tmva_envelope_classification](https://lcgapp-services.cern.ch/root-jenkins/job/root-pullrequests-build/84329/testReport/projectroot/runtutorials/tutorial_tmva_envelope_classification/); - [projectroot.test.test_stresshistofit_interpreted](https://lcgapp-services.cern.ch/root-jenkins/job/root-pullrequests-build/84329/testReport/projectroot/test/test_stresshistofit_interpreted/),MatchSource.ISSUE_COMMENT,root-project,root,v6-32-06,https://github.com/root-project/root/pull/5094#issuecomment-636179537:446,test,tests,446,https://root.cern,https://github.com/root-project/root/pull/5094#issuecomment-636179537,5,['test'],"['test', 'testReport', 'tests']"
Testability,Build failed on ROOT-performance-centos7-multicore/default.; Running on olhswep22.cern.ch:/data/sftnight/workspace/root-pullrequests-build; [See cdash](http://cdash.cern.ch/index.php?project=ROOT&filtercount=1&field1=buildname/string&compare1=65&value1=PR-5094-ROOT-performance-centos7-multicore-default&date=2020-05-30).; [See console output](https://lcgapp-services.cern.ch/root-jenkins/job/root-pullrequests-build/84337/console).; ### Failing tests:; - [projectroot.runtutorials.tutorial_multicore_mt101_fillNtuples](https://lcgapp-services.cern.ch/root-jenkins/job/root-pullrequests-build/84337/testReport/projectroot/runtutorials/tutorial_multicore_mt101_fillNtuples/); - [projectroot.roofit.roofitcore.test.gtest_roofit_roofitcore_test_testProxiesAndCategories](https://lcgapp-services.cern.ch/root-jenkins/job/root-pullrequests-build/84337/testReport/projectroot.roofit.roofitcore/test/gtest_roofit_roofitcore_test_testProxiesAndCategories/); - [projectroot.test.test_stressmathcore_interpreted](https://lcgapp-services.cern.ch/root-jenkins/job/root-pullrequests-build/84337/testReport/projectroot/test/test_stressmathcore_interpreted/); - [projectroot.runtutorials.tutorial_fitsio_FITS_tutorial6](https://lcgapp-services.cern.ch/root-jenkins/job/root-pullrequests-build/84337/testReport/projectroot/runtutorials/tutorial_fitsio_FITS_tutorial6/); - [projectroot.runtutorials.tutorial_fitsio_FITS_tutorial5](https://lcgapp-services.cern.ch/root-jenkins/job/root-pullrequests-build/84337/testReport/projectroot/runtutorials/tutorial_fitsio_FITS_tutorial5/); - [projectroot.runtutorials.tutorial_multicore_mp201_parallelHistoFill](https://lcgapp-services.cern.ch/root-jenkins/job/root-pullrequests-build/84337/testReport/projectroot/runtutorials/tutorial_multicore_mp201_parallelHistoFill/); - [projectroot.runtutorials.tutorial_multicore_mtbb201_parallelHistoFill](https://lcgapp-services.cern.ch/root-jenkins/job/root-pullrequests-build/84337/testReport/projectroot/runtutorials/tutorial_multico,MatchSource.ISSUE_COMMENT,root-project,root,v6-32-06,https://github.com/root-project/root/pull/5094#issuecomment-636280720:446,test,tests,446,https://root.cern,https://github.com/root-project/root/pull/5094#issuecomment-636280720,6,['test'],"['test', 'testReport', 'tests']"
Testability,Build failed on ROOT-performance-centos7-multicore/default.; Running on olhswep22.cern.ch:/data/sftnight/workspace/root-pullrequests-build; [See cdash](http://cdash.cern.ch/index.php?project=ROOT&filtercount=1&field1=buildname/string&compare1=65&value1=PR-5094-ROOT-performance-centos7-multicore-default&date=2020-05-30).; [See console output](https://lcgapp-services.cern.ch/root-jenkins/job/root-pullrequests-build/84345/console).; ### Failing tests:; - [projectroot.roottest.root.io.uniquePointer.roottest_root_io_uniquePointer_simpleWriteRead](https://lcgapp-services.cern.ch/root-jenkins/job/root-pullrequests-build/84345/testReport/projectroot.roottest.root.io/uniquePointer/roottest_root_io_uniquePointer_simpleWriteRead/); - [projectroot.runtutorials.tutorial_cont_cnt001_basictseq](https://lcgapp-services.cern.ch/root-jenkins/job/root-pullrequests-build/84345/testReport/projectroot/runtutorials/tutorial_cont_cnt001_basictseq/); - [projectroot.test.test_stressmathcore_interpreted](https://lcgapp-services.cern.ch/root-jenkins/job/root-pullrequests-build/84345/testReport/projectroot/test/test_stressmathcore_interpreted/); - [projectroot.runtutorials.tutorial_fitsio_FITS_tutorial3](https://lcgapp-services.cern.ch/root-jenkins/job/root-pullrequests-build/84345/testReport/projectroot/runtutorials/tutorial_fitsio_FITS_tutorial3/); - [projectroot.runtutorials.tutorial_fitsio_FITS_tutorial5](https://lcgapp-services.cern.ch/root-jenkins/job/root-pullrequests-build/84345/testReport/projectroot/runtutorials/tutorial_fitsio_FITS_tutorial5/); - [projectroot.runtutorials.tutorial_multicore_mtbb101_fillNtuples](https://lcgapp-services.cern.ch/root-jenkins/job/root-pullrequests-build/84345/testReport/projectroot/runtutorials/tutorial_multicore_mtbb101_fillNtuples/); - [projectroot.runtutorials.tutorial_tmva_envelope_classification](https://lcgapp-services.cern.ch/root-jenkins/job/root-pullrequests-build/84345/testReport/projectroot/runtutorials/tutorial_tmva_envelope_classification/); ,MatchSource.ISSUE_COMMENT,root-project,root,v6-32-06,https://github.com/root-project/root/pull/5094#issuecomment-636283888:446,test,tests,446,https://root.cern,https://github.com/root-project/root/pull/5094#issuecomment-636283888,4,['test'],"['test', 'testReport', 'tests']"
Testability,Build failed on ROOT-performance-centos7-multicore/default.; Running on olhswep22.cern.ch:/data/sftnight/workspace/root-pullrequests-build; [See cdash](http://cdash.cern.ch/index.php?project=ROOT&filtercount=1&field1=buildname/string&compare1=65&value1=PR-5094-ROOT-performance-centos7-multicore-default&date=2020-06-03).; [See console output](https://lcgapp-services.cern.ch/root-jenkins/job/root-pullrequests-build/84826/console).; ### Errors:; - [2020-06-03T11:47:43.379Z] 659/2030 Test #363: tutorial-dataframe-df024_Display ..................................................................***Failed Error regular expression found in output. Regex=[: error:] 9.83 sec ; - [2020-06-03T11:48:02.934Z] 934/2030 Test #688: tutorial-roofit-rf105_funcbinding .................................................................***Failed Error regular expression found in output. Regex=[: error:] 0.98 sec ; - [2020-06-03T11:48:30.701Z] 1112/2030 Test #873: tutorial-tree-hvector .............................................................................***Failed Error regular expression found in output. Regex=[: error:] 1.13 sec . ### Failing tests:; - [projectroot.runtutorials.tutorial_cont_cnt001_basictseq](https://lcgapp-services.cern.ch/root-jenkins/job/root-pullrequests-build/84826/testReport/projectroot/runtutorials/tutorial_cont_cnt001_basictseq/); - [projectroot.runtutorials.tutorial_dataframe_df024_Display](https://lcgapp-services.cern.ch/root-jenkins/job/root-pullrequests-build/84826/testReport/projectroot/runtutorials/tutorial_dataframe_df024_Display/); - [projectroot.runtutorials.tutorial_fitsio_FITS_tutorial5](https://lcgapp-services.cern.ch/root-jenkins/job/root-pullrequests-build/84826/testReport/projectroot/runtutorials/tutorial_fitsio_FITS_tutorial5/); - [projectroot.runtutorials.tutorial_multicore_mt102_readNtuplesFillHistosAndFit](https://lcgapp-services.cern.ch/root-jenkins/job/root-pullrequests-build/84826/testReport/projectroot/runtutorials/tutorial_multicore_mt,MatchSource.ISSUE_COMMENT,root-project,root,v6-32-06,https://github.com/root-project/root/pull/5094#issuecomment-638150233:485,Test,Test,485,https://root.cern,https://github.com/root-project/root/pull/5094#issuecomment-638150233,3,['Test'],['Test']
Testability,Build failed on ROOT-performance-centos7-multicore/default.; Running on olhswep22.cern.ch:/data/sftnight/workspace/root-pullrequests-build; [See cdash](http://cdash.cern.ch/index.php?project=ROOT&filtercount=1&field1=buildname/string&compare1=65&value1=PR-5094-ROOT-performance-centos7-multicore-default&date=2020-06-03).; [See console output](https://lcgapp-services.cern.ch/root-jenkins/job/root-pullrequests-build/84938/console).; ### Errors:; - [2020-06-03T17:20:35.108Z] 935/2030 Test #688: tutorial-roofit-rf105_funcbinding .................................................................***Failed Error regular expression found in output. Regex=[: error:] 1.17 sec . ### Failing tests:; - [projectroot.bindings.pyroot_experimental.pythonizations.test.pyunittests_pyroot_pyz_rdataframe_asnumpy](https://lcgapp-services.cern.ch/root-jenkins/job/root-pullrequests-build/84938/testReport/projectroot.bindings.pyroot_experimental.pythonizations/test/pyunittests_pyroot_pyz_rdataframe_asnumpy/); - [projectroot.roottest.root.meta.MakeProject.roottest_root_meta_MakeProject_runcms310](https://lcgapp-services.cern.ch/root-jenkins/job/root-pullrequests-build/84938/testReport/projectroot.roottest.root.meta/MakeProject/roottest_root_meta_MakeProject_runcms310/); - [projectroot.runtutorials.tutorial_roofit_rf105_funcbinding](https://lcgapp-services.cern.ch/root-jenkins/job/root-pullrequests-build/84938/testReport/projectroot/runtutorials/tutorial_roofit_rf105_funcbinding/); - [projectroot.runtutorials.tutorial_tmva_envelope_classification](https://lcgapp-services.cern.ch/root-jenkins/job/root-pullrequests-build/84938/testReport/projectroot/runtutorials/tutorial_tmva_envelope_classification/); - [projectroot.roottest.python.JupyROOT.roottest_python_JupyROOT_cppcompleter_doctest](https://lcgapp-services.cern.ch/root-jenkins/job/root-pullrequests-build/84938/testReport/projectroot.roottest.python/JupyROOT/roottest_python_JupyROOT_cppcompleter_doctest/),MatchSource.ISSUE_COMMENT,root-project,root,v6-32-06,https://github.com/root-project/root/pull/5094#issuecomment-638345528:485,Test,Test,485,https://root.cern,https://github.com/root-project/root/pull/5094#issuecomment-638345528,9,"['Test', 'test']","['Test', 'test', 'testReport', 'tests']"
Testability,Build failed on ROOT-performance-centos7-multicore/default.; Running on olhswep22.cern.ch:/data/sftnight/workspace/root-pullrequests-build; [See cdash](http://cdash.cern.ch/index.php?project=ROOT&filtercount=1&field1=buildname/string&compare1=65&value1=PR-5094-ROOT-performance-centos7-multicore-default&date=2020-06-04).; [See console output](https://lcgapp-services.cern.ch/root-jenkins/job/root-pullrequests-build/85074/console).; ### Errors:; - [2020-06-04T15:32:20.656Z] 911/2030 Test #663: tutorial-multicore-imt001_parBranchProcessing .....................................................***Failed Error regular expression found in output. Regex=[: error:] 1.17 sec ; - [2020-06-04T15:32:23.543Z] 934/2030 Test #688: tutorial-roofit-rf105_funcbinding .................................................................***Failed Error regular expression found in output. Regex=[: error:] 1.22 sec . ### Failing tests:; - [projectroot.bindings.pyroot.pythonizations.test.pyunittests_pyroot_pyz_rdataframe_asnumpy](https://lcgapp-services.cern.ch/root-jenkins/job/root-pullrequests-build/85074/testReport/projectroot.bindings.pyroot.pythonizations/test/pyunittests_pyroot_pyz_rdataframe_asnumpy/); - [projectroot.runtutorials.tutorial_multicore_imt001_parBranchProcessing](https://lcgapp-services.cern.ch/root-jenkins/job/root-pullrequests-build/85074/testReport/projectroot/runtutorials/tutorial_multicore_imt001_parBranchProcessing/); - [projectroot.runtutorials.tutorial_roofit_rf105_funcbinding](https://lcgapp-services.cern.ch/root-jenkins/job/root-pullrequests-build/85074/testReport/projectroot/runtutorials/tutorial_roofit_rf105_funcbinding/); - [projectroot.runtutorials.tutorial_tmva_envelope_classification](https://lcgapp-services.cern.ch/root-jenkins/job/root-pullrequests-build/85074/testReport/projectroot/runtutorials/tutorial_tmva_envelope_classification/); - [projectroot.roottest.python.JupyROOT.roottest_python_JupyROOT_cppcompleter_doctest](https://lcgapp-services.cern.ch/root-,MatchSource.ISSUE_COMMENT,root-project,root,v6-32-06,https://github.com/root-project/root/pull/5094#issuecomment-638938516:485,Test,Test,485,https://root.cern,https://github.com/root-project/root/pull/5094#issuecomment-638938516,4,"['Test', 'test']","['Test', 'test', 'tests']"
Testability,Build failed on ROOT-performance-centos7-multicore/default.; Running on olhswep22.cern.ch:/data/sftnight/workspace/root-pullrequests-build; [See cdash](http://cdash.cern.ch/index.php?project=ROOT&filtercount=1&field1=buildname/string&compare1=65&value1=PR-5094-ROOT-performance-centos7-multicore-default&date=2020-06-04).; [See console output](https://lcgapp-services.cern.ch/root-jenkins/job/root-pullrequests-build/85139/console).; ### Errors:; - [2020-06-04T18:50:58.751Z] 937/2030 Test #688: tutorial-roofit-rf105_funcbinding .................................................................***Failed Error regular expression found in output. Regex=[: error:] 1.29 sec . ### Failing tests:; - [projectroot.runtutorials.tutorial_multicore_mp101_fillNtuples](https://lcgapp-services.cern.ch/root-jenkins/job/root-pullrequests-build/85139/testReport/projectroot/runtutorials/tutorial_multicore_mp101_fillNtuples/); - [projectroot.runtutorials.tutorial_multicore_mt102_readNtuplesFillHistosAndFit](https://lcgapp-services.cern.ch/root-jenkins/job/root-pullrequests-build/85139/testReport/projectroot/runtutorials/tutorial_multicore_mt102_readNtuplesFillHistosAndFit/); - [projectroot.runtutorials.tutorial_multicore_mp102_readNtuplesFillHistosAndFit](https://lcgapp-services.cern.ch/root-jenkins/job/root-pullrequests-build/85139/testReport/projectroot/runtutorials/tutorial_multicore_mp102_readNtuplesFillHistosAndFit/); - [projectroot.runtutorials.tutorial_roofit_rf105_funcbinding](https://lcgapp-services.cern.ch/root-jenkins/job/root-pullrequests-build/85139/testReport/projectroot/runtutorials/tutorial_roofit_rf105_funcbinding/); - [projectroot.runtutorials.tutorial_tmva_envelope_classification](https://lcgapp-services.cern.ch/root-jenkins/job/root-pullrequests-build/85139/testReport/projectroot/runtutorials/tutorial_tmva_envelope_classification/); - [projectroot.test.test_stresshistofit_interpreted](https://lcgapp-services.cern.ch/root-jenkins/job/root-pullrequests-build/85139/testRepor,MatchSource.ISSUE_COMMENT,root-project,root,v6-32-06,https://github.com/root-project/root/pull/5094#issuecomment-639057865:485,Test,Test,485,https://root.cern,https://github.com/root-project/root/pull/5094#issuecomment-639057865,3,"['Test', 'test']","['Test', 'testReport', 'tests']"
Testability,Build failed on ROOT-performance-centos7-multicore/default.; Running on olhswep22.cern.ch:/data/sftnight/workspace/root-pullrequests-build; [See cdash](http://cdash.cern.ch/index.php?project=ROOT&filtercount=1&field1=buildname/string&compare1=65&value1=PR-5094-ROOT-performance-centos7-multicore-default&date=2020-06-05).; [See console output](https://lcgapp-services.cern.ch/root-jenkins/job/root-pullrequests-build/85235/console).; ### Errors:; - [2020-06-04T22:41:22.366Z] 637/2030 Test #382: tutorial-fit-TwoHistoFit2D ........................................................................***Failed Error regular expression found in output. Regex=[: error:] 1.59 sec . ### Failing tests:; - [projectroot.roottest.root.io.uniquePointer.roottest_root_io_uniquePointer_simpleWriteReadConst](https://lcgapp-services.cern.ch/root-jenkins/job/root-pullrequests-build/85235/testReport/projectroot.roottest.root.io/uniquePointer/roottest_root_io_uniquePointer_simpleWriteReadConst/); - [projectroot.runtutorials.tutorial_fit_TwoHistoFit2D](https://lcgapp-services.cern.ch/root-jenkins/job/root-pullrequests-build/85235/testReport/projectroot/runtutorials/tutorial_fit_TwoHistoFit2D/); - [projectroot.runtutorials.tutorial_tmva_envelope_classification](https://lcgapp-services.cern.ch/root-jenkins/job/root-pullrequests-build/85235/testReport/projectroot/runtutorials/tutorial_tmva_envelope_classification/); - [projectroot.roottest.python.JupyROOT.roottest_python_JupyROOT_cppcompleter_doctest](https://lcgapp-services.cern.ch/root-jenkins/job/root-pullrequests-build/85235/testReport/projectroot.roottest.python/JupyROOT/roottest_python_JupyROOT_cppcompleter_doctest/); - [projectroot.roottest.root.io.uniquePointer.roottest_root_io_uniquePointer_simpleReadConst](https://lcgapp-services.cern.ch/root-jenkins/job/root-pullrequests-build/85235/testReport/projectroot.roottest.root.io/uniquePointer/roottest_root_io_uniquePointer_simpleReadConst/); - [projectroot.roottest.root.meta.callfunc.roottest_roo,MatchSource.ISSUE_COMMENT,root-project,root,v6-32-06,https://github.com/root-project/root/pull/5094#issuecomment-639159283:485,Test,Test,485,https://root.cern,https://github.com/root-project/root/pull/5094#issuecomment-639159283,3,"['Test', 'test']","['Test', 'testReport', 'tests']"
Testability,Build failed on ROOT-performance-centos7-multicore/default.; Running on olhswep22.cern.ch:/data/sftnight/workspace/root-pullrequests-build; [See cdash](http://cdash.cern.ch/index.php?project=ROOT&filtercount=1&field1=buildname/string&compare1=65&value1=PR-5094-ROOT-performance-centos7-multicore-default&date=2020-06-05).; [See console output](https://lcgapp-services.cern.ch/root-jenkins/job/root-pullrequests-build/85307/console).; ### Errors:; - [2020-06-05T06:00:42.433Z] 916/2030 Test #663: tutorial-multicore-imt001_parBranchProcessing .....................................................***Failed Error regular expression found in output. Regex=[: error:] 1.19 sec ; - [2020-06-05T06:00:44.411Z] 934/2030 Test #688: tutorial-roofit-rf105_funcbinding .................................................................***Failed Error regular expression found in output. Regex=[: error:] 1.05 sec . ### Failing tests:; - [projectroot.runtutorials.tutorial_multicore_mp101_fillNtuples](https://lcgapp-services.cern.ch/root-jenkins/job/root-pullrequests-build/85307/testReport/projectroot/runtutorials/tutorial_multicore_mp101_fillNtuples/); - [projectroot.runtutorials.tutorial_multicore_imt001_parBranchProcessing](https://lcgapp-services.cern.ch/root-jenkins/job/root-pullrequests-build/85307/testReport/projectroot/runtutorials/tutorial_multicore_imt001_parBranchProcessing/); - [projectroot.runtutorials.tutorial_multicore_mp201_parallelHistoFill](https://lcgapp-services.cern.ch/root-jenkins/job/root-pullrequests-build/85307/testReport/projectroot/runtutorials/tutorial_multicore_mp201_parallelHistoFill/); - [projectroot.runtutorials.tutorial_roofit_rf105_funcbinding](https://lcgapp-services.cern.ch/root-jenkins/job/root-pullrequests-build/85307/testReport/projectroot/runtutorials/tutorial_roofit_rf105_funcbinding/); - [projectroot.runtutorials.tutorial_multicore_mp102_readNtuplesFillHistosAndFit](https://lcgapp-services.cern.ch/root-jenkins/job/root-pullrequests-build/85307/testRepor,MatchSource.ISSUE_COMMENT,root-project,root,v6-32-06,https://github.com/root-project/root/pull/5094#issuecomment-639280978:485,Test,Test,485,https://root.cern,https://github.com/root-project/root/pull/5094#issuecomment-639280978,3,"['Test', 'test']","['Test', 'tests']"
Testability,Build failed on ROOT-performance-centos7-multicore/default.; Running on olhswep22.cern.ch:/data/sftnight/workspace/root-pullrequests-build; [See cdash](http://cdash.cern.ch/index.php?project=ROOT&filtercount=1&field1=buildname/string&compare1=65&value1=PR-5094-ROOT-performance-centos7-multicore-default&date=2020-06-05).; [See console output](https://lcgapp-services.cern.ch/root-jenkins/job/root-pullrequests-build/85421/console).; ### Errors:; - [2020-06-05T13:29:25.944Z] 920/2030 Test #663: tutorial-multicore-imt001_parBranchProcessing .....................................................***Failed Error regular expression found in output. Regex=[: error:] 1.32 sec ; - [2020-06-05T13:29:28.369Z] 938/2030 Test #688: tutorial-roofit-rf105_funcbinding .................................................................***Failed Error regular expression found in output. Regex=[: error:] 1.40 sec . ### Failing tests:; - [projectroot.bindings.pyroot.pythonizations.test.pyunittests_pyroot_numbadeclare](https://lcgapp-services.cern.ch/root-jenkins/job/root-pullrequests-build/85421/testReport/projectroot.bindings.pyroot.pythonizations/test/pyunittests_pyroot_numbadeclare/); - [projectroot.bindings.pyroot.pythonizations.test.pyunittests_pyroot_pyz_rdataframe_asnumpy](https://lcgapp-services.cern.ch/root-jenkins/job/root-pullrequests-build/85421/testReport/projectroot.bindings.pyroot.pythonizations/test/pyunittests_pyroot_pyz_rdataframe_asnumpy/); - [projectroot.runtutorials.tutorial_multicore_imt001_parBranchProcessing](https://lcgapp-services.cern.ch/root-jenkins/job/root-pullrequests-build/85421/testReport/projectroot/runtutorials/tutorial_multicore_imt001_parBranchProcessing/); - [projectroot.runtutorials.tutorial_roofit_rf105_funcbinding](https://lcgapp-services.cern.ch/root-jenkins/job/root-pullrequests-build/85421/testReport/projectroot/runtutorials/tutorial_roofit_rf105_funcbinding/); - [projectroot.runtutorials.tutorial_tmva_envelope_classification](https://lcgapp-services,MatchSource.ISSUE_COMMENT,root-project,root,v6-32-06,https://github.com/root-project/root/pull/5094#issuecomment-639489098:485,Test,Test,485,https://root.cern,https://github.com/root-project/root/pull/5094#issuecomment-639489098,4,"['Test', 'test']","['Test', 'test', 'tests']"
Testability,Build failed on ROOT-performance-centos7-multicore/default.; Running on olhswep22.cern.ch:/data/sftnight/workspace/root-pullrequests-build; [See cdash](http://cdash.cern.ch/index.php?project=ROOT&filtercount=1&field1=buildname/string&compare1=65&value1=PR-5094-ROOT-performance-centos7-multicore-default&date=2020-06-08).; [See console output](https://lcgapp-services.cern.ch/root-jenkins/job/root-pullrequests-build/85778/console).; ### Errors:; - [2020-06-08T06:34:11.382Z] 935/2030 Test #688: tutorial-roofit-rf105_funcbinding .................................................................***Failed Error regular expression found in output. Regex=[: error:] 0.96 sec . ### Failing tests:; - [projectroot.runtutorials.tutorial_roofit_rf105_funcbinding](https://lcgapp-services.cern.ch/root-jenkins/job/root-pullrequests-build/85778/testReport/projectroot/runtutorials/tutorial_roofit_rf105_funcbinding/); - [projectroot.runtutorials.tutorial_tmva_envelope_classification](https://lcgapp-services.cern.ch/root-jenkins/job/root-pullrequests-build/85778/testReport/projectroot/runtutorials/tutorial_tmva_envelope_classification/); - [projectroot.bindings.pyroot.pythonizations.test.pyunittests_pyroot_numbadeclare](https://lcgapp-services.cern.ch/root-jenkins/job/root-pullrequests-build/85778/testReport/projectroot.bindings.pyroot.pythonizations/test/pyunittests_pyroot_numbadeclare/); - [projectroot.bindings.pyroot.pythonizations.test.pyunittests_pyroot_pyz_rdataframe_asnumpy](https://lcgapp-services.cern.ch/root-jenkins/job/root-pullrequests-build/85778/testReport/projectroot.bindings.pyroot.pythonizations/test/pyunittests_pyroot_pyz_rdataframe_asnumpy/); - [projectroot.roottest.cling.threading.roottest_cling_threading_clinglock](https://lcgapp-services.cern.ch/root-jenkins/job/root-pullrequests-build/85778/testReport/projectroot.roottest.cling/threading/roottest_cling_threading_clinglock/); - [projectroot.roottest.python.JupyROOT.roottest_python_JupyROOT_cppcompleter_doctest](https:,MatchSource.ISSUE_COMMENT,root-project,root,v6-32-06,https://github.com/root-project/root/pull/5094#issuecomment-640402446:485,Test,Test,485,https://root.cern,https://github.com/root-project/root/pull/5094#issuecomment-640402446,3,"['Test', 'test']","['Test', 'testReport', 'tests']"
Testability,Build failed on ROOT-performance-centos7-multicore/default.; Running on olhswep22.cern.ch:/data/sftnight/workspace/root-pullrequests-build; [See cdash](http://cdash.cern.ch/index.php?project=ROOT&filtercount=1&field1=buildname/string&compare1=65&value1=PR-5094-ROOT-performance-centos7-multicore-default&date=2020-06-09).; [See console output](https://lcgapp-services.cern.ch/root-jenkins/job/root-pullrequests-build/86079/console).; ### Errors:; - [2020-06-09T12:56:32.842Z] 940/2032 Test #688: tutorial-roofit-rf105_funcbinding .................................................................***Failed Error regular expression found in output. Regex=[: error:] 1.36 sec . ### Failing tests:; - [projectroot.runtutorials.tutorial_cont_cnt001_basictseq](https://lcgapp-services.cern.ch/root-jenkins/job/root-pullrequests-build/86079/testReport/projectroot/runtutorials/tutorial_cont_cnt001_basictseq/); - [projectroot.bindings.pyroot.pythonizations.test.pyunittests_pyroot_pyz_rdataframe_asnumpy](https://lcgapp-services.cern.ch/root-jenkins/job/root-pullrequests-build/86079/testReport/projectroot.bindings.pyroot.pythonizations/test/pyunittests_pyroot_pyz_rdataframe_asnumpy/); - [projectroot.runtutorials.tutorial_multicore_mtbb101_fillNtuples](https://lcgapp-services.cern.ch/root-jenkins/job/root-pullrequests-build/86079/testReport/projectroot/runtutorials/tutorial_multicore_mtbb101_fillNtuples/); - [projectroot.runtutorials.tutorial_roofit_rf105_funcbinding](https://lcgapp-services.cern.ch/root-jenkins/job/root-pullrequests-build/86079/testReport/projectroot/runtutorials/tutorial_roofit_rf105_funcbinding/); - [projectroot.runtutorials.tutorial_tmva_envelope_classification](https://lcgapp-services.cern.ch/root-jenkins/job/root-pullrequests-build/86079/testReport/projectroot/runtutorials/tutorial_tmva_envelope_classification/); - [projectroot.roottest.python.JupyROOT.roottest_python_JupyROOT_cppcompleter_doctest](https://lcgapp-services.cern.ch/root-jenkins/job/root-pullrequests-bui,MatchSource.ISSUE_COMMENT,root-project,root,v6-32-06,https://github.com/root-project/root/pull/5094#issuecomment-641278652:485,Test,Test,485,https://root.cern,https://github.com/root-project/root/pull/5094#issuecomment-641278652,4,"['Test', 'test']","['Test', 'test', 'testReport', 'tests']"
Testability,Build failed on ROOT-performance-centos7-multicore/default.; Running on olhswep22.cern.ch:/data/sftnight/workspace/root-pullrequests-build; [See cdash](http://cdash.cern.ch/index.php?project=ROOT&filtercount=1&field1=buildname/string&compare1=65&value1=PR-5094-ROOT-performance-centos7-multicore-default&date=2020-06-09).; [See console output](https://lcgapp-services.cern.ch/root-jenkins/job/root-pullrequests-build/86177/console).; ### Errors:; - [2020-06-09T19:31:12.892Z] 942/2033 Test #694: tutorial-roofit-rf105_funcbinding .................................................................***Failed Error regular expression found in output. Regex=[: error:] 1.27 sec . ### Failing tests:; - [projectroot.runtutorials.tutorial_fitsio_FITS_tutorial3](https://lcgapp-services.cern.ch/root-jenkins/job/root-pullrequests-build/86177/testReport/projectroot/runtutorials/tutorial_fitsio_FITS_tutorial3/); - [projectroot.bindings.pyroot.pythonizations.test.pyunittests_pyroot_pyz_rdataframe_asnumpy](https://lcgapp-services.cern.ch/root-jenkins/job/root-pullrequests-build/86177/testReport/projectroot.bindings.pyroot.pythonizations/test/pyunittests_pyroot_pyz_rdataframe_asnumpy/); - [projectroot.runtutorials.tutorial_roofit_rf105_funcbinding](https://lcgapp-services.cern.ch/root-jenkins/job/root-pullrequests-build/86177/testReport/projectroot/runtutorials/tutorial_roofit_rf105_funcbinding/); - [projectroot.runtutorials.tutorial_tmva_envelope_classification](https://lcgapp-services.cern.ch/root-jenkins/job/root-pullrequests-build/86177/testReport/projectroot/runtutorials/tutorial_tmva_envelope_classification/); - [projectroot.roottest.cling.threading.roottest_cling_threading_clinglock_staticinit](https://lcgapp-services.cern.ch/root-jenkins/job/root-pullrequests-build/86177/testReport/projectroot.roottest.cling/threading/roottest_cling_threading_clinglock_staticinit/); - [projectroot.roottest.python.JupyROOT.roottest_python_JupyROOT_cppcompleter_doctest](https://lcgapp-services.cern.ch/,MatchSource.ISSUE_COMMENT,root-project,root,v6-32-06,https://github.com/root-project/root/pull/5094#issuecomment-641529952:485,Test,Test,485,https://root.cern,https://github.com/root-project/root/pull/5094#issuecomment-641529952,4,"['Test', 'test']","['Test', 'test', 'testReport', 'tests']"
Testability,Build failed on ROOT-performance-centos7-multicore/default.; Running on olhswep22.cern.ch:/data/sftnight/workspace/root-pullrequests-build; [See cdash](http://cdash.cern.ch/index.php?project=ROOT&filtercount=1&field1=buildname/string&compare1=65&value1=PR-5094-ROOT-performance-centos7-multicore-default&date=2020-06-09).; [See console output](https://lcgapp-services.cern.ch/root-jenkins/job/root-pullrequests-build/86185/console).; ### Errors:; - [2020-06-09T20:06:52.960Z] 925/2033 Test #669: tutorial-multicore-imt001_parBranchProcessing .....................................................***Failed Error regular expression found in output. Regex=[: error:] 1.19 sec ; - [2020-06-09T20:06:54.779Z] 943/2033 Test #694: tutorial-roofit-rf105_funcbinding .................................................................***Failed Error regular expression found in output. Regex=[: error:] 0.99 sec . ### Failing tests:; - [projectroot.runtutorials.tutorial_multicore_mt101_fillNtuples](https://lcgapp-services.cern.ch/root-jenkins/job/root-pullrequests-build/86185/testReport/projectroot/runtutorials/tutorial_multicore_mt101_fillNtuples/); - [projectroot.roottest.root.io.uniquePointer.roottest_root_io_uniquePointer_simpleWriteReadConst](https://lcgapp-services.cern.ch/root-jenkins/job/root-pullrequests-build/86185/testReport/projectroot.roottest.root.io/uniquePointer/roottest_root_io_uniquePointer_simpleWriteReadConst/); - [projectroot.runtutorials.tutorial_fitsio_FITS_tutorial5](https://lcgapp-services.cern.ch/root-jenkins/job/root-pullrequests-build/86185/testReport/projectroot/runtutorials/tutorial_fitsio_FITS_tutorial5/); - [projectroot.runtutorials.tutorial_multicore_imt001_parBranchProcessing](https://lcgapp-services.cern.ch/root-jenkins/job/root-pullrequests-build/86185/testReport/projectroot/runtutorials/tutorial_multicore_imt001_parBranchProcessing/); - [projectroot.runtutorials.tutorial_roofit_rf105_funcbinding](https://lcgapp-services.cern.ch/root-jenkins/job/root-pullr,MatchSource.ISSUE_COMMENT,root-project,root,v6-32-06,https://github.com/root-project/root/pull/5094#issuecomment-641546337:485,Test,Test,485,https://root.cern,https://github.com/root-project/root/pull/5094#issuecomment-641546337,3,"['Test', 'test']","['Test', 'tests']"
Testability,Build failed on ROOT-performance-centos7-multicore/default.; Running on olhswep22.cern.ch:/data/sftnight/workspace/root-pullrequests-build; [See cdash](http://cdash.cern.ch/index.php?project=ROOT&filtercount=1&field1=buildname/string&compare1=65&value1=PR-5094-ROOT-performance-centos7-multicore-default&date=2020-06-10).; [See console output](https://lcgapp-services.cern.ch/root-jenkins/job/root-pullrequests-build/86217/console).; ### Errors:; - [2020-06-10T11:16:31.389Z] 941/2033 Test #696: tutorial-roofit-rf105_funcbinding .................................................................***Failed Error regular expression found in output. Regex=[: error:] 2.00 sec ; - [2020-06-10T11:17:56.590Z] 1158/2033 Test #918: tutorial-vecops-vo006_IndexManipulation ...........................................................***Failed Error regular expression found in output. Regex=[: error:] 3.77 sec,MatchSource.ISSUE_COMMENT,root-project,root,v6-32-06,https://github.com/root-project/root/pull/5094#issuecomment-641962277:485,Test,Test,485,https://root.cern,https://github.com/root-project/root/pull/5094#issuecomment-641962277,2,['Test'],['Test']
Testability,Build failed on ROOT-performance-centos7-multicore/default.; Running on olhswep22.cern.ch:/data/sftnight/workspace/root-pullrequests-build; [See cdash](http://cdash.cern.ch/index.php?project=ROOT&filtercount=1&field1=buildname/string&compare1=65&value1=PR-5094-ROOT-performance-centos7-multicore-default&date=2020-06-10).; [See console output](https://lcgapp-services.cern.ch/root-jenkins/job/root-pullrequests-build/86329/console).; ### Errors:; - [2020-06-10T20:16:22.213Z] 943/2035 Test #696: tutorial-roofit-rf105_funcbinding .................................................................***Failed Error regular expression found in output. Regex=[: error:] 1.22 sec ; - [2020-06-10T20:16:59.876Z] 1151/2035 Test #914: tutorial-vecops-vo002_VectorCalculations ..........................................................***Failed Error regular expression found in output. Regex=[: error:] 0.97 sec . ### Failing tests:; - [projectroot.runtutorials.tutorial_roofit_rf105_funcbinding](https://lcgapp-services.cern.ch/root-jenkins/job/root-pullrequests-build/86329/testReport/projectroot/runtutorials/tutorial_roofit_rf105_funcbinding/); - [projectroot.runtutorials.tutorial_vecops_vo002_VectorCalculations](https://lcgapp-services.cern.ch/root-jenkins/job/root-pullrequests-build/86329/testReport/projectroot/runtutorials/tutorial_vecops_vo002_VectorCalculations/); - [projectroot.runtutorials.tutorial_tmva_envelope_classification](https://lcgapp-services.cern.ch/root-jenkins/job/root-pullrequests-build/86329/testReport/projectroot/runtutorials/tutorial_tmva_envelope_classification/); - [projectroot.roottest.python.JupyROOT.roottest_python_JupyROOT_cppcompleter_doctest](https://lcgapp-services.cern.ch/root-jenkins/job/root-pullrequests-build/86329/testReport/projectroot.roottest.python/JupyROOT/roottest_python_JupyROOT_cppcompleter_doctest/); - [projectroot.roottest.root.io.uniquePointer.roottest_root_io_uniquePointer_simpleReadConst](https://lcgapp-services.cern.ch/root-jenkins/job/root,MatchSource.ISSUE_COMMENT,root-project,root,v6-32-06,https://github.com/root-project/root/pull/5094#issuecomment-642239576:485,Test,Test,485,https://root.cern,https://github.com/root-project/root/pull/5094#issuecomment-642239576,3,"['Test', 'test']","['Test', 'tests']"
Testability,Build failed on ROOT-performance-centos7-multicore/default.; Running on olhswep22.cern.ch:/data/sftnight/workspace/root-pullrequests-build; [See cdash](http://cdash.cern.ch/index.php?project=ROOT&filtercount=1&field1=buildname/string&compare1=65&value1=PR-5094-ROOT-performance-centos7-multicore-default&date=2020-06-11).; [See console output](https://lcgapp-services.cern.ch/root-jenkins/job/root-pullrequests-build/86345/console).; ### Errors:; - [2020-06-10T22:24:16.602Z] 606/2035 Test #356: tutorial-dataframe-df008_createDataSetFromScratch .................................................***Failed Error regular expression found in output. Regex=[: error:] 1.04 sec ; - [2020-06-10T22:24:16.602Z] 607/2035 Test #351: tutorial-dataframe-df003_profiles .................................................................***Failed Error regular expression found in output. Regex=[: error:] 1.50 sec ; - [2020-06-10T22:24:16.859Z] 609/2035 Test #354: tutorial-dataframe-df006_ranges ...................................................................***Failed Error regular expression found in output. Regex=[: error:] 1.36 sec ; - [2020-06-10T22:24:16.859Z] 610/2035 Test #357: tutorial-dataframe-df009_FromScratchVSTTree .......................................................***Failed Error regular expression found in output. Regex=[: error:] 0.99 sec ; - [2020-06-10T22:24:16.859Z] 613/2035 Test #359: tutorial-dataframe-df012_DefinesAndFiltersAsStrings ...............................................***Failed Error regular expression found in output. Regex=[: error:] 0.71 sec ; - [2020-06-10T22:24:17.374Z] 615/2035 Test #353: tutorial-dataframe-df005_fillAnyObject ............................................................***Failed Error regular expression found in output. Regex=[: error:] 1.98 sec ; - [2020-06-10T22:24:17.374Z] 616/2035 Test #352: tutorial-dataframe-df004_cutFlowReport ............................................................***Failed Error regular expression fou,MatchSource.ISSUE_COMMENT,root-project,root,v6-32-06,https://github.com/root-project/root/pull/5094#issuecomment-642302848:485,Test,Test,485,https://root.cern,https://github.com/root-project/root/pull/5094#issuecomment-642302848,3,['Test'],['Test']
Testability,Build failed on ROOT-performance-centos7-multicore/default.; Running on olhswep22.cern.ch:/data/sftnight/workspace/root-pullrequests-build; [See cdash](http://cdash.cern.ch/index.php?project=ROOT&filtercount=1&field1=buildname/string&compare1=65&value1=PR-5094-ROOT-performance-centos7-multicore-default&date=2020-06-12).; [See console output](https://lcgapp-services.cern.ch/root-jenkins/job/root-pullrequests-build/86749/console).; ### Failing tests:; - [projectroot.runtutorials.tutorial_dataframe_df102_NanoAODDimuonAnalysis](https://lcgapp-services.cern.ch/root-jenkins/job/root-pullrequests-build/86749/testReport/projectroot/runtutorials/tutorial_dataframe_df102_NanoAODDimuonAnalysis/); - [projectroot.runtutorials.tutorial_dataframe_df101_h1Analysis](https://lcgapp-services.cern.ch/root-jenkins/job/root-pullrequests-build/86749/testReport/projectroot/runtutorials/tutorial_dataframe_df101_h1Analysis/); - [projectroot.runtutorials.tutorial_dataframe_df103_NanoAODHiggsAnalysis](https://lcgapp-services.cern.ch/root-jenkins/job/root-pullrequests-build/86749/testReport/projectroot/runtutorials/tutorial_dataframe_df103_NanoAODHiggsAnalysis/); - [projectroot.runtutorials.tutorial_tmva_tmva103_Application](https://lcgapp-services.cern.ch/root-jenkins/job/root-pullrequests-build/86749/testReport/projectroot/runtutorials/tutorial_tmva_tmva103_Application/); - [projectroot.runtutorials.tutorial_tmva_envelope_classification](https://lcgapp-services.cern.ch/root-jenkins/job/root-pullrequests-build/86749/testReport/projectroot/runtutorials/tutorial_tmva_envelope_classification/); - [projectroot.test.test_stressIOPlugins_xroot](https://lcgapp-services.cern.ch/root-jenkins/job/root-pullrequests-build/86749/testReport/projectroot/test/test_stressIOPlugins_xroot/); - [projectroot.test.test_stresshistofit_interpreted](https://lcgapp-services.cern.ch/root-jenkins/job/root-pullrequests-build/86749/testReport/projectroot/test/test_stresshistofit_interpreted/); - [projectroot.tree.treeplayer,MatchSource.ISSUE_COMMENT,root-project,root,v6-32-06,https://github.com/root-project/root/pull/5094#issuecomment-643463265:446,test,tests,446,https://root.cern,https://github.com/root-project/root/pull/5094#issuecomment-643463265,3,['test'],"['testReport', 'tests']"
Testability,Build failed on ROOT-performance-centos7-multicore/default.; Running on olhswep22.cern.ch:/data/sftnight/workspace/root-pullrequests-build; [See cdash](http://cdash.cern.ch/index.php?project=ROOT&filtercount=1&field1=buildname/string&compare1=65&value1=PR-5094-ROOT-performance-centos7-multicore-default&date=2020-06-14).; [See console output](https://lcgapp-services.cern.ch/root-jenkins/job/root-pullrequests-build/86829/console).; ### Failing tests:; - [projectroot.test.test_stressIOPlugins_xroot](https://lcgapp-services.cern.ch/root-jenkins/job/root-pullrequests-build/86829/testReport/projectroot/test/test_stressIOPlugins_xroot/); - [projectroot.tree.treeplayer.test.gtest_tree_treeplayer_test_treeprocessormt_remotefiles](https://lcgapp-services.cern.ch/root-jenkins/job/root-pullrequests-build/86829/testReport/projectroot.tree.treeplayer/test/gtest_tree_treeplayer_test_treeprocessormt_remotefiles/); - [projectroot.runtutorials.tutorial_dataframe_df102_NanoAODDimuonAnalysis](https://lcgapp-services.cern.ch/root-jenkins/job/root-pullrequests-build/86829/testReport/projectroot/runtutorials/tutorial_dataframe_df102_NanoAODDimuonAnalysis/); - [projectroot.runtutorials.tutorial_dataframe_df101_h1Analysis](https://lcgapp-services.cern.ch/root-jenkins/job/root-pullrequests-build/86829/testReport/projectroot/runtutorials/tutorial_dataframe_df101_h1Analysis/); - [projectroot.runtutorials.tutorial_dataframe_df103_NanoAODHiggsAnalysis](https://lcgapp-services.cern.ch/root-jenkins/job/root-pullrequests-build/86829/testReport/projectroot/runtutorials/tutorial_dataframe_df103_NanoAODHiggsAnalysis/); - [projectroot.runtutorials.tutorial_tmva_tmva103_Application](https://lcgapp-services.cern.ch/root-jenkins/job/root-pullrequests-build/86829/testReport/projectroot/runtutorials/tutorial_tmva_tmva103_Application/); - [projectroot.runtutorials.tutorial_tmva_envelope_classification](https://lcgapp-services.cern.ch/root-jenkins/job/root-pullrequests-build/86829/testReport/projectroot/runtut,MatchSource.ISSUE_COMMENT,root-project,root,v6-32-06,https://github.com/root-project/root/pull/5094#issuecomment-643807891:446,test,tests,446,https://root.cern,https://github.com/root-project/root/pull/5094#issuecomment-643807891,7,['test'],"['test', 'testReport', 'tests']"
Testability,Build failed on ROOT-performance-centos7-multicore/default.; Running on olhswep22.cern.ch:/data/sftnight/workspace/root-pullrequests-build; [See cdash](http://cdash.cern.ch/index.php?project=ROOT&filtercount=1&field1=buildname/string&compare1=65&value1=PR-5094-ROOT-performance-centos7-multicore-default&date=2020-06-14).; [See console output](https://lcgapp-services.cern.ch/root-jenkins/job/root-pullrequests-build/86837/console).; ### Failing tests:; - [projectroot.test.test_stressIOPlugins_xroot](https://lcgapp-services.cern.ch/root-jenkins/job/root-pullrequests-build/86837/testReport/projectroot/test/test_stressIOPlugins_xroot/); - [projectroot.tree.treeplayer.test.gtest_tree_treeplayer_test_treeprocessormt_remotefiles](https://lcgapp-services.cern.ch/root-jenkins/job/root-pullrequests-build/86837/testReport/projectroot.tree.treeplayer/test/gtest_tree_treeplayer_test_treeprocessormt_remotefiles/); - [projectroot.runtutorials.tutorial_dataframe_df102_NanoAODDimuonAnalysis](https://lcgapp-services.cern.ch/root-jenkins/job/root-pullrequests-build/86837/testReport/projectroot/runtutorials/tutorial_dataframe_df102_NanoAODDimuonAnalysis/); - [projectroot.runtutorials.tutorial_dataframe_df101_h1Analysis](https://lcgapp-services.cern.ch/root-jenkins/job/root-pullrequests-build/86837/testReport/projectroot/runtutorials/tutorial_dataframe_df101_h1Analysis/); - [projectroot.runtutorials.tutorial_dataframe_df103_NanoAODHiggsAnalysis](https://lcgapp-services.cern.ch/root-jenkins/job/root-pullrequests-build/86837/testReport/projectroot/runtutorials/tutorial_dataframe_df103_NanoAODHiggsAnalysis/); - [projectroot.runtutorials.tutorial_tmva_tmva103_Application](https://lcgapp-services.cern.ch/root-jenkins/job/root-pullrequests-build/86837/testReport/projectroot/runtutorials/tutorial_tmva_tmva103_Application/),MatchSource.ISSUE_COMMENT,root-project,root,v6-32-06,https://github.com/root-project/root/pull/5094#issuecomment-643813128:446,test,tests,446,https://root.cern,https://github.com/root-project/root/pull/5094#issuecomment-643813128,11,['test'],"['test', 'testReport', 'tests']"
Testability,Build failed on ROOT-performance-centos7-multicore/default.; Running on olhswep22.cern.ch:/data/sftnight/workspace/root-pullrequests-build; [See cdash](http://cdash.cern.ch/index.php?project=ROOT&filtercount=1&field1=buildname/string&compare1=65&value1=PR-5094-ROOT-performance-centos7-multicore-default&date=2020-06-15).; [See console output](https://lcgapp-services.cern.ch/root-jenkins/job/root-pullrequests-build/86853/console).; ### Failing tests:; - [projectroot.test.test_stressIOPlugins_xroot](https://lcgapp-services.cern.ch/root-jenkins/job/root-pullrequests-build/86853/testReport/projectroot/test/test_stressIOPlugins_xroot/); - [projectroot.tree.treeplayer.test.gtest_tree_treeplayer_test_treeprocessormt_remotefiles](https://lcgapp-services.cern.ch/root-jenkins/job/root-pullrequests-build/86853/testReport/projectroot.tree.treeplayer/test/gtest_tree_treeplayer_test_treeprocessormt_remotefiles/); - [projectroot.runtutorials.tutorial_dataframe_df102_NanoAODDimuonAnalysis](https://lcgapp-services.cern.ch/root-jenkins/job/root-pullrequests-build/86853/testReport/projectroot/runtutorials/tutorial_dataframe_df102_NanoAODDimuonAnalysis/); - [projectroot.runtutorials.tutorial_dataframe_df101_h1Analysis](https://lcgapp-services.cern.ch/root-jenkins/job/root-pullrequests-build/86853/testReport/projectroot/runtutorials/tutorial_dataframe_df101_h1Analysis/); - [projectroot.runtutorials.tutorial_dataframe_df103_NanoAODHiggsAnalysis](https://lcgapp-services.cern.ch/root-jenkins/job/root-pullrequests-build/86853/testReport/projectroot/runtutorials/tutorial_dataframe_df103_NanoAODHiggsAnalysis/); - [projectroot.runtutorials.tutorial_tmva_tmva103_Application](https://lcgapp-services.cern.ch/root-jenkins/job/root-pullrequests-build/86853/testReport/projectroot/runtutorials/tutorial_tmva_tmva103_Application/),MatchSource.ISSUE_COMMENT,root-project,root,v6-32-06,https://github.com/root-project/root/pull/5094#issuecomment-643913954:446,test,tests,446,https://root.cern,https://github.com/root-project/root/pull/5094#issuecomment-643913954,11,['test'],"['test', 'testReport', 'tests']"
Testability,Build failed on ROOT-performance-centos7-multicore/default.; Running on olhswep22.cern.ch:/data/sftnight/workspace/root-pullrequests-build; [See cdash](http://cdash.cern.ch/index.php?project=ROOT&filtercount=1&field1=buildname/string&compare1=65&value1=PR-5094-ROOT-performance-centos7-multicore-default&date=2020-06-16).; [See console output](https://lcgapp-services.cern.ch/root-jenkins/job/root-pullrequests-build/87045/console).; ### Failing tests:; - [projectroot.test.test_stressIOPlugins_xroot](https://lcgapp-services.cern.ch/root-jenkins/job/root-pullrequests-build/87045/testReport/projectroot/test/test_stressIOPlugins_xroot/); - [projectroot.tree.treeplayer.test.gtest_tree_treeplayer_test_treeprocessormt_remotefiles](https://lcgapp-services.cern.ch/root-jenkins/job/root-pullrequests-build/87045/testReport/projectroot.tree.treeplayer/test/gtest_tree_treeplayer_test_treeprocessormt_remotefiles/); - [projectroot.runtutorials.tutorial_dataframe_df102_NanoAODDimuonAnalysis](https://lcgapp-services.cern.ch/root-jenkins/job/root-pullrequests-build/87045/testReport/projectroot/runtutorials/tutorial_dataframe_df102_NanoAODDimuonAnalysis/); - [projectroot.runtutorials.tutorial_dataframe_df101_h1Analysis](https://lcgapp-services.cern.ch/root-jenkins/job/root-pullrequests-build/87045/testReport/projectroot/runtutorials/tutorial_dataframe_df101_h1Analysis/); - [projectroot.runtutorials.tutorial_dataframe_df103_NanoAODHiggsAnalysis](https://lcgapp-services.cern.ch/root-jenkins/job/root-pullrequests-build/87045/testReport/projectroot/runtutorials/tutorial_dataframe_df103_NanoAODHiggsAnalysis/); - [projectroot.runtutorials.tutorial_tmva_tmva103_Application](https://lcgapp-services.cern.ch/root-jenkins/job/root-pullrequests-build/87045/testReport/projectroot/runtutorials/tutorial_tmva_tmva103_Application/),MatchSource.ISSUE_COMMENT,root-project,root,v6-32-06,https://github.com/root-project/root/pull/5094#issuecomment-644722830:446,test,tests,446,https://root.cern,https://github.com/root-project/root/pull/5094#issuecomment-644722830,11,['test'],"['test', 'testReport', 'tests']"
Testability,Build failed on ROOT-performance-centos7-multicore/default.; Running on olhswep22.cern.ch:/data/sftnight/workspace/root-pullrequests-build; [See cdash](http://cdash.cern.ch/index.php?project=ROOT&filtercount=1&field1=buildname/string&compare1=65&value1=PR-5094-ROOT-performance-centos7-multicore-default&date=2020-06-16).; [See console output](https://lcgapp-services.cern.ch/root-jenkins/job/root-pullrequests-build/87069/console).; ### Failing tests:; - [projectroot.test.test_stressIOPlugins_xroot](https://lcgapp-services.cern.ch/root-jenkins/job/root-pullrequests-build/87069/testReport/projectroot/test/test_stressIOPlugins_xroot/); - [projectroot.tree.treeplayer.test.gtest_tree_treeplayer_test_treeprocessormt_remotefiles](https://lcgapp-services.cern.ch/root-jenkins/job/root-pullrequests-build/87069/testReport/projectroot.tree.treeplayer/test/gtest_tree_treeplayer_test_treeprocessormt_remotefiles/); - [projectroot.runtutorials.tutorial_dataframe_df102_NanoAODDimuonAnalysis](https://lcgapp-services.cern.ch/root-jenkins/job/root-pullrequests-build/87069/testReport/projectroot/runtutorials/tutorial_dataframe_df102_NanoAODDimuonAnalysis/); - [projectroot.runtutorials.tutorial_dataframe_df101_h1Analysis](https://lcgapp-services.cern.ch/root-jenkins/job/root-pullrequests-build/87069/testReport/projectroot/runtutorials/tutorial_dataframe_df101_h1Analysis/); - [projectroot.runtutorials.tutorial_dataframe_df103_NanoAODHiggsAnalysis](https://lcgapp-services.cern.ch/root-jenkins/job/root-pullrequests-build/87069/testReport/projectroot/runtutorials/tutorial_dataframe_df103_NanoAODHiggsAnalysis/); - [projectroot.runtutorials.tutorial_tmva_tmva103_Application](https://lcgapp-services.cern.ch/root-jenkins/job/root-pullrequests-build/87069/testReport/projectroot/runtutorials/tutorial_tmva_tmva103_Application/),MatchSource.ISSUE_COMMENT,root-project,root,v6-32-06,https://github.com/root-project/root/pull/5094#issuecomment-644836449:446,test,tests,446,https://root.cern,https://github.com/root-project/root/pull/5094#issuecomment-644836449,11,['test'],"['test', 'testReport', 'tests']"
Testability,Build failed on ROOT-performance-centos7-multicore/default.; Running on olhswep22.cern.ch:/data/sftnight/workspace/root-pullrequests-build; [See cdash](http://cdash.cern.ch/index.php?project=ROOT&filtercount=1&field1=buildname/string&compare1=65&value1=PR-5094-ROOT-performance-centos7-multicore-default&date=2020-06-16).; [See console output](https://lcgapp-services.cern.ch/root-jenkins/job/root-pullrequests-build/87085/console).; ### Failing tests:; - [projectroot.test.test_stressIOPlugins_xroot](https://lcgapp-services.cern.ch/root-jenkins/job/root-pullrequests-build/87085/testReport/projectroot/test/test_stressIOPlugins_xroot/); - [projectroot.tree.treeplayer.test.gtest_tree_treeplayer_test_treeprocessormt_remotefiles](https://lcgapp-services.cern.ch/root-jenkins/job/root-pullrequests-build/87085/testReport/projectroot.tree.treeplayer/test/gtest_tree_treeplayer_test_treeprocessormt_remotefiles/); - [projectroot.runtutorials.tutorial_dataframe_df102_NanoAODDimuonAnalysis](https://lcgapp-services.cern.ch/root-jenkins/job/root-pullrequests-build/87085/testReport/projectroot/runtutorials/tutorial_dataframe_df102_NanoAODDimuonAnalysis/); - [projectroot.runtutorials.tutorial_dataframe_df101_h1Analysis](https://lcgapp-services.cern.ch/root-jenkins/job/root-pullrequests-build/87085/testReport/projectroot/runtutorials/tutorial_dataframe_df101_h1Analysis/); - [projectroot.runtutorials.tutorial_dataframe_df103_NanoAODHiggsAnalysis](https://lcgapp-services.cern.ch/root-jenkins/job/root-pullrequests-build/87085/testReport/projectroot/runtutorials/tutorial_dataframe_df103_NanoAODHiggsAnalysis/); - [projectroot.runtutorials.tutorial_tmva_tmva103_Application](https://lcgapp-services.cern.ch/root-jenkins/job/root-pullrequests-build/87085/testReport/projectroot/runtutorials/tutorial_tmva_tmva103_Application/),MatchSource.ISSUE_COMMENT,root-project,root,v6-32-06,https://github.com/root-project/root/pull/5094#issuecomment-644891325:446,test,tests,446,https://root.cern,https://github.com/root-project/root/pull/5094#issuecomment-644891325,11,['test'],"['test', 'testReport', 'tests']"
Testability,Build failed on ROOT-performance-centos7-multicore/default.; Running on olhswep22.cern.ch:/data/sftnight/workspace/root-pullrequests-build; [See cdash](http://cdash.cern.ch/index.php?project=ROOT&filtercount=1&field1=buildname/string&compare1=65&value1=PR-5159-ROOT-performance-centos7-multicore-default&date=2020-05-14).; [See console output](https://lcgapp-services.cern.ch/root-jenkins/job/root-pullrequests-build/82048/console).; ### Failing tests:; - [projectroot.runtutorials.tutorial_splot_TestSPlot](https://lcgapp-services.cern.ch/root-jenkins/job/root-pullrequests-build/82048/testReport/projectroot/runtutorials/tutorial_splot_TestSPlot/); - [projectroot.roottest.root.io.stdarray.roottest_root_io_stdarray_colWiseRead_42](https://lcgapp-services.cern.ch/root-jenkins/job/root-pullrequests-build/82048/testReport/projectroot.roottest.root.io/stdarray/roottest_root_io_stdarray_colWiseRead_42/),MatchSource.ISSUE_COMMENT,root-project,root,v6-32-06,https://github.com/root-project/root/pull/5159#issuecomment-628556446:446,test,tests,446,https://root.cern,https://github.com/root-project/root/pull/5159#issuecomment-628556446,3,['test'],"['testReport', 'tests']"
Testability,Build failed on ROOT-performance-centos7-multicore/default.; Running on olhswep22.cern.ch:/data/sftnight/workspace/root-pullrequests-build; [See cdash](http://cdash.cern.ch/index.php?project=ROOT&filtercount=1&field1=buildname/string&compare1=65&value1=PR-5228-ROOT-performance-centos7-multicore-default&date=2020-04-25).; [See console output](https://lcgapp-services.cern.ch/root-jenkins/job/root-pullrequests-build/78756/console).; ### Failing tests:; - [projectroot.tree.treeplayer.test.gtest_tree_treeplayer_test_treeprocessormt](https://lcgapp-services.cern.ch/root-jenkins/job/root-pullrequests-build/78756/testReport/projectroot.tree.treeplayer/test/gtest_tree_treeplayer_test_treeprocessormt/),MatchSource.ISSUE_COMMENT,root-project,root,v6-32-06,https://github.com/root-project/root/pull/5228#issuecomment-619401960:446,test,tests,446,https://root.cern,https://github.com/root-project/root/pull/5228#issuecomment-619401960,4,['test'],"['test', 'testReport', 'tests']"
Testability,Build failed on ROOT-performance-centos7-multicore/default.; Running on olhswep22.cern.ch:/data/sftnight/workspace/root-pullrequests-build; [See cdash](http://cdash.cern.ch/index.php?project=ROOT&filtercount=1&field1=buildname/string&compare1=65&value1=PR-5365-ROOT-performance-centos7-multicore-default&date=2020-04-23).; [See console output](https://lcgapp-services.cern.ch/root-jenkins/job/root-pullrequests-build/78259/console).; ### Failing tests:; - [projectroot.tree.treeplayer.test.gtest_tree_treeplayer_test_treeprocessormt](https://lcgapp-services.cern.ch/root-jenkins/job/root-pullrequests-build/78259/testReport/projectroot.tree.treeplayer/test/gtest_tree_treeplayer_test_treeprocessormt/),MatchSource.ISSUE_COMMENT,root-project,root,v6-32-06,https://github.com/root-project/root/pull/5365#issuecomment-618689900:446,test,tests,446,https://root.cern,https://github.com/root-project/root/pull/5365#issuecomment-618689900,4,['test'],"['test', 'testReport', 'tests']"
Testability,Build failed on ROOT-performance-centos7-multicore/default.; Running on olhswep22.cern.ch:/data/sftnight/workspace/root-pullrequests-build; [See cdash](http://cdash.cern.ch/index.php?project=ROOT&filtercount=1&field1=buildname/string&compare1=65&value1=PR-5377-ROOT-performance-centos7-multicore-default&date=2020-05-11).; [See console output](https://lcgapp-services.cern.ch/root-jenkins/job/root-pullrequests-build/81668/console).; ### Failing tests:; - [projectroot.roottest.root.io.datamodelevolution.roottest_root_io_datamodelevolution_make](https://lcgapp-services.cern.ch/root-jenkins/job/root-pullrequests-build/81668/testReport/projectroot.roottest.root.io/datamodelevolution/roottest_root_io_datamodelevolution_make/),MatchSource.ISSUE_COMMENT,root-project,root,v6-32-06,https://github.com/root-project/root/pull/5377#issuecomment-626948241:446,test,tests,446,https://root.cern,https://github.com/root-project/root/pull/5377#issuecomment-626948241,2,['test'],"['testReport', 'tests']"
Testability,Build failed on ROOT-performance-centos7-multicore/default.; Running on olhswep22.cern.ch:/data/sftnight/workspace/root-pullrequests-build; [See cdash](http://cdash.cern.ch/index.php?project=ROOT&filtercount=1&field1=buildname/string&compare1=65&value1=PR-5377-ROOT-performance-centos7-multicore-default&date=2020-06-05).; [See console output](https://lcgapp-services.cern.ch/root-jenkins/job/root-pullrequests-build/85485/console).; ### Failing tests:; - [projectroot.roottest.root.io.emulated.roottest_root_io_emulated_make](https://lcgapp-services.cern.ch/root-jenkins/job/root-pullrequests-build/85485/testReport/projectroot.roottest.root.io/emulated/roottest_root_io_emulated_make/); - [projectroot.roottest.root.io.json.roottest_root_io_json_make](https://lcgapp-services.cern.ch/root-jenkins/job/root-pullrequests-build/85485/testReport/projectroot.roottest.root.io/json/roottest_root_io_json_make/),MatchSource.ISSUE_COMMENT,root-project,root,v6-32-06,https://github.com/root-project/root/pull/5377#issuecomment-639731873:446,test,tests,446,https://root.cern,https://github.com/root-project/root/pull/5377#issuecomment-639731873,3,['test'],"['testReport', 'tests']"
Testability,Build failed on ROOT-performance-centos7-multicore/default.; Running on olhswep22.cern.ch:/data/sftnight/workspace/root-pullrequests-build; [See cdash](http://cdash.cern.ch/index.php?project=ROOT&filtercount=1&field1=buildname/string&compare1=65&value1=PR-5377-ROOT-performance-centos7-multicore-default&date=2020-06-15).; [See console output](https://lcgapp-services.cern.ch/root-jenkins/job/root-pullrequests-build/86941/console).; ### Failing tests:; - [projectroot.test.test_stressIOPlugins_xroot](https://lcgapp-services.cern.ch/root-jenkins/job/root-pullrequests-build/86941/testReport/projectroot/test/test_stressIOPlugins_xroot/); - [projectroot.tree.treeplayer.test.gtest_tree_treeplayer_test_treeprocessormt_remotefiles](https://lcgapp-services.cern.ch/root-jenkins/job/root-pullrequests-build/86941/testReport/projectroot.tree.treeplayer/test/gtest_tree_treeplayer_test_treeprocessormt_remotefiles/); - [projectroot.runtutorials.tutorial_dataframe_df102_NanoAODDimuonAnalysis](https://lcgapp-services.cern.ch/root-jenkins/job/root-pullrequests-build/86941/testReport/projectroot/runtutorials/tutorial_dataframe_df102_NanoAODDimuonAnalysis/); - [projectroot.runtutorials.tutorial_dataframe_df101_h1Analysis](https://lcgapp-services.cern.ch/root-jenkins/job/root-pullrequests-build/86941/testReport/projectroot/runtutorials/tutorial_dataframe_df101_h1Analysis/); - [projectroot.runtutorials.tutorial_dataframe_df103_NanoAODHiggsAnalysis](https://lcgapp-services.cern.ch/root-jenkins/job/root-pullrequests-build/86941/testReport/projectroot/runtutorials/tutorial_dataframe_df103_NanoAODHiggsAnalysis/); - [projectroot.runtutorials.tutorial_tmva_tmva103_Application](https://lcgapp-services.cern.ch/root-jenkins/job/root-pullrequests-build/86941/testReport/projectroot/runtutorials/tutorial_tmva_tmva103_Application/),MatchSource.ISSUE_COMMENT,root-project,root,v6-32-06,https://github.com/root-project/root/pull/5377#issuecomment-644178534:446,test,tests,446,https://root.cern,https://github.com/root-project/root/pull/5377#issuecomment-644178534,11,['test'],"['test', 'testReport', 'tests']"
Testability,Build failed on ROOT-performance-centos7-multicore/default.; Running on olhswep22.cern.ch:/data/sftnight/workspace/root-pullrequests-build; [See cdash](http://cdash.cern.ch/index.php?project=ROOT&filtercount=1&field1=buildname/string&compare1=65&value1=PR-5377-ROOT-performance-centos7-multicore-default&date=2020-06-15).; [See console output](https://lcgapp-services.cern.ch/root-jenkins/job/root-pullrequests-build/86949/console).; ### Failing tests:; - [projectroot.runtutorials.tutorial_dataframe_df102_NanoAODDimuonAnalysis](https://lcgapp-services.cern.ch/root-jenkins/job/root-pullrequests-build/86949/testReport/projectroot/runtutorials/tutorial_dataframe_df102_NanoAODDimuonAnalysis/); - [projectroot.runtutorials.tutorial_dataframe_df101_h1Analysis](https://lcgapp-services.cern.ch/root-jenkins/job/root-pullrequests-build/86949/testReport/projectroot/runtutorials/tutorial_dataframe_df101_h1Analysis/); - [projectroot.runtutorials.tutorial_dataframe_df103_NanoAODHiggsAnalysis](https://lcgapp-services.cern.ch/root-jenkins/job/root-pullrequests-build/86949/testReport/projectroot/runtutorials/tutorial_dataframe_df103_NanoAODHiggsAnalysis/); - [projectroot.runtutorials.tutorial_tmva_tmva103_Application](https://lcgapp-services.cern.ch/root-jenkins/job/root-pullrequests-build/86949/testReport/projectroot/runtutorials/tutorial_tmva_tmva103_Application/); - [projectroot.test.test_stressIOPlugins_xroot](https://lcgapp-services.cern.ch/root-jenkins/job/root-pullrequests-build/86949/testReport/projectroot/test/test_stressIOPlugins_xroot/); - [projectroot.tree.treeplayer.test.gtest_tree_treeplayer_test_treeprocessormt_remotefiles](https://lcgapp-services.cern.ch/root-jenkins/job/root-pullrequests-build/86949/testReport/projectroot.tree.treeplayer/test/gtest_tree_treeplayer_test_treeprocessormt_remotefiles/),MatchSource.ISSUE_COMMENT,root-project,root,v6-32-06,https://github.com/root-project/root/pull/5377#issuecomment-644224916:446,test,tests,446,https://root.cern,https://github.com/root-project/root/pull/5377#issuecomment-644224916,11,['test'],"['test', 'testReport', 'tests']"
Testability,Build failed on ROOT-performance-centos7-multicore/default.; Running on olhswep22.cern.ch:/data/sftnight/workspace/root-pullrequests-build; [See cdash](http://cdash.cern.ch/index.php?project=ROOT&filtercount=1&field1=buildname/string&compare1=65&value1=PR-5377-ROOT-performance-centos7-multicore-default&date=2020-06-17).; [See console output](https://lcgapp-services.cern.ch/root-jenkins/job/root-pullrequests-build/87207/console).; ### Failing tests:; - [projectroot.io.io.test.gtest_io_io_test_RRawFile](https://lcgapp-services.cern.ch/root-jenkins/job/root-pullrequests-build/87207/testReport/projectroot.io.io/test/gtest_io_io_test_RRawFile/); - [projectroot.runtutorials.tutorial_dataframe_df014_CSVDataSource](https://lcgapp-services.cern.ch/root-jenkins/job/root-pullrequests-build/87207/testReport/projectroot/runtutorials/tutorial_dataframe_df014_CSVDataSource/); - [projectroot.tmva.tmva.test.gtest_tmva_tmva_test_rstandardscaler](https://lcgapp-services.cern.ch/root-jenkins/job/root-pullrequests-build/87207/testReport/projectroot.tmva.tmva/test/gtest_tmva_tmva_test_rstandardscaler/); - [projectroot.tmva.tmva.test.gtest_tmva_tmva_test_rreader](https://lcgapp-services.cern.ch/root-jenkins/job/root-pullrequests-build/87207/testReport/projectroot.tmva.tmva/test/gtest_tmva_tmva_test_rreader/); - [projectroot.runtutorials.tutorial_dataframe_df015_LazyDataSource](https://lcgapp-services.cern.ch/root-jenkins/job/root-pullrequests-build/87207/testReport/projectroot/runtutorials/tutorial_dataframe_df015_LazyDataSource/); - [projectroot.runtutorials.tutorial_dataframe_df027_SQliteDependencyOverVersion](https://lcgapp-services.cern.ch/root-jenkins/job/root-pullrequests-build/87207/testReport/projectroot/runtutorials/tutorial_dataframe_df027_SQliteDependencyOverVersion/); - [projectroot.runtutorials.tutorial_multicore_imt101_parTreeProcessing](https://lcgapp-services.cern.ch/root-jenkins/job/root-pullrequests-build/87207/testReport/projectroot/runtutorials/tutorial_multicore_imt101,MatchSource.ISSUE_COMMENT,root-project,root,v6-32-06,https://github.com/root-project/root/pull/5377#issuecomment-645322187:446,test,tests,446,https://root.cern,https://github.com/root-project/root/pull/5377#issuecomment-645322187,6,['test'],"['test', 'testReport', 'tests']"
Testability,Build failed on ROOT-performance-centos7-multicore/default.; Running on olhswep22.cern.ch:/data/sftnight/workspace/root-pullrequests-build; [See cdash](http://cdash.cern.ch/index.php?project=ROOT&filtercount=1&field1=buildname/string&compare1=65&value1=PR-5408-ROOT-performance-centos7-multicore-default&date=2020-04-23).; [See console output](https://lcgapp-services.cern.ch/root-jenkins/job/root-pullrequests-build/78042/console).; ### Failing tests:; - [projectroot.bindings.pyroot_experimental.pythonizations.test.pyunittests_pyroot_dependency_versions](https://lcgapp-services.cern.ch/root-jenkins/job/root-pullrequests-build/78042/testReport/projectroot.bindings.pyroot_experimental.pythonizations/test/pyunittests_pyroot_dependency_versions/),MatchSource.ISSUE_COMMENT,root-project,root,v6-32-06,https://github.com/root-project/root/pull/5408#issuecomment-618313776:446,test,tests,446,https://root.cern,https://github.com/root-project/root/pull/5408#issuecomment-618313776,4,['test'],"['test', 'testReport', 'tests']"
Testability,Build failed on ROOT-performance-centos7-multicore/default.; Running on olhswep22.cern.ch:/data/sftnight/workspace/root-pullrequests-build; [See cdash](http://cdash.cern.ch/index.php?project=ROOT&filtercount=1&field1=buildname/string&compare1=65&value1=PR-5408-ROOT-performance-centos7-multicore-default&date=2020-04-24).; [See console output](https://lcgapp-services.cern.ch/root-jenkins/job/root-pullrequests-build/78547/console).; ### Failing tests:; - [projectroot.bindings.pyroot_experimental.pythonizations.test.pyunittests_pyroot_dependency_versions](https://lcgapp-services.cern.ch/root-jenkins/job/root-pullrequests-build/78547/testReport/projectroot.bindings.pyroot_experimental.pythonizations/test/pyunittests_pyroot_dependency_versions/),MatchSource.ISSUE_COMMENT,root-project,root,v6-32-06,https://github.com/root-project/root/pull/5408#issuecomment-619108121:446,test,tests,446,https://root.cern,https://github.com/root-project/root/pull/5408#issuecomment-619108121,4,['test'],"['test', 'testReport', 'tests']"
Testability,Build failed on ROOT-performance-centos7-multicore/default.; Running on olhswep22.cern.ch:/data/sftnight/workspace/root-pullrequests-build; [See cdash](http://cdash.cern.ch/index.php?project=ROOT&filtercount=1&field1=buildname/string&compare1=65&value1=PR-5408-ROOT-performance-centos7-multicore-default&date=2020-04-27).; [See console output](https://lcgapp-services.cern.ch/root-jenkins/job/root-pullrequests-build/78927/console).; ### Failing tests:; - [projectroot.bindings.pyroot_experimental.pythonizations.test.pyunittests_pyroot_dependency_versions](https://lcgapp-services.cern.ch/root-jenkins/job/root-pullrequests-build/78927/testReport/projectroot.bindings.pyroot_experimental.pythonizations/test/pyunittests_pyroot_dependency_versions/),MatchSource.ISSUE_COMMENT,root-project,root,v6-32-06,https://github.com/root-project/root/pull/5408#issuecomment-620069138:446,test,tests,446,https://root.cern,https://github.com/root-project/root/pull/5408#issuecomment-620069138,4,['test'],"['test', 'testReport', 'tests']"
Testability,Build failed on ROOT-performance-centos7-multicore/default.; Running on olhswep22.cern.ch:/data/sftnight/workspace/root-pullrequests-build; [See cdash](http://cdash.cern.ch/index.php?project=ROOT&filtercount=1&field1=buildname/string&compare1=65&value1=PR-5408-ROOT-performance-centos7-multicore-default&date=2020-04-28).; [See console output](https://lcgapp-services.cern.ch/root-jenkins/job/root-pullrequests-build/78999/console).; ### Failing tests:; - [projectroot.bindings.pyroot_experimental.pythonizations.test.pyunittests_pyroot_dependency_versions](https://lcgapp-services.cern.ch/root-jenkins/job/root-pullrequests-build/78999/testReport/projectroot.bindings.pyroot_experimental.pythonizations/test/pyunittests_pyroot_dependency_versions/),MatchSource.ISSUE_COMMENT,root-project,root,v6-32-06,https://github.com/root-project/root/pull/5408#issuecomment-620437181:446,test,tests,446,https://root.cern,https://github.com/root-project/root/pull/5408#issuecomment-620437181,4,['test'],"['test', 'testReport', 'tests']"
Testability,Build failed on ROOT-performance-centos7-multicore/default.; Running on olhswep22.cern.ch:/data/sftnight/workspace/root-pullrequests-build; [See cdash](http://cdash.cern.ch/index.php?project=ROOT&filtercount=1&field1=buildname/string&compare1=65&value1=PR-5408-ROOT-performance-centos7-multicore-default&date=2020-04-28).; [See console output](https://lcgapp-services.cern.ch/root-jenkins/job/root-pullrequests-build/79175/console).; ### Failing tests:; - [projectroot.bindings.pyroot_experimental.pythonizations.test.pyunittests_pyroot_dependency_versions](https://lcgapp-services.cern.ch/root-jenkins/job/root-pullrequests-build/79175/testReport/projectroot.bindings.pyroot_experimental.pythonizations/test/pyunittests_pyroot_dependency_versions/),MatchSource.ISSUE_COMMENT,root-project,root,v6-32-06,https://github.com/root-project/root/pull/5408#issuecomment-620704352:446,test,tests,446,https://root.cern,https://github.com/root-project/root/pull/5408#issuecomment-620704352,4,['test'],"['test', 'testReport', 'tests']"
Testability,Build failed on ROOT-performance-centos7-multicore/default.; Running on olhswep22.cern.ch:/data/sftnight/workspace/root-pullrequests-build; [See cdash](http://cdash.cern.ch/index.php?project=ROOT&filtercount=1&field1=buildname/string&compare1=65&value1=PR-5413-ROOT-performance-centos7-multicore-default&date=2020-04-22).; [See console output](https://lcgapp-services.cern.ch/root-jenkins/job/root-pullrequests-build/77866/console).; ### Failing tests:; - [projectroot.test.test_stressroofit](https://lcgapp-services.cern.ch/root-jenkins/job/root-pullrequests-build/77866/testReport/projectroot/test/test_stressroofit/); - [projectroot.test.test_stressroofit_interpreted](https://lcgapp-services.cern.ch/root-jenkins/job/root-pullrequests-build/77866/testReport/projectroot/test/test_stressroofit_interpreted/),MatchSource.ISSUE_COMMENT,root-project,root,v6-32-06,https://github.com/root-project/root/pull/5413#issuecomment-617699071:446,test,tests,446,https://root.cern,https://github.com/root-project/root/pull/5413#issuecomment-617699071,7,['test'],"['test', 'testReport', 'tests']"
Testability,Build failed on ROOT-performance-centos7-multicore/default.; Running on olhswep22.cern.ch:/data/sftnight/workspace/root-pullrequests-build; [See cdash](http://cdash.cern.ch/index.php?project=ROOT&filtercount=1&field1=buildname/string&compare1=65&value1=PR-5420-ROOT-performance-centos7-multicore-default&date=2020-04-21).; [See console output](https://lcgapp-services.cern.ch/root-jenkins/job/root-pullrequests-build/77721/console).; ### Failing tests:; - [projectroot.roottest.root.meta.evolution.roottest_root_meta_evolution_data3_build](https://lcgapp-services.cern.ch/root-jenkins/job/root-pullrequests-build/77721/testReport/projectroot.roottest.root.meta/evolution/roottest_root_meta_evolution_data3_build/); - [projectroot.roottest.root.meta.evolution.roottest_root_meta_evolution_data5_build](https://lcgapp-services.cern.ch/root-jenkins/job/root-pullrequests-build/77721/testReport/projectroot.roottest.root.meta/evolution/roottest_root_meta_evolution_data5_build/); - [projectroot.roottest.root.meta.evolution.roottest_root_meta_evolution_data4_build](https://lcgapp-services.cern.ch/root-jenkins/job/root-pullrequests-build/77721/testReport/projectroot.roottest.root.meta/evolution/roottest_root_meta_evolution_data4_build/); - [projectroot.roottest.root.meta.evolution.roottest_root_meta_evolution_data1_build](https://lcgapp-services.cern.ch/root-jenkins/job/root-pullrequests-build/77721/testReport/projectroot.roottest.root.meta/evolution/roottest_root_meta_evolution_data1_build/); - [projectroot.roottest.root.meta.evolution.roottest_root_meta_evolution_data6_build](https://lcgapp-services.cern.ch/root-jenkins/job/root-pullrequests-build/77721/testReport/projectroot.roottest.root.meta/evolution/roottest_root_meta_evolution_data6_build/); - [projectroot.roottest.root.meta.evolution.roottest_root_meta_evolution_data2_build](https://lcgapp-services.cern.ch/root-jenkins/job/root-pullrequests-build/77721/testReport/projectroot.roottest.root.meta/evolution/roottest_root_meta_evolut,MatchSource.ISSUE_COMMENT,root-project,root,v6-32-06,https://github.com/root-project/root/pull/5420#issuecomment-617348238:446,test,tests,446,https://root.cern,https://github.com/root-project/root/pull/5420#issuecomment-617348238,3,['test'],"['testReport', 'tests']"
Testability,Build failed on ROOT-performance-centos7-multicore/default.; Running on olhswep22.cern.ch:/data/sftnight/workspace/root-pullrequests-build; [See cdash](http://cdash.cern.ch/index.php?project=ROOT&filtercount=1&field1=buildname/string&compare1=65&value1=PR-5420-ROOT-performance-centos7-multicore-default&date=2020-05-10).; [See console output](https://lcgapp-services.cern.ch/root-jenkins/job/root-pullrequests-build/81473/console).; ### Failing tests:; - [projectroot.roottest.root.meta.autoloading.headerParsingOnDemand.roottest_root_meta_autoloading_headerParsingOnDemand_runscopedEnums](https://lcgapp-services.cern.ch/root-jenkins/job/root-pullrequests-build/81473/testReport/projectroot.roottest.root.meta.autoloading/headerParsingOnDemand/roottest_root_meta_autoloading_headerParsingOnDemand_runscopedEnums/); - [projectroot.roottest.root.tree.chain.roottest_root_tree_chain_make](https://lcgapp-services.cern.ch/root-jenkins/job/root-pullrequests-build/81473/testReport/projectroot.roottest.root.tree/chain/roottest_root_tree_chain_make/); - [projectroot.roottest.root.tree.branches.roottest_root_tree_branches_make](https://lcgapp-services.cern.ch/root-jenkins/job/root-pullrequests-build/81473/testReport/projectroot.roottest.root.tree/branches/roottest_root_tree_branches_make/); - [projectroot.roottest.root.treeformula.parse.roottest_root_treeformula_parse_make](https://lcgapp-services.cern.ch/root-jenkins/job/root-pullrequests-build/81473/testReport/projectroot.roottest.root.treeformula/parse/roottest_root_treeformula_parse_make/),MatchSource.ISSUE_COMMENT,root-project,root,v6-32-06,https://github.com/root-project/root/pull/5420#issuecomment-626286268:446,test,tests,446,https://root.cern,https://github.com/root-project/root/pull/5420#issuecomment-626286268,5,['test'],"['testReport', 'tests']"
Testability,Build failed on ROOT-performance-centos7-multicore/default.; Running on olhswep22.cern.ch:/data/sftnight/workspace/root-pullrequests-build; [See cdash](http://cdash.cern.ch/index.php?project=ROOT&filtercount=1&field1=buildname/string&compare1=65&value1=PR-5420-ROOT-performance-centos7-multicore-default&date=2020-05-22).; [See console output](https://lcgapp-services.cern.ch/root-jenkins/job/root-pullrequests-build/83137/console).; ### Failing tests:; - [projectroot.roottest.root.meta.autoloading.headerParsingOnDemand.roottest_root_meta_autoloading_headerParsingOnDemand_runscopedEnums](https://lcgapp-services.cern.ch/root-jenkins/job/root-pullrequests-build/83137/testReport/projectroot.roottest.root.meta.autoloading/headerParsingOnDemand/roottest_root_meta_autoloading_headerParsingOnDemand_runscopedEnums/); - [projectroot.roottest.root.tree.chain.roottest_root_tree_chain_make](https://lcgapp-services.cern.ch/root-jenkins/job/root-pullrequests-build/83137/testReport/projectroot.roottest.root.tree/chain/roottest_root_tree_chain_make/); - [projectroot.roottest.root.tree.branches.roottest_root_tree_branches_make](https://lcgapp-services.cern.ch/root-jenkins/job/root-pullrequests-build/83137/testReport/projectroot.roottest.root.tree/branches/roottest_root_tree_branches_make/); - [projectroot.roottest.root.treeformula.parse.roottest_root_treeformula_parse_make](https://lcgapp-services.cern.ch/root-jenkins/job/root-pullrequests-build/83137/testReport/projectroot.roottest.root.treeformula/parse/roottest_root_treeformula_parse_make/); - [projectroot.roottest.root.tree.addresses.roottest_root_tree_addresses_make](https://lcgapp-services.cern.ch/root-jenkins/job/root-pullrequests-build/83137/testReport/projectroot.roottest.root.tree/addresses/roottest_root_tree_addresses_make/),MatchSource.ISSUE_COMMENT,root-project,root,v6-32-06,https://github.com/root-project/root/pull/5420#issuecomment-632545911:446,test,tests,446,https://root.cern,https://github.com/root-project/root/pull/5420#issuecomment-632545911,6,['test'],"['testReport', 'tests']"
Testability,Build failed on ROOT-performance-centos7-multicore/default.; Running on olhswep22.cern.ch:/data/sftnight/workspace/root-pullrequests-build; [See cdash](http://cdash.cern.ch/index.php?project=ROOT&filtercount=1&field1=buildname/string&compare1=65&value1=PR-5427-ROOT-performance-centos7-multicore-default&date=2020-04-22).; [See console output](https://lcgapp-services.cern.ch/root-jenkins/job/root-pullrequests-build/77834/console).; ### Failing tests:; - [projectroot.roottest.root.io.filemerger.roottest_root_io_filemerger_make](https://lcgapp-services.cern.ch/root-jenkins/job/root-pullrequests-build/77834/testReport/projectroot.roottest.root.io/filemerger/roottest_root_io_filemerger_make/); - [projectroot.roottest.root.tree.fastcloning.roottest_root_tree_fastcloning_make](https://lcgapp-services.cern.ch/root-jenkins/job/root-pullrequests-build/77834/testReport/projectroot.roottest.root.tree/fastcloning/roottest_root_tree_fastcloning_make/),MatchSource.ISSUE_COMMENT,root-project,root,v6-32-06,https://github.com/root-project/root/pull/5427#issuecomment-617640556:446,test,tests,446,https://root.cern,https://github.com/root-project/root/pull/5427#issuecomment-617640556,3,['test'],"['testReport', 'tests']"
Testability,Build failed on ROOT-performance-centos7-multicore/default.; Running on olhswep22.cern.ch:/data/sftnight/workspace/root-pullrequests-build; [See cdash](http://cdash.cern.ch/index.php?project=ROOT&filtercount=1&field1=buildname/string&compare1=65&value1=PR-5429-ROOT-performance-centos7-multicore-default&date=2020-04-22).; [See console output](https://lcgapp-services.cern.ch/root-jenkins/job/root-pullrequests-build/77882/console).; ### Failing tests:; - [projectroot.runtutorials.tutorial_pyroot_staff_py](https://lcgapp-services.cern.ch/root-jenkins/job/root-pullrequests-build/77882/testReport/projectroot/runtutorials/tutorial_pyroot_staff_py/),MatchSource.ISSUE_COMMENT,root-project,root,v6-32-06,https://github.com/root-project/root/pull/5429#issuecomment-617715285:446,test,tests,446,https://root.cern,https://github.com/root-project/root/pull/5429#issuecomment-617715285,2,['test'],"['testReport', 'tests']"
Testability,Build failed on ROOT-performance-centos7-multicore/default.; Running on olhswep22.cern.ch:/data/sftnight/workspace/root-pullrequests-build; [See cdash](http://cdash.cern.ch/index.php?project=ROOT&filtercount=1&field1=buildname/string&compare1=65&value1=PR-5430-ROOT-performance-centos7-multicore-default&date=2020-04-22).; [See console output](https://lcgapp-services.cern.ch/root-jenkins/job/root-pullrequests-build/77890/console).; ### Failing tests:; - [projectroot.tree.dataframe.test.pyunittests_dataframe_histograms](https://lcgapp-services.cern.ch/root-jenkins/job/root-pullrequests-build/77890/testReport/projectroot.tree.dataframe/test/pyunittests_dataframe_histograms/); - [projectroot.tree.dataframe.test.pyunittests_dataframe_misc](https://lcgapp-services.cern.ch/root-jenkins/job/root-pullrequests-build/77890/testReport/projectroot.tree.dataframe/test/pyunittests_dataframe_misc/); - [projectroot.roottest.root.meta.method.roottest_root_meta_method_execTemplate_auto](https://lcgapp-services.cern.ch/root-jenkins/job/root-pullrequests-build/77890/testReport/projectroot.roottest.root.meta/method/roottest_root_meta_method_execTemplate_auto/); - [projectroot.roottest.root.meta.unit.roottest_root_meta_unit_unittests](https://lcgapp-services.cern.ch/root-jenkins/job/root-pullrequests-build/77890/testReport/projectroot.roottest.root.meta/unit/roottest_root_meta_unit_unittests/),MatchSource.ISSUE_COMMENT,root-project,root,v6-32-06,https://github.com/root-project/root/pull/5430#issuecomment-617747163:446,test,tests,446,https://root.cern,https://github.com/root-project/root/pull/5430#issuecomment-617747163,9,['test'],"['test', 'testReport', 'tests']"
Testability,Build failed on ROOT-performance-centos7-multicore/default.; Running on olhswep22.cern.ch:/data/sftnight/workspace/root-pullrequests-build; [See cdash](http://cdash.cern.ch/index.php?project=ROOT&filtercount=1&field1=buildname/string&compare1=65&value1=PR-5430-ROOT-performance-centos7-multicore-default&date=2020-05-20).; [See console output](https://lcgapp-services.cern.ch/root-jenkins/job/root-pullrequests-build/83023/console).; ### Failing tests:; - [projectroot.tree.dataframe.test.pyunittests_dataframe_histograms](https://lcgapp-services.cern.ch/root-jenkins/job/root-pullrequests-build/83023/testReport/projectroot.tree.dataframe/test/pyunittests_dataframe_histograms/); - [projectroot.tree.dataframe.test.pyunittests_dataframe_misc](https://lcgapp-services.cern.ch/root-jenkins/job/root-pullrequests-build/83023/testReport/projectroot.tree.dataframe/test/pyunittests_dataframe_misc/); - [projectroot.roottest.root.meta.method.roottest_root_meta_method_execTemplate_auto](https://lcgapp-services.cern.ch/root-jenkins/job/root-pullrequests-build/83023/testReport/projectroot.roottest.root.meta/method/roottest_root_meta_method_execTemplate_auto/); - [projectroot.roottest.root.meta.unit.roottest_root_meta_unit_unittests](https://lcgapp-services.cern.ch/root-jenkins/job/root-pullrequests-build/83023/testReport/projectroot.roottest.root.meta/unit/roottest_root_meta_unit_unittests/),MatchSource.ISSUE_COMMENT,root-project,root,v6-32-06,https://github.com/root-project/root/pull/5430#issuecomment-631528746:446,test,tests,446,https://root.cern,https://github.com/root-project/root/pull/5430#issuecomment-631528746,9,['test'],"['test', 'testReport', 'tests']"
Testability,Build failed on ROOT-performance-centos7-multicore/default.; Running on olhswep22.cern.ch:/data/sftnight/workspace/root-pullrequests-build; [See cdash](http://cdash.cern.ch/index.php?project=ROOT&filtercount=1&field1=buildname/string&compare1=65&value1=PR-5441-ROOT-performance-centos7-multicore-default&date=2020-04-23).; [See console output](https://lcgapp-services.cern.ch/root-jenkins/job/root-pullrequests-build/78091/console).; ### Failing tests:; - [projectroot.runtutorials.tutorial_tmva_TMVA_Higgs_Classification](https://lcgapp-services.cern.ch/root-jenkins/job/root-pullrequests-build/78091/testReport/projectroot/runtutorials/tutorial_tmva_TMVA_Higgs_Classification/); - [projectroot.runtutorials.tutorial_tmva_TMVA_CNN_Classification](https://lcgapp-services.cern.ch/root-jenkins/job/root-pullrequests-build/78091/testReport/projectroot/runtutorials/tutorial_tmva_TMVA_CNN_Classification/); - [projectroot.runtutorials.tutorial_tmva_TMVA_RNN_Classification](https://lcgapp-services.cern.ch/root-jenkins/job/root-pullrequests-build/78091/testReport/projectroot/runtutorials/tutorial_tmva_TMVA_RNN_Classification/),MatchSource.ISSUE_COMMENT,root-project,root,v6-32-06,https://github.com/root-project/root/pull/5441#issuecomment-618440439:446,test,tests,446,https://root.cern,https://github.com/root-project/root/pull/5441#issuecomment-618440439,4,['test'],"['testReport', 'tests']"
Testability,Build failed on ROOT-performance-centos7-multicore/default.; Running on olhswep22.cern.ch:/data/sftnight/workspace/root-pullrequests-build; [See cdash](http://cdash.cern.ch/index.php?project=ROOT&filtercount=1&field1=buildname/string&compare1=65&value1=PR-5441-ROOT-performance-centos7-multicore-default&date=2020-04-24).; [See console output](https://lcgapp-services.cern.ch/root-jenkins/job/root-pullrequests-build/78387/console).; ### Errors:; - [2020-04-24T11:00:51.426Z] 1087/2009 Test #846: tutorial-tmva-TMVA_RNN_Classification .............................................................***Failed Error regular expression found in output. Regex=[: error:] 1.58 sec . ### Failing tests:; - [projectroot.runtutorials.tutorial_tmva_TMVA_RNN_Classification](https://lcgapp-services.cern.ch/root-jenkins/job/root-pullrequests-build/78387/testReport/projectroot/runtutorials/tutorial_tmva_TMVA_RNN_Classification/),MatchSource.ISSUE_COMMENT,root-project,root,v6-32-06,https://github.com/root-project/root/pull/5441#issuecomment-618948584:486,Test,Test,486,https://root.cern,https://github.com/root-project/root/pull/5441#issuecomment-618948584,3,"['Test', 'test']","['Test', 'testReport', 'tests']"
Testability,Build failed on ROOT-performance-centos7-multicore/default.; Running on olhswep22.cern.ch:/data/sftnight/workspace/root-pullrequests-build; [See cdash](http://cdash.cern.ch/index.php?project=ROOT&filtercount=1&field1=buildname/string&compare1=65&value1=PR-5451-ROOT-performance-centos7-multicore-default&date=2020-04-27).; [See console output](https://lcgapp-services.cern.ch/root-jenkins/job/root-pullrequests-build/78791/console).; ### Failing tests:; - [projectroot.math.mathcore.test.mathcore_testBinnedFitExecPolicy](https://lcgapp-services.cern.ch/root-jenkins/job/root-pullrequests-build/78791/testReport/projectroot.math.mathcore/test/mathcore_testBinnedFitExecPolicy/),MatchSource.ISSUE_COMMENT,root-project,root,v6-32-06,https://github.com/root-project/root/pull/5451#issuecomment-619800102:446,test,tests,446,https://root.cern,https://github.com/root-project/root/pull/5451#issuecomment-619800102,4,['test'],"['test', 'testReport', 'tests']"
Testability,Build failed on ROOT-performance-centos7-multicore/default.; Running on olhswep22.cern.ch:/data/sftnight/workspace/root-pullrequests-build; [See cdash](http://cdash.cern.ch/index.php?project=ROOT&filtercount=1&field1=buildname/string&compare1=65&value1=PR-5466-ROOT-performance-centos7-multicore-default&date=2020-04-27).; [See console output](https://lcgapp-services.cern.ch/root-jenkins/job/root-pullrequests-build/78799/console).; ### Failing tests:; - [projectroot.runtutorials.tutorial_tmva_TMVA_CNN_Classification](https://lcgapp-services.cern.ch/root-jenkins/job/root-pullrequests-build/78799/testReport/projectroot/runtutorials/tutorial_tmva_TMVA_CNN_Classification/),MatchSource.ISSUE_COMMENT,root-project,root,v6-32-06,https://github.com/root-project/root/pull/5466#issuecomment-619845920:446,test,tests,446,https://root.cern,https://github.com/root-project/root/pull/5466#issuecomment-619845920,2,['test'],"['testReport', 'tests']"
Testability,Build failed on ROOT-performance-centos7-multicore/default.; Running on olhswep22.cern.ch:/data/sftnight/workspace/root-pullrequests-build; [See cdash](http://cdash.cern.ch/index.php?project=ROOT&filtercount=1&field1=buildname/string&compare1=65&value1=PR-5471-ROOT-performance-centos7-multicore-default&date=2020-04-27).; [See console output](https://lcgapp-services.cern.ch/root-jenkins/job/root-pullrequests-build/78911/console).; ### Failing tests:; - [projectroot.runtutorials.tutorial_tmva_TMVA_RNN_Classification](https://lcgapp-services.cern.ch/root-jenkins/job/root-pullrequests-build/78911/testReport/projectroot/runtutorials/tutorial_tmva_TMVA_RNN_Classification/),MatchSource.ISSUE_COMMENT,root-project,root,v6-32-06,https://github.com/root-project/root/pull/5471#issuecomment-620052748:446,test,tests,446,https://root.cern,https://github.com/root-project/root/pull/5471#issuecomment-620052748,2,['test'],"['testReport', 'tests']"
Testability,Build failed on ROOT-performance-centos7-multicore/default.; Running on olhswep22.cern.ch:/data/sftnight/workspace/root-pullrequests-build; [See cdash](http://cdash.cern.ch/index.php?project=ROOT&filtercount=1&field1=buildname/string&compare1=65&value1=PR-5477-ROOT-performance-centos7-multicore-default&date=2020-04-28).; [See console output](https://lcgapp-services.cern.ch/root-jenkins/job/root-pullrequests-build/79087/console).; ### Failing tests:; - [projectroot.test.test_stressroostats](https://lcgapp-services.cern.ch/root-jenkins/job/root-pullrequests-build/79087/testReport/projectroot/test/test_stressroostats/); - [projectroot.test.test_stressroostats_interpreted](https://lcgapp-services.cern.ch/root-jenkins/job/root-pullrequests-build/79087/testReport/projectroot/test/test_stressroostats_interpreted/); - [projectroot.roottest.root.roofitstats.vectorisedPDFs.gtesttest_root_roofitstats_vectorisedPDFs_testPoisson](https://lcgapp-services.cern.ch/root-jenkins/job/root-pullrequests-build/79087/testReport/projectroot.roottest.root.roofitstats/vectorisedPDFs/gtesttest_root_roofitstats_vectorisedPDFs_testPoisson/); - [projectroot.roottest.root.roofitstats.vectorisedPDFs.gtesttest_root_roofitstats_vectorisedPDFs_testAddPdf](https://lcgapp-services.cern.ch/root-jenkins/job/root-pullrequests-build/79087/testReport/projectroot.roottest.root.roofitstats/vectorisedPDFs/gtesttest_root_roofitstats_vectorisedPDFs_testAddPdf/),MatchSource.ISSUE_COMMENT,root-project,root,v6-32-06,https://github.com/root-project/root/pull/5477#issuecomment-620525574:446,test,tests,446,https://root.cern,https://github.com/root-project/root/pull/5477#issuecomment-620525574,9,['test'],"['test', 'testReport', 'tests']"
Testability,Build failed on ROOT-performance-centos7-multicore/default.; Running on olhswep22.cern.ch:/data/sftnight/workspace/root-pullrequests-build; [See cdash](http://cdash.cern.ch/index.php?project=ROOT&filtercount=1&field1=buildname/string&compare1=65&value1=PR-5486-ROOT-performance-centos7-multicore-default&date=2020-04-29).; [See console output](https://lcgapp-services.cern.ch/root-jenkins/job/root-pullrequests-build/79239/console).; ### Failing tests:; - [projectroot.roottest.root.io.withoutDictionaries.roottest_root_io_withoutDictionaries_CheckMissingDictionaries](https://lcgapp-services.cern.ch/root-jenkins/job/root-pullrequests-build/79239/testReport/projectroot.roottest.root.io/withoutDictionaries/roottest_root_io_withoutDictionaries_CheckMissingDictionaries/); - [projectroot.roottest.root.meta.roottest_root_meta_runtemplateAutoload_auto](https://lcgapp-services.cern.ch/root-jenkins/job/root-pullrequests-build/79239/testReport/projectroot.roottest.root/meta/roottest_root_meta_runtemplateAutoload_auto/); - [projectroot.roottest.root.meta.roottest_root_meta_runtemplateAutoloadInclude_auto](https://lcgapp-services.cern.ch/root-jenkins/job/root-pullrequests-build/79239/testReport/projectroot.roottest.root/meta/roottest_root_meta_runtemplateAutoloadInclude_auto/); - [projectroot.roottest.root.meta.autoloading.headerParsingOnDemand.roottest_root_meta_autoloading_headerParsingOnDemand_runscopedEnums](https://lcgapp-services.cern.ch/root-jenkins/job/root-pullrequests-build/79239/testReport/projectroot.roottest.root.meta.autoloading/headerParsingOnDemand/roottest_root_meta_autoloading_headerParsingOnDemand_runscopedEnums/); - [projectroot.roottest.root.meta.autoloading.headerParsingOnDemand.roottest_root_meta_autoloading_headerParsingOnDemand_runFullheaderParsingOnDemand](https://lcgapp-services.cern.ch/root-jenkins/job/root-pullrequests-build/79239/testReport/projectroot.roottest.root.meta.autoloading/headerParsingOnDemand/roottest_root_meta_autoloading_headerParsingOnDeman,MatchSource.ISSUE_COMMENT,root-project,root,v6-32-06,https://github.com/root-project/root/pull/5486#issuecomment-620925344:446,test,tests,446,https://root.cern,https://github.com/root-project/root/pull/5486#issuecomment-620925344,3,['test'],"['testReport', 'tests']"
Testability,Build failed on ROOT-performance-centos7-multicore/default.; Running on olhswep22.cern.ch:/data/sftnight/workspace/root-pullrequests-build; [See cdash](http://cdash.cern.ch/index.php?project=ROOT&filtercount=1&field1=buildname/string&compare1=65&value1=PR-5486-ROOT-performance-centos7-multicore-default&date=2020-05-05).; [See console output](https://lcgapp-services.cern.ch/root-jenkins/job/root-pullrequests-build/80381/console).; ### Failing tests:; - [projectroot.roottest.root.meta.autoloading.headerParsingOnDemand.roottest_root_meta_autoloading_headerParsingOnDemand_runscopedEnums](https://lcgapp-services.cern.ch/root-jenkins/job/root-pullrequests-build/80381/testReport/projectroot.roottest.root.meta.autoloading/headerParsingOnDemand/roottest_root_meta_autoloading_headerParsingOnDemand_runscopedEnums/),MatchSource.ISSUE_COMMENT,root-project,root,v6-32-06,https://github.com/root-project/root/pull/5486#issuecomment-623780843:446,test,tests,446,https://root.cern,https://github.com/root-project/root/pull/5486#issuecomment-623780843,2,['test'],"['testReport', 'tests']"
Testability,Build failed on ROOT-performance-centos7-multicore/default.; Running on olhswep22.cern.ch:/data/sftnight/workspace/root-pullrequests-build; [See cdash](http://cdash.cern.ch/index.php?project=ROOT&filtercount=1&field1=buildname/string&compare1=65&value1=PR-5486-ROOT-performance-centos7-multicore-default&date=2020-05-08).; [See console output](https://lcgapp-services.cern.ch/root-jenkins/job/root-pullrequests-build/81393/console).; ### Failing tests:; - [projectroot.runtutorials.tutorial_legacy_thread_threadsh1](https://lcgapp-services.cern.ch/root-jenkins/job/root-pullrequests-build/81393/testReport/projectroot/runtutorials/tutorial_legacy_thread_threadsh1/),MatchSource.ISSUE_COMMENT,root-project,root,v6-32-06,https://github.com/root-project/root/pull/5486#issuecomment-625966205:446,test,tests,446,https://root.cern,https://github.com/root-project/root/pull/5486#issuecomment-625966205,2,['test'],"['testReport', 'tests']"
Testability,Build failed on ROOT-performance-centos7-multicore/default.; Running on olhswep22.cern.ch:/data/sftnight/workspace/root-pullrequests-build; [See cdash](http://cdash.cern.ch/index.php?project=ROOT&filtercount=1&field1=buildname/string&compare1=65&value1=PR-5502-ROOT-performance-centos7-multicore-default&date=2020-05-04).; [See console output](https://lcgapp-services.cern.ch/root-jenkins/job/root-pullrequests-build/80140/console).; ### Failing tests:; - [projectroot.runtutorials.tutorial_legacy_thread_threadsh1](https://lcgapp-services.cern.ch/root-jenkins/job/root-pullrequests-build/80140/testReport/projectroot/runtutorials/tutorial_legacy_thread_threadsh1/),MatchSource.ISSUE_COMMENT,root-project,root,v6-32-06,https://github.com/root-project/root/pull/5502#issuecomment-623425170:446,test,tests,446,https://root.cern,https://github.com/root-project/root/pull/5502#issuecomment-623425170,2,['test'],"['testReport', 'tests']"
Testability,Build failed on ROOT-performance-centos7-multicore/default.; Running on olhswep22.cern.ch:/data/sftnight/workspace/root-pullrequests-build; [See cdash](http://cdash.cern.ch/index.php?project=ROOT&filtercount=1&field1=buildname/string&compare1=65&value1=PR-5507-ROOT-performance-centos7-multicore-default&date=2020-05-04).; [See console output](https://lcgapp-services.cern.ch/root-jenkins/job/root-pullrequests-build/80083/console).; ### Failing tests:; - [projectroot.roottest.python.basic.roottest_python_basic_datatype](https://lcgapp-services.cern.ch/root-jenkins/job/root-pullrequests-build/80083/testReport/projectroot.roottest.python/basic/roottest_python_basic_datatype/),MatchSource.ISSUE_COMMENT,root-project,root,v6-32-06,https://github.com/root-project/root/pull/5507#issuecomment-623383550:446,test,tests,446,https://root.cern,https://github.com/root-project/root/pull/5507#issuecomment-623383550,2,['test'],"['testReport', 'tests']"
Testability,Build failed on ROOT-performance-centos7-multicore/default.; Running on olhswep22.cern.ch:/data/sftnight/workspace/root-pullrequests-build; [See cdash](http://cdash.cern.ch/index.php?project=ROOT&filtercount=1&field1=buildname/string&compare1=65&value1=PR-5507-ROOT-performance-centos7-multicore-default&date=2020-05-04).; [See console output](https://lcgapp-services.cern.ch/root-jenkins/job/root-pullrequests-build/80116/console).; ### Failing tests:; - [projectroot.roottest.python.basic.roottest_python_basic_datatype](https://lcgapp-services.cern.ch/root-jenkins/job/root-pullrequests-build/80116/testReport/projectroot.roottest.python/basic/roottest_python_basic_datatype/),MatchSource.ISSUE_COMMENT,root-project,root,v6-32-06,https://github.com/root-project/root/pull/5507#issuecomment-623417108:446,test,tests,446,https://root.cern,https://github.com/root-project/root/pull/5507#issuecomment-623417108,2,['test'],"['testReport', 'tests']"
Testability,Build failed on ROOT-performance-centos7-multicore/default.; Running on olhswep22.cern.ch:/data/sftnight/workspace/root-pullrequests-build; [See cdash](http://cdash.cern.ch/index.php?project=ROOT&filtercount=1&field1=buildname/string&compare1=65&value1=PR-5509-ROOT-performance-centos7-multicore-default&date=2020-04-30).; [See console output](https://lcgapp-services.cern.ch/root-jenkins/job/root-pullrequests-build/79569/console).; ### Failing tests:; - [projectroot.math.mathcore.test.mathcore_testBinnedFitExecPolicy](https://lcgapp-services.cern.ch/root-jenkins/job/root-pullrequests-build/79569/testReport/projectroot.math.mathcore/test/mathcore_testBinnedFitExecPolicy/),MatchSource.ISSUE_COMMENT,root-project,root,v6-32-06,https://github.com/root-project/root/pull/5509#issuecomment-621727563:446,test,tests,446,https://root.cern,https://github.com/root-project/root/pull/5509#issuecomment-621727563,4,['test'],"['test', 'testReport', 'tests']"
Testability,Build failed on ROOT-performance-centos7-multicore/default.; Running on olhswep22.cern.ch:/data/sftnight/workspace/root-pullrequests-build; [See cdash](http://cdash.cern.ch/index.php?project=ROOT&filtercount=1&field1=buildname/string&compare1=65&value1=PR-5514-ROOT-performance-centos7-multicore-default&date=2020-04-30).; [See console output](https://lcgapp-services.cern.ch/root-jenkins/job/root-pullrequests-build/79667/console).; ### Errors:; - [2020-04-30T12:24:45.590Z] 972/2016 Test #719: tutorial-roofit-rf404_categories ..................................................................***Failed Error regular expression found in output. Regex=[: error:] 1.01 sec ; - [2020-04-30T12:24:45.848Z] 974/2016 Test #716: tutorial-roofit-rf401_importttreethx ..............................................................***Failed Error regular expression found in output. Regex=[: error:] 1.37 sec ; - [2020-04-30T12:24:46.106Z] 980/2016 Test #723: tutorial-roofit-rf501_simultaneouspdf .............................................................***Failed Error regular expression found in output. Regex=[: error:] 1.23 sec ; - [2020-04-30T12:24:46.877Z] 992/2016 Test #736: tutorial-roofit-rf514_RooCustomizer ...............................................................***Failed Error regular expression found in output. Regex=[: error:] 1.07 sec ; - [2020-04-30T12:24:47.698Z] 1003/2016 Test #748: tutorial-roofit-rf701_efficiencyfit ...............................................................***Failed Error regular expression found in output. Regex=[: error:] 1.12 sec ; - [2020-04-30T12:24:47.698Z] 1005/2016 Test #749: tutorial-roofit-rf702_efficiencyfit_2D ............................................................***Failed Error regular expression found in output. Regex=[: error:] 1.19 sec . ### Failing tests:; - [projectroot.runtutorials.tutorial_roofit_rf404_categories](https://lcgapp-services.cern.ch/root-jenkins/job/root-pullrequests-build/79667/testReport/projectroot/,MatchSource.ISSUE_COMMENT,root-project,root,v6-32-06,https://github.com/root-project/root/pull/5514#issuecomment-621805012:485,Test,Test,485,https://root.cern,https://github.com/root-project/root/pull/5514#issuecomment-621805012,3,['Test'],['Test']
Testability,Build failed on ROOT-performance-centos7-multicore/default.; Running on olhswep22.cern.ch:/data/sftnight/workspace/root-pullrequests-build; [See cdash](http://cdash.cern.ch/index.php?project=ROOT&filtercount=1&field1=buildname/string&compare1=65&value1=PR-5522-ROOT-performance-centos7-multicore-default&date=2020-05-02).; [See console output](https://lcgapp-services.cern.ch/root-jenkins/job/root-pullrequests-build/79859/console).; ### Failing tests:; - [projectroot.math.mathcore.test.gtest_math_mathcore_test_GradientFittingUnit](https://lcgapp-services.cern.ch/root-jenkins/job/root-pullrequests-build/79859/testReport/projectroot.math.mathcore/test/gtest_math_mathcore_test_GradientFittingUnit/),MatchSource.ISSUE_COMMENT,root-project,root,v6-32-06,https://github.com/root-project/root/pull/5522#issuecomment-622778625:446,test,tests,446,https://root.cern,https://github.com/root-project/root/pull/5522#issuecomment-622778625,4,['test'],"['test', 'testReport', 'tests']"
Testability,Build failed on ROOT-performance-centos7-multicore/default.; Running on olhswep22.cern.ch:/data/sftnight/workspace/root-pullrequests-build; [See cdash](http://cdash.cern.ch/index.php?project=ROOT&filtercount=1&field1=buildname/string&compare1=65&value1=PR-5529-ROOT-performance-centos7-multicore-default&date=2020-05-04).; [See console output](https://lcgapp-services.cern.ch/root-jenkins/job/root-pullrequests-build/80051/console).; ### Failing tests:; - [projectroot.tree.treeplayer.test.gtest_tree_treeplayer_test_treeprocessormt](https://lcgapp-services.cern.ch/root-jenkins/job/root-pullrequests-build/80051/testReport/projectroot.tree.treeplayer/test/gtest_tree_treeplayer_test_treeprocessormt/),MatchSource.ISSUE_COMMENT,root-project,root,v6-32-06,https://github.com/root-project/root/pull/5529#issuecomment-623349019:446,test,tests,446,https://root.cern,https://github.com/root-project/root/pull/5529#issuecomment-623349019,4,['test'],"['test', 'testReport', 'tests']"
Testability,Build failed on ROOT-performance-centos7-multicore/default.; Running on olhswep22.cern.ch:/data/sftnight/workspace/root-pullrequests-build; [See cdash](http://cdash.cern.ch/index.php?project=ROOT&filtercount=1&field1=buildname/string&compare1=65&value1=PR-5544-ROOT-performance-centos7-multicore-default&date=2020-05-05).; [See console output](https://lcgapp-services.cern.ch/root-jenkins/job/root-pullrequests-build/80549/console).; ### Failing tests:; - [projectroot.tree.dataframe.test.gtest_tree_dataframe_test_datasource_sqlite](https://lcgapp-services.cern.ch/root-jenkins/job/root-pullrequests-build/80549/testReport/projectroot.tree.dataframe/test/gtest_tree_dataframe_test_datasource_sqlite/); - [projectroot.bindings.pyroot_experimental.pythonizations.test.pyunittests_pyroot_pyz_rdataframe_makenumpy](https://lcgapp-services.cern.ch/root-jenkins/job/root-pullrequests-build/80549/testReport/projectroot.bindings.pyroot_experimental.pythonizations/test/pyunittests_pyroot_pyz_rdataframe_makenumpy/); - [projectroot.tree.dataframe.test.gtest_tree_dataframe_test_dataframe_cache](https://lcgapp-services.cern.ch/root-jenkins/job/root-pullrequests-build/80549/testReport/projectroot.tree.dataframe/test/gtest_tree_dataframe_test_dataframe_cache/); - [projectroot.roottest.root.dataframe.roottest_root_dataframe_test_callables](https://lcgapp-services.cern.ch/root-jenkins/job/root-pullrequests-build/80549/testReport/projectroot.roottest.root/dataframe/roottest_root_dataframe_test_callables/),MatchSource.ISSUE_COMMENT,root-project,root,v6-32-06,https://github.com/root-project/root/pull/5544#issuecomment-624140504:446,test,tests,446,https://root.cern,https://github.com/root-project/root/pull/5544#issuecomment-624140504,11,['test'],"['test', 'testReport', 'tests']"
Testability,Build failed on ROOT-performance-centos7-multicore/default.; Running on olhswep22.cern.ch:/data/sftnight/workspace/root-pullrequests-build; [See cdash](http://cdash.cern.ch/index.php?project=ROOT&filtercount=1&field1=buildname/string&compare1=65&value1=PR-5547-ROOT-performance-centos7-multicore-default&date=2020-05-06).; [See console output](https://lcgapp-services.cern.ch/root-jenkins/job/root-pullrequests-build/80781/console).; ### Errors:; - [2020-05-06T15:04:36.123Z] 635/2022 Test #370: tutorial-dataframe-df103_NanoAODHiggsAnalysis .....................................................***Failed Error regular expression found in output. Regex=[: error:] 3.59 sec . ### Failing tests:; - [projectroot.runtutorials.tutorial_dataframe_df103_NanoAODHiggsAnalysis](https://lcgapp-services.cern.ch/root-jenkins/job/root-pullrequests-build/80781/testReport/projectroot/runtutorials/tutorial_dataframe_df103_NanoAODHiggsAnalysis/),MatchSource.ISSUE_COMMENT,root-project,root,v6-32-06,https://github.com/root-project/root/pull/5547#issuecomment-624709747:485,Test,Test,485,https://root.cern,https://github.com/root-project/root/pull/5547#issuecomment-624709747,3,"['Test', 'test']","['Test', 'testReport', 'tests']"
Testability,Build failed on ROOT-performance-centos7-multicore/default.; Running on olhswep22.cern.ch:/data/sftnight/workspace/root-pullrequests-build; [See cdash](http://cdash.cern.ch/index.php?project=ROOT&filtercount=1&field1=buildname/string&compare1=65&value1=PR-5553-ROOT-performance-centos7-multicore-default&date=2020-05-06).; [See console output](https://lcgapp-services.cern.ch/root-jenkins/job/root-pullrequests-build/80701/console).; ### Failing tests:; - [projectroot.runtutorials.tutorial_tmva_TMVAMulticlass](https://lcgapp-services.cern.ch/root-jenkins/job/root-pullrequests-build/80701/testReport/projectroot/runtutorials/tutorial_tmva_TMVAMulticlass/),MatchSource.ISSUE_COMMENT,root-project,root,v6-32-06,https://github.com/root-project/root/pull/5553#issuecomment-624577680:446,test,tests,446,https://root.cern,https://github.com/root-project/root/pull/5553#issuecomment-624577680,2,['test'],"['testReport', 'tests']"
Testability,Build failed on ROOT-performance-centos7-multicore/default.; Running on olhswep22.cern.ch:/data/sftnight/workspace/root-pullrequests-build; [See cdash](http://cdash.cern.ch/index.php?project=ROOT&filtercount=1&field1=buildname/string&compare1=65&value1=PR-5553-ROOT-performance-centos7-multicore-default&date=2020-05-06).; [See console output](https://lcgapp-services.cern.ch/root-jenkins/job/root-pullrequests-build/80733/console).; ### Failing tests:; - [projectroot.runtutorials.tutorial_tmva_TMVAMulticlassApplication](https://lcgapp-services.cern.ch/root-jenkins/job/root-pullrequests-build/80733/testReport/projectroot/runtutorials/tutorial_tmva_TMVAMulticlassApplication/),MatchSource.ISSUE_COMMENT,root-project,root,v6-32-06,https://github.com/root-project/root/pull/5553#issuecomment-624625827:446,test,tests,446,https://root.cern,https://github.com/root-project/root/pull/5553#issuecomment-624625827,2,['test'],"['testReport', 'tests']"
Testability,Build failed on ROOT-performance-centos7-multicore/default.; Running on olhswep22.cern.ch:/data/sftnight/workspace/root-pullrequests-build; [See cdash](http://cdash.cern.ch/index.php?project=ROOT&filtercount=1&field1=buildname/string&compare1=65&value1=PR-5553-ROOT-performance-centos7-multicore-default&date=2020-05-07).; [See console output](https://lcgapp-services.cern.ch/root-jenkins/job/root-pullrequests-build/80879/console).; ### Failing tests:; - [projectroot.runtutorials.tutorial_tmva_TMVAMulticlassApplication](https://lcgapp-services.cern.ch/root-jenkins/job/root-pullrequests-build/80879/testReport/projectroot/runtutorials/tutorial_tmva_TMVAMulticlassApplication/),MatchSource.ISSUE_COMMENT,root-project,root,v6-32-06,https://github.com/root-project/root/pull/5553#issuecomment-625123799:446,test,tests,446,https://root.cern,https://github.com/root-project/root/pull/5553#issuecomment-625123799,2,['test'],"['testReport', 'tests']"
Testability,Build failed on ROOT-performance-centos7-multicore/default.; Running on olhswep22.cern.ch:/data/sftnight/workspace/root-pullrequests-build; [See cdash](http://cdash.cern.ch/index.php?project=ROOT&filtercount=1&field1=buildname/string&compare1=65&value1=PR-5553-ROOT-performance-centos7-multicore-default&date=2020-05-08).; [See console output](https://lcgapp-services.cern.ch/root-jenkins/job/root-pullrequests-build/81240/console).; ### Failing tests:; - [projectroot.runtutorials.tutorial_tmva_TMVAMulticlass](https://lcgapp-services.cern.ch/root-jenkins/job/root-pullrequests-build/81240/testReport/projectroot/runtutorials/tutorial_tmva_TMVAMulticlass/); - [projectroot.runtutorials.tutorial_tmva_TMVAMulticlassApplication](https://lcgapp-services.cern.ch/root-jenkins/job/root-pullrequests-build/81240/testReport/projectroot/runtutorials/tutorial_tmva_TMVAMulticlassApplication/),MatchSource.ISSUE_COMMENT,root-project,root,v6-32-06,https://github.com/root-project/root/pull/5553#issuecomment-625724581:446,test,tests,446,https://root.cern,https://github.com/root-project/root/pull/5553#issuecomment-625724581,3,['test'],"['testReport', 'tests']"
Testability,Build failed on ROOT-performance-centos7-multicore/default.; Running on olhswep22.cern.ch:/data/sftnight/workspace/root-pullrequests-build; [See cdash](http://cdash.cern.ch/index.php?project=ROOT&filtercount=1&field1=buildname/string&compare1=65&value1=PR-5556-ROOT-performance-centos7-multicore-default&date=2020-05-06).; [See console output](https://lcgapp-services.cern.ch/root-jenkins/job/root-pullrequests-build/80725/console).; ### Errors:; - [2020-05-06T11:36:29.817Z] 652/2022 Test #370: tutorial-dataframe-df103_NanoAODHiggsAnalysis .....................................................***Failed Error regular expression found in output. Regex=[: error:] 4.94 sec . ### Failing tests:; - [projectroot.runtutorials.tutorial_dataframe_df103_NanoAODHiggsAnalysis](https://lcgapp-services.cern.ch/root-jenkins/job/root-pullrequests-build/80725/testReport/projectroot/runtutorials/tutorial_dataframe_df103_NanoAODHiggsAnalysis/),MatchSource.ISSUE_COMMENT,root-project,root,v6-32-06,https://github.com/root-project/root/pull/5556#issuecomment-624601738:485,Test,Test,485,https://root.cern,https://github.com/root-project/root/pull/5556#issuecomment-624601738,3,"['Test', 'test']","['Test', 'testReport', 'tests']"
Testability,Build failed on ROOT-performance-centos7-multicore/default.; Running on olhswep22.cern.ch:/data/sftnight/workspace/root-pullrequests-build; [See cdash](http://cdash.cern.ch/index.php?project=ROOT&filtercount=1&field1=buildname/string&compare1=65&value1=PR-5559-ROOT-performance-centos7-multicore-default&date=2020-05-06).; [See console output](https://lcgapp-services.cern.ch/root-jenkins/job/root-pullrequests-build/80757/console).; ### Errors:; - [2020-05-06T14:07:01.995Z] 646/2022 Test #370: tutorial-dataframe-df103_NanoAODHiggsAnalysis .....................................................***Failed Error regular expression found in output. Regex=[: error:] 4.48 sec . ### Failing tests:; - [projectroot.runtutorials.tutorial_dataframe_df103_NanoAODHiggsAnalysis](https://lcgapp-services.cern.ch/root-jenkins/job/root-pullrequests-build/80757/testReport/projectroot/runtutorials/tutorial_dataframe_df103_NanoAODHiggsAnalysis/),MatchSource.ISSUE_COMMENT,root-project,root,v6-32-06,https://github.com/root-project/root/pull/5559#issuecomment-624676028:485,Test,Test,485,https://root.cern,https://github.com/root-project/root/pull/5559#issuecomment-624676028,3,"['Test', 'test']","['Test', 'testReport', 'tests']"
Testability,Build failed on ROOT-performance-centos7-multicore/default.; Running on olhswep22.cern.ch:/data/sftnight/workspace/root-pullrequests-build; [See cdash](http://cdash.cern.ch/index.php?project=ROOT&filtercount=1&field1=buildname/string&compare1=65&value1=PR-5560-ROOT-performance-centos7-multicore-default&date=2020-05-06).; [See console output](https://lcgapp-services.cern.ch/root-jenkins/job/root-pullrequests-build/80773/console).; ### Errors:; - [2020-05-06T14:45:23.663Z] 646/2022 Test #370: tutorial-dataframe-df103_NanoAODHiggsAnalysis .....................................................***Failed Error regular expression found in output. Regex=[: error:] 4.20 sec . ### Failing tests:; - [projectroot.runtutorials.tutorial_dataframe_df103_NanoAODHiggsAnalysis](https://lcgapp-services.cern.ch/root-jenkins/job/root-pullrequests-build/80773/testReport/projectroot/runtutorials/tutorial_dataframe_df103_NanoAODHiggsAnalysis/),MatchSource.ISSUE_COMMENT,root-project,root,v6-32-06,https://github.com/root-project/root/pull/5560#issuecomment-624698147:485,Test,Test,485,https://root.cern,https://github.com/root-project/root/pull/5560#issuecomment-624698147,3,"['Test', 'test']","['Test', 'testReport', 'tests']"
Testability,Build failed on ROOT-performance-centos7-multicore/default.; Running on olhswep22.cern.ch:/data/sftnight/workspace/root-pullrequests-build; [See cdash](http://cdash.cern.ch/index.php?project=ROOT&filtercount=1&field1=buildname/string&compare1=65&value1=PR-5562-ROOT-performance-centos7-multicore-default&date=2020-05-06).; [See console output](https://lcgapp-services.cern.ch/root-jenkins/job/root-pullrequests-build/80830/console).; ### Errors:; - [2020-05-06T18:30:23.126Z] 530/1917 Test #280: tutorial-dataframe-df002_dataModel ................................................................***Failed Error regular expression found in output. Regex=[: error:] 2.16 sec ; - [2020-05-06T18:30:26.391Z] 541/1917 Test #295: tutorial-dataframe-df017_vecOpsHEP ................................................................***Failed Error regular expression found in output. Regex=[: error:] 3.48 sec ; - [2020-05-06T18:31:20.232Z] 1084/1917 Test #790: tutorial-tmva-tmva103_Application .................................................................***Failed Error regular expression found in output. Regex=[: error:] 10.97 sec . ### Failing tests:; - [projectroot.tree.dataframe.test.gtest_tree_dataframe_test_dataframe_vecops](https://lcgapp-services.cern.ch/root-jenkins/job/root-pullrequests-build/80830/testReport/projectroot.tree.dataframe/test/gtest_tree_dataframe_test_dataframe_vecops/); - [projectroot.runtutorials.tutorial_dataframe_df002_dataModel](https://lcgapp-services.cern.ch/root-jenkins/job/root-pullrequests-build/80830/testReport/projectroot/runtutorials/tutorial_dataframe_df002_dataModel/); - [projectroot.runtutorials.tutorial_dataframe_df017_vecOpsHEP](https://lcgapp-services.cern.ch/root-jenkins/job/root-pullrequests-build/80830/testReport/projectroot/runtutorials/tutorial_dataframe_df017_vecOpsHEP/); - [projectroot.tree.dataframe.test.gtest_tree_dataframe_test_dataframe_simple](https://lcgapp-services.cern.ch/root-jenkins/job/root-pullrequests-build/80830/testRepor,MatchSource.ISSUE_COMMENT,root-project,root,v6-32-06,https://github.com/root-project/root/pull/5562#issuecomment-624819514:485,Test,Test,485,https://root.cern,https://github.com/root-project/root/pull/5562#issuecomment-624819514,3,['Test'],['Test']
Testability,Build failed on ROOT-performance-centos7-multicore/default.; Running on olhswep22.cern.ch:/data/sftnight/workspace/root-pullrequests-build; [See cdash](http://cdash.cern.ch/index.php?project=ROOT&filtercount=1&field1=buildname/string&compare1=65&value1=PR-5568-ROOT-performance-centos7-multicore-default&date=2020-05-07).; [See console output](https://lcgapp-services.cern.ch/root-jenkins/job/root-pullrequests-build/81031/console).; ### Failing tests:; - [projectroot.roottest.root.aclic.load.roottest_root_aclic_load_reload](https://lcgapp-services.cern.ch/root-jenkins/job/root-pullrequests-build/81031/testReport/projectroot.roottest.root.aclic/load/roottest_root_aclic_load_reload/),MatchSource.ISSUE_COMMENT,root-project,root,v6-32-06,https://github.com/root-project/root/pull/5568#issuecomment-625354800:446,test,tests,446,https://root.cern,https://github.com/root-project/root/pull/5568#issuecomment-625354800,2,['test'],"['testReport', 'tests']"
Testability,Build failed on ROOT-performance-centos7-multicore/default.; Running on olhswep22.cern.ch:/data/sftnight/workspace/root-pullrequests-build; [See cdash](http://cdash.cern.ch/index.php?project=ROOT&filtercount=1&field1=buildname/string&compare1=65&value1=PR-5572-ROOT-performance-centos7-multicore-default&date=2020-05-07).; [See console output](https://lcgapp-services.cern.ch/root-jenkins/job/root-pullrequests-build/80975/console).; ### Failing tests:; - [projectroot.roottest.root.io.stdarray.roottest_root_io_stdarray_aclic01](https://lcgapp-services.cern.ch/root-jenkins/job/root-pullrequests-build/80975/testReport/projectroot.roottest.root.io/stdarray/roottest_root_io_stdarray_aclic01/),MatchSource.ISSUE_COMMENT,root-project,root,v6-32-06,https://github.com/root-project/root/pull/5572#issuecomment-625270465:446,test,tests,446,https://root.cern,https://github.com/root-project/root/pull/5572#issuecomment-625270465,2,['test'],"['testReport', 'tests']"
Testability,Build failed on ROOT-performance-centos7-multicore/default.; Running on olhswep22.cern.ch:/data/sftnight/workspace/root-pullrequests-build; [See cdash](http://cdash.cern.ch/index.php?project=ROOT&filtercount=1&field1=buildname/string&compare1=65&value1=PR-5578-ROOT-performance-centos7-multicore-default&date=2020-05-07).; [See console output](https://lcgapp-services.cern.ch/root-jenkins/job/root-pullrequests-build/81055/console).; ### Failing tests:; - [projectroot.core.thread.test.gtest_core_thread_test_testTThreadedObject](https://lcgapp-services.cern.ch/root-jenkins/job/root-pullrequests-build/81055/testReport/projectroot.core.thread/test/gtest_core_thread_test_testTThreadedObject/),MatchSource.ISSUE_COMMENT,root-project,root,v6-32-06,https://github.com/root-project/root/pull/5578#issuecomment-625392772:446,test,tests,446,https://root.cern,https://github.com/root-project/root/pull/5578#issuecomment-625392772,4,['test'],"['test', 'testReport', 'tests']"
Testability,Build failed on ROOT-performance-centos7-multicore/default.; Running on olhswep22.cern.ch:/data/sftnight/workspace/root-pullrequests-build; [See cdash](http://cdash.cern.ch/index.php?project=ROOT&filtercount=1&field1=buildname/string&compare1=65&value1=PR-5582-ROOT-performance-centos7-multicore-default&date=2020-05-08).; [See console output](https://lcgapp-services.cern.ch/root-jenkins/job/root-pullrequests-build/81353/console).; ### Failing tests:; - [projectroot.math.mathcore.test.gtest_math_mathcore_test_GradientUnit](https://lcgapp-services.cern.ch/root-jenkins/job/root-pullrequests-build/81353/testReport/projectroot.math.mathcore/test/gtest_math_mathcore_test_GradientUnit/); - [projectroot.math.mathcore.test.gtest_math_mathcore_test_GradientFittingUnit](https://lcgapp-services.cern.ch/root-jenkins/job/root-pullrequests-build/81353/testReport/projectroot.math.mathcore/test/gtest_math_mathcore_test_GradientFittingUnit/); - [projectroot.roottest.root.multicore.roottest_root_multicore_poolManager_build](https://lcgapp-services.cern.ch/root-jenkins/job/root-pullrequests-build/81353/testReport/projectroot.roottest.root/multicore/roottest_root_multicore_poolManager_build/); - [projectroot.roottest.root.multicore.roottest_root_multicore_poolManager](https://lcgapp-services.cern.ch/root-jenkins/job/root-pullrequests-build/81353/testReport/projectroot.roottest.root/multicore/roottest_root_multicore_poolManager/); - [projectroot.tree.dataframe.test.gtest_tree_dataframe_test_dataframe_regression](https://lcgapp-services.cern.ch/root-jenkins/job/root-pullrequests-build/81353/testReport/projectroot.tree.dataframe/test/gtest_tree_dataframe_test_dataframe_regression/); - [projectroot.tree.dataframe.test.gtest_tree_dataframe_test_dataframe_snapshot](https://lcgapp-services.cern.ch/root-jenkins/job/root-pullrequests-build/81353/testReport/projectroot.tree.dataframe/test/gtest_tree_dataframe_test_dataframe_snapshot/); - [projectroot.tree.dataframe.test.gtest_tree_dataframe_test_da,MatchSource.ISSUE_COMMENT,root-project,root,v6-32-06,https://github.com/root-project/root/pull/5582#issuecomment-625877443:446,test,tests,446,https://root.cern,https://github.com/root-project/root/pull/5582#issuecomment-625877443,7,['test'],"['test', 'testReport', 'tests']"
Testability,Build failed on ROOT-performance-centos7-multicore/default.; Running on olhswep22.cern.ch:/data/sftnight/workspace/root-pullrequests-build; [See cdash](http://cdash.cern.ch/index.php?project=ROOT&filtercount=1&field1=buildname/string&compare1=65&value1=PR-5582-ROOT-performance-centos7-multicore-default&date=2020-06-03).; [See console output](https://lcgapp-services.cern.ch/root-jenkins/job/root-pullrequests-build/84858/console).; ### Failing tests:; - [projectroot.roottest.root.multicore.roottest_root_multicore_poolManager_build](https://lcgapp-services.cern.ch/root-jenkins/job/root-pullrequests-build/84858/testReport/projectroot.roottest.root/multicore/roottest_root_multicore_poolManager_build/); - [projectroot.tree.treeplayer.test.gtest_tree_treeplayer_test_treeprocessormt](https://lcgapp-services.cern.ch/root-jenkins/job/root-pullrequests-build/84858/testReport/projectroot.tree.treeplayer/test/gtest_tree_treeplayer_test_treeprocessormt/); - [projectroot.roottest.root.multicore.roottest_root_multicore_poolManager](https://lcgapp-services.cern.ch/root-jenkins/job/root-pullrequests-build/84858/testReport/projectroot.roottest.root/multicore/roottest_root_multicore_poolManager/),MatchSource.ISSUE_COMMENT,root-project,root,v6-32-06,https://github.com/root-project/root/pull/5582#issuecomment-638211087:446,test,tests,446,https://root.cern,https://github.com/root-project/root/pull/5582#issuecomment-638211087,6,['test'],"['test', 'testReport', 'tests']"
Testability,Build failed on ROOT-performance-centos7-multicore/default.; Running on olhswep22.cern.ch:/data/sftnight/workspace/root-pullrequests-build; [See cdash](http://cdash.cern.ch/index.php?project=ROOT&filtercount=1&field1=buildname/string&compare1=65&value1=PR-5582-ROOT-performance-centos7-multicore-default&date=2020-06-03).; [See console output](https://lcgapp-services.cern.ch/root-jenkins/job/root-pullrequests-build/84946/console).; ### Failing tests:; - [projectroot.roottest.root.multicore.roottest_root_multicore_poolManager_build](https://lcgapp-services.cern.ch/root-jenkins/job/root-pullrequests-build/84946/testReport/projectroot.roottest.root/multicore/roottest_root_multicore_poolManager_build/); - [projectroot.roottest.root.multicore.roottest_root_multicore_poolManager](https://lcgapp-services.cern.ch/root-jenkins/job/root-pullrequests-build/84946/testReport/projectroot.roottest.root/multicore/roottest_root_multicore_poolManager/),MatchSource.ISSUE_COMMENT,root-project,root,v6-32-06,https://github.com/root-project/root/pull/5582#issuecomment-638366047:446,test,tests,446,https://root.cern,https://github.com/root-project/root/pull/5582#issuecomment-638366047,3,['test'],"['testReport', 'tests']"
Testability,Build failed on ROOT-performance-centos7-multicore/default.; Running on olhswep22.cern.ch:/data/sftnight/workspace/root-pullrequests-build; [See cdash](http://cdash.cern.ch/index.php?project=ROOT&filtercount=1&field1=buildname/string&compare1=65&value1=PR-5582-ROOT-performance-centos7-multicore-default&date=2020-06-04).; [See console output](https://lcgapp-services.cern.ch/root-jenkins/job/root-pullrequests-build/85002/console).; ### Failing tests:; - [projectroot.roottest.root.multicore.roottest_root_multicore_poolManager_build](https://lcgapp-services.cern.ch/root-jenkins/job/root-pullrequests-build/85002/testReport/projectroot.roottest.root/multicore/roottest_root_multicore_poolManager_build/); - [projectroot.roottest.root.multicore.roottest_root_multicore_poolManager](https://lcgapp-services.cern.ch/root-jenkins/job/root-pullrequests-build/85002/testReport/projectroot.roottest.root/multicore/roottest_root_multicore_poolManager/),MatchSource.ISSUE_COMMENT,root-project,root,v6-32-06,https://github.com/root-project/root/pull/5582#issuecomment-638792579:446,test,tests,446,https://root.cern,https://github.com/root-project/root/pull/5582#issuecomment-638792579,3,['test'],"['testReport', 'tests']"
Testability,Build failed on ROOT-performance-centos7-multicore/default.; Running on olhswep22.cern.ch:/data/sftnight/workspace/root-pullrequests-build; [See cdash](http://cdash.cern.ch/index.php?project=ROOT&filtercount=1&field1=buildname/string&compare1=65&value1=PR-5582-ROOT-performance-centos7-multicore-default&date=2020-06-04).; [See console output](https://lcgapp-services.cern.ch/root-jenkins/job/root-pullrequests-build/85099/console).; ### Failing tests:; - [projectroot.roottest.root.multicore.roottest_root_multicore_poolManager_build](https://lcgapp-services.cern.ch/root-jenkins/job/root-pullrequests-build/85099/testReport/projectroot.roottest.root/multicore/roottest_root_multicore_poolManager_build/); - [projectroot.roottest.root.multicore.roottest_root_multicore_poolManager](https://lcgapp-services.cern.ch/root-jenkins/job/root-pullrequests-build/85099/testReport/projectroot.roottest.root/multicore/roottest_root_multicore_poolManager/),MatchSource.ISSUE_COMMENT,root-project,root,v6-32-06,https://github.com/root-project/root/pull/5582#issuecomment-638973572:446,test,tests,446,https://root.cern,https://github.com/root-project/root/pull/5582#issuecomment-638973572,3,['test'],"['testReport', 'tests']"
Testability,Build failed on ROOT-performance-centos7-multicore/default.; Running on olhswep22.cern.ch:/data/sftnight/workspace/root-pullrequests-build; [See cdash](http://cdash.cern.ch/index.php?project=ROOT&filtercount=1&field1=buildname/string&compare1=65&value1=PR-5582-ROOT-performance-centos7-multicore-default&date=2020-06-08).; [See console output](https://lcgapp-services.cern.ch/root-jenkins/job/root-pullrequests-build/85916/console).; ### Failing tests:; - [projectroot.roottest.root.multicore.roottest_root_multicore_poolManager_build](https://lcgapp-services.cern.ch/root-jenkins/job/root-pullrequests-build/85916/testReport/projectroot.roottest.root/multicore/roottest_root_multicore_poolManager_build/); - [projectroot.roottest.root.multicore.roottest_root_multicore_poolManager](https://lcgapp-services.cern.ch/root-jenkins/job/root-pullrequests-build/85916/testReport/projectroot.roottest.root/multicore/roottest_root_multicore_poolManager/),MatchSource.ISSUE_COMMENT,root-project,root,v6-32-06,https://github.com/root-project/root/pull/5582#issuecomment-640724165:446,test,tests,446,https://root.cern,https://github.com/root-project/root/pull/5582#issuecomment-640724165,3,['test'],"['testReport', 'tests']"
Testability,Build failed on ROOT-performance-centos7-multicore/default.; Running on olhswep22.cern.ch:/data/sftnight/workspace/root-pullrequests-build; [See cdash](http://cdash.cern.ch/index.php?project=ROOT&filtercount=1&field1=buildname/string&compare1=65&value1=PR-5582-ROOT-performance-centos7-multicore-default&date=2020-06-11).; [See console output](https://lcgapp-services.cern.ch/root-jenkins/job/root-pullrequests-build/86441/console).; ### Failing tests:; - [projectroot.test.test_stressIOPlugins_xroot](https://lcgapp-services.cern.ch/root-jenkins/job/root-pullrequests-build/86441/testReport/projectroot/test/test_stressIOPlugins_xroot/); - [projectroot.tree.treeplayer.test.gtest_tree_treeplayer_test_treeprocessormt_remotefiles](https://lcgapp-services.cern.ch/root-jenkins/job/root-pullrequests-build/86441/testReport/projectroot.tree.treeplayer/test/gtest_tree_treeplayer_test_treeprocessormt_remotefiles/); - [projectroot.runtutorials.tutorial_dataframe_df102_NanoAODDimuonAnalysis](https://lcgapp-services.cern.ch/root-jenkins/job/root-pullrequests-build/86441/testReport/projectroot/runtutorials/tutorial_dataframe_df102_NanoAODDimuonAnalysis/); - [projectroot.runtutorials.tutorial_dataframe_df101_h1Analysis](https://lcgapp-services.cern.ch/root-jenkins/job/root-pullrequests-build/86441/testReport/projectroot/runtutorials/tutorial_dataframe_df101_h1Analysis/); - [projectroot.runtutorials.tutorial_dataframe_df103_NanoAODHiggsAnalysis](https://lcgapp-services.cern.ch/root-jenkins/job/root-pullrequests-build/86441/testReport/projectroot/runtutorials/tutorial_dataframe_df103_NanoAODHiggsAnalysis/); - [projectroot.runtutorials.tutorial_tmva_tmva103_Application](https://lcgapp-services.cern.ch/root-jenkins/job/root-pullrequests-build/86441/testReport/projectroot/runtutorials/tutorial_tmva_tmva103_Application/),MatchSource.ISSUE_COMMENT,root-project,root,v6-32-06,https://github.com/root-project/root/pull/5582#issuecomment-642499024:446,test,tests,446,https://root.cern,https://github.com/root-project/root/pull/5582#issuecomment-642499024,11,['test'],"['test', 'testReport', 'tests']"
Testability,Build failed on ROOT-performance-centos7-multicore/default.; Running on olhswep22.cern.ch:/data/sftnight/workspace/root-pullrequests-build; [See cdash](http://cdash.cern.ch/index.php?project=ROOT&filtercount=1&field1=buildname/string&compare1=65&value1=PR-5587-ROOT-performance-centos7-multicore-default&date=2020-05-11).; [See console output](https://lcgapp-services.cern.ch/root-jenkins/job/root-pullrequests-build/81521/console).; ### Failing tests:; - [projectroot.bindings.pyroot_experimental.pythonizations.test.pyunittests_pyroot_numbadeclare](https://lcgapp-services.cern.ch/root-jenkins/job/root-pullrequests-build/81521/testReport/projectroot.bindings.pyroot_experimental.pythonizations/test/pyunittests_pyroot_numbadeclare/),MatchSource.ISSUE_COMMENT,root-project,root,v6-32-06,https://github.com/root-project/root/pull/5587#issuecomment-626559195:446,test,tests,446,https://root.cern,https://github.com/root-project/root/pull/5587#issuecomment-626559195,4,['test'],"['test', 'testReport', 'tests']"
Testability,Build failed on ROOT-performance-centos7-multicore/default.; Running on olhswep22.cern.ch:/data/sftnight/workspace/root-pullrequests-build; [See cdash](http://cdash.cern.ch/index.php?project=ROOT&filtercount=1&field1=buildname/string&compare1=65&value1=PR-5591-ROOT-performance-centos7-multicore-default&date=2020-05-11).; [See console output](https://lcgapp-services.cern.ch/root-jenkins/job/root-pullrequests-build/81561/console).; ### Failing tests:; - [projectroot.core.meta.test.gtest_core_meta_test_testStatusBitsChecker](https://lcgapp-services.cern.ch/root-jenkins/job/root-pullrequests-build/81561/testReport/projectroot.core.meta/test/gtest_core_meta_test_testStatusBitsChecker/); - [projectroot.hist.hist.test.gtest_hist_hist_test_testTHn](https://lcgapp-services.cern.ch/root-jenkins/job/root-pullrequests-build/81561/testReport/projectroot.hist.hist/test/gtest_hist_hist_test_testTHn/); - [projectroot.hist.hist.test.gtest_hist_hist_test_testTF1](https://lcgapp-services.cern.ch/root-jenkins/job/root-pullrequests-build/81561/testReport/projectroot.hist.hist/test/gtest_hist_hist_test_testTF1/); - [projectroot.roofit.roofitcore.test.gtest_roofit_roofitcore_test_testProxiesAndCategories](https://lcgapp-services.cern.ch/root-jenkins/job/root-pullrequests-build/81561/testReport/projectroot.roofit.roofitcore/test/gtest_roofit_roofitcore_test_testProxiesAndCategories/); - [projectroot.math.mathcore.test.gtest_math_mathcore_test_stressMathCoreUnit](https://lcgapp-services.cern.ch/root-jenkins/job/root-pullrequests-build/81561/testReport/projectroot.math.mathcore/test/gtest_math_mathcore_test_stressMathCoreUnit/); - [projectroot.tree.dataframe.test.gtest_tree_dataframe_test_datasource_sqlite](https://lcgapp-services.cern.ch/root-jenkins/job/root-pullrequests-build/81561/testReport/projectroot.tree.dataframe/test/gtest_tree_dataframe_test_datasource_sqlite/); - [projectroot.tree.dataframe.test.gtest_tree_dataframe_test_dataframe_snapshot](https://lcgapp-services.cern.ch/root-jen,MatchSource.ISSUE_COMMENT,root-project,root,v6-32-06,https://github.com/root-project/root/pull/5591#issuecomment-626637095:446,test,tests,446,https://root.cern,https://github.com/root-project/root/pull/5591#issuecomment-626637095,8,['test'],"['test', 'testReport', 'tests']"
Testability,Build failed on ROOT-performance-centos7-multicore/default.; Running on olhswep22.cern.ch:/data/sftnight/workspace/root-pullrequests-build; [See cdash](http://cdash.cern.ch/index.php?project=ROOT&filtercount=1&field1=buildname/string&compare1=65&value1=PR-5591-ROOT-performance-centos7-multicore-default&date=2020-05-20).; [See console output](https://lcgapp-services.cern.ch/root-jenkins/job/root-pullrequests-build/82967/console).; ### Failing tests:; - [projectroot.core.meta.test.gtest_core_meta_test_testStatusBitsChecker](https://lcgapp-services.cern.ch/root-jenkins/job/root-pullrequests-build/82967/testReport/projectroot.core.meta/test/gtest_core_meta_test_testStatusBitsChecker/); - [projectroot.hist.hist.test.gtest_hist_hist_test_testTHn](https://lcgapp-services.cern.ch/root-jenkins/job/root-pullrequests-build/82967/testReport/projectroot.hist.hist/test/gtest_hist_hist_test_testTHn/); - [projectroot.hist.hist.test.gtest_hist_hist_test_testTF1](https://lcgapp-services.cern.ch/root-jenkins/job/root-pullrequests-build/82967/testReport/projectroot.hist.hist/test/gtest_hist_hist_test_testTF1/); - [projectroot.math.mathcore.test.gtest_math_mathcore_test_stressMathCoreUnit](https://lcgapp-services.cern.ch/root-jenkins/job/root-pullrequests-build/82967/testReport/projectroot.math.mathcore/test/gtest_math_mathcore_test_stressMathCoreUnit/); - [projectroot.roofit.roofitcore.test.gtest_roofit_roofitcore_test_testProxiesAndCategories](https://lcgapp-services.cern.ch/root-jenkins/job/root-pullrequests-build/82967/testReport/projectroot.roofit.roofitcore/test/gtest_roofit_roofitcore_test_testProxiesAndCategories/); - [projectroot.tree.dataframe.test.gtest_tree_dataframe_test_datasource_sqlite](https://lcgapp-services.cern.ch/root-jenkins/job/root-pullrequests-build/82967/testReport/projectroot.tree.dataframe/test/gtest_tree_dataframe_test_datasource_sqlite/); - [projectroot.tree.dataframe.test.gtest_tree_dataframe_test_dataframe_snapshot](https://lcgapp-services.cern.ch/root-jen,MatchSource.ISSUE_COMMENT,root-project,root,v6-32-06,https://github.com/root-project/root/pull/5591#issuecomment-631345536:446,test,tests,446,https://root.cern,https://github.com/root-project/root/pull/5591#issuecomment-631345536,8,['test'],"['test', 'testReport', 'tests']"
Testability,Build failed on ROOT-performance-centos7-multicore/default.; Running on olhswep22.cern.ch:/data/sftnight/workspace/root-pullrequests-build; [See cdash](http://cdash.cern.ch/index.php?project=ROOT&filtercount=1&field1=buildname/string&compare1=65&value1=PR-5591-ROOT-performance-centos7-multicore-default&date=2020-06-05).; [See console output](https://lcgapp-services.cern.ch/root-jenkins/job/root-pullrequests-build/85338/console).; ### Failing tests:; - [projectroot.runtutorials.tutorial_pyroot_pyroot004_NumbaDeclare_py](https://lcgapp-services.cern.ch/root-jenkins/job/root-pullrequests-build/85338/testReport/projectroot/runtutorials/tutorial_pyroot_pyroot004_NumbaDeclare_py/); - [projectroot.core.meta.test.gtest_core_meta_test_testStatusBitsChecker](https://lcgapp-services.cern.ch/root-jenkins/job/root-pullrequests-build/85338/testReport/projectroot.core.meta/test/gtest_core_meta_test_testStatusBitsChecker/); - [projectroot.hist.hist.test.gtest_hist_hist_test_testTF1](https://lcgapp-services.cern.ch/root-jenkins/job/root-pullrequests-build/85338/testReport/projectroot.hist.hist/test/gtest_hist_hist_test_testTF1/); - [projectroot.math.mathcore.test.gtest_math_mathcore_test_stressMathCoreUnit](https://lcgapp-services.cern.ch/root-jenkins/job/root-pullrequests-build/85338/testReport/projectroot.math.mathcore/test/gtest_math_mathcore_test_stressMathCoreUnit/); - [projectroot.roottest.python.basic.roottest_python_basic_datatype](https://lcgapp-services.cern.ch/root-jenkins/job/root-pullrequests-build/85338/testReport/projectroot.roottest.python/basic/roottest_python_basic_datatype/); - [projectroot.roottest.python.basic.roottest_python_basic_overload](https://lcgapp-services.cern.ch/root-jenkins/job/root-pullrequests-build/85338/testReport/projectroot.roottest.python/basic/roottest_python_basic_overload/); - [projectroot.roottest.python.basic.roottest_python_basic_basic](https://lcgapp-services.cern.ch/root-jenkins/job/root-pullrequests-build/85338/testReport/projectroot.r,MatchSource.ISSUE_COMMENT,root-project,root,v6-32-06,https://github.com/root-project/root/pull/5591#issuecomment-639341987:446,test,tests,446,https://root.cern,https://github.com/root-project/root/pull/5591#issuecomment-639341987,6,['test'],"['test', 'testReport', 'tests']"
Testability,Build failed on ROOT-performance-centos7-multicore/default.; Running on olhswep22.cern.ch:/data/sftnight/workspace/root-pullrequests-build; [See cdash](http://cdash.cern.ch/index.php?project=ROOT&filtercount=1&field1=buildname/string&compare1=65&value1=PR-5591-ROOT-performance-centos7-multicore-default&date=2020-06-08).; [See console output](https://lcgapp-services.cern.ch/root-jenkins/job/root-pullrequests-build/85793/console).; ### Failing tests:; - [projectroot.core.meta.test.gtest_core_meta_test_testStatusBitsChecker](https://lcgapp-services.cern.ch/root-jenkins/job/root-pullrequests-build/85793/testReport/projectroot.core.meta/test/gtest_core_meta_test_testStatusBitsChecker/); - [projectroot.hist.hist.test.gtest_hist_hist_test_testTF1](https://lcgapp-services.cern.ch/root-jenkins/job/root-pullrequests-build/85793/testReport/projectroot.hist.hist/test/gtest_hist_hist_test_testTF1/); - [projectroot.math.mathcore.test.gtest_math_mathcore_test_stressMathCoreUnit](https://lcgapp-services.cern.ch/root-jenkins/job/root-pullrequests-build/85793/testReport/projectroot.math.mathcore/test/gtest_math_mathcore_test_stressMathCoreUnit/); - [projectroot.tree.dataframe.test.gtest_tree_dataframe_test_datasource_sqlite](https://lcgapp-services.cern.ch/root-jenkins/job/root-pullrequests-build/85793/testReport/projectroot.tree.dataframe/test/gtest_tree_dataframe_test_datasource_sqlite/); - [projectroot.tree.dataframe.test.gtest_tree_dataframe_test_dataframe_snapshot](https://lcgapp-services.cern.ch/root-jenkins/job/root-pullrequests-build/85793/testReport/projectroot.tree.dataframe/test/gtest_tree_dataframe_test_dataframe_snapshot/); - [projectroot.tree.dataframe.test.gtest_tree_dataframe_test_dataframe_simple](https://lcgapp-services.cern.ch/root-jenkins/job/root-pullrequests-build/85793/testReport/projectroot.tree.dataframe/test/gtest_tree_dataframe_test_dataframe_simple/),MatchSource.ISSUE_COMMENT,root-project,root,v6-32-06,https://github.com/root-project/root/pull/5591#issuecomment-640427606:446,test,tests,446,https://root.cern,https://github.com/root-project/root/pull/5591#issuecomment-640427606,19,['test'],"['test', 'testReport', 'tests']"
Testability,Build failed on ROOT-performance-centos7-multicore/default.; Running on olhswep22.cern.ch:/data/sftnight/workspace/root-pullrequests-build; [See cdash](http://cdash.cern.ch/index.php?project=ROOT&filtercount=1&field1=buildname/string&compare1=65&value1=PR-5591-ROOT-performance-centos7-multicore-default&date=2020-06-11).; [See console output](https://lcgapp-services.cern.ch/root-jenkins/job/root-pullrequests-build/86480/console).; ### Failing tests:; - [projectroot.core.imt.test.gtest_core_imt_test_testImt](https://lcgapp-services.cern.ch/root-jenkins/job/root-pullrequests-build/86480/testReport/projectroot.core.imt/test/gtest_core_imt_test_testImt/); - [projectroot.core.imt.test.gtest_core_imt_test_coreimttestUnit](https://lcgapp-services.cern.ch/root-jenkins/job/root-pullrequests-build/86480/testReport/projectroot.core.imt/test/gtest_core_imt_test_coreimttestUnit/); - [projectroot.core.meta.test.gtest_core_meta_test_testStatusBitsChecker](https://lcgapp-services.cern.ch/root-jenkins/job/root-pullrequests-build/86480/testReport/projectroot.core.meta/test/gtest_core_meta_test_testStatusBitsChecker/); - [projectroot.hist.hist.test.gtest_hist_hist_test_testTF1](https://lcgapp-services.cern.ch/root-jenkins/job/root-pullrequests-build/86480/testReport/projectroot.hist.hist/test/gtest_hist_hist_test_testTF1/); - [projectroot.math.mathcore.test.gtest_math_mathcore_test_stressMathCoreUnit](https://lcgapp-services.cern.ch/root-jenkins/job/root-pullrequests-build/86480/testReport/projectroot.math.mathcore/test/gtest_math_mathcore_test_stressMathCoreUnit/); - [projectroot.roofit.roofitcore.test.gtest_roofit_roofitcore_test_testRooFormula](https://lcgapp-services.cern.ch/root-jenkins/job/root-pullrequests-build/86480/testReport/projectroot.roofit.roofitcore/test/gtest_roofit_roofitcore_test_testRooFormula/); - [projectroot.test.test_stressIOPlugins_xroot](https://lcgapp-services.cern.ch/root-jenkins/job/root-pullrequests-build/86480/testReport/projectroot/test/test_stressIOPlugi,MatchSource.ISSUE_COMMENT,root-project,root,v6-32-06,https://github.com/root-project/root/pull/5591#issuecomment-642535996:446,test,tests,446,https://root.cern,https://github.com/root-project/root/pull/5591#issuecomment-642535996,8,['test'],"['test', 'testReport', 'tests']"
Testability,Build failed on ROOT-performance-centos7-multicore/default.; Running on olhswep22.cern.ch:/data/sftnight/workspace/root-pullrequests-build; [See cdash](http://cdash.cern.ch/index.php?project=ROOT&filtercount=1&field1=buildname/string&compare1=65&value1=PR-5591-ROOT-performance-centos7-multicore-default&date=2020-06-11).; [See console output](https://lcgapp-services.cern.ch/root-jenkins/job/root-pullrequests-build/86539/console).; ### Failing tests:; - [projectroot.test.test_stressIOPlugins_xroot](https://lcgapp-services.cern.ch/root-jenkins/job/root-pullrequests-build/86539/testReport/projectroot/test/test_stressIOPlugins_xroot/); - [projectroot.tree.treeplayer.test.gtest_tree_treeplayer_test_treeprocessormt_remotefiles](https://lcgapp-services.cern.ch/root-jenkins/job/root-pullrequests-build/86539/testReport/projectroot.tree.treeplayer/test/gtest_tree_treeplayer_test_treeprocessormt_remotefiles/); - [projectroot.runtutorials.tutorial_dataframe_df102_NanoAODDimuonAnalysis](https://lcgapp-services.cern.ch/root-jenkins/job/root-pullrequests-build/86539/testReport/projectroot/runtutorials/tutorial_dataframe_df102_NanoAODDimuonAnalysis/); - [projectroot.runtutorials.tutorial_dataframe_df101_h1Analysis](https://lcgapp-services.cern.ch/root-jenkins/job/root-pullrequests-build/86539/testReport/projectroot/runtutorials/tutorial_dataframe_df101_h1Analysis/); - [projectroot.runtutorials.tutorial_dataframe_df103_NanoAODHiggsAnalysis](https://lcgapp-services.cern.ch/root-jenkins/job/root-pullrequests-build/86539/testReport/projectroot/runtutorials/tutorial_dataframe_df103_NanoAODHiggsAnalysis/); - [projectroot.runtutorials.tutorial_tmva_tmva103_Application](https://lcgapp-services.cern.ch/root-jenkins/job/root-pullrequests-build/86539/testReport/projectroot/runtutorials/tutorial_tmva_tmva103_Application/),MatchSource.ISSUE_COMMENT,root-project,root,v6-32-06,https://github.com/root-project/root/pull/5591#issuecomment-642590643:446,test,tests,446,https://root.cern,https://github.com/root-project/root/pull/5591#issuecomment-642590643,11,['test'],"['test', 'testReport', 'tests']"
Testability,Build failed on ROOT-performance-centos7-multicore/default.; Running on olhswep22.cern.ch:/data/sftnight/workspace/root-pullrequests-build; [See cdash](http://cdash.cern.ch/index.php?project=ROOT&filtercount=1&field1=buildname/string&compare1=65&value1=PR-5591-ROOT-performance-centos7-multicore-default&date=2020-06-11).; [See console output](https://lcgapp-services.cern.ch/root-jenkins/job/root-pullrequests-build/86546/console).; ### Failing tests:; - [projectroot.core.imt.test.gtest_core_imt_test_coreimttestUnit](https://lcgapp-services.cern.ch/root-jenkins/job/root-pullrequests-build/86546/testReport/projectroot.core.imt/test/gtest_core_imt_test_coreimttestUnit/); - [projectroot.core.meta.test.gtest_core_meta_test_testStatusBitsChecker](https://lcgapp-services.cern.ch/root-jenkins/job/root-pullrequests-build/86546/testReport/projectroot.core.meta/test/gtest_core_meta_test_testStatusBitsChecker/); - [projectroot.hist.hist.test.gtest_hist_hist_test_testTF1](https://lcgapp-services.cern.ch/root-jenkins/job/root-pullrequests-build/86546/testReport/projectroot.hist.hist/test/gtest_hist_hist_test_testTF1/); - [projectroot.math.mathcore.test.gtest_math_mathcore_test_stressMathCoreUnit](https://lcgapp-services.cern.ch/root-jenkins/job/root-pullrequests-build/86546/testReport/projectroot.math.mathcore/test/gtest_math_mathcore_test_stressMathCoreUnit/); - [projectroot.test.test_stressIOPlugins_xroot](https://lcgapp-services.cern.ch/root-jenkins/job/root-pullrequests-build/86546/testReport/projectroot/test/test_stressIOPlugins_xroot/); - [projectroot.tmva.tmva.test.envelope.gtest_tmva_tmva_test_envelope_TMVA_Classification](https://lcgapp-services.cern.ch/root-jenkins/job/root-pullrequests-build/86546/testReport/projectroot.tmva.tmva.test/envelope/gtest_tmva_tmva_test_envelope_TMVA_Classification/); - [projectroot.tree.treeplayer.test.gtest_tree_treeplayer_test_treeprocessormt_remotefiles](https://lcgapp-services.cern.ch/root-jenkins/job/root-pullrequests-build/86546/testRepo,MatchSource.ISSUE_COMMENT,root-project,root,v6-32-06,https://github.com/root-project/root/pull/5591#issuecomment-642607623:446,test,tests,446,https://root.cern,https://github.com/root-project/root/pull/5591#issuecomment-642607623,8,['test'],"['test', 'testReport', 'tests']"
Testability,Build failed on ROOT-performance-centos7-multicore/default.; Running on olhswep22.cern.ch:/data/sftnight/workspace/root-pullrequests-build; [See cdash](http://cdash.cern.ch/index.php?project=ROOT&filtercount=1&field1=buildname/string&compare1=65&value1=PR-5591-ROOT-performance-centos7-multicore-default&date=2020-06-11).; [See console output](https://lcgapp-services.cern.ch/root-jenkins/job/root-pullrequests-build/86587/console).; ### Failing tests:; - [projectroot.runtutorials.tutorial_dataframe_df102_NanoAODDimuonAnalysis](https://lcgapp-services.cern.ch/root-jenkins/job/root-pullrequests-build/86587/testReport/projectroot/runtutorials/tutorial_dataframe_df102_NanoAODDimuonAnalysis/); - [projectroot.runtutorials.tutorial_dataframe_df101_h1Analysis](https://lcgapp-services.cern.ch/root-jenkins/job/root-pullrequests-build/86587/testReport/projectroot/runtutorials/tutorial_dataframe_df101_h1Analysis/); - [projectroot.runtutorials.tutorial_dataframe_df103_NanoAODHiggsAnalysis](https://lcgapp-services.cern.ch/root-jenkins/job/root-pullrequests-build/86587/testReport/projectroot/runtutorials/tutorial_dataframe_df103_NanoAODHiggsAnalysis/); - [projectroot.runtutorials.tutorial_tmva_tmva103_Application](https://lcgapp-services.cern.ch/root-jenkins/job/root-pullrequests-build/86587/testReport/projectroot/runtutorials/tutorial_tmva_tmva103_Application/); - [projectroot.test.test_stressIOPlugins_xroot](https://lcgapp-services.cern.ch/root-jenkins/job/root-pullrequests-build/86587/testReport/projectroot/test/test_stressIOPlugins_xroot/); - [projectroot.core.imt.test.gtest_core_imt_test_coreimttestUnit](https://lcgapp-services.cern.ch/root-jenkins/job/root-pullrequests-build/86587/testReport/projectroot.core.imt/test/gtest_core_imt_test_coreimttestUnit/); - [projectroot.hist.hist.test.gtest_hist_hist_test_testTF1](https://lcgapp-services.cern.ch/root-jenkins/job/root-pullrequests-build/86587/testReport/projectroot.hist.hist/test/gtest_hist_hist_test_testTF1/); - [projectroot.mat,MatchSource.ISSUE_COMMENT,root-project,root,v6-32-06,https://github.com/root-project/root/pull/5591#issuecomment-642850645:446,test,tests,446,https://root.cern,https://github.com/root-project/root/pull/5591#issuecomment-642850645,3,['test'],"['testReport', 'tests']"
Testability,Build failed on ROOT-performance-centos7-multicore/default.; Running on olhswep22.cern.ch:/data/sftnight/workspace/root-pullrequests-build; [See cdash](http://cdash.cern.ch/index.php?project=ROOT&filtercount=1&field1=buildname/string&compare1=65&value1=PR-5591-ROOT-performance-centos7-multicore-default&date=2020-07-10).; [See console output](https://lcgapp-services.cern.ch/root-jenkins/job/root-pullrequests-build/89493/console).; ### Failing tests:; - [projectroot.core.imt.test.gtest_core_imt_test_coreimttestUnit](https://lcgapp-services.cern.ch/root-jenkins/job/root-pullrequests-build/89493/testReport/projectroot.core.imt/test/gtest_core_imt_test_coreimttestUnit/); - [projectroot.hist.hist.test.gtest_hist_hist_test_testTF1](https://lcgapp-services.cern.ch/root-jenkins/job/root-pullrequests-build/89493/testReport/projectroot.hist.hist/test/gtest_hist_hist_test_testTF1/); - [projectroot.math.mathcore.test.gtest_math_mathcore_test_stressMathCoreUnit](https://lcgapp-services.cern.ch/root-jenkins/job/root-pullrequests-build/89493/testReport/projectroot.math.mathcore/test/gtest_math_mathcore_test_stressMathCoreUnit/); - [projectroot.tree.dataframe.test.gtest_tree_dataframe_test_datasource_sqlite](https://lcgapp-services.cern.ch/root-jenkins/job/root-pullrequests-build/89493/testReport/projectroot.tree.dataframe/test/gtest_tree_dataframe_test_datasource_sqlite/),MatchSource.ISSUE_COMMENT,root-project,root,v6-32-06,https://github.com/root-project/root/pull/5591#issuecomment-656566908:446,test,tests,446,https://root.cern,https://github.com/root-project/root/pull/5591#issuecomment-656566908,13,['test'],"['test', 'testReport', 'tests']"
Testability,Build failed on ROOT-performance-centos7-multicore/default.; Running on olhswep22.cern.ch:/data/sftnight/workspace/root-pullrequests-build; [See cdash](http://cdash.cern.ch/index.php?project=ROOT&filtercount=1&field1=buildname/string&compare1=65&value1=PR-5591-ROOT-performance-centos7-multicore-default&date=2020-07-30).; [See console output](https://lcgapp-services.cern.ch/root-jenkins/job/root-pullrequests-build/91051/console).; ### Failing tests:; - [projectroot.core.imt.test.gtest_core_imt_test_coreimttestUnit](https://lcgapp-services.cern.ch/root-jenkins/job/root-pullrequests-build/91051/testReport/projectroot.core.imt/test/gtest_core_imt_test_coreimttestUnit/); - [projectroot.hist.hist.test.gtest_hist_hist_test_testTF1](https://lcgapp-services.cern.ch/root-jenkins/job/root-pullrequests-build/91051/testReport/projectroot.hist.hist/test/gtest_hist_hist_test_testTF1/); - [projectroot.math.mathcore.test.gtest_math_mathcore_test_stressMathCoreUnit](https://lcgapp-services.cern.ch/root-jenkins/job/root-pullrequests-build/91051/testReport/projectroot.math.mathcore/test/gtest_math_mathcore_test_stressMathCoreUnit/); - [projectroot.tmva.tmva.test.envelope.gtest_tmva_tmva_test_envelope_TMVA_Envelope](https://lcgapp-services.cern.ch/root-jenkins/job/root-pullrequests-build/91051/testReport/projectroot.tmva.tmva.test/envelope/gtest_tmva_tmva_test_envelope_TMVA_Envelope/); - [projectroot.tree.dataframe.test.gtest_tree_dataframe_test_datasource_sqlite](https://lcgapp-services.cern.ch/root-jenkins/job/root-pullrequests-build/91051/testReport/projectroot.tree.dataframe/test/gtest_tree_dataframe_test_datasource_sqlite/),MatchSource.ISSUE_COMMENT,root-project,root,v6-32-06,https://github.com/root-project/root/pull/5591#issuecomment-666286597:446,test,tests,446,https://root.cern,https://github.com/root-project/root/pull/5591#issuecomment-666286597,16,['test'],"['test', 'testReport', 'tests']"
Testability,Build failed on ROOT-performance-centos7-multicore/default.; Running on olhswep22.cern.ch:/data/sftnight/workspace/root-pullrequests-build; [See cdash](http://cdash.cern.ch/index.php?project=ROOT&filtercount=1&field1=buildname/string&compare1=65&value1=PR-5593-ROOT-performance-centos7-multicore-default&date=2020-05-11).; [See console output](https://lcgapp-services.cern.ch/root-jenkins/job/root-pullrequests-build/81627/console).; ### Failing tests:; - [projectroot.roottest.root.io.filemerger.roottest_root_io_filemerger_simple_lz4_compr_level1](https://lcgapp-services.cern.ch/root-jenkins/job/root-pullrequests-build/81627/testReport/projectroot.roottest.root.io/filemerger/roottest_root_io_filemerger_simple_lz4_compr_level1/); - [projectroot.roottest.root.tree.fastcloning.roottest_root_tree_fastcloning_execCheckClusterRange](https://lcgapp-services.cern.ch/root-jenkins/job/root-pullrequests-build/81627/testReport/projectroot.roottest.root.tree/fastcloning/roottest_root_tree_fastcloning_execCheckClusterRange/),MatchSource.ISSUE_COMMENT,root-project,root,v6-32-06,https://github.com/root-project/root/pull/5593#issuecomment-626759273:446,test,tests,446,https://root.cern,https://github.com/root-project/root/pull/5593#issuecomment-626759273,3,['test'],"['testReport', 'tests']"
Testability,Build failed on ROOT-performance-centos7-multicore/default.; Running on olhswep22.cern.ch:/data/sftnight/workspace/root-pullrequests-build; [See cdash](http://cdash.cern.ch/index.php?project=ROOT&filtercount=1&field1=buildname/string&compare1=65&value1=PR-5597-ROOT-performance-centos7-multicore-default&date=2020-05-12).; [See console output](https://lcgapp-services.cern.ch/root-jenkins/job/root-pullrequests-build/81854/console).; ### Failing tests:; - [projectroot.runtutorials.tutorial_math_tStudent](https://lcgapp-services.cern.ch/root-jenkins/job/root-pullrequests-build/81854/testReport/projectroot/runtutorials/tutorial_math_tStudent/); - [projectroot.runtutorials.tutorial_pyroot_h1draw_py](https://lcgapp-services.cern.ch/root-jenkins/job/root-pullrequests-build/81854/testReport/projectroot/runtutorials/tutorial_pyroot_h1draw_py/),MatchSource.ISSUE_COMMENT,root-project,root,v6-32-06,https://github.com/root-project/root/pull/5597#issuecomment-627519353:446,test,tests,446,https://root.cern,https://github.com/root-project/root/pull/5597#issuecomment-627519353,3,['test'],"['testReport', 'tests']"
Testability,Build failed on ROOT-performance-centos7-multicore/default.; Running on olhswep22.cern.ch:/data/sftnight/workspace/root-pullrequests-build; [See cdash](http://cdash.cern.ch/index.php?project=ROOT&filtercount=1&field1=buildname/string&compare1=65&value1=PR-5597-ROOT-performance-centos7-multicore-default&date=2020-05-14).; [See console output](https://lcgapp-services.cern.ch/root-jenkins/job/root-pullrequests-build/82179/console).; ### Failing tests:; - [projectroot.roottest.root.io.filemerger.roottest_root_io_filemerger_simple_default_compr_level9_datageneration](https://lcgapp-services.cern.ch/root-jenkins/job/root-pullrequests-build/82179/testReport/projectroot.roottest.root.io/filemerger/roottest_root_io_filemerger_simple_default_compr_level9_datageneration/); - [projectroot.roottest.root.io.filemerger.roottest_root_io_filemerger_simple_lz4_compr_level9](https://lcgapp-services.cern.ch/root-jenkins/job/root-pullrequests-build/82179/testReport/projectroot.roottest.root.io/filemerger/roottest_root_io_filemerger_simple_lz4_compr_level9/); - [projectroot.roottest.root.io.filemerger.roottest_root_io_filemerger_simple_default_compr_level9](https://lcgapp-services.cern.ch/root-jenkins/job/root-pullrequests-build/82179/testReport/projectroot.roottest.root.io/filemerger/roottest_root_io_filemerger_simple_default_compr_level9/); - [projectroot.roottest.root.io.filemerger.roottest_root_io_filemerger_simple_lzma_compr_level9](https://lcgapp-services.cern.ch/root-jenkins/job/root-pullrequests-build/82179/testReport/projectroot.roottest.root.io/filemerger/roottest_root_io_filemerger_simple_lzma_compr_level9/); - [projectroot.roottest.root.io.filemerger.roottest_root_io_filemerger_simplex2_default_compr_level9](https://lcgapp-services.cern.ch/root-jenkins/job/root-pullrequests-build/82179/testReport/projectroot.roottest.root.io/filemerger/roottest_root_io_filemerger_simplex2_default_compr_level9/); - [projectroot.roottest.root.io.filemerger.roottest_root_io_filemerger_simplek_def,MatchSource.ISSUE_COMMENT,root-project,root,v6-32-06,https://github.com/root-project/root/pull/5597#issuecomment-628773297:446,test,tests,446,https://root.cern,https://github.com/root-project/root/pull/5597#issuecomment-628773297,3,['test'],"['testReport', 'tests']"
Testability,Build failed on ROOT-performance-centos7-multicore/default.; Running on olhswep22.cern.ch:/data/sftnight/workspace/root-pullrequests-build; [See cdash](http://cdash.cern.ch/index.php?project=ROOT&filtercount=1&field1=buildname/string&compare1=65&value1=PR-5597-ROOT-performance-centos7-multicore-default&date=2020-05-15).; [See console output](https://lcgapp-services.cern.ch/root-jenkins/job/root-pullrequests-build/82283/console).; ### Failing tests:; - [projectroot.runtutorials.tutorial_pyroot_h1draw_py](https://lcgapp-services.cern.ch/root-jenkins/job/root-pullrequests-build/82283/testReport/projectroot/runtutorials/tutorial_pyroot_h1draw_py/),MatchSource.ISSUE_COMMENT,root-project,root,v6-32-06,https://github.com/root-project/root/pull/5597#issuecomment-628931628:446,test,tests,446,https://root.cern,https://github.com/root-project/root/pull/5597#issuecomment-628931628,2,['test'],"['testReport', 'tests']"
Testability,Build failed on ROOT-performance-centos7-multicore/default.; Running on olhswep22.cern.ch:/data/sftnight/workspace/root-pullrequests-build; [See cdash](http://cdash.cern.ch/index.php?project=ROOT&filtercount=1&field1=buildname/string&compare1=65&value1=PR-5599-ROOT-performance-centos7-multicore-default&date=2020-05-12).; [See console output](https://lcgapp-services.cern.ch/root-jenkins/job/root-pullrequests-build/81732/console).; ### Failing tests:; - [projectroot.roottest.root.roofitstats.roottest_root_roofitstats_RooDataSet_ASCII_in](https://lcgapp-services.cern.ch/root-jenkins/job/root-pullrequests-build/81732/testReport/projectroot.roottest.root/roofitstats/roottest_root_roofitstats_RooDataSet_ASCII_in/),MatchSource.ISSUE_COMMENT,root-project,root,v6-32-06,https://github.com/root-project/root/pull/5599#issuecomment-627254247:446,test,tests,446,https://root.cern,https://github.com/root-project/root/pull/5599#issuecomment-627254247,2,['test'],"['testReport', 'tests']"
Testability,Build failed on ROOT-performance-centos7-multicore/default.; Running on olhswep22.cern.ch:/data/sftnight/workspace/root-pullrequests-build; [See cdash](http://cdash.cern.ch/index.php?project=ROOT&filtercount=1&field1=buildname/string&compare1=65&value1=PR-5603-ROOT-performance-centos7-multicore-default&date=2020-05-12).; [See console output](https://lcgapp-services.cern.ch/root-jenkins/job/root-pullrequests-build/81805/console).; ### Failing tests:; - [projectroot.tree.tree.test.gtest_tree_tree_test_testTTreeRegressions](https://lcgapp-services.cern.ch/root-jenkins/job/root-pullrequests-build/81805/testReport/projectroot.tree.tree/test/gtest_tree_tree_test_testTTreeRegressions/); - [projectroot.tree.treeplayer.test.gtest_tree_treeplayer_test_treetreeplayertestUnit](https://lcgapp-services.cern.ch/root-jenkins/job/root-pullrequests-build/81805/testReport/projectroot.tree.treeplayer/test/gtest_tree_treeplayer_test_treetreeplayertestUnit/); - [projectroot.tree.dataframe.test.gtest_tree_dataframe_test_dataframe_snapshot](https://lcgapp-services.cern.ch/root-jenkins/job/root-pullrequests-build/81805/testReport/projectroot.tree.dataframe/test/gtest_tree_dataframe_test_dataframe_snapshot/); - [projectroot.roottest.root.tree.selectorreader.roottest_root_tree_selectorreader_make](https://lcgapp-services.cern.ch/root-jenkins/job/root-pullrequests-build/81805/testReport/projectroot.roottest.root.tree/selectorreader/roottest_root_tree_selectorreader_make/); - [projectroot.roottest.root.tree.reader.roottest_root_tree_reader_make](https://lcgapp-services.cern.ch/root-jenkins/job/root-pullrequests-build/81805/testReport/projectroot.roottest.root.tree/reader/roottest_root_tree_reader_make/),MatchSource.ISSUE_COMMENT,root-project,root,v6-32-06,https://github.com/root-project/root/pull/5603#issuecomment-627425703:446,test,tests,446,https://root.cern,https://github.com/root-project/root/pull/5603#issuecomment-627425703,12,['test'],"['test', 'testReport', 'tests']"
Testability,Build failed on ROOT-performance-centos7-multicore/default.; Running on olhswep22.cern.ch:/data/sftnight/workspace/root-pullrequests-build; [See cdash](http://cdash.cern.ch/index.php?project=ROOT&filtercount=1&field1=buildname/string&compare1=65&value1=PR-5603-ROOT-performance-centos7-multicore-default&date=2020-05-12).; [See console output](https://lcgapp-services.cern.ch/root-jenkins/job/root-pullrequests-build/81830/console).; ### Failing tests:; - [projectroot.tree.dataframe.test.gtest_tree_dataframe_test_dataframe_snapshot](https://lcgapp-services.cern.ch/root-jenkins/job/root-pullrequests-build/81830/testReport/projectroot.tree.dataframe/test/gtest_tree_dataframe_test_dataframe_snapshot/); - [projectroot.tree.tree.test.gtest_tree_tree_test_testTTreeRegressions](https://lcgapp-services.cern.ch/root-jenkins/job/root-pullrequests-build/81830/testReport/projectroot.tree.tree/test/gtest_tree_tree_test_testTTreeRegressions/); - [projectroot.tree.treeplayer.test.gtest_tree_treeplayer_test_treetreeplayertestUnit](https://lcgapp-services.cern.ch/root-jenkins/job/root-pullrequests-build/81830/testReport/projectroot.tree.treeplayer/test/gtest_tree_treeplayer_test_treetreeplayertestUnit/),MatchSource.ISSUE_COMMENT,root-project,root,v6-32-06,https://github.com/root-project/root/pull/5603#issuecomment-627464127:446,test,tests,446,https://root.cern,https://github.com/root-project/root/pull/5603#issuecomment-627464127,10,['test'],"['test', 'testReport', 'tests']"
Testability,Build failed on ROOT-performance-centos7-multicore/default.; Running on olhswep22.cern.ch:/data/sftnight/workspace/root-pullrequests-build; [See cdash](http://cdash.cern.ch/index.php?project=ROOT&filtercount=1&field1=buildname/string&compare1=65&value1=PR-5603-ROOT-performance-centos7-multicore-default&date=2020-06-02).; [See console output](https://lcgapp-services.cern.ch/root-jenkins/job/root-pullrequests-build/84561/console).; ### Failing tests:; - [projectroot.tree.tree.test.gtest_tree_tree_test_testTTreeRegressions](https://lcgapp-services.cern.ch/root-jenkins/job/root-pullrequests-build/84561/testReport/projectroot.tree.tree/test/gtest_tree_tree_test_testTTreeRegressions/); - [projectroot.tree.treeplayer.test.gtest_tree_treeplayer_test_treetreeplayertestUnit](https://lcgapp-services.cern.ch/root-jenkins/job/root-pullrequests-build/84561/testReport/projectroot.tree.treeplayer/test/gtest_tree_treeplayer_test_treetreeplayertestUnit/); - [projectroot.tree.dataframe.test.gtest_tree_dataframe_test_dataframe_snapshot](https://lcgapp-services.cern.ch/root-jenkins/job/root-pullrequests-build/84561/testReport/projectroot.tree.dataframe/test/gtest_tree_dataframe_test_dataframe_snapshot/),MatchSource.ISSUE_COMMENT,root-project,root,v6-32-06,https://github.com/root-project/root/pull/5603#issuecomment-637422223:446,test,tests,446,https://root.cern,https://github.com/root-project/root/pull/5603#issuecomment-637422223,10,['test'],"['test', 'testReport', 'tests']"
Testability,Build failed on ROOT-performance-centos7-multicore/default.; Running on olhswep22.cern.ch:/data/sftnight/workspace/root-pullrequests-build; [See cdash](http://cdash.cern.ch/index.php?project=ROOT&filtercount=1&field1=buildname/string&compare1=65&value1=PR-5603-ROOT-performance-centos7-multicore-default&date=2020-06-10).; [See console output](https://lcgapp-services.cern.ch/root-jenkins/job/root-pullrequests-build/86276/console).; ### Failing tests:; - [projectroot.tree.tree.test.gtest_tree_tree_test_testTTreeRegressions](https://lcgapp-services.cern.ch/root-jenkins/job/root-pullrequests-build/86276/testReport/projectroot.tree.tree/test/gtest_tree_tree_test_testTTreeRegressions/),MatchSource.ISSUE_COMMENT,root-project,root,v6-32-06,https://github.com/root-project/root/pull/5603#issuecomment-642118342:446,test,tests,446,https://root.cern,https://github.com/root-project/root/pull/5603#issuecomment-642118342,4,['test'],"['test', 'testReport', 'tests']"
Testability,Build failed on ROOT-performance-centos7-multicore/default.; Running on olhswep22.cern.ch:/data/sftnight/workspace/root-pullrequests-build; [See cdash](http://cdash.cern.ch/index.php?project=ROOT&filtercount=1&field1=buildname/string&compare1=65&value1=PR-5607-ROOT-performance-centos7-multicore-default&date=2020-05-14).; [See console output](https://lcgapp-services.cern.ch/root-jenkins/job/root-pullrequests-build/82015/console).; ### Failing tests:; - [projectroot.roottest.python.JupyROOT.roottest_python_JupyROOT_tpython_notebook](https://lcgapp-services.cern.ch/root-jenkins/job/root-pullrequests-build/82015/testReport/projectroot.roottest.python/JupyROOT/roottest_python_JupyROOT_tpython_notebook/),MatchSource.ISSUE_COMMENT,root-project,root,v6-32-06,https://github.com/root-project/root/pull/5607#issuecomment-628528050:446,test,tests,446,https://root.cern,https://github.com/root-project/root/pull/5607#issuecomment-628528050,2,['test'],"['testReport', 'tests']"
Testability,Build failed on ROOT-performance-centos7-multicore/default.; Running on olhswep22.cern.ch:/data/sftnight/workspace/root-pullrequests-build; [See cdash](http://cdash.cern.ch/index.php?project=ROOT&filtercount=1&field1=buildname/string&compare1=65&value1=PR-5607-ROOT-performance-centos7-multicore-default&date=2020-05-14).; [See console output](https://lcgapp-services.cern.ch/root-jenkins/job/root-pullrequests-build/82031/console).; ### Failing tests:; - [projectroot.runtutorials.tutorial_graphs_exclusiongraph](https://lcgapp-services.cern.ch/root-jenkins/job/root-pullrequests-build/82031/testReport/projectroot/runtutorials/tutorial_graphs_exclusiongraph/),MatchSource.ISSUE_COMMENT,root-project,root,v6-32-06,https://github.com/root-project/root/pull/5607#issuecomment-628547328:446,test,tests,446,https://root.cern,https://github.com/root-project/root/pull/5607#issuecomment-628547328,2,['test'],"['testReport', 'tests']"
Testability,Build failed on ROOT-performance-centos7-multicore/default.; Running on olhswep22.cern.ch:/data/sftnight/workspace/root-pullrequests-build; [See cdash](http://cdash.cern.ch/index.php?project=ROOT&filtercount=1&field1=buildname/string&compare1=65&value1=PR-5609-ROOT-performance-centos7-multicore-default&date=2020-05-13).; [See console output](https://lcgapp-services.cern.ch/root-jenkins/job/root-pullrequests-build/81894/console).; ### Failing tests:; - [projectroot.runtutorials.tutorial_graphics_latex4](https://lcgapp-services.cern.ch/root-jenkins/job/root-pullrequests-build/81894/testReport/projectroot/runtutorials/tutorial_graphics_latex4/),MatchSource.ISSUE_COMMENT,root-project,root,v6-32-06,https://github.com/root-project/root/pull/5609#issuecomment-628027124:446,test,tests,446,https://root.cern,https://github.com/root-project/root/pull/5609#issuecomment-628027124,2,['test'],"['testReport', 'tests']"
Testability,Build failed on ROOT-performance-centos7-multicore/default.; Running on olhswep22.cern.ch:/data/sftnight/workspace/root-pullrequests-build; [See cdash](http://cdash.cern.ch/index.php?project=ROOT&filtercount=1&field1=buildname/string&compare1=65&value1=PR-5613-ROOT-performance-centos7-multicore-default&date=2020-05-13).; [See console output](https://lcgapp-services.cern.ch/root-jenkins/job/root-pullrequests-build/81967/console).; ### Failing tests:; - [projectroot.roottest.root.meta.rootcling-modules.module-dep-order.roottest_root_meta_rootcling_modules_module_dep_order_cxxmodules_implicit_build_error](https://lcgapp-services.cern.ch/root-jenkins/job/root-pullrequests-build/81967/testReport/projectroot.roottest.root.meta.rootcling-modules/module-dep-order/roottest_root_meta_rootcling_modules_module_dep_order_cxxmodules_implicit_build_error/),MatchSource.ISSUE_COMMENT,root-project,root,v6-32-06,https://github.com/root-project/root/pull/5613#issuecomment-628230513:446,test,tests,446,https://root.cern,https://github.com/root-project/root/pull/5613#issuecomment-628230513,2,['test'],"['testReport', 'tests']"
Testability,Build failed on ROOT-performance-centos7-multicore/default.; Running on olhswep22.cern.ch:/data/sftnight/workspace/root-pullrequests-build; [See cdash](http://cdash.cern.ch/index.php?project=ROOT&filtercount=1&field1=buildname/string&compare1=65&value1=PR-5613-ROOT-performance-centos7-multicore-default&date=2020-05-14).; [See console output](https://lcgapp-services.cern.ch/root-jenkins/job/root-pullrequests-build/82007/console).; ### Failing tests:; - [projectroot.runtutorials.tutorial_tree_hsimpleReader](https://lcgapp-services.cern.ch/root-jenkins/job/root-pullrequests-build/82007/testReport/projectroot/runtutorials/tutorial_tree_hsimpleReader/); - [projectroot.roottest.root.meta.rootcling-modules.module-dep-order.roottest_root_meta_rootcling_modules_module_dep_order_cxxmodules_implicit_build_error](https://lcgapp-services.cern.ch/root-jenkins/job/root-pullrequests-build/82007/testReport/projectroot.roottest.root.meta.rootcling-modules/module-dep-order/roottest_root_meta_rootcling_modules_module_dep_order_cxxmodules_implicit_build_error/),MatchSource.ISSUE_COMMENT,root-project,root,v6-32-06,https://github.com/root-project/root/pull/5613#issuecomment-628518282:446,test,tests,446,https://root.cern,https://github.com/root-project/root/pull/5613#issuecomment-628518282,3,['test'],"['testReport', 'tests']"
Testability,Build failed on ROOT-performance-centos7-multicore/default.; Running on olhswep22.cern.ch:/data/sftnight/workspace/root-pullrequests-build; [See cdash](http://cdash.cern.ch/index.php?project=ROOT&filtercount=1&field1=buildname/string&compare1=65&value1=PR-5613-ROOT-performance-centos7-multicore-default&date=2020-05-14).; [See console output](https://lcgapp-services.cern.ch/root-jenkins/job/root-pullrequests-build/82072/console).; ### Failing tests:; - [projectroot.roottest.root.math.smatrix.roottest_root_math_smatrix_testSMatrix](https://lcgapp-services.cern.ch/root-jenkins/job/root-pullrequests-build/82072/testReport/projectroot.roottest.root.math/smatrix/roottest_root_math_smatrix_testSMatrix/),MatchSource.ISSUE_COMMENT,root-project,root,v6-32-06,https://github.com/root-project/root/pull/5613#issuecomment-628581092:446,test,tests,446,https://root.cern,https://github.com/root-project/root/pull/5613#issuecomment-628581092,2,['test'],"['testReport', 'tests']"
Testability,Build failed on ROOT-performance-centos7-multicore/default.; Running on olhswep22.cern.ch:/data/sftnight/workspace/root-pullrequests-build; [See cdash](http://cdash.cern.ch/index.php?project=ROOT&filtercount=1&field1=buildname/string&compare1=65&value1=PR-5614-ROOT-performance-centos7-multicore-default&date=2020-05-14).; [See console output](https://lcgapp-services.cern.ch/root-jenkins/job/root-pullrequests-build/82023/console).; ### Failing tests:; - [projectroot.runtutorials.tutorial_hist_candleplot](https://lcgapp-services.cern.ch/root-jenkins/job/root-pullrequests-build/82023/testReport/projectroot/runtutorials/tutorial_hist_candleplot/),MatchSource.ISSUE_COMMENT,root-project,root,v6-32-06,https://github.com/root-project/root/pull/5614#issuecomment-628537765:446,test,tests,446,https://root.cern,https://github.com/root-project/root/pull/5614#issuecomment-628537765,2,['test'],"['testReport', 'tests']"
Testability,Build failed on ROOT-performance-centos7-multicore/default.; Running on olhswep22.cern.ch:/data/sftnight/workspace/root-pullrequests-build; [See cdash](http://cdash.cern.ch/index.php?project=ROOT&filtercount=1&field1=buildname/string&compare1=65&value1=PR-5615-ROOT-performance-centos7-multicore-default&date=2020-05-14).; [See console output](https://lcgapp-services.cern.ch/root-jenkins/job/root-pullrequests-build/82056/console).; ### Failing tests:; - [projectroot.roottest.root.meta.roottest_root_meta_expressiveErrorMessages](https://lcgapp-services.cern.ch/root-jenkins/job/root-pullrequests-build/82056/testReport/projectroot.roottest.root/meta/roottest_root_meta_expressiveErrorMessages/),MatchSource.ISSUE_COMMENT,root-project,root,v6-32-06,https://github.com/root-project/root/pull/5615#issuecomment-628563059:446,test,tests,446,https://root.cern,https://github.com/root-project/root/pull/5615#issuecomment-628563059,2,['test'],"['testReport', 'tests']"
Testability,Build failed on ROOT-performance-centos7-multicore/default.; Running on olhswep22.cern.ch:/data/sftnight/workspace/root-pullrequests-build; [See cdash](http://cdash.cern.ch/index.php?project=ROOT&filtercount=1&field1=buildname/string&compare1=65&value1=PR-5617-ROOT-performance-centos7-multicore-default&date=2020-05-14).; [See console output](https://lcgapp-services.cern.ch/root-jenkins/job/root-pullrequests-build/82105/console).; ### Failing tests:; - [projectroot.roottest.root.meta.evolution.roottest_root_meta_evolution_runforeign](https://lcgapp-services.cern.ch/root-jenkins/job/root-pullrequests-build/82105/testReport/projectroot.roottest.root.meta/evolution/roottest_root_meta_evolution_runforeign/),MatchSource.ISSUE_COMMENT,root-project,root,v6-32-06,https://github.com/root-project/root/pull/5617#issuecomment-628622595:446,test,tests,446,https://root.cern,https://github.com/root-project/root/pull/5617#issuecomment-628622595,2,['test'],"['testReport', 'tests']"
Testability,Build failed on ROOT-performance-centos7-multicore/default.; Running on olhswep22.cern.ch:/data/sftnight/workspace/root-pullrequests-build; [See cdash](http://cdash.cern.ch/index.php?project=ROOT&filtercount=1&field1=buildname/string&compare1=65&value1=PR-5625-ROOT-performance-centos7-multicore-default&date=2020-05-15).; [See console output](https://lcgapp-services.cern.ch/root-jenkins/job/root-pullrequests-build/82318/console).; ### Failing tests:; - [projectroot.roottest.root.dataframe.roottest_root_dataframe_test_trainCache](https://lcgapp-services.cern.ch/root-jenkins/job/root-pullrequests-build/82318/testReport/projectroot.roottest.root/dataframe/roottest_root_dataframe_test_trainCache/),MatchSource.ISSUE_COMMENT,root-project,root,v6-32-06,https://github.com/root-project/root/pull/5625#issuecomment-629139348:446,test,tests,446,https://root.cern,https://github.com/root-project/root/pull/5625#issuecomment-629139348,2,['test'],"['testReport', 'tests']"
Testability,Build failed on ROOT-performance-centos7-multicore/default.; Running on olhswep22.cern.ch:/data/sftnight/workspace/root-pullrequests-build; [See cdash](http://cdash.cern.ch/index.php?project=ROOT&filtercount=1&field1=buildname/string&compare1=65&value1=PR-5627-ROOT-performance-centos7-multicore-default&date=2020-05-15).; [See console output](https://lcgapp-services.cern.ch/root-jenkins/job/root-pullrequests-build/82350/console).; ### Failing tests:; - [projectroot.roottest.python.JupyROOT.roottest_python_JupyROOT_ROOT_kernel_notebook](https://lcgapp-services.cern.ch/root-jenkins/job/root-pullrequests-build/82350/testReport/projectroot.roottest.python/JupyROOT/roottest_python_JupyROOT_ROOT_kernel_notebook/); - [projectroot.roottest.root.dataframe.roottest_root_dataframe_test_trainCache](https://lcgapp-services.cern.ch/root-jenkins/job/root-pullrequests-build/82350/testReport/projectroot.roottest.root/dataframe/roottest_root_dataframe_test_trainCache/),MatchSource.ISSUE_COMMENT,root-project,root,v6-32-06,https://github.com/root-project/root/pull/5627#issuecomment-629194473:446,test,tests,446,https://root.cern,https://github.com/root-project/root/pull/5627#issuecomment-629194473,3,['test'],"['testReport', 'tests']"
Testability,Build failed on ROOT-performance-centos7-multicore/default.; Running on olhswep22.cern.ch:/data/sftnight/workspace/root-pullrequests-build; [See cdash](http://cdash.cern.ch/index.php?project=ROOT&filtercount=1&field1=buildname/string&compare1=65&value1=PR-5630-ROOT-performance-centos7-multicore-default&date=2020-05-15).; [See console output](https://lcgapp-services.cern.ch/root-jenkins/job/root-pullrequests-build/82398/console).; ### Errors:; - [2020-05-15T14:11:12.148Z] 1090/2028 Test #852: tutorial-tmva-TMVA_CNN_Classification .............................................................***Failed Error regular expression found in output. Regex=[: error:] 1.10 sec ; - [2020-05-15T14:11:13.237Z] 1097/2028 Test #854: tutorial-tmva-TMVA_RNN_Classification .............................................................***Failed Error regular expression found in output. Regex=[: error:] 1.62 sec . ### Failing tests:; - [projectroot.runtutorials.tutorial_graphs_graph](https://lcgapp-services.cern.ch/root-jenkins/job/root-pullrequests-build/82398/testReport/projectroot/runtutorials/tutorial_graphs_graph/); - [projectroot.runtutorials.tutorial_tmva_TMVA_CNN_Classification](https://lcgapp-services.cern.ch/root-jenkins/job/root-pullrequests-build/82398/testReport/projectroot/runtutorials/tutorial_tmva_TMVA_CNN_Classification/); - [projectroot.runtutorials.tutorial_tmva_TMVA_RNN_Classification](https://lcgapp-services.cern.ch/root-jenkins/job/root-pullrequests-build/82398/testReport/projectroot/runtutorials/tutorial_tmva_TMVA_RNN_Classification/),MatchSource.ISSUE_COMMENT,root-project,root,v6-32-06,https://github.com/root-project/root/pull/5630#issuecomment-629262258:486,Test,Test,486,https://root.cern,https://github.com/root-project/root/pull/5630#issuecomment-629262258,6,"['Test', 'test']","['Test', 'testReport', 'tests']"
Testability,Build failed on ROOT-performance-centos7-multicore/default.; Running on olhswep22.cern.ch:/data/sftnight/workspace/root-pullrequests-build; [See cdash](http://cdash.cern.ch/index.php?project=ROOT&filtercount=1&field1=buildname/string&compare1=65&value1=PR-5632-ROOT-performance-centos7-multicore-default&date=2020-05-18).; [See console output](https://lcgapp-services.cern.ch/root-jenkins/job/root-pullrequests-build/82632/console).; ### Failing tests:; - [projectroot.test.test_stressgeometry](https://lcgapp-services.cern.ch/root-jenkins/job/root-pullrequests-build/82632/testReport/projectroot/test/test_stressgeometry/); - [projectroot.runtutorials.tutorial_tmva_TMVAClassification](https://lcgapp-services.cern.ch/root-jenkins/job/root-pullrequests-build/82632/testReport/projectroot/runtutorials/tutorial_tmva_TMVAClassification/); - [projectroot.runtutorials.tutorial_tmva_TMVARegression](https://lcgapp-services.cern.ch/root-jenkins/job/root-pullrequests-build/82632/testReport/projectroot/runtutorials/tutorial_tmva_TMVARegression/); - [projectroot.test.test_stresstmva](https://lcgapp-services.cern.ch/root-jenkins/job/root-pullrequests-build/82632/testReport/projectroot/test/test_stresstmva/); - [projectroot.test.test_stresslinear](https://lcgapp-services.cern.ch/root-jenkins/job/root-pullrequests-build/82632/testReport/projectroot/test/test_stresslinear/); - [projectroot.runtutorials.tutorial_tmva_TMVAClassificationApplication](https://lcgapp-services.cern.ch/root-jenkins/job/root-pullrequests-build/82632/testReport/projectroot/runtutorials/tutorial_tmva_TMVAClassificationApplication/); - [projectroot.runtutorials.tutorial_tmva_TMVARegressionApplication](https://lcgapp-services.cern.ch/root-jenkins/job/root-pullrequests-build/82632/testReport/projectroot/runtutorials/tutorial_tmva_TMVARegressionApplication/); - [projectroot.runtutorials.tutorial_multicore_mp104_processH1](https://lcgapp-services.cern.ch/root-jenkins/job/root-pullrequests-build/82632/testReport/projectroot/,MatchSource.ISSUE_COMMENT,root-project,root,v6-32-06,https://github.com/root-project/root/pull/5632#issuecomment-630215666:446,test,tests,446,https://root.cern,https://github.com/root-project/root/pull/5632#issuecomment-630215666,6,['test'],"['test', 'testReport', 'tests']"
Testability,Build failed on ROOT-performance-centos7-multicore/default.; Running on olhswep22.cern.ch:/data/sftnight/workspace/root-pullrequests-build; [See cdash](http://cdash.cern.ch/index.php?project=ROOT&filtercount=1&field1=buildname/string&compare1=65&value1=PR-5635-ROOT-performance-centos7-multicore-default&date=2020-05-16).; [See console output](https://lcgapp-services.cern.ch/root-jenkins/job/root-pullrequests-build/82496/console).; ### Failing tests:; - [projectroot.roottest.root.io.filemerger.roottest_root_io_filemerger_simple_lz4_compr_level1](https://lcgapp-services.cern.ch/root-jenkins/job/root-pullrequests-build/82496/testReport/projectroot.roottest.root.io/filemerger/roottest_root_io_filemerger_simple_lz4_compr_level1/),MatchSource.ISSUE_COMMENT,root-project,root,v6-32-06,https://github.com/root-project/root/pull/5635#issuecomment-629641459:446,test,tests,446,https://root.cern,https://github.com/root-project/root/pull/5635#issuecomment-629641459,2,['test'],"['testReport', 'tests']"
Testability,Build failed on ROOT-performance-centos7-multicore/default.; Running on olhswep22.cern.ch:/data/sftnight/workspace/root-pullrequests-build; [See cdash](http://cdash.cern.ch/index.php?project=ROOT&filtercount=1&field1=buildname/string&compare1=65&value1=PR-5635-ROOT-performance-centos7-multicore-default&date=2020-05-16).; [See console output](https://lcgapp-services.cern.ch/root-jenkins/job/root-pullrequests-build/82504/console).; ### Failing tests:; - [projectroot.roottest.root.io.filemerger.roottest_root_io_filemerger_simple_lz4_compr_level1](https://lcgapp-services.cern.ch/root-jenkins/job/root-pullrequests-build/82504/testReport/projectroot.roottest.root.io/filemerger/roottest_root_io_filemerger_simple_lz4_compr_level1/),MatchSource.ISSUE_COMMENT,root-project,root,v6-32-06,https://github.com/root-project/root/pull/5635#issuecomment-629671549:446,test,tests,446,https://root.cern,https://github.com/root-project/root/pull/5635#issuecomment-629671549,2,['test'],"['testReport', 'tests']"
Testability,Build failed on ROOT-performance-centos7-multicore/default.; Running on olhswep22.cern.ch:/data/sftnight/workspace/root-pullrequests-build; [See cdash](http://cdash.cern.ch/index.php?project=ROOT&filtercount=1&field1=buildname/string&compare1=65&value1=PR-5635-ROOT-performance-centos7-multicore-default&date=2020-05-17).; [See console output](https://lcgapp-services.cern.ch/root-jenkins/job/root-pullrequests-build/82520/console).; ### Failing tests:; - [projectroot.roottest.root.io.filemerger.roottest_root_io_filemerger_simple_lz4_compr_level1](https://lcgapp-services.cern.ch/root-jenkins/job/root-pullrequests-build/82520/testReport/projectroot.roottest.root.io/filemerger/roottest_root_io_filemerger_simple_lz4_compr_level1/),MatchSource.ISSUE_COMMENT,root-project,root,v6-32-06,https://github.com/root-project/root/pull/5635#issuecomment-629712329:446,test,tests,446,https://root.cern,https://github.com/root-project/root/pull/5635#issuecomment-629712329,2,['test'],"['testReport', 'tests']"
Testability,Build failed on ROOT-performance-centos7-multicore/default.; Running on olhswep22.cern.ch:/data/sftnight/workspace/root-pullrequests-build; [See cdash](http://cdash.cern.ch/index.php?project=ROOT&filtercount=1&field1=buildname/string&compare1=65&value1=PR-5638-ROOT-performance-centos7-multicore-default&date=2020-05-18).; [See console output](https://lcgapp-services.cern.ch/root-jenkins/job/root-pullrequests-build/82568/console).; ### Failing tests:; - [projectroot.runtutorials.tutorial_dataframe_df103_NanoAODHiggsAnalysis](https://lcgapp-services.cern.ch/root-jenkins/job/root-pullrequests-build/82568/testReport/projectroot/runtutorials/tutorial_dataframe_df103_NanoAODHiggsAnalysis/),MatchSource.ISSUE_COMMENT,root-project,root,v6-32-06,https://github.com/root-project/root/pull/5638#issuecomment-630031507:446,test,tests,446,https://root.cern,https://github.com/root-project/root/pull/5638#issuecomment-630031507,2,['test'],"['testReport', 'tests']"
Testability,Build failed on ROOT-performance-centos7-multicore/default.; Running on olhswep22.cern.ch:/data/sftnight/workspace/root-pullrequests-build; [See cdash](http://cdash.cern.ch/index.php?project=ROOT&filtercount=1&field1=buildname/string&compare1=65&value1=PR-5639-ROOT-performance-centos7-multicore-default&date=2020-05-19).; [See console output](https://lcgapp-services.cern.ch/root-jenkins/job/root-pullrequests-build/82702/console).; ### Failing tests:; - [projectroot.roottest.root.io.filemerger.roottest_root_io_filemerger_simple_lz4_compr_level1](https://lcgapp-services.cern.ch/root-jenkins/job/root-pullrequests-build/82702/testReport/projectroot.roottest.root.io/filemerger/roottest_root_io_filemerger_simple_lz4_compr_level1/); - [projectroot.roottest.root.meta.roottest_root_meta_runnospace_auto](https://lcgapp-services.cern.ch/root-jenkins/job/root-pullrequests-build/82702/testReport/projectroot.roottest.root/meta/roottest_root_meta_runnospace_auto/),MatchSource.ISSUE_COMMENT,root-project,root,v6-32-06,https://github.com/root-project/root/pull/5639#issuecomment-630631066:446,test,tests,446,https://root.cern,https://github.com/root-project/root/pull/5639#issuecomment-630631066,3,['test'],"['testReport', 'tests']"
Testability,Build failed on ROOT-performance-centos7-multicore/default.; Running on olhswep22.cern.ch:/data/sftnight/workspace/root-pullrequests-build; [See cdash](http://cdash.cern.ch/index.php?project=ROOT&filtercount=1&field1=buildname/string&compare1=65&value1=PR-5640-ROOT-performance-centos7-multicore-default&date=2020-05-18).; [See console output](https://lcgapp-services.cern.ch/root-jenkins/job/root-pullrequests-build/82584/console).; ### Failing tests:; - [projectroot.runtutorials.tutorial_dataframe_df103_NanoAODHiggsAnalysis](https://lcgapp-services.cern.ch/root-jenkins/job/root-pullrequests-build/82584/testReport/projectroot/runtutorials/tutorial_dataframe_df103_NanoAODHiggsAnalysis/),MatchSource.ISSUE_COMMENT,root-project,root,v6-32-06,https://github.com/root-project/root/pull/5640#issuecomment-630076360:446,test,tests,446,https://root.cern,https://github.com/root-project/root/pull/5640#issuecomment-630076360,2,['test'],"['testReport', 'tests']"
Testability,Build failed on ROOT-performance-centos7-multicore/default.; Running on olhswep22.cern.ch:/data/sftnight/workspace/root-pullrequests-build; [See cdash](http://cdash.cern.ch/index.php?project=ROOT&filtercount=1&field1=buildname/string&compare1=65&value1=PR-5643-ROOT-performance-centos7-multicore-default&date=2020-05-20).; [See console output](https://lcgapp-services.cern.ch/root-jenkins/job/root-pullrequests-build/82999/console).; ### Failing tests:; - [projectroot.roottest.python.regression.roottest_python_regression_regression](https://lcgapp-services.cern.ch/root-jenkins/job/root-pullrequests-build/82999/testReport/projectroot.roottest.python/regression/roottest_python_regression_regression/),MatchSource.ISSUE_COMMENT,root-project,root,v6-32-06,https://github.com/root-project/root/pull/5643#issuecomment-631389521:446,test,tests,446,https://root.cern,https://github.com/root-project/root/pull/5643#issuecomment-631389521,2,['test'],"['testReport', 'tests']"
Testability,Build failed on ROOT-performance-centos7-multicore/default.; Running on olhswep22.cern.ch:/data/sftnight/workspace/root-pullrequests-build; [See cdash](http://cdash.cern.ch/index.php?project=ROOT&filtercount=1&field1=buildname/string&compare1=65&value1=PR-5643-ROOT-performance-centos7-multicore-default&date=2020-05-22).; [See console output](https://lcgapp-services.cern.ch/root-jenkins/job/root-pullrequests-build/83145/console).; ### Failing tests:; - [projectroot.roottest.python.cmdLineUtils.roottest_python_cmdLineUtils_SimpleRootrm3PrepareInput](https://lcgapp-services.cern.ch/root-jenkins/job/root-pullrequests-build/83145/testReport/projectroot.roottest.python/cmdLineUtils/roottest_python_cmdLineUtils_SimpleRootrm3PrepareInput/); - [projectroot.roottest.python.cmdLineUtils.roottest_python_cmdLineUtils_SimpleRootrm1PrepareInput](https://lcgapp-services.cern.ch/root-jenkins/job/root-pullrequests-build/83145/testReport/projectroot.roottest.python/cmdLineUtils/roottest_python_cmdLineUtils_SimpleRootrm1PrepareInput/); - [projectroot.roottest.python.cmdLineUtils.roottest_python_cmdLineUtils_SimpleRootcp2PrepareInput](https://lcgapp-services.cern.ch/root-jenkins/job/root-pullrequests-build/83145/testReport/projectroot.roottest.python/cmdLineUtils/roottest_python_cmdLineUtils_SimpleRootcp2PrepareInput/); - [projectroot.roottest.python.cmdLineUtils.roottest_python_cmdLineUtils_SimpleRootcp1PrepareInput](https://lcgapp-services.cern.ch/root-jenkins/job/root-pullrequests-build/83145/testReport/projectroot.roottest.python/cmdLineUtils/roottest_python_cmdLineUtils_SimpleRootcp1PrepareInput/); - [projectroot.roottest.python.cmdLineUtils.roottest_python_cmdLineUtils_SimpleRootmkdir2PrepareInput](https://lcgapp-services.cern.ch/root-jenkins/job/root-pullrequests-build/83145/testReport/projectroot.roottest.python/cmdLineUtils/roottest_python_cmdLineUtils_SimpleRootmkdir2PrepareInput/); - [projectroot.roottest.python.cmdLineUtils.roottest_python_cmdLineUtils_SimpleRootmkdir3Prepare,MatchSource.ISSUE_COMMENT,root-project,root,v6-32-06,https://github.com/root-project/root/pull/5643#issuecomment-632555596:446,test,tests,446,https://root.cern,https://github.com/root-project/root/pull/5643#issuecomment-632555596,3,['test'],"['testReport', 'tests']"
Testability,Build failed on ROOT-performance-centos7-multicore/default.; Running on olhswep22.cern.ch:/data/sftnight/workspace/root-pullrequests-build; [See cdash](http://cdash.cern.ch/index.php?project=ROOT&filtercount=1&field1=buildname/string&compare1=65&value1=PR-5643-ROOT-performance-centos7-multicore-default&date=2020-05-22).; [See console output](https://lcgapp-services.cern.ch/root-jenkins/job/root-pullrequests-build/83153/console).; ### Failing tests:; - [projectroot.roottest.python.regression.roottest_python_regression_regression](https://lcgapp-services.cern.ch/root-jenkins/job/root-pullrequests-build/83153/testReport/projectroot.roottest.python/regression/roottest_python_regression_regression/),MatchSource.ISSUE_COMMENT,root-project,root,v6-32-06,https://github.com/root-project/root/pull/5643#issuecomment-632584287:446,test,tests,446,https://root.cern,https://github.com/root-project/root/pull/5643#issuecomment-632584287,2,['test'],"['testReport', 'tests']"
Testability,Build failed on ROOT-performance-centos7-multicore/default.; Running on olhswep22.cern.ch:/data/sftnight/workspace/root-pullrequests-build; [See cdash](http://cdash.cern.ch/index.php?project=ROOT&filtercount=1&field1=buildname/string&compare1=65&value1=PR-5643-ROOT-performance-centos7-multicore-default&date=2020-05-26).; [See console output](https://lcgapp-services.cern.ch/root-jenkins/job/root-pullrequests-build/83565/console).; ### Failing tests:; - [projectroot.roottest.python.regression.roottest_python_regression_regression](https://lcgapp-services.cern.ch/root-jenkins/job/root-pullrequests-build/83565/testReport/projectroot.roottest.python/regression/roottest_python_regression_regression/),MatchSource.ISSUE_COMMENT,root-project,root,v6-32-06,https://github.com/root-project/root/pull/5643#issuecomment-633904852:446,test,tests,446,https://root.cern,https://github.com/root-project/root/pull/5643#issuecomment-633904852,2,['test'],"['testReport', 'tests']"
Testability,Build failed on ROOT-performance-centos7-multicore/default.; Running on olhswep22.cern.ch:/data/sftnight/workspace/root-pullrequests-build; [See cdash](http://cdash.cern.ch/index.php?project=ROOT&filtercount=1&field1=buildname/string&compare1=65&value1=PR-5645-ROOT-performance-centos7-multicore-default&date=2020-05-18).; [See console output](https://lcgapp-services.cern.ch/root-jenkins/job/root-pullrequests-build/82649/console).; ### Failing tests:; - [projectroot.test.test_stressmathcore_interpreted](https://lcgapp-services.cern.ch/root-jenkins/job/root-pullrequests-build/82649/testReport/projectroot/test/test_stressmathcore_interpreted/); - [projectroot.roottest.root.tree.addresses.roottest_root_tree_addresses_make](https://lcgapp-services.cern.ch/root-jenkins/job/root-pullrequests-build/82649/testReport/projectroot.roottest.root.tree/addresses/roottest_root_tree_addresses_make/); - [projectroot.roottest.root.treeformula.function.roottest_root_treeformula_function_make](https://lcgapp-services.cern.ch/root-jenkins/job/root-pullrequests-build/82649/testReport/projectroot.roottest.root.treeformula/function/roottest_root_treeformula_function_make/),MatchSource.ISSUE_COMMENT,root-project,root,v6-32-06,https://github.com/root-project/root/pull/5645#issuecomment-630277609:446,test,tests,446,https://root.cern,https://github.com/root-project/root/pull/5645#issuecomment-630277609,6,['test'],"['test', 'testReport', 'tests']"
Testability,Build failed on ROOT-performance-centos7-multicore/default.; Running on olhswep22.cern.ch:/data/sftnight/workspace/root-pullrequests-build; [See cdash](http://cdash.cern.ch/index.php?project=ROOT&filtercount=1&field1=buildname/string&compare1=65&value1=PR-5647-ROOT-performance-centos7-multicore-default&date=2020-09-14).; [See console output](https://lcgapp-services.cern.ch/root-jenkins/job/root-pullrequests-build/95719/console).; ### Failing tests:; - [projectroot.test.test_stressIOPlugins_xroot](https://lcgapp-services.cern.ch/root-jenkins/job/root-pullrequests-build/95719/testReport/projectroot/test/test_stressIOPlugins_xroot/); - [projectroot.tree.treeplayer.test.gtest_tree_treeplayer_test_treeprocessormt](https://lcgapp-services.cern.ch/root-jenkins/job/root-pullrequests-build/95719/testReport/projectroot.tree.treeplayer/test/gtest_tree_treeplayer_test_treeprocessormt/); - [projectroot.runtutorials.tutorial_tmva_tmva103_Application](https://lcgapp-services.cern.ch/root-jenkins/job/root-pullrequests-build/95719/testReport/projectroot/runtutorials/tutorial_tmva_tmva103_Application/),MatchSource.ISSUE_COMMENT,root-project,root,v6-32-06,https://github.com/root-project/root/pull/5647#issuecomment-692124967:446,test,tests,446,https://root.cern,https://github.com/root-project/root/pull/5647#issuecomment-692124967,8,['test'],"['test', 'testReport', 'tests']"
Testability,Build failed on ROOT-performance-centos7-multicore/default.; Running on olhswep22.cern.ch:/data/sftnight/workspace/root-pullrequests-build; [See cdash](http://cdash.cern.ch/index.php?project=ROOT&filtercount=1&field1=buildname/string&compare1=65&value1=PR-5649-ROOT-performance-centos7-multicore-default&date=2020-05-19).; [See console output](https://lcgapp-services.cern.ch/root-jenkins/job/root-pullrequests-build/82742/console).; ### Failing tests:; - [projectroot.runtutorials.tutorial_math_principal_py](https://lcgapp-services.cern.ch/root-jenkins/job/root-pullrequests-build/82742/testReport/projectroot/runtutorials/tutorial_math_principal_py/),MatchSource.ISSUE_COMMENT,root-project,root,v6-32-06,https://github.com/root-project/root/pull/5649#issuecomment-630703376:446,test,tests,446,https://root.cern,https://github.com/root-project/root/pull/5649#issuecomment-630703376,2,['test'],"['testReport', 'tests']"
Testability,Build failed on ROOT-performance-centos7-multicore/default.; Running on olhswep22.cern.ch:/data/sftnight/workspace/root-pullrequests-build; [See cdash](http://cdash.cern.ch/index.php?project=ROOT&filtercount=1&field1=buildname/string&compare1=65&value1=PR-5650-ROOT-performance-centos7-multicore-default&date=2020-05-19).; [See console output](https://lcgapp-services.cern.ch/root-jenkins/job/root-pullrequests-build/82910/console).; ### Failing tests:; - [projectroot.runtutorials.tutorial_tmva_TMVACrossValidationApplication](https://lcgapp-services.cern.ch/root-jenkins/job/root-pullrequests-build/82910/testReport/projectroot/runtutorials/tutorial_tmva_TMVACrossValidationApplication/),MatchSource.ISSUE_COMMENT,root-project,root,v6-32-06,https://github.com/root-project/root/pull/5650#issuecomment-631032437:446,test,tests,446,https://root.cern,https://github.com/root-project/root/pull/5650#issuecomment-631032437,2,['test'],"['testReport', 'tests']"
Testability,Build failed on ROOT-performance-centos7-multicore/default.; Running on olhswep22.cern.ch:/data/sftnight/workspace/root-pullrequests-build; [See cdash](http://cdash.cern.ch/index.php?project=ROOT&filtercount=1&field1=buildname/string&compare1=65&value1=PR-5661-ROOT-performance-centos7-multicore-default&date=2020-05-20).; [See console output](https://lcgapp-services.cern.ch/root-jenkins/job/root-pullrequests-build/82975/console).; ### Failing tests:; - [projectroot.roottest.root.io.filemerger.roottest_root_io_filemerger_simple_lz4_compr_level1](https://lcgapp-services.cern.ch/root-jenkins/job/root-pullrequests-build/82975/testReport/projectroot.roottest.root.io/filemerger/roottest_root_io_filemerger_simple_lz4_compr_level1/),MatchSource.ISSUE_COMMENT,root-project,root,v6-32-06,https://github.com/root-project/root/pull/5661#issuecomment-631357124:446,test,tests,446,https://root.cern,https://github.com/root-project/root/pull/5661#issuecomment-631357124,2,['test'],"['testReport', 'tests']"
Testability,Build failed on ROOT-performance-centos7-multicore/default.; Running on olhswep22.cern.ch:/data/sftnight/workspace/root-pullrequests-build; [See cdash](http://cdash.cern.ch/index.php?project=ROOT&filtercount=1&field1=buildname/string&compare1=65&value1=PR-5662-ROOT-performance-centos7-multicore-default&date=2020-05-20).; [See console output](https://lcgapp-services.cern.ch/root-jenkins/job/root-pullrequests-build/82983/console).; ### Failing tests:; - [projectroot.runtutorials.tutorial_math_mathBeta](https://lcgapp-services.cern.ch/root-jenkins/job/root-pullrequests-build/82983/testReport/projectroot/runtutorials/tutorial_math_mathBeta/),MatchSource.ISSUE_COMMENT,root-project,root,v6-32-06,https://github.com/root-project/root/pull/5662#issuecomment-631368607:446,test,tests,446,https://root.cern,https://github.com/root-project/root/pull/5662#issuecomment-631368607,2,['test'],"['testReport', 'tests']"
Testability,Build failed on ROOT-performance-centos7-multicore/default.; Running on olhswep22.cern.ch:/data/sftnight/workspace/root-pullrequests-build; [See cdash](http://cdash.cern.ch/index.php?project=ROOT&filtercount=1&field1=buildname/string&compare1=65&value1=PR-5665-ROOT-performance-centos7-multicore-default&date=2020-05-20).; [See console output](https://lcgapp-services.cern.ch/root-jenkins/job/root-pullrequests-build/83031/console).; ### Failing tests:; - [projectroot.runtutorials.tutorial_math_mathcoreVectorFloatIO](https://lcgapp-services.cern.ch/root-jenkins/job/root-pullrequests-build/83031/testReport/projectroot/runtutorials/tutorial_math_mathcoreVectorFloatIO/),MatchSource.ISSUE_COMMENT,root-project,root,v6-32-06,https://github.com/root-project/root/pull/5665#issuecomment-631544030:446,test,tests,446,https://root.cern,https://github.com/root-project/root/pull/5665#issuecomment-631544030,2,['test'],"['testReport', 'tests']"
Testability,Build failed on ROOT-performance-centos7-multicore/default.; Running on olhswep22.cern.ch:/data/sftnight/workspace/root-pullrequests-build; [See cdash](http://cdash.cern.ch/index.php?project=ROOT&filtercount=1&field1=buildname/string&compare1=65&value1=PR-5667-ROOT-performance-centos7-multicore-default&date=2020-05-20).; [See console output](https://lcgapp-services.cern.ch/root-jenkins/job/root-pullrequests-build/83055/console).; ### Failing tests:; - [projectroot.runtutorials.tutorial_math_principal_py](https://lcgapp-services.cern.ch/root-jenkins/job/root-pullrequests-build/83055/testReport/projectroot/runtutorials/tutorial_math_principal_py/); - [projectroot.roottest.root.multicore.roottest_root_multicore_tp_process_imt](https://lcgapp-services.cern.ch/root-jenkins/job/root-pullrequests-build/83055/testReport/projectroot.roottest.root/multicore/roottest_root_multicore_tp_process_imt/),MatchSource.ISSUE_COMMENT,root-project,root,v6-32-06,https://github.com/root-project/root/pull/5667#issuecomment-631603018:446,test,tests,446,https://root.cern,https://github.com/root-project/root/pull/5667#issuecomment-631603018,3,['test'],"['testReport', 'tests']"
Testability,Build failed on ROOT-performance-centos7-multicore/default.; Running on olhswep22.cern.ch:/data/sftnight/workspace/root-pullrequests-build; [See cdash](http://cdash.cern.ch/index.php?project=ROOT&filtercount=1&field1=buildname/string&compare1=65&value1=PR-5667-ROOT-performance-centos7-multicore-default&date=2020-05-25).; [See console output](https://lcgapp-services.cern.ch/root-jenkins/job/root-pullrequests-build/83476/console).; ### Failing tests:; - [projectroot.roottest.root.multicore.roottest_root_multicore_tp_process_imt](https://lcgapp-services.cern.ch/root-jenkins/job/root-pullrequests-build/83476/testReport/projectroot.roottest.root/multicore/roottest_root_multicore_tp_process_imt/),MatchSource.ISSUE_COMMENT,root-project,root,v6-32-06,https://github.com/root-project/root/pull/5667#issuecomment-633678516:446,test,tests,446,https://root.cern,https://github.com/root-project/root/pull/5667#issuecomment-633678516,2,['test'],"['testReport', 'tests']"
Testability,Build failed on ROOT-performance-centos7-multicore/default.; Running on olhswep22.cern.ch:/data/sftnight/workspace/root-pullrequests-build; [See cdash](http://cdash.cern.ch/index.php?project=ROOT&filtercount=1&field1=buildname/string&compare1=65&value1=PR-5671-ROOT-performance-centos7-multicore-default&date=2020-05-21).; [See console output](https://lcgapp-services.cern.ch/root-jenkins/job/root-pullrequests-build/83079/console).; ### Failing tests:; - [projectroot.runtutorials.tutorial_math_kdTreeBinning](https://lcgapp-services.cern.ch/root-jenkins/job/root-pullrequests-build/83079/testReport/projectroot/runtutorials/tutorial_math_kdTreeBinning/),MatchSource.ISSUE_COMMENT,root-project,root,v6-32-06,https://github.com/root-project/root/pull/5671#issuecomment-631794715:446,test,tests,446,https://root.cern,https://github.com/root-project/root/pull/5671#issuecomment-631794715,2,['test'],"['testReport', 'tests']"
Testability,Build failed on ROOT-performance-centos7-multicore/default.; Running on olhswep22.cern.ch:/data/sftnight/workspace/root-pullrequests-build; [See cdash](http://cdash.cern.ch/index.php?project=ROOT&filtercount=1&field1=buildname/string&compare1=65&value1=PR-5679-ROOT-performance-centos7-multicore-default&date=2020-05-22).; [See console output](https://lcgapp-services.cern.ch/root-jenkins/job/root-pullrequests-build/83217/console).; ### Failing tests:; - [projectroot.tree.dataframe.test.gtest_tree_dataframe_test_dataframe_entrylist](https://lcgapp-services.cern.ch/root-jenkins/job/root-pullrequests-build/83217/testReport/projectroot.tree.dataframe/test/gtest_tree_dataframe_test_dataframe_entrylist/); - [projectroot.runtutorials.tutorial_tree_drawsparse](https://lcgapp-services.cern.ch/root-jenkins/job/root-pullrequests-build/83217/testReport/projectroot/runtutorials/tutorial_tree_drawsparse/); - [projectroot.tree.dataframe.test.gtest_tree_dataframe_test_dataframe_regression](https://lcgapp-services.cern.ch/root-jenkins/job/root-pullrequests-build/83217/testReport/projectroot.tree.dataframe/test/gtest_tree_dataframe_test_dataframe_regression/),MatchSource.ISSUE_COMMENT,root-project,root,v6-32-06,https://github.com/root-project/root/pull/5679#issuecomment-632827304:446,test,tests,446,https://root.cern,https://github.com/root-project/root/pull/5679#issuecomment-632827304,8,['test'],"['test', 'testReport', 'tests']"
Testability,Build failed on ROOT-performance-centos7-multicore/default.; Running on olhswep22.cern.ch:/data/sftnight/workspace/root-pullrequests-build; [See cdash](http://cdash.cern.ch/index.php?project=ROOT&filtercount=1&field1=buildname/string&compare1=65&value1=PR-5682-ROOT-performance-centos7-multicore-default&date=2020-05-24).; [See console output](https://lcgapp-services.cern.ch/root-jenkins/job/root-pullrequests-build/83282/console).; ### Failing tests:; - [projectroot.tree.dataframe.test.gtest_tree_dataframe_test_dataframe_entrylist](https://lcgapp-services.cern.ch/root-jenkins/job/root-pullrequests-build/83282/testReport/projectroot.tree.dataframe/test/gtest_tree_dataframe_test_dataframe_entrylist/); - [projectroot.tree.dataframe.test.gtest_tree_dataframe_test_dataframe_regression](https://lcgapp-services.cern.ch/root-jenkins/job/root-pullrequests-build/83282/testReport/projectroot.tree.dataframe/test/gtest_tree_dataframe_test_dataframe_regression/),MatchSource.ISSUE_COMMENT,root-project,root,v6-32-06,https://github.com/root-project/root/pull/5682#issuecomment-633265236:446,test,tests,446,https://root.cern,https://github.com/root-project/root/pull/5682#issuecomment-633265236,7,['test'],"['test', 'testReport', 'tests']"
Testability,Build failed on ROOT-performance-centos7-multicore/default.; Running on olhswep22.cern.ch:/data/sftnight/workspace/root-pullrequests-build; [See cdash](http://cdash.cern.ch/index.php?project=ROOT&filtercount=1&field1=buildname/string&compare1=65&value1=PR-5692-ROOT-performance-centos7-multicore-default&date=2020-05-25).; [See console output](https://lcgapp-services.cern.ch/root-jenkins/job/root-pullrequests-build/83387/console).; ### Failing tests:; - [projectroot.roottest.cling.functionTemplate.roottest_cling_functionTemplate_testcint](https://lcgapp-services.cern.ch/root-jenkins/job/root-pullrequests-build/83387/testReport/projectroot.roottest.cling/functionTemplate/roottest_cling_functionTemplate_testcint/); - [projectroot.roottest.python.basic.roottest_python_basic_operator](https://lcgapp-services.cern.ch/root-jenkins/job/root-pullrequests-build/83387/testReport/projectroot.roottest.python/basic/roottest_python_basic_operator/); - [projectroot.roottest.python.basic.roottest_python_basic_basic](https://lcgapp-services.cern.ch/root-jenkins/job/root-pullrequests-build/83387/testReport/projectroot.roottest.python/basic/roottest_python_basic_basic/); - [projectroot.roottest.python.basic.roottest_python_basic_datatype](https://lcgapp-services.cern.ch/root-jenkins/job/root-pullrequests-build/83387/testReport/projectroot.roottest.python/basic/roottest_python_basic_datatype/); - [projectroot.roottest.python.basic.roottest_python_basic_overload](https://lcgapp-services.cern.ch/root-jenkins/job/root-pullrequests-build/83387/testReport/projectroot.roottest.python/basic/roottest_python_basic_overload/); - [projectroot.roottest.python.cling.roottest_python_cling_cling](https://lcgapp-services.cern.ch/root-jenkins/job/root-pullrequests-build/83387/testReport/projectroot.roottest.python/cling/roottest_python_cling_cling/); - [projectroot.roottest.python.cpp.roottest_python_cpp_cpp11](https://lcgapp-services.cern.ch/root-jenkins/job/root-pullrequests-build/83387/testReport/proje,MatchSource.ISSUE_COMMENT,root-project,root,v6-32-06,https://github.com/root-project/root/pull/5692#issuecomment-633501394:446,test,tests,446,https://root.cern,https://github.com/root-project/root/pull/5692#issuecomment-633501394,3,['test'],"['testReport', 'tests']"
Testability,Build failed on ROOT-performance-centos7-multicore/default.; Running on olhswep22.cern.ch:/data/sftnight/workspace/root-pullrequests-build; [See cdash](http://cdash.cern.ch/index.php?project=ROOT&filtercount=1&field1=buildname/string&compare1=65&value1=PR-5693-ROOT-performance-centos7-multicore-default&date=2020-05-25).; [See console output](https://lcgapp-services.cern.ch/root-jenkins/job/root-pullrequests-build/83404/console).; ### Failing tests:; - [projectroot.roottest.root.meta.roottest_root_meta_namespaceconflict](https://lcgapp-services.cern.ch/root-jenkins/job/root-pullrequests-build/83404/testReport/projectroot.roottest.root/meta/roottest_root_meta_namespaceconflict/),MatchSource.ISSUE_COMMENT,root-project,root,v6-32-06,https://github.com/root-project/root/pull/5693#issuecomment-633528608:446,test,tests,446,https://root.cern,https://github.com/root-project/root/pull/5693#issuecomment-633528608,2,['test'],"['testReport', 'tests']"
Testability,Build failed on ROOT-performance-centos7-multicore/default.; Running on olhswep22.cern.ch:/data/sftnight/workspace/root-pullrequests-build; [See cdash](http://cdash.cern.ch/index.php?project=ROOT&filtercount=1&field1=buildname/string&compare1=65&value1=PR-5697-ROOT-performance-centos7-multicore-default&date=2020-05-25).; [See console output](https://lcgapp-services.cern.ch/root-jenkins/job/root-pullrequests-build/83460/console).; ### Failing tests:; - [projectroot.roottest.root.io.filemerger.roottest_root_io_filemerger_simple_lz4_compr_level1](https://lcgapp-services.cern.ch/root-jenkins/job/root-pullrequests-build/83460/testReport/projectroot.roottest.root.io/filemerger/roottest_root_io_filemerger_simple_lz4_compr_level1/),MatchSource.ISSUE_COMMENT,root-project,root,v6-32-06,https://github.com/root-project/root/pull/5697#issuecomment-633620777:446,test,tests,446,https://root.cern,https://github.com/root-project/root/pull/5697#issuecomment-633620777,2,['test'],"['testReport', 'tests']"
Testability,Build failed on ROOT-performance-centos7-multicore/default.; Running on olhswep22.cern.ch:/data/sftnight/workspace/root-pullrequests-build; [See cdash](http://cdash.cern.ch/index.php?project=ROOT&filtercount=1&field1=buildname/string&compare1=65&value1=PR-5704-ROOT-performance-centos7-multicore-default&date=2020-05-26).; [See console output](https://lcgapp-services.cern.ch/root-jenkins/job/root-pullrequests-build/83581/console).; ### Failing tests:; - [projectroot.roottest.root.io.filemerger.roottest_root_io_filemerger_simple_lz4_compr_level1](https://lcgapp-services.cern.ch/root-jenkins/job/root-pullrequests-build/83581/testReport/projectroot.roottest.root.io/filemerger/roottest_root_io_filemerger_simple_lz4_compr_level1/),MatchSource.ISSUE_COMMENT,root-project,root,v6-32-06,https://github.com/root-project/root/pull/5704#issuecomment-633948419:446,test,tests,446,https://root.cern,https://github.com/root-project/root/pull/5704#issuecomment-633948419,2,['test'],"['testReport', 'tests']"
Testability,Build failed on ROOT-performance-centos7-multicore/default.; Running on olhswep22.cern.ch:/data/sftnight/workspace/root-pullrequests-build; [See cdash](http://cdash.cern.ch/index.php?project=ROOT&filtercount=1&field1=buildname/string&compare1=65&value1=PR-5711-ROOT-performance-centos7-multicore-default&date=2020-05-26).; [See console output](https://lcgapp-services.cern.ch/root-jenkins/job/root-pullrequests-build/83669/console).; ### Failing tests:; - [projectroot.runtutorials.tutorial_tmva_TMVAClassification](https://lcgapp-services.cern.ch/root-jenkins/job/root-pullrequests-build/83669/testReport/projectroot/runtutorials/tutorial_tmva_TMVAClassification/); - [projectroot.runtutorials.tutorial_tmva_TMVARegression](https://lcgapp-services.cern.ch/root-jenkins/job/root-pullrequests-build/83669/testReport/projectroot/runtutorials/tutorial_tmva_TMVARegression/); - [projectroot.tmva.tmva.test.DNN.TMVA_DNN_Regression_Cpu](https://lcgapp-services.cern.ch/root-jenkins/job/root-pullrequests-build/83669/testReport/projectroot.tmva.tmva.test/DNN/TMVA_DNN_Regression_Cpu/); - [projectroot.tmva.tmva.test.DNN.TMVA_DNN_MethodDL_Adam_Optimization_Cpu](https://lcgapp-services.cern.ch/root-jenkins/job/root-pullrequests-build/83669/testReport/projectroot.tmva.tmva.test/DNN/TMVA_DNN_MethodDL_Adam_Optimization_Cpu/); - [projectroot.tmva.tmva.test.DNN.TMVA_DNN_MethodDL_Adadelta_Optimization_Cpu](https://lcgapp-services.cern.ch/root-jenkins/job/root-pullrequests-build/83669/testReport/projectroot.tmva.tmva.test/DNN/TMVA_DNN_MethodDL_Adadelta_Optimization_Cpu/); - [projectroot.tmva.tmva.test.DNN.TMVA_DNN_MethodDL_Adagrad_Optimization_Cpu](https://lcgapp-services.cern.ch/root-jenkins/job/root-pullrequests-build/83669/testReport/projectroot.tmva.tmva.test/DNN/TMVA_DNN_MethodDL_Adagrad_Optimization_Cpu/); - [projectroot.tmva.tmva.test.DNN.TMVA_DNN_MethodDL_RMSProp_Optimization_Cpu](https://lcgapp-services.cern.ch/root-jenkins/job/root-pullrequests-build/83669/testReport/projectroot.tmva.tmva.t,MatchSource.ISSUE_COMMENT,root-project,root,v6-32-06,https://github.com/root-project/root/pull/5711#issuecomment-634228135:446,test,tests,446,https://root.cern,https://github.com/root-project/root/pull/5711#issuecomment-634228135,5,['test'],"['test', 'testReport', 'tests']"
Testability,Build failed on ROOT-performance-centos7-multicore/default.; Running on olhswep22.cern.ch:/data/sftnight/workspace/root-pullrequests-build; [See cdash](http://cdash.cern.ch/index.php?project=ROOT&filtercount=1&field1=buildname/string&compare1=65&value1=PR-5712-ROOT-performance-centos7-multicore-default&date=2020-05-27).; [See console output](https://lcgapp-services.cern.ch/root-jenkins/job/root-pullrequests-build/83733/console).; ### Failing tests:; - [projectroot.runtutorials.tutorial_graphics_palettes](https://lcgapp-services.cern.ch/root-jenkins/job/root-pullrequests-build/83733/testReport/projectroot/runtutorials/tutorial_graphics_palettes/),MatchSource.ISSUE_COMMENT,root-project,root,v6-32-06,https://github.com/root-project/root/pull/5712#issuecomment-634589197:446,test,tests,446,https://root.cern,https://github.com/root-project/root/pull/5712#issuecomment-634589197,2,['test'],"['testReport', 'tests']"
Testability,Build failed on ROOT-performance-centos7-multicore/default.; Running on olhswep22.cern.ch:/data/sftnight/workspace/root-pullrequests-build; [See cdash](http://cdash.cern.ch/index.php?project=ROOT&filtercount=1&field1=buildname/string&compare1=65&value1=PR-5715-ROOT-performance-centos7-multicore-default&date=2020-05-27).; [See console output](https://lcgapp-services.cern.ch/root-jenkins/job/root-pullrequests-build/83749/console).; ### Errors:; - [2020-05-27T13:09:56.130Z] CMake Error at tree/dataframe/test/CMakeLists.txt:20 (add_library): ; - [2020-05-27T13:09:56.697Z] CMake Error at tree/dataframe/test/CMakeLists.txt:20 (add_library): ; - [2020-05-27T13:09:56.697Z] CMake Error at /data/sftnight/workspace/root-pullrequests-build/rootspi/jenkins/root-build.cmake:1005 (message):,MatchSource.ISSUE_COMMENT,root-project,root,v6-32-06,https://github.com/root-project/root/pull/5715#issuecomment-634648714:506,test,test,506,https://root.cern,https://github.com/root-project/root/pull/5715#issuecomment-634648714,2,['test'],['test']
Testability,Build failed on ROOT-performance-centos7-multicore/default.; Running on olhswep22.cern.ch:/data/sftnight/workspace/root-pullrequests-build; [See cdash](http://cdash.cern.ch/index.php?project=ROOT&filtercount=1&field1=buildname/string&compare1=65&value1=PR-5715-ROOT-performance-centos7-multicore-default&date=2020-05-27).; [See console output](https://lcgapp-services.cern.ch/root-jenkins/job/root-pullrequests-build/83757/console).; ### Failing tests:; - [projectroot.roottest.root.io.filemerger.roottest_root_io_filemerger_make](https://lcgapp-services.cern.ch/root-jenkins/job/root-pullrequests-build/83757/testReport/projectroot.roottest.root.io/filemerger/roottest_root_io_filemerger_make/); - [projectroot.roottest.root.tree.fastcloning.roottest_root_tree_fastcloning_make](https://lcgapp-services.cern.ch/root-jenkins/job/root-pullrequests-build/83757/testReport/projectroot.roottest.root.tree/fastcloning/roottest_root_tree_fastcloning_make/),MatchSource.ISSUE_COMMENT,root-project,root,v6-32-06,https://github.com/root-project/root/pull/5715#issuecomment-634675301:446,test,tests,446,https://root.cern,https://github.com/root-project/root/pull/5715#issuecomment-634675301,3,['test'],"['testReport', 'tests']"
Testability,Build failed on ROOT-performance-centos7-multicore/default.; Running on olhswep22.cern.ch:/data/sftnight/workspace/root-pullrequests-build; [See cdash](http://cdash.cern.ch/index.php?project=ROOT&filtercount=1&field1=buildname/string&compare1=65&value1=PR-5717-ROOT-performance-centos7-multicore-default&date=2020-05-27).; [See console output](https://lcgapp-services.cern.ch/root-jenkins/job/root-pullrequests-build/83741/console).; ### Failing tests:; - [projectroot.roottest.python.JupyROOT.roottest_python_JupyROOT_ROOT_kernel_notebook](https://lcgapp-services.cern.ch/root-jenkins/job/root-pullrequests-build/83741/testReport/projectroot.roottest.python/JupyROOT/roottest_python_JupyROOT_ROOT_kernel_notebook/),MatchSource.ISSUE_COMMENT,root-project,root,v6-32-06,https://github.com/root-project/root/pull/5717#issuecomment-634598060:446,test,tests,446,https://root.cern,https://github.com/root-project/root/pull/5717#issuecomment-634598060,2,['test'],"['testReport', 'tests']"
Testability,Build failed on ROOT-performance-centos7-multicore/default.; Running on olhswep22.cern.ch:/data/sftnight/workspace/root-pullrequests-build; [See cdash](http://cdash.cern.ch/index.php?project=ROOT&filtercount=1&field1=buildname/string&compare1=65&value1=PR-5718-ROOT-performance-centos7-multicore-default&date=2020-05-27).; [See console output](https://lcgapp-services.cern.ch/root-jenkins/job/root-pullrequests-build/83765/console).; ### Failing tests:; - [projectroot.test.test_stressroofit](https://lcgapp-services.cern.ch/root-jenkins/job/root-pullrequests-build/83765/testReport/projectroot/test/test_stressroofit/); - [projectroot.test.test_stressroofit_interpreted](https://lcgapp-services.cern.ch/root-jenkins/job/root-pullrequests-build/83765/testReport/projectroot/test/test_stressroofit_interpreted/); - [projectroot.runtutorials.tutorial_roofit_rf210_angularconv](https://lcgapp-services.cern.ch/root-jenkins/job/root-pullrequests-build/83765/testReport/projectroot/runtutorials/tutorial_roofit_rf210_angularconv/); - [projectroot.runtutorials.tutorial_roofit_rf211_paramconv](https://lcgapp-services.cern.ch/root-jenkins/job/root-pullrequests-build/83765/testReport/projectroot/runtutorials/tutorial_roofit_rf211_paramconv/); - [projectroot.runtutorials.tutorial_roofit_rf208_convolution](https://lcgapp-services.cern.ch/root-jenkins/job/root-pullrequests-build/83765/testReport/projectroot/runtutorials/tutorial_roofit_rf208_convolution/); - [projectroot.runtutorials.tutorial_roofit_rf512_wsfactory_oper](https://lcgapp-services.cern.ch/root-jenkins/job/root-pullrequests-build/83765/testReport/projectroot/runtutorials/tutorial_roofit_rf512_wsfactory_oper/),MatchSource.ISSUE_COMMENT,root-project,root,v6-32-06,https://github.com/root-project/root/pull/5718#issuecomment-634707772:446,test,tests,446,https://root.cern,https://github.com/root-project/root/pull/5718#issuecomment-634707772,11,['test'],"['test', 'testReport', 'tests']"
Testability,Build failed on ROOT-performance-centos7-multicore/default.; Running on olhswep22.cern.ch:/data/sftnight/workspace/root-pullrequests-build; [See cdash](http://cdash.cern.ch/index.php?project=ROOT&filtercount=1&field1=buildname/string&compare1=65&value1=PR-5721-ROOT-performance-centos7-multicore-default&date=2020-06-02).; [See console output](https://lcgapp-services.cern.ch/root-jenkins/job/root-pullrequests-build/84513/console).; ### Failing tests:; - [projectroot.test.test_bench](https://lcgapp-services.cern.ch/root-jenkins/job/root-pullrequests-build/84513/testReport/projectroot/test/test_bench/); - [projectroot.roottest.root.io.treeForeign.roottest_root_io_treeForeign_testForeignDraw](https://lcgapp-services.cern.ch/root-jenkins/job/root-pullrequests-build/84513/testReport/projectroot.roottest.root.io/treeForeign/roottest_root_io_treeForeign_testForeignDraw/); - [projectroot.roottest.root.tree.cloning.roottest_root_tree_cloning_exectrim](https://lcgapp-services.cern.ch/root-jenkins/job/root-pullrequests-build/84513/testReport/projectroot.roottest.root.tree/cloning/roottest_root_tree_cloning_exectrim/); - [projectroot.roottest.root.tree.reader.roottest_root_tree_reader_make](https://lcgapp-services.cern.ch/root-jenkins/job/root-pullrequests-build/84513/testReport/projectroot.roottest.root.tree/reader/roottest_root_tree_reader_make/); - [projectroot.roottest.root.tree.stl.roottest_root_tree_stl_make](https://lcgapp-services.cern.ch/root-jenkins/job/root-pullrequests-build/84513/testReport/projectroot.roottest.root.tree/stl/roottest_root_tree_stl_make/),MatchSource.ISSUE_COMMENT,root-project,root,v6-32-06,https://github.com/root-project/root/pull/5721#issuecomment-637220949:446,test,tests,446,https://root.cern,https://github.com/root-project/root/pull/5721#issuecomment-637220949,8,['test'],"['test', 'testReport', 'tests']"
Testability,Build failed on ROOT-performance-centos7-multicore/default.; Running on olhswep22.cern.ch:/data/sftnight/workspace/root-pullrequests-build; [See cdash](http://cdash.cern.ch/index.php?project=ROOT&filtercount=1&field1=buildname/string&compare1=65&value1=PR-5721-ROOT-performance-centos7-multicore-default&date=2020-06-03).; [See console output](https://lcgapp-services.cern.ch/root-jenkins/job/root-pullrequests-build/84962/console).; ### Failing tests:; - [projectroot.roottest.root.io.treeForeign.roottest_root_io_treeForeign_testForeignDraw](https://lcgapp-services.cern.ch/root-jenkins/job/root-pullrequests-build/84962/testReport/projectroot.roottest.root.io/treeForeign/roottest_root_io_treeForeign_testForeignDraw/); - [projectroot.roottest.root.tree.cloning.roottest_root_tree_cloning_exectrim](https://lcgapp-services.cern.ch/root-jenkins/job/root-pullrequests-build/84962/testReport/projectroot.roottest.root.tree/cloning/roottest_root_tree_cloning_exectrim/),MatchSource.ISSUE_COMMENT,root-project,root,v6-32-06,https://github.com/root-project/root/pull/5721#issuecomment-638446111:446,test,tests,446,https://root.cern,https://github.com/root-project/root/pull/5721#issuecomment-638446111,3,['test'],"['testReport', 'tests']"
Testability,Build failed on ROOT-performance-centos7-multicore/default.; Running on olhswep22.cern.ch:/data/sftnight/workspace/root-pullrequests-build; [See cdash](http://cdash.cern.ch/index.php?project=ROOT&filtercount=1&field1=buildname/string&compare1=65&value1=PR-5721-ROOT-performance-centos7-multicore-default&date=2020-06-05).; [See console output](https://lcgapp-services.cern.ch/root-jenkins/job/root-pullrequests-build/85251/console).; ### Failing tests:; - [projectroot.test.test_stress](https://lcgapp-services.cern.ch/root-jenkins/job/root-pullrequests-build/85251/testReport/projectroot/test/test_stress/); - [projectroot.roottest.root.io.compression.roottest_root_io_compression_make](https://lcgapp-services.cern.ch/root-jenkins/job/root-pullrequests-build/85251/testReport/projectroot.roottest.root.io/compression/roottest_root_io_compression_make/); - [projectroot.roottest.root.io.filemerger.roottest_root_io_filemerger_simple_default_compr_level9](https://lcgapp-services.cern.ch/root-jenkins/job/root-pullrequests-build/85251/testReport/projectroot.roottest.root.io/filemerger/roottest_root_io_filemerger_simple_default_compr_level9/); - [projectroot.roottest.root.io.filemerger.roottest_root_io_filemerger_simple_default_compr_level9_datageneration](https://lcgapp-services.cern.ch/root-jenkins/job/root-pullrequests-build/85251/testReport/projectroot.roottest.root.io/filemerger/roottest_root_io_filemerger_simple_default_compr_level9_datageneration/); - [projectroot.roottest.root.io.filemerger.roottest_root_io_filemerger_simplex2_default_compr_level9](https://lcgapp-services.cern.ch/root-jenkins/job/root-pullrequests-build/85251/testReport/projectroot.roottest.root.io/filemerger/roottest_root_io_filemerger_simplex2_default_compr_level9/); - [projectroot.roottest.root.io.filemerger.roottest_root_io_filemerger_simplek_default_compr_deflevel](https://lcgapp-services.cern.ch/root-jenkins/job/root-pullrequests-build/85251/testReport/projectroot.roottest.root.io/filemerger/roottest_ro,MatchSource.ISSUE_COMMENT,root-project,root,v6-32-06,https://github.com/root-project/root/pull/5721#issuecomment-639181433:446,test,tests,446,https://root.cern,https://github.com/root-project/root/pull/5721#issuecomment-639181433,5,['test'],"['test', 'testReport', 'tests']"
Testability,Build failed on ROOT-performance-centos7-multicore/default.; Running on olhswep22.cern.ch:/data/sftnight/workspace/root-pullrequests-build; [See cdash](http://cdash.cern.ch/index.php?project=ROOT&filtercount=1&field1=buildname/string&compare1=65&value1=PR-5721-ROOT-performance-centos7-multicore-default&date=2020-06-07).; [See console output](https://lcgapp-services.cern.ch/root-jenkins/job/root-pullrequests-build/85738/console).; ### Failing tests:; - [projectroot.roottest.root.tree.branches.roottest_root_tree_branches_make](https://lcgapp-services.cern.ch/root-jenkins/job/root-pullrequests-build/85738/testReport/projectroot.roottest.root.tree/branches/roottest_root_tree_branches_make/),MatchSource.ISSUE_COMMENT,root-project,root,v6-32-06,https://github.com/root-project/root/pull/5721#issuecomment-640263780:446,test,tests,446,https://root.cern,https://github.com/root-project/root/pull/5721#issuecomment-640263780,2,['test'],"['testReport', 'tests']"
Testability,Build failed on ROOT-performance-centos7-multicore/default.; Running on olhswep22.cern.ch:/data/sftnight/workspace/root-pullrequests-build; [See cdash](http://cdash.cern.ch/index.php?project=ROOT&filtercount=1&field1=buildname/string&compare1=65&value1=PR-5722-ROOT-performance-centos7-multicore-default&date=2020-05-28).; [See console output](https://lcgapp-services.cern.ch/root-jenkins/job/root-pullrequests-build/83877/console).; ### Failing tests:; - [projectroot.roottest.root.io.filemerger.roottest_root_io_filemerger_simple_lz4_compr_level1](https://lcgapp-services.cern.ch/root-jenkins/job/root-pullrequests-build/83877/testReport/projectroot.roottest.root.io/filemerger/roottest_root_io_filemerger_simple_lz4_compr_level1/),MatchSource.ISSUE_COMMENT,root-project,root,v6-32-06,https://github.com/root-project/root/pull/5722#issuecomment-635006322:446,test,tests,446,https://root.cern,https://github.com/root-project/root/pull/5722#issuecomment-635006322,2,['test'],"['testReport', 'tests']"
Testability,Build failed on ROOT-performance-centos7-multicore/default.; Running on olhswep22.cern.ch:/data/sftnight/workspace/root-pullrequests-build; [See cdash](http://cdash.cern.ch/index.php?project=ROOT&filtercount=1&field1=buildname/string&compare1=65&value1=PR-5722-ROOT-performance-centos7-multicore-default&date=2020-06-07).; [See console output](https://lcgapp-services.cern.ch/root-jenkins/job/root-pullrequests-build/85746/console).; ### Failing tests:; - [projectroot.roottest.root.tree.branches.roottest_root_tree_branches_make](https://lcgapp-services.cern.ch/root-jenkins/job/root-pullrequests-build/85746/testReport/projectroot.roottest.root.tree/branches/roottest_root_tree_branches_make/),MatchSource.ISSUE_COMMENT,root-project,root,v6-32-06,https://github.com/root-project/root/pull/5722#issuecomment-640277408:446,test,tests,446,https://root.cern,https://github.com/root-project/root/pull/5722#issuecomment-640277408,2,['test'],"['testReport', 'tests']"
Testability,Build failed on ROOT-performance-centos7-multicore/default.; Running on olhswep22.cern.ch:/data/sftnight/workspace/root-pullrequests-build; [See cdash](http://cdash.cern.ch/index.php?project=ROOT&filtercount=1&field1=buildname/string&compare1=65&value1=PR-5722-ROOT-performance-centos7-multicore-default&date=2020-06-08).; [See console output](https://lcgapp-services.cern.ch/root-jenkins/job/root-pullrequests-build/85958/console).; ### Failing tests:; - [projectroot.roottest.root.io.filemerger.roottest_root_io_filemerger_simple_lz4_compr_level1](https://lcgapp-services.cern.ch/root-jenkins/job/root-pullrequests-build/85958/testReport/projectroot.roottest.root.io/filemerger/roottest_root_io_filemerger_simple_lz4_compr_level1/),MatchSource.ISSUE_COMMENT,root-project,root,v6-32-06,https://github.com/root-project/root/pull/5722#issuecomment-640769403:446,test,tests,446,https://root.cern,https://github.com/root-project/root/pull/5722#issuecomment-640769403,2,['test'],"['testReport', 'tests']"
Testability,Build failed on ROOT-performance-centos7-multicore/default.; Running on olhswep22.cern.ch:/data/sftnight/workspace/root-pullrequests-build; [See cdash](http://cdash.cern.ch/index.php?project=ROOT&filtercount=1&field1=buildname/string&compare1=65&value1=PR-5725-ROOT-performance-centos7-multicore-default&date=2020-06-11).; [See console output](https://lcgapp-services.cern.ch/root-jenkins/job/root-pullrequests-build/86433/console).; ### Failing tests:; - [projectroot.test.test_stressIOPlugins_xroot](https://lcgapp-services.cern.ch/root-jenkins/job/root-pullrequests-build/86433/testReport/projectroot/test/test_stressIOPlugins_xroot/); - [projectroot.tree.treeplayer.test.gtest_tree_treeplayer_test_treeprocessormt_remotefiles](https://lcgapp-services.cern.ch/root-jenkins/job/root-pullrequests-build/86433/testReport/projectroot.tree.treeplayer/test/gtest_tree_treeplayer_test_treeprocessormt_remotefiles/); - [projectroot.runtutorials.tutorial_dataframe_df102_NanoAODDimuonAnalysis](https://lcgapp-services.cern.ch/root-jenkins/job/root-pullrequests-build/86433/testReport/projectroot/runtutorials/tutorial_dataframe_df102_NanoAODDimuonAnalysis/); - [projectroot.runtutorials.tutorial_dataframe_df101_h1Analysis](https://lcgapp-services.cern.ch/root-jenkins/job/root-pullrequests-build/86433/testReport/projectroot/runtutorials/tutorial_dataframe_df101_h1Analysis/); - [projectroot.runtutorials.tutorial_dataframe_df103_NanoAODHiggsAnalysis](https://lcgapp-services.cern.ch/root-jenkins/job/root-pullrequests-build/86433/testReport/projectroot/runtutorials/tutorial_dataframe_df103_NanoAODHiggsAnalysis/); - [projectroot.runtutorials.tutorial_tmva_tmva103_Application](https://lcgapp-services.cern.ch/root-jenkins/job/root-pullrequests-build/86433/testReport/projectroot/runtutorials/tutorial_tmva_tmva103_Application/),MatchSource.ISSUE_COMMENT,root-project,root,v6-32-06,https://github.com/root-project/root/pull/5725#issuecomment-642487593:446,test,tests,446,https://root.cern,https://github.com/root-project/root/pull/5725#issuecomment-642487593,11,['test'],"['test', 'testReport', 'tests']"
Testability,Build failed on ROOT-performance-centos7-multicore/default.; Running on olhswep22.cern.ch:/data/sftnight/workspace/root-pullrequests-build; [See cdash](http://cdash.cern.ch/index.php?project=ROOT&filtercount=1&field1=buildname/string&compare1=65&value1=PR-5736-ROOT-performance-centos7-multicore-default&date=2020-05-29).; [See console output](https://lcgapp-services.cern.ch/root-jenkins/job/root-pullrequests-build/84111/console).; ### Failing tests:; - [projectroot.math.mathcore.test.mathcore_testBinnedFitExecPolicy](https://lcgapp-services.cern.ch/root-jenkins/job/root-pullrequests-build/84111/testReport/projectroot.math.mathcore/test/mathcore_testBinnedFitExecPolicy/),MatchSource.ISSUE_COMMENT,root-project,root,v6-32-06,https://github.com/root-project/root/pull/5736#issuecomment-635859767:446,test,tests,446,https://root.cern,https://github.com/root-project/root/pull/5736#issuecomment-635859767,4,['test'],"['test', 'testReport', 'tests']"
Testability,Build failed on ROOT-performance-centos7-multicore/default.; Running on olhswep22.cern.ch:/data/sftnight/workspace/root-pullrequests-build; [See cdash](http://cdash.cern.ch/index.php?project=ROOT&filtercount=1&field1=buildname/string&compare1=65&value1=PR-5739-ROOT-performance-centos7-multicore-default&date=2020-05-29).; [See console output](https://lcgapp-services.cern.ch/root-jenkins/job/root-pullrequests-build/84159/console).; ### Failing tests:; - [projectroot.roottest.root.io.filemerger.roottest_root_io_filemerger_simple_lz4_compr_level1](https://lcgapp-services.cern.ch/root-jenkins/job/root-pullrequests-build/84159/testReport/projectroot.roottest.root.io/filemerger/roottest_root_io_filemerger_simple_lz4_compr_level1/),MatchSource.ISSUE_COMMENT,root-project,root,v6-32-06,https://github.com/root-project/root/pull/5739#issuecomment-635910175:446,test,tests,446,https://root.cern,https://github.com/root-project/root/pull/5739#issuecomment-635910175,2,['test'],"['testReport', 'tests']"
Testability,Build failed on ROOT-performance-centos7-multicore/default.; Running on olhswep22.cern.ch:/data/sftnight/workspace/root-pullrequests-build; [See cdash](http://cdash.cern.ch/index.php?project=ROOT&filtercount=1&field1=buildname/string&compare1=65&value1=PR-5741-ROOT-performance-centos7-multicore-default&date=2020-05-29).; [See console output](https://lcgapp-services.cern.ch/root-jenkins/job/root-pullrequests-build/84167/console).; ### Failing tests:; - [projectroot.roottest.root.io.filemerger.roottest_root_io_filemerger_simple_lz4_compr_level1](https://lcgapp-services.cern.ch/root-jenkins/job/root-pullrequests-build/84167/testReport/projectroot.roottest.root.io/filemerger/roottest_root_io_filemerger_simple_lz4_compr_level1/),MatchSource.ISSUE_COMMENT,root-project,root,v6-32-06,https://github.com/root-project/root/pull/5741#issuecomment-635918526:446,test,tests,446,https://root.cern,https://github.com/root-project/root/pull/5741#issuecomment-635918526,2,['test'],"['testReport', 'tests']"
Testability,Build failed on ROOT-performance-centos7-multicore/default.; Running on olhswep22.cern.ch:/data/sftnight/workspace/root-pullrequests-build; [See cdash](http://cdash.cern.ch/index.php?project=ROOT&filtercount=1&field1=buildname/string&compare1=65&value1=PR-5746-ROOT-performance-centos7-multicore-default&date=2020-05-29).; [See console output](https://lcgapp-services.cern.ch/root-jenkins/job/root-pullrequests-build/84208/console).; ### Failing tests:; - [projectroot.roottest.root.io.filemerger.roottest_root_io_filemerger_simple_lz4_compr_level1](https://lcgapp-services.cern.ch/root-jenkins/job/root-pullrequests-build/84208/testReport/projectroot.roottest.root.io/filemerger/roottest_root_io_filemerger_simple_lz4_compr_level1/),MatchSource.ISSUE_COMMENT,root-project,root,v6-32-06,https://github.com/root-project/root/pull/5746#issuecomment-635966211:446,test,tests,446,https://root.cern,https://github.com/root-project/root/pull/5746#issuecomment-635966211,2,['test'],"['testReport', 'tests']"
Testability,Build failed on ROOT-performance-centos7-multicore/default.; Running on olhswep22.cern.ch:/data/sftnight/workspace/root-pullrequests-build; [See cdash](http://cdash.cern.ch/index.php?project=ROOT&filtercount=1&field1=buildname/string&compare1=65&value1=PR-5749-ROOT-performance-centos7-multicore-default&date=2020-05-29).; [See console output](https://lcgapp-services.cern.ch/root-jenkins/job/root-pullrequests-build/84273/console).; ### Failing tests:; - [projectroot.roottest.root.io.filemerger.roottest_root_io_filemerger_make](https://lcgapp-services.cern.ch/root-jenkins/job/root-pullrequests-build/84273/testReport/projectroot.roottest.root.io/filemerger/roottest_root_io_filemerger_make/),MatchSource.ISSUE_COMMENT,root-project,root,v6-32-06,https://github.com/root-project/root/pull/5749#issuecomment-636101651:446,test,tests,446,https://root.cern,https://github.com/root-project/root/pull/5749#issuecomment-636101651,2,['test'],"['testReport', 'tests']"
Testability,Build failed on ROOT-performance-centos7-multicore/default.; Running on olhswep22.cern.ch:/data/sftnight/workspace/root-pullrequests-build; [See cdash](http://cdash.cern.ch/index.php?project=ROOT&filtercount=1&field1=buildname/string&compare1=65&value1=PR-5752-ROOT-performance-centos7-multicore-default&date=2020-05-30).; [See console output](https://lcgapp-services.cern.ch/root-jenkins/job/root-pullrequests-build/84361/console).; ### Failing tests:; - [projectroot.runtutorials.tutorial_tmva_envelope_classification](https://lcgapp-services.cern.ch/root-jenkins/job/root-pullrequests-build/84361/testReport/projectroot/runtutorials/tutorial_tmva_envelope_classification/),MatchSource.ISSUE_COMMENT,root-project,root,v6-32-06,https://github.com/root-project/root/pull/5752#issuecomment-636296019:446,test,tests,446,https://root.cern,https://github.com/root-project/root/pull/5752#issuecomment-636296019,2,['test'],"['testReport', 'tests']"
Testability,Build failed on ROOT-performance-centos7-multicore/default.; Running on olhswep22.cern.ch:/data/sftnight/workspace/root-pullrequests-build; [See cdash](http://cdash.cern.ch/index.php?project=ROOT&filtercount=1&field1=buildname/string&compare1=65&value1=PR-5752-ROOT-performance-centos7-multicore-default&date=2020-05-30).; [See console output](https://lcgapp-services.cern.ch/root-jenkins/job/root-pullrequests-build/84393/console).; ### Failing tests:; - [projectroot.runtutorials.tutorial_tmva_envelope_classification](https://lcgapp-services.cern.ch/root-jenkins/job/root-pullrequests-build/84393/testReport/projectroot/runtutorials/tutorial_tmva_envelope_classification/),MatchSource.ISSUE_COMMENT,root-project,root,v6-32-06,https://github.com/root-project/root/pull/5752#issuecomment-636378279:446,test,tests,446,https://root.cern,https://github.com/root-project/root/pull/5752#issuecomment-636378279,2,['test'],"['testReport', 'tests']"
Testability,Build failed on ROOT-performance-centos7-multicore/default.; Running on olhswep22.cern.ch:/data/sftnight/workspace/root-pullrequests-build; [See cdash](http://cdash.cern.ch/index.php?project=ROOT&filtercount=1&field1=buildname/string&compare1=65&value1=PR-5752-ROOT-performance-centos7-multicore-default&date=2020-06-01).; [See console output](https://lcgapp-services.cern.ch/root-jenkins/job/root-pullrequests-build/84441/console).; ### Failing tests:; - [projectroot.runtutorials.tutorial_tmva_envelope_classification](https://lcgapp-services.cern.ch/root-jenkins/job/root-pullrequests-build/84441/testReport/projectroot/runtutorials/tutorial_tmva_envelope_classification/),MatchSource.ISSUE_COMMENT,root-project,root,v6-32-06,https://github.com/root-project/root/pull/5752#issuecomment-636893436:446,test,tests,446,https://root.cern,https://github.com/root-project/root/pull/5752#issuecomment-636893436,2,['test'],"['testReport', 'tests']"
Testability,Build failed on ROOT-performance-centos7-multicore/default.; Running on olhswep22.cern.ch:/data/sftnight/workspace/root-pullrequests-build; [See cdash](http://cdash.cern.ch/index.php?project=ROOT&filtercount=1&field1=buildname/string&compare1=65&value1=PR-5753-ROOT-performance-centos7-multicore-default&date=2020-06-02).; [See console output](https://lcgapp-services.cern.ch/root-jenkins/job/root-pullrequests-build/84618/console).; ### Failing tests:; - [projectroot.tree.dataframe.test.gtest_tree_dataframe_test_dataframe_snapshot](https://lcgapp-services.cern.ch/root-jenkins/job/root-pullrequests-build/84618/testReport/projectroot.tree.dataframe/test/gtest_tree_dataframe_test_dataframe_snapshot/),MatchSource.ISSUE_COMMENT,root-project,root,v6-32-06,https://github.com/root-project/root/pull/5753#issuecomment-637568177:446,test,tests,446,https://root.cern,https://github.com/root-project/root/pull/5753#issuecomment-637568177,4,['test'],"['test', 'testReport', 'tests']"
Testability,Build failed on ROOT-performance-centos7-multicore/default.; Running on olhswep22.cern.ch:/data/sftnight/workspace/root-pullrequests-build; [See cdash](http://cdash.cern.ch/index.php?project=ROOT&filtercount=1&field1=buildname/string&compare1=65&value1=PR-5762-ROOT-performance-centos7-multicore-default&date=2020-06-05).; [See console output](https://lcgapp-services.cern.ch/root-jenkins/job/root-pullrequests-build/85267/console).; ### Failing tests:; - [projectroot.test.test_stressIOPlugins_xroot](https://lcgapp-services.cern.ch/root-jenkins/job/root-pullrequests-build/85267/testReport/projectroot/test/test_stressIOPlugins_xroot/); - [projectroot.tree.treeplayer.test.gtest_tree_treeplayer_test_treeprocessormt_remotefiles](https://lcgapp-services.cern.ch/root-jenkins/job/root-pullrequests-build/85267/testReport/projectroot.tree.treeplayer/test/gtest_tree_treeplayer_test_treeprocessormt_remotefiles/); - [projectroot.runtutorials.tutorial_dataframe_df101_h1Analysis](https://lcgapp-services.cern.ch/root-jenkins/job/root-pullrequests-build/85267/testReport/projectroot/runtutorials/tutorial_dataframe_df101_h1Analysis/); - [projectroot.runtutorials.tutorial_dataframe_df102_NanoAODDimuonAnalysis](https://lcgapp-services.cern.ch/root-jenkins/job/root-pullrequests-build/85267/testReport/projectroot/runtutorials/tutorial_dataframe_df102_NanoAODDimuonAnalysis/); - [projectroot.runtutorials.tutorial_dataframe_df103_NanoAODHiggsAnalysis](https://lcgapp-services.cern.ch/root-jenkins/job/root-pullrequests-build/85267/testReport/projectroot/runtutorials/tutorial_dataframe_df103_NanoAODHiggsAnalysis/),MatchSource.ISSUE_COMMENT,root-project,root,v6-32-06,https://github.com/root-project/root/pull/5762#issuecomment-639212857:446,test,tests,446,https://root.cern,https://github.com/root-project/root/pull/5762#issuecomment-639212857,10,['test'],"['test', 'testReport', 'tests']"
Testability,Build failed on ROOT-performance-centos7-multicore/default.; Running on olhswep22.cern.ch:/data/sftnight/workspace/root-pullrequests-build; [See cdash](http://cdash.cern.ch/index.php?project=ROOT&filtercount=1&field1=buildname/string&compare1=65&value1=PR-5762-ROOT-performance-centos7-multicore-default&date=2020-06-05).; [See console output](https://lcgapp-services.cern.ch/root-jenkins/job/root-pullrequests-build/85437/console).; ### Failing tests:; - [projectroot.math.mathcore.test.gtest_math_mathcore_test_GradientFittingUnit](https://lcgapp-services.cern.ch/root-jenkins/job/root-pullrequests-build/85437/testReport/projectroot.math.mathcore/test/gtest_math_mathcore_test_GradientFittingUnit/); - [projectroot.roottest.root.io.json.roottest_root_io_json_make](https://lcgapp-services.cern.ch/root-jenkins/job/root-pullrequests-build/85437/testReport/projectroot.roottest.root.io/json/roottest_root_io_json_make/),MatchSource.ISSUE_COMMENT,root-project,root,v6-32-06,https://github.com/root-project/root/pull/5762#issuecomment-639533303:446,test,tests,446,https://root.cern,https://github.com/root-project/root/pull/5762#issuecomment-639533303,5,['test'],"['test', 'testReport', 'tests']"
Testability,Build failed on ROOT-performance-centos7-multicore/default.; Running on olhswep22.cern.ch:/data/sftnight/workspace/root-pullrequests-build; [See cdash](http://cdash.cern.ch/index.php?project=ROOT&filtercount=1&field1=buildname/string&compare1=65&value1=PR-5762-ROOT-performance-centos7-multicore-default&date=2020-06-11).; [See console output](https://lcgapp-services.cern.ch/root-jenkins/job/root-pullrequests-build/86449/console).; ### Failing tests:; - [projectroot.test.test_stressIOPlugins_xroot](https://lcgapp-services.cern.ch/root-jenkins/job/root-pullrequests-build/86449/testReport/projectroot/test/test_stressIOPlugins_xroot/); - [projectroot.tree.treeplayer.test.gtest_tree_treeplayer_test_treeprocessormt_remotefiles](https://lcgapp-services.cern.ch/root-jenkins/job/root-pullrequests-build/86449/testReport/projectroot.tree.treeplayer/test/gtest_tree_treeplayer_test_treeprocessormt_remotefiles/); - [projectroot.runtutorials.tutorial_dataframe_df102_NanoAODDimuonAnalysis](https://lcgapp-services.cern.ch/root-jenkins/job/root-pullrequests-build/86449/testReport/projectroot/runtutorials/tutorial_dataframe_df102_NanoAODDimuonAnalysis/); - [projectroot.runtutorials.tutorial_dataframe_df101_h1Analysis](https://lcgapp-services.cern.ch/root-jenkins/job/root-pullrequests-build/86449/testReport/projectroot/runtutorials/tutorial_dataframe_df101_h1Analysis/); - [projectroot.runtutorials.tutorial_dataframe_df103_NanoAODHiggsAnalysis](https://lcgapp-services.cern.ch/root-jenkins/job/root-pullrequests-build/86449/testReport/projectroot/runtutorials/tutorial_dataframe_df103_NanoAODHiggsAnalysis/); - [projectroot.runtutorials.tutorial_tmva_tmva103_Application](https://lcgapp-services.cern.ch/root-jenkins/job/root-pullrequests-build/86449/testReport/projectroot/runtutorials/tutorial_tmva_tmva103_Application/),MatchSource.ISSUE_COMMENT,root-project,root,v6-32-06,https://github.com/root-project/root/pull/5762#issuecomment-642511469:446,test,tests,446,https://root.cern,https://github.com/root-project/root/pull/5762#issuecomment-642511469,11,['test'],"['test', 'testReport', 'tests']"
Testability,Build failed on ROOT-performance-centos7-multicore/default.; Running on olhswep22.cern.ch:/data/sftnight/workspace/root-pullrequests-build; [See cdash](http://cdash.cern.ch/index.php?project=ROOT&filtercount=1&field1=buildname/string&compare1=65&value1=PR-5762-ROOT-performance-centos7-multicore-default&date=2020-06-12).; [See console output](https://lcgapp-services.cern.ch/root-jenkins/job/root-pullrequests-build/86677/console).; ### Failing tests:; - [projectroot.test.test_stressIOPlugins_xroot](https://lcgapp-services.cern.ch/root-jenkins/job/root-pullrequests-build/86677/testReport/projectroot/test/test_stressIOPlugins_xroot/); - [projectroot.tree.treeplayer.test.gtest_tree_treeplayer_test_treeprocessormt_remotefiles](https://lcgapp-services.cern.ch/root-jenkins/job/root-pullrequests-build/86677/testReport/projectroot.tree.treeplayer/test/gtest_tree_treeplayer_test_treeprocessormt_remotefiles/); - [projectroot.runtutorials.tutorial_dataframe_df102_NanoAODDimuonAnalysis](https://lcgapp-services.cern.ch/root-jenkins/job/root-pullrequests-build/86677/testReport/projectroot/runtutorials/tutorial_dataframe_df102_NanoAODDimuonAnalysis/); - [projectroot.runtutorials.tutorial_dataframe_df101_h1Analysis](https://lcgapp-services.cern.ch/root-jenkins/job/root-pullrequests-build/86677/testReport/projectroot/runtutorials/tutorial_dataframe_df101_h1Analysis/); - [projectroot.runtutorials.tutorial_dataframe_df103_NanoAODHiggsAnalysis](https://lcgapp-services.cern.ch/root-jenkins/job/root-pullrequests-build/86677/testReport/projectroot/runtutorials/tutorial_dataframe_df103_NanoAODHiggsAnalysis/); - [projectroot.runtutorials.tutorial_tmva_tmva103_Application](https://lcgapp-services.cern.ch/root-jenkins/job/root-pullrequests-build/86677/testReport/projectroot/runtutorials/tutorial_tmva_tmva103_Application/),MatchSource.ISSUE_COMMENT,root-project,root,v6-32-06,https://github.com/root-project/root/pull/5762#issuecomment-643289666:446,test,tests,446,https://root.cern,https://github.com/root-project/root/pull/5762#issuecomment-643289666,11,['test'],"['test', 'testReport', 'tests']"
Testability,Build failed on ROOT-performance-centos7-multicore/default.; Running on olhswep22.cern.ch:/data/sftnight/workspace/root-pullrequests-build; [See cdash](http://cdash.cern.ch/index.php?project=ROOT&filtercount=1&field1=buildname/string&compare1=65&value1=PR-5770-ROOT-performance-centos7-multicore-default&date=2020-06-03).; [See console output](https://lcgapp-services.cern.ch/root-jenkins/job/root-pullrequests-build/84794/console).; ### Failing tests:; - [projectroot.roottest.python.regression.roottest_python_regression_regression](https://lcgapp-services.cern.ch/root-jenkins/job/root-pullrequests-build/84794/testReport/projectroot.roottest.python/regression/roottest_python_regression_regression/),MatchSource.ISSUE_COMMENT,root-project,root,v6-32-06,https://github.com/root-project/root/pull/5770#issuecomment-638099112:446,test,tests,446,https://root.cern,https://github.com/root-project/root/pull/5770#issuecomment-638099112,2,['test'],"['testReport', 'tests']"
Testability,Build failed on ROOT-performance-centos7-multicore/default.; Running on olhswep22.cern.ch:/data/sftnight/workspace/root-pullrequests-build; [See cdash](http://cdash.cern.ch/index.php?project=ROOT&filtercount=1&field1=buildname/string&compare1=65&value1=PR-5772-ROOT-performance-centos7-multicore-default&date=2020-06-03).; [See console output](https://lcgapp-services.cern.ch/root-jenkins/job/root-pullrequests-build/84834/console).; ### Failing tests:; - [projectroot.tree.dataframe.test.pyunittests_dataframe_cache](https://lcgapp-services.cern.ch/root-jenkins/job/root-pullrequests-build/84834/testReport/projectroot.tree.dataframe/test/pyunittests_dataframe_cache/),MatchSource.ISSUE_COMMENT,root-project,root,v6-32-06,https://github.com/root-project/root/pull/5772#issuecomment-638160630:446,test,tests,446,https://root.cern,https://github.com/root-project/root/pull/5772#issuecomment-638160630,4,['test'],"['test', 'testReport', 'tests']"
Testability,Build failed on ROOT-performance-centos7-multicore/default.; Running on olhswep22.cern.ch:/data/sftnight/workspace/root-pullrequests-build; [See cdash](http://cdash.cern.ch/index.php?project=ROOT&filtercount=1&field1=buildname/string&compare1=65&value1=PR-5773-ROOT-performance-centos7-multicore-default&date=2020-06-03).; [See console output](https://lcgapp-services.cern.ch/root-jenkins/job/root-pullrequests-build/84866/console).; ### Failing tests:; - [projectroot.roottest.root.io.filemerger.roottest_root_io_filemerger_simple_lz4_compr_level1](https://lcgapp-services.cern.ch/root-jenkins/job/root-pullrequests-build/84866/testReport/projectroot.roottest.root.io/filemerger/roottest_root_io_filemerger_simple_lz4_compr_level1/),MatchSource.ISSUE_COMMENT,root-project,root,v6-32-06,https://github.com/root-project/root/pull/5773#issuecomment-638223791:446,test,tests,446,https://root.cern,https://github.com/root-project/root/pull/5773#issuecomment-638223791,2,['test'],"['testReport', 'tests']"
Testability,Build failed on ROOT-performance-centos7-multicore/default.; Running on olhswep22.cern.ch:/data/sftnight/workspace/root-pullrequests-build; [See cdash](http://cdash.cern.ch/index.php?project=ROOT&filtercount=1&field1=buildname/string&compare1=65&value1=PR-5782-ROOT-performance-centos7-multicore-default&date=2020-06-05).; [See console output](https://lcgapp-services.cern.ch/root-jenkins/job/root-pullrequests-build/85493/console).; ### Failing tests:; - [projectroot.roottest.root.io.json.roottest_root_io_json_make](https://lcgapp-services.cern.ch/root-jenkins/job/root-pullrequests-build/85493/testReport/projectroot.roottest.root.io/json/roottest_root_io_json_make/); - [projectroot.roottest.root.io.compression.roottest_root_io_compression_make](https://lcgapp-services.cern.ch/root-jenkins/job/root-pullrequests-build/85493/testReport/projectroot.roottest.root.io/compression/roottest_root_io_compression_make/),MatchSource.ISSUE_COMMENT,root-project,root,v6-32-06,https://github.com/root-project/root/pull/5782#issuecomment-639775687:446,test,tests,446,https://root.cern,https://github.com/root-project/root/pull/5782#issuecomment-639775687,3,['test'],"['testReport', 'tests']"
Testability,Build failed on ROOT-performance-centos7-multicore/default.; Running on olhswep22.cern.ch:/data/sftnight/workspace/root-pullrequests-build; [See cdash](http://cdash.cern.ch/index.php?project=ROOT&filtercount=1&field1=buildname/string&compare1=65&value1=PR-5783-ROOT-performance-centos7-multicore-default&date=2020-06-04).; [See console output](https://lcgapp-services.cern.ch/root-jenkins/job/root-pullrequests-build/85058/console).; ### Failing tests:; - [projectroot.roottest.root.io.filemerger.roottest_root_io_filemerger_simple_lz4_compr_level1](https://lcgapp-services.cern.ch/root-jenkins/job/root-pullrequests-build/85058/testReport/projectroot.roottest.root.io/filemerger/roottest_root_io_filemerger_simple_lz4_compr_level1/),MatchSource.ISSUE_COMMENT,root-project,root,v6-32-06,https://github.com/root-project/root/pull/5783#issuecomment-638898547:446,test,tests,446,https://root.cern,https://github.com/root-project/root/pull/5783#issuecomment-638898547,2,['test'],"['testReport', 'tests']"
Testability,Build failed on ROOT-performance-centos7-multicore/default.; Running on olhswep22.cern.ch:/data/sftnight/workspace/root-pullrequests-build; [See cdash](http://cdash.cern.ch/index.php?project=ROOT&filtercount=1&field1=buildname/string&compare1=65&value1=PR-5792-ROOT-performance-centos7-multicore-default&date=2020-06-04).; [See console output](https://lcgapp-services.cern.ch/root-jenkins/job/root-pullrequests-build/85203/console).; ### Failing tests:; - [projectroot.runtutorials.tutorial_legacy_thread_threadsh1](https://lcgapp-services.cern.ch/root-jenkins/job/root-pullrequests-build/85203/testReport/projectroot/runtutorials/tutorial_legacy_thread_threadsh1/); - [projectroot.roottest.root.io.filemerger.roottest_root_io_filemerger_simple_lz4_compr_level1](https://lcgapp-services.cern.ch/root-jenkins/job/root-pullrequests-build/85203/testReport/projectroot.roottest.root.io/filemerger/roottest_root_io_filemerger_simple_lz4_compr_level1/),MatchSource.ISSUE_COMMENT,root-project,root,v6-32-06,https://github.com/root-project/root/pull/5792#issuecomment-639140835:446,test,tests,446,https://root.cern,https://github.com/root-project/root/pull/5792#issuecomment-639140835,3,['test'],"['testReport', 'tests']"
Testability,Build failed on ROOT-performance-centos7-multicore/default.; Running on olhswep22.cern.ch:/data/sftnight/workspace/root-pullrequests-build; [See cdash](http://cdash.cern.ch/index.php?project=ROOT&filtercount=1&field1=buildname/string&compare1=65&value1=PR-5793-ROOT-performance-centos7-multicore-default&date=2020-06-05).; [See console output](https://lcgapp-services.cern.ch/root-jenkins/job/root-pullrequests-build/85259/console).; ### Failing tests:; - [projectroot.runtutorials.tutorial_dataframe_df102_NanoAODDimuonAnalysis](https://lcgapp-services.cern.ch/root-jenkins/job/root-pullrequests-build/85259/testReport/projectroot/runtutorials/tutorial_dataframe_df102_NanoAODDimuonAnalysis/); - [projectroot.test.test_stressIOPlugins_xroot](https://lcgapp-services.cern.ch/root-jenkins/job/root-pullrequests-build/85259/testReport/projectroot/test/test_stressIOPlugins_xroot/); - [projectroot.runtutorials.tutorial_dataframe_df103_NanoAODHiggsAnalysis](https://lcgapp-services.cern.ch/root-jenkins/job/root-pullrequests-build/85259/testReport/projectroot/runtutorials/tutorial_dataframe_df103_NanoAODHiggsAnalysis/),MatchSource.ISSUE_COMMENT,root-project,root,v6-32-06,https://github.com/root-project/root/pull/5793#issuecomment-639202444:446,test,tests,446,https://root.cern,https://github.com/root-project/root/pull/5793#issuecomment-639202444,6,['test'],"['test', 'testReport', 'tests']"
Testability,Build failed on ROOT-performance-centos7-multicore/default.; Running on olhswep22.cern.ch:/data/sftnight/workspace/root-pullrequests-build; [See cdash](http://cdash.cern.ch/index.php?project=ROOT&filtercount=1&field1=buildname/string&compare1=65&value1=PR-5797-ROOT-performance-centos7-multicore-default&date=2020-06-05).; [See console output](https://lcgapp-services.cern.ch/root-jenkins/job/root-pullrequests-build/85413/console).; ### Failing tests:; - [projectroot.roottest.root.io.filemerger.roottest_root_io_filemerger_simple_lz4_compr_level1](https://lcgapp-services.cern.ch/root-jenkins/job/root-pullrequests-build/85413/testReport/projectroot.roottest.root.io/filemerger/roottest_root_io_filemerger_simple_lz4_compr_level1/),MatchSource.ISSUE_COMMENT,root-project,root,v6-32-06,https://github.com/root-project/root/pull/5797#issuecomment-639462443:446,test,tests,446,https://root.cern,https://github.com/root-project/root/pull/5797#issuecomment-639462443,2,['test'],"['testReport', 'tests']"
Testability,Build failed on ROOT-performance-centos7-multicore/default.; Running on olhswep22.cern.ch:/data/sftnight/workspace/root-pullrequests-build; [See cdash](http://cdash.cern.ch/index.php?project=ROOT&filtercount=1&field1=buildname/string&compare1=65&value1=PR-5798-ROOT-performance-centos7-multicore-default&date=2020-06-11).; [See console output](https://lcgapp-services.cern.ch/root-jenkins/job/root-pullrequests-build/86425/console).; ### Failing tests:; - [projectroot.test.test_stressIOPlugins_xroot](https://lcgapp-services.cern.ch/root-jenkins/job/root-pullrequests-build/86425/testReport/projectroot/test/test_stressIOPlugins_xroot/); - [projectroot.tree.treeplayer.test.gtest_tree_treeplayer_test_treeprocessormt_remotefiles](https://lcgapp-services.cern.ch/root-jenkins/job/root-pullrequests-build/86425/testReport/projectroot.tree.treeplayer/test/gtest_tree_treeplayer_test_treeprocessormt_remotefiles/); - [projectroot.runtutorials.tutorial_dataframe_df102_NanoAODDimuonAnalysis](https://lcgapp-services.cern.ch/root-jenkins/job/root-pullrequests-build/86425/testReport/projectroot/runtutorials/tutorial_dataframe_df102_NanoAODDimuonAnalysis/); - [projectroot.runtutorials.tutorial_dataframe_df101_h1Analysis](https://lcgapp-services.cern.ch/root-jenkins/job/root-pullrequests-build/86425/testReport/projectroot/runtutorials/tutorial_dataframe_df101_h1Analysis/); - [projectroot.runtutorials.tutorial_dataframe_df103_NanoAODHiggsAnalysis](https://lcgapp-services.cern.ch/root-jenkins/job/root-pullrequests-build/86425/testReport/projectroot/runtutorials/tutorial_dataframe_df103_NanoAODHiggsAnalysis/); - [projectroot.runtutorials.tutorial_tmva_tmva103_Application](https://lcgapp-services.cern.ch/root-jenkins/job/root-pullrequests-build/86425/testReport/projectroot/runtutorials/tutorial_tmva_tmva103_Application/),MatchSource.ISSUE_COMMENT,root-project,root,v6-32-06,https://github.com/root-project/root/pull/5798#issuecomment-642476694:446,test,tests,446,https://root.cern,https://github.com/root-project/root/pull/5798#issuecomment-642476694,11,['test'],"['test', 'testReport', 'tests']"
Testability,Build failed on ROOT-performance-centos7-multicore/default.; Running on olhswep22.cern.ch:/data/sftnight/workspace/root-pullrequests-build; [See cdash](http://cdash.cern.ch/index.php?project=ROOT&filtercount=1&field1=buildname/string&compare1=65&value1=PR-5798-ROOT-performance-centos7-multicore-default&date=2020-06-15).; [See console output](https://lcgapp-services.cern.ch/root-jenkins/job/root-pullrequests-build/86973/console).; ### Failing tests:; - [projectroot.test.test_stressIOPlugins_xroot](https://lcgapp-services.cern.ch/root-jenkins/job/root-pullrequests-build/86973/testReport/projectroot/test/test_stressIOPlugins_xroot/); - [projectroot.tree.treeplayer.test.gtest_tree_treeplayer_test_treeprocessormt_remotefiles](https://lcgapp-services.cern.ch/root-jenkins/job/root-pullrequests-build/86973/testReport/projectroot.tree.treeplayer/test/gtest_tree_treeplayer_test_treeprocessormt_remotefiles/); - [projectroot.runtutorials.tutorial_dataframe_df102_NanoAODDimuonAnalysis](https://lcgapp-services.cern.ch/root-jenkins/job/root-pullrequests-build/86973/testReport/projectroot/runtutorials/tutorial_dataframe_df102_NanoAODDimuonAnalysis/); - [projectroot.runtutorials.tutorial_dataframe_df101_h1Analysis](https://lcgapp-services.cern.ch/root-jenkins/job/root-pullrequests-build/86973/testReport/projectroot/runtutorials/tutorial_dataframe_df101_h1Analysis/); - [projectroot.runtutorials.tutorial_dataframe_df103_NanoAODHiggsAnalysis](https://lcgapp-services.cern.ch/root-jenkins/job/root-pullrequests-build/86973/testReport/projectroot/runtutorials/tutorial_dataframe_df103_NanoAODHiggsAnalysis/); - [projectroot.runtutorials.tutorial_tmva_tmva103_Application](https://lcgapp-services.cern.ch/root-jenkins/job/root-pullrequests-build/86973/testReport/projectroot/runtutorials/tutorial_tmva_tmva103_Application/),MatchSource.ISSUE_COMMENT,root-project,root,v6-32-06,https://github.com/root-project/root/pull/5798#issuecomment-644345442:446,test,tests,446,https://root.cern,https://github.com/root-project/root/pull/5798#issuecomment-644345442,11,['test'],"['test', 'testReport', 'tests']"
Testability,Build failed on ROOT-performance-centos7-multicore/default.; Running on olhswep22.cern.ch:/data/sftnight/workspace/root-pullrequests-build; [See cdash](http://cdash.cern.ch/index.php?project=ROOT&filtercount=1&field1=buildname/string&compare1=65&value1=PR-5800-ROOT-performance-centos7-multicore-default&date=2020-06-15).; [See console output](https://lcgapp-services.cern.ch/root-jenkins/job/root-pullrequests-build/86981/console).; ### Failing tests:; - [projectroot.test.test_stressIOPlugins_xroot](https://lcgapp-services.cern.ch/root-jenkins/job/root-pullrequests-build/86981/testReport/projectroot/test/test_stressIOPlugins_xroot/); - [projectroot.tree.treeplayer.test.gtest_tree_treeplayer_test_treeprocessormt_remotefiles](https://lcgapp-services.cern.ch/root-jenkins/job/root-pullrequests-build/86981/testReport/projectroot.tree.treeplayer/test/gtest_tree_treeplayer_test_treeprocessormt_remotefiles/); - [projectroot.runtutorials.tutorial_dataframe_df102_NanoAODDimuonAnalysis](https://lcgapp-services.cern.ch/root-jenkins/job/root-pullrequests-build/86981/testReport/projectroot/runtutorials/tutorial_dataframe_df102_NanoAODDimuonAnalysis/); - [projectroot.runtutorials.tutorial_dataframe_df101_h1Analysis](https://lcgapp-services.cern.ch/root-jenkins/job/root-pullrequests-build/86981/testReport/projectroot/runtutorials/tutorial_dataframe_df101_h1Analysis/); - [projectroot.runtutorials.tutorial_dataframe_df103_NanoAODHiggsAnalysis](https://lcgapp-services.cern.ch/root-jenkins/job/root-pullrequests-build/86981/testReport/projectroot/runtutorials/tutorial_dataframe_df103_NanoAODHiggsAnalysis/); - [projectroot.runtutorials.tutorial_tmva_tmva103_Application](https://lcgapp-services.cern.ch/root-jenkins/job/root-pullrequests-build/86981/testReport/projectroot/runtutorials/tutorial_tmva_tmva103_Application/),MatchSource.ISSUE_COMMENT,root-project,root,v6-32-06,https://github.com/root-project/root/pull/5800#issuecomment-644356027:446,test,tests,446,https://root.cern,https://github.com/root-project/root/pull/5800#issuecomment-644356027,11,['test'],"['test', 'testReport', 'tests']"
Testability,Build failed on ROOT-performance-centos7-multicore/default.; Running on olhswep22.cern.ch:/data/sftnight/workspace/root-pullrequests-build; [See cdash](http://cdash.cern.ch/index.php?project=ROOT&filtercount=1&field1=buildname/string&compare1=65&value1=PR-5802-ROOT-performance-centos7-multicore-default&date=2020-06-05).; [See console output](https://lcgapp-services.cern.ch/root-jenkins/job/root-pullrequests-build/85477/console).; ### Failing tests:; - [projectroot.roottest.root.io.filemerger.roottest_root_io_filemerger_simple_lz4_compr_level1](https://lcgapp-services.cern.ch/root-jenkins/job/root-pullrequests-build/85477/testReport/projectroot.roottest.root.io/filemerger/roottest_root_io_filemerger_simple_lz4_compr_level1/),MatchSource.ISSUE_COMMENT,root-project,root,v6-32-06,https://github.com/root-project/root/pull/5802#issuecomment-639563591:446,test,tests,446,https://root.cern,https://github.com/root-project/root/pull/5802#issuecomment-639563591,2,['test'],"['testReport', 'tests']"
Testability,Build failed on ROOT-performance-centos7-multicore/default.; Running on olhswep22.cern.ch:/data/sftnight/workspace/root-pullrequests-build; [See cdash](http://cdash.cern.ch/index.php?project=ROOT&filtercount=1&field1=buildname/string&compare1=65&value1=PR-5803-ROOT-performance-centos7-multicore-default&date=2020-06-05).; [See console output](https://lcgapp-services.cern.ch/root-jenkins/job/root-pullrequests-build/85501/console).; ### Failing tests:; - [projectroot.roottest.cling.template.separateDict.roottest_cling_template_separateDict_make](https://lcgapp-services.cern.ch/root-jenkins/job/root-pullrequests-build/85501/testReport/projectroot.roottest.cling.template/separateDict/roottest_cling_template_separateDict_make/); - [projectroot.roottest.root.io.abstractclass.roottest_root_io_abstractclass_make](https://lcgapp-services.cern.ch/root-jenkins/job/root-pullrequests-build/85501/testReport/projectroot.roottest.root.io/abstractclass/roottest_root_io_abstractclass_make/); - [projectroot.roottest.root.io.alloc.roottest_root_io_alloc_make](https://lcgapp-services.cern.ch/root-jenkins/job/root-pullrequests-build/85501/testReport/projectroot.roottest.root.io/alloc/roottest_root_io_alloc_make/); - [projectroot.roottest.root.io.bigevent.roottest_root_io_bigevent_make](https://lcgapp-services.cern.ch/root-jenkins/job/root-pullrequests-build/85501/testReport/projectroot.roottest.root.io/bigevent/roottest_root_io_bigevent_make/); - [projectroot.roottest.root.io.buffer.roottest_root_io_buffer_make](https://lcgapp-services.cern.ch/root-jenkins/job/root-pullrequests-build/85501/testReport/projectroot.roottest.root.io/buffer/roottest_root_io_buffer_make/); - [projectroot.roottest.root.io.clones.roottest_root_io_clones_make](https://lcgapp-services.cern.ch/root-jenkins/job/root-pullrequests-build/85501/testReport/projectroot.roottest.root.io/clones/roottest_root_io_clones_make/); - [projectroot.roottest.root.io.compression.roottest_root_io_compression_make](https://lcgapp-service,MatchSource.ISSUE_COMMENT,root-project,root,v6-32-06,https://github.com/root-project/root/pull/5803#issuecomment-639826756:446,test,tests,446,https://root.cern,https://github.com/root-project/root/pull/5803#issuecomment-639826756,3,['test'],"['testReport', 'tests']"
Testability,Build failed on ROOT-performance-centos7-multicore/default.; Running on olhswep22.cern.ch:/data/sftnight/workspace/root-pullrequests-build; [See cdash](http://cdash.cern.ch/index.php?project=ROOT&filtercount=1&field1=buildname/string&compare1=65&value1=PR-5804-ROOT-performance-centos7-multicore-default&date=2020-06-06).; [See console output](https://lcgapp-services.cern.ch/root-jenkins/job/root-pullrequests-build/85526/console).; ### Failing tests:; - [projectroot.roottest.root.io.emulated.roottest_root_io_emulated_make](https://lcgapp-services.cern.ch/root-jenkins/job/root-pullrequests-build/85526/testReport/projectroot.roottest.root.io/emulated/roottest_root_io_emulated_make/),MatchSource.ISSUE_COMMENT,root-project,root,v6-32-06,https://github.com/root-project/root/pull/5804#issuecomment-639860825:446,test,tests,446,https://root.cern,https://github.com/root-project/root/pull/5804#issuecomment-639860825,2,['test'],"['testReport', 'tests']"
Testability,Build failed on ROOT-performance-centos7-multicore/default.; Running on olhswep22.cern.ch:/data/sftnight/workspace/root-pullrequests-build; [See cdash](http://cdash.cern.ch/index.php?project=ROOT&filtercount=1&field1=buildname/string&compare1=65&value1=PR-5805-ROOT-performance-centos7-multicore-default&date=2020-06-15).; [See console output](https://lcgapp-services.cern.ch/root-jenkins/job/root-pullrequests-build/86965/console).; ### Failing tests:; - [projectroot.test.test_stressIOPlugins_xroot](https://lcgapp-services.cern.ch/root-jenkins/job/root-pullrequests-build/86965/testReport/projectroot/test/test_stressIOPlugins_xroot/); - [projectroot.tree.treeplayer.test.gtest_tree_treeplayer_test_treeprocessormt_remotefiles](https://lcgapp-services.cern.ch/root-jenkins/job/root-pullrequests-build/86965/testReport/projectroot.tree.treeplayer/test/gtest_tree_treeplayer_test_treeprocessormt_remotefiles/); - [projectroot.runtutorials.tutorial_dataframe_df102_NanoAODDimuonAnalysis](https://lcgapp-services.cern.ch/root-jenkins/job/root-pullrequests-build/86965/testReport/projectroot/runtutorials/tutorial_dataframe_df102_NanoAODDimuonAnalysis/); - [projectroot.runtutorials.tutorial_dataframe_df101_h1Analysis](https://lcgapp-services.cern.ch/root-jenkins/job/root-pullrequests-build/86965/testReport/projectroot/runtutorials/tutorial_dataframe_df101_h1Analysis/); - [projectroot.runtutorials.tutorial_dataframe_df103_NanoAODHiggsAnalysis](https://lcgapp-services.cern.ch/root-jenkins/job/root-pullrequests-build/86965/testReport/projectroot/runtutorials/tutorial_dataframe_df103_NanoAODHiggsAnalysis/); - [projectroot.runtutorials.tutorial_tmva_tmva103_Application](https://lcgapp-services.cern.ch/root-jenkins/job/root-pullrequests-build/86965/testReport/projectroot/runtutorials/tutorial_tmva_tmva103_Application/),MatchSource.ISSUE_COMMENT,root-project,root,v6-32-06,https://github.com/root-project/root/pull/5805#issuecomment-644335418:446,test,tests,446,https://root.cern,https://github.com/root-project/root/pull/5805#issuecomment-644335418,11,['test'],"['test', 'testReport', 'tests']"
Testability,Build failed on ROOT-performance-centos7-multicore/default.; Running on olhswep22.cern.ch:/data/sftnight/workspace/root-pullrequests-build; [See cdash](http://cdash.cern.ch/index.php?project=ROOT&filtercount=1&field1=buildname/string&compare1=65&value1=PR-5806-ROOT-performance-centos7-multicore-default&date=2020-06-06).; [See console output](https://lcgapp-services.cern.ch/root-jenkins/job/root-pullrequests-build/85591/console).; ### Failing tests:; - [projectroot.roottest.root.io.filemerger.roottest_root_io_filemerger_execMergeMulti](https://lcgapp-services.cern.ch/root-jenkins/job/root-pullrequests-build/85591/testReport/projectroot.roottest.root.io/filemerger/roottest_root_io_filemerger_execMergeMulti/); - [projectroot.roottest.root.meta.genreflex.roottest_root_meta_genreflex_escapedQuotesRootmapGen](https://lcgapp-services.cern.ch/root-jenkins/job/root-pullrequests-build/85591/testReport/projectroot.roottest.root.meta/genreflex/roottest_root_meta_genreflex_escapedQuotesRootmapGen/); - [projectroot.roottest.root.meta.evolution.roottest_root_meta_evolution_data5_build](https://lcgapp-services.cern.ch/root-jenkins/job/root-pullrequests-build/85591/testReport/projectroot.roottest.root.meta/evolution/roottest_root_meta_evolution_data5_build/); - [projectroot.roottest.root.meta.evolution.roottest_root_meta_evolution_data6_build](https://lcgapp-services.cern.ch/root-jenkins/job/root-pullrequests-build/85591/testReport/projectroot.roottest.root.meta/evolution/roottest_root_meta_evolution_data6_build/); - [projectroot.roottest.root.meta.evolution.roottest_root_meta_evolution_data1_build](https://lcgapp-services.cern.ch/root-jenkins/job/root-pullrequests-build/85591/testReport/projectroot.roottest.root.meta/evolution/roottest_root_meta_evolution_data1_build/); - [projectroot.roottest.root.meta.evolution.roottest_root_meta_evolution_data3_build](https://lcgapp-services.cern.ch/root-jenkins/job/root-pullrequests-build/85591/testReport/projectroot.roottest.root.meta/evolution,MatchSource.ISSUE_COMMENT,root-project,root,v6-32-06,https://github.com/root-project/root/pull/5806#issuecomment-639974684:446,test,tests,446,https://root.cern,https://github.com/root-project/root/pull/5806#issuecomment-639974684,3,['test'],"['testReport', 'tests']"
Testability,Build failed on ROOT-performance-centos7-multicore/default.; Running on olhswep22.cern.ch:/data/sftnight/workspace/root-pullrequests-build; [See cdash](http://cdash.cern.ch/index.php?project=ROOT&filtercount=1&field1=buildname/string&compare1=65&value1=PR-5806-ROOT-performance-centos7-multicore-default&date=2020-06-06).; [See console output](https://lcgapp-services.cern.ch/root-jenkins/job/root-pullrequests-build/85631/console).; ### Failing tests:; - [projectroot.roottest.root.io.stdarray.roottest_root_io_stdarray_modelReadDict2TFile](https://lcgapp-services.cern.ch/root-jenkins/job/root-pullrequests-build/85631/testReport/projectroot.roottest.root.io/stdarray/roottest_root_io_stdarray_modelReadDict2TFile/),MatchSource.ISSUE_COMMENT,root-project,root,v6-32-06,https://github.com/root-project/root/pull/5806#issuecomment-640048704:446,test,tests,446,https://root.cern,https://github.com/root-project/root/pull/5806#issuecomment-640048704,2,['test'],"['testReport', 'tests']"
Testability,Build failed on ROOT-performance-centos7-multicore/default.; Running on olhswep22.cern.ch:/data/sftnight/workspace/root-pullrequests-build; [See cdash](http://cdash.cern.ch/index.php?project=ROOT&filtercount=1&field1=buildname/string&compare1=65&value1=PR-5809-ROOT-performance-centos7-multicore-default&date=2020-06-06).; [See console output](https://lcgapp-services.cern.ch/root-jenkins/job/root-pullrequests-build/85640/console).; ### Failing tests:; - [projectroot.roottest.root.io.filemerger.roottest_root_io_filemerger_simple_lz4_compr_level1](https://lcgapp-services.cern.ch/root-jenkins/job/root-pullrequests-build/85640/testReport/projectroot.roottest.root.io/filemerger/roottest_root_io_filemerger_simple_lz4_compr_level1/),MatchSource.ISSUE_COMMENT,root-project,root,v6-32-06,https://github.com/root-project/root/pull/5809#issuecomment-640079649:446,test,tests,446,https://root.cern,https://github.com/root-project/root/pull/5809#issuecomment-640079649,2,['test'],"['testReport', 'tests']"
Testability,Build failed on ROOT-performance-centos7-multicore/default.; Running on olhswep22.cern.ch:/data/sftnight/workspace/root-pullrequests-build; [See cdash](http://cdash.cern.ch/index.php?project=ROOT&filtercount=1&field1=buildname/string&compare1=65&value1=PR-5814-ROOT-performance-centos7-multicore-default&date=2020-06-07).; [See console output](https://lcgapp-services.cern.ch/root-jenkins/job/root-pullrequests-build/85730/console).; ### Failing tests:; - [projectroot.test.test_stresshistogram](https://lcgapp-services.cern.ch/root-jenkins/job/root-pullrequests-build/85730/testReport/projectroot/test/test_stresshistogram/); - [projectroot.test.test_stresshistogram_interpreted](https://lcgapp-services.cern.ch/root-jenkins/job/root-pullrequests-build/85730/testReport/projectroot/test/test_stresshistogram_interpreted/); - [projectroot.roottest.root.tree.reader.roottest_root_tree_reader_test_oddName](https://lcgapp-services.cern.ch/root-jenkins/job/root-pullrequests-build/85730/testReport/projectroot.roottest.root.tree/reader/roottest_root_tree_reader_test_oddName/),MatchSource.ISSUE_COMMENT,root-project,root,v6-32-06,https://github.com/root-project/root/pull/5814#issuecomment-640254302:446,test,tests,446,https://root.cern,https://github.com/root-project/root/pull/5814#issuecomment-640254302,8,['test'],"['test', 'testReport', 'tests']"
Testability,Build failed on ROOT-performance-centos7-multicore/default.; Running on olhswep22.cern.ch:/data/sftnight/workspace/root-pullrequests-build; [See cdash](http://cdash.cern.ch/index.php?project=ROOT&filtercount=1&field1=buildname/string&compare1=65&value1=PR-5817-ROOT-performance-centos7-multicore-default&date=2020-06-08).; [See console output](https://lcgapp-services.cern.ch/root-jenkins/job/root-pullrequests-build/85795/console).; ### Failing tests:; - [projectroot.roottest.root.io.filemerger.roottest_root_io_filemerger_simple_lz4_compr_level1](https://lcgapp-services.cern.ch/root-jenkins/job/root-pullrequests-build/85795/testReport/projectroot.roottest.root.io/filemerger/roottest_root_io_filemerger_simple_lz4_compr_level1/),MatchSource.ISSUE_COMMENT,root-project,root,v6-32-06,https://github.com/root-project/root/pull/5817#issuecomment-640447255:446,test,tests,446,https://root.cern,https://github.com/root-project/root/pull/5817#issuecomment-640447255,2,['test'],"['testReport', 'tests']"
Testability,Build failed on ROOT-performance-centos7-multicore/default.; Running on olhswep22.cern.ch:/data/sftnight/workspace/root-pullrequests-build; [See cdash](http://cdash.cern.ch/index.php?project=ROOT&filtercount=1&field1=buildname/string&compare1=65&value1=PR-5819-ROOT-performance-centos7-multicore-default&date=2020-06-08).; [See console output](https://lcgapp-services.cern.ch/root-jenkins/job/root-pullrequests-build/85811/console).; ### Failing tests:; - [projectroot.roottest.root.io.filemerger.roottest_root_io_filemerger_simple_lz4_compr_level1](https://lcgapp-services.cern.ch/root-jenkins/job/root-pullrequests-build/85811/testReport/projectroot.roottest.root.io/filemerger/roottest_root_io_filemerger_simple_lz4_compr_level1/),MatchSource.ISSUE_COMMENT,root-project,root,v6-32-06,https://github.com/root-project/root/pull/5819#issuecomment-640471017:446,test,tests,446,https://root.cern,https://github.com/root-project/root/pull/5819#issuecomment-640471017,2,['test'],"['testReport', 'tests']"
Testability,Build failed on ROOT-performance-centos7-multicore/default.; Running on olhswep22.cern.ch:/data/sftnight/workspace/root-pullrequests-build; [See cdash](http://cdash.cern.ch/index.php?project=ROOT&filtercount=1&field1=buildname/string&compare1=65&value1=PR-5843-ROOT-performance-centos7-multicore-default&date=2020-06-11).; [See console output](https://lcgapp-services.cern.ch/root-jenkins/job/root-pullrequests-build/86556/console).; ### Failing tests:; - [projectroot.runtutorials.tutorial_dataframe_df102_NanoAODDimuonAnalysis](https://lcgapp-services.cern.ch/root-jenkins/job/root-pullrequests-build/86556/testReport/projectroot/runtutorials/tutorial_dataframe_df102_NanoAODDimuonAnalysis/); - [projectroot.runtutorials.tutorial_dataframe_df101_h1Analysis](https://lcgapp-services.cern.ch/root-jenkins/job/root-pullrequests-build/86556/testReport/projectroot/runtutorials/tutorial_dataframe_df101_h1Analysis/); - [projectroot.runtutorials.tutorial_dataframe_df103_NanoAODHiggsAnalysis](https://lcgapp-services.cern.ch/root-jenkins/job/root-pullrequests-build/86556/testReport/projectroot/runtutorials/tutorial_dataframe_df103_NanoAODHiggsAnalysis/); - [projectroot.runtutorials.tutorial_tmva_tmva103_Application](https://lcgapp-services.cern.ch/root-jenkins/job/root-pullrequests-build/86556/testReport/projectroot/runtutorials/tutorial_tmva_tmva103_Application/); - [projectroot.test.test_stressIOPlugins_xroot](https://lcgapp-services.cern.ch/root-jenkins/job/root-pullrequests-build/86556/testReport/projectroot/test/test_stressIOPlugins_xroot/); - [projectroot.tree.treeplayer.test.gtest_tree_treeplayer_test_treeprocessormt_remotefiles](https://lcgapp-services.cern.ch/root-jenkins/job/root-pullrequests-build/86556/testReport/projectroot.tree.treeplayer/test/gtest_tree_treeplayer_test_treeprocessormt_remotefiles/),MatchSource.ISSUE_COMMENT,root-project,root,v6-32-06,https://github.com/root-project/root/pull/5843#issuecomment-642751426:446,test,tests,446,https://root.cern,https://github.com/root-project/root/pull/5843#issuecomment-642751426,11,['test'],"['test', 'testReport', 'tests']"
Testability,Build failed on ROOT-performance-centos7-multicore/default.; Running on olhswep22.cern.ch:/data/sftnight/workspace/root-pullrequests-build; [See cdash](http://cdash.cern.ch/index.php?project=ROOT&filtercount=1&field1=buildname/string&compare1=65&value1=PR-5845-ROOT-performance-centos7-multicore-default&date=2020-06-10).; [See console output](https://lcgapp-services.cern.ch/root-jenkins/job/root-pullrequests-build/86321/console).; ### Failing tests:; - [projectroot.tree.dataframe.test.gtest_tree_dataframe_test_dataframe_snapshot](https://lcgapp-services.cern.ch/root-jenkins/job/root-pullrequests-build/86321/testReport/projectroot.tree.dataframe/test/gtest_tree_dataframe_test_dataframe_snapshot/),MatchSource.ISSUE_COMMENT,root-project,root,v6-32-06,https://github.com/root-project/root/pull/5845#issuecomment-642228774:446,test,tests,446,https://root.cern,https://github.com/root-project/root/pull/5845#issuecomment-642228774,4,['test'],"['test', 'testReport', 'tests']"
Testability,Build failed on ROOT-performance-centos7-multicore/default.; Running on olhswep22.cern.ch:/data/sftnight/workspace/root-pullrequests-build; [See cdash](http://cdash.cern.ch/index.php?project=ROOT&filtercount=1&field1=buildname/string&compare1=65&value1=PR-5845-ROOT-performance-centos7-multicore-default&date=2020-06-11).; [See console output](https://lcgapp-services.cern.ch/root-jenkins/job/root-pullrequests-build/86522/console).; ### Failing tests:; - [projectroot.test.test_stressIOPlugins_xroot](https://lcgapp-services.cern.ch/root-jenkins/job/root-pullrequests-build/86522/testReport/projectroot/test/test_stressIOPlugins_xroot/); - [projectroot.tree.treeplayer.test.gtest_tree_treeplayer_test_treeprocessormt_remotefiles](https://lcgapp-services.cern.ch/root-jenkins/job/root-pullrequests-build/86522/testReport/projectroot.tree.treeplayer/test/gtest_tree_treeplayer_test_treeprocessormt_remotefiles/); - [projectroot.runtutorials.tutorial_dataframe_df102_NanoAODDimuonAnalysis](https://lcgapp-services.cern.ch/root-jenkins/job/root-pullrequests-build/86522/testReport/projectroot/runtutorials/tutorial_dataframe_df102_NanoAODDimuonAnalysis/); - [projectroot.runtutorials.tutorial_dataframe_df101_h1Analysis](https://lcgapp-services.cern.ch/root-jenkins/job/root-pullrequests-build/86522/testReport/projectroot/runtutorials/tutorial_dataframe_df101_h1Analysis/); - [projectroot.runtutorials.tutorial_dataframe_df103_NanoAODHiggsAnalysis](https://lcgapp-services.cern.ch/root-jenkins/job/root-pullrequests-build/86522/testReport/projectroot/runtutorials/tutorial_dataframe_df103_NanoAODHiggsAnalysis/); - [projectroot.runtutorials.tutorial_tmva_tmva103_Application](https://lcgapp-services.cern.ch/root-jenkins/job/root-pullrequests-build/86522/testReport/projectroot/runtutorials/tutorial_tmva_tmva103_Application/),MatchSource.ISSUE_COMMENT,root-project,root,v6-32-06,https://github.com/root-project/root/pull/5845#issuecomment-642581370:446,test,tests,446,https://root.cern,https://github.com/root-project/root/pull/5845#issuecomment-642581370,11,['test'],"['test', 'testReport', 'tests']"
Testability,Build failed on ROOT-performance-centos7-multicore/default.; Running on olhswep22.cern.ch:/data/sftnight/workspace/root-pullrequests-build; [See cdash](http://cdash.cern.ch/index.php?project=ROOT&filtercount=1&field1=buildname/string&compare1=65&value1=PR-5846-ROOT-performance-centos7-multicore-default&date=2020-06-10).; [See console output](https://lcgapp-services.cern.ch/root-jenkins/job/root-pullrequests-build/86311/console).; ### Failing tests:; - [projectroot.roottest.root.io.filemerger.roottest_root_io_filemerger_simple_lz4_compr_level1](https://lcgapp-services.cern.ch/root-jenkins/job/root-pullrequests-build/86311/testReport/projectroot.roottest.root.io/filemerger/roottest_root_io_filemerger_simple_lz4_compr_level1/),MatchSource.ISSUE_COMMENT,root-project,root,v6-32-06,https://github.com/root-project/root/pull/5846#issuecomment-642168524:446,test,tests,446,https://root.cern,https://github.com/root-project/root/pull/5846#issuecomment-642168524,2,['test'],"['testReport', 'tests']"
Testability,Build failed on ROOT-performance-centos7-multicore/default.; Running on olhswep22.cern.ch:/data/sftnight/workspace/root-pullrequests-build; [See cdash](http://cdash.cern.ch/index.php?project=ROOT&filtercount=1&field1=buildname/string&compare1=65&value1=PR-5847-ROOT-performance-centos7-multicore-default&date=2020-08-07).; [See console output](https://lcgapp-services.cern.ch/root-jenkins/job/root-pullrequests-build/91875/console).; ### Failing tests:; - [projectroot.runtutorials.tutorial_tmva_envelope_classification](https://lcgapp-services.cern.ch/root-jenkins/job/root-pullrequests-build/91875/testReport/projectroot/runtutorials/tutorial_tmva_envelope_classification/),MatchSource.ISSUE_COMMENT,root-project,root,v6-32-06,https://github.com/root-project/root/pull/5847#issuecomment-670566602:446,test,tests,446,https://root.cern,https://github.com/root-project/root/pull/5847#issuecomment-670566602,2,['test'],"['testReport', 'tests']"
Testability,Build failed on ROOT-performance-centos7-multicore/default.; Running on olhswep22.cern.ch:/data/sftnight/workspace/root-pullrequests-build; [See cdash](http://cdash.cern.ch/index.php?project=ROOT&filtercount=1&field1=buildname/string&compare1=65&value1=PR-5847-ROOT-performance-centos7-multicore-default&date=2020-08-07).; [See console output](https://lcgapp-services.cern.ch/root-jenkins/job/root-pullrequests-build/91891/console).; ### Failing tests:; - [projectroot.runtutorials.tutorial_tmva_envelope_classification](https://lcgapp-services.cern.ch/root-jenkins/job/root-pullrequests-build/91891/testReport/projectroot/runtutorials/tutorial_tmva_envelope_classification/); - [projectroot.core.rint.test.gtest_core_rint_test_TTabComTests](https://lcgapp-services.cern.ch/root-jenkins/job/root-pullrequests-build/91891/testReport/projectroot.core.rint/test/gtest_core_rint_test_TTabComTests/); - [projectroot.roottest.python.JupyROOT.roottest_python_JupyROOT_cppcompleter_doctest](https://lcgapp-services.cern.ch/root-jenkins/job/root-pullrequests-build/91891/testReport/projectroot.roottest.python/JupyROOT/roottest_python_JupyROOT_cppcompleter_doctest/); - [projectroot.roottest.root.rint.roottest_root_rint_TabCom](https://lcgapp-services.cern.ch/root-jenkins/job/root-pullrequests-build/91891/testReport/projectroot.roottest.root/rint/roottest_root_rint_TabCom/),MatchSource.ISSUE_COMMENT,root-project,root,v6-32-06,https://github.com/root-project/root/pull/5847#issuecomment-670706536:446,test,tests,446,https://root.cern,https://github.com/root-project/root/pull/5847#issuecomment-670706536,7,['test'],"['test', 'testReport', 'tests']"
Testability,Build failed on ROOT-performance-centos7-multicore/default.; Running on olhswep22.cern.ch:/data/sftnight/workspace/root-pullrequests-build; [See cdash](http://cdash.cern.ch/index.php?project=ROOT&filtercount=1&field1=buildname/string&compare1=65&value1=PR-5847-ROOT-performance-centos7-multicore-default&date=2020-08-07).; [See console output](https://lcgapp-services.cern.ch/root-jenkins/job/root-pullrequests-build/91899/console).; ### Failing tests:; - [projectroot.runtutorials.tutorial_tmva_envelope_classification](https://lcgapp-services.cern.ch/root-jenkins/job/root-pullrequests-build/91899/testReport/projectroot/runtutorials/tutorial_tmva_envelope_classification/); - [projectroot.roottest.root.rint.roottest_root_rint_TabCom](https://lcgapp-services.cern.ch/root-jenkins/job/root-pullrequests-build/91899/testReport/projectroot.roottest.root/rint/roottest_root_rint_TabCom/),MatchSource.ISSUE_COMMENT,root-project,root,v6-32-06,https://github.com/root-project/root/pull/5847#issuecomment-670721138:446,test,tests,446,https://root.cern,https://github.com/root-project/root/pull/5847#issuecomment-670721138,3,['test'],"['testReport', 'tests']"
Testability,Build failed on ROOT-performance-centos7-multicore/default.; Running on olhswep22.cern.ch:/data/sftnight/workspace/root-pullrequests-build; [See cdash](http://cdash.cern.ch/index.php?project=ROOT&filtercount=1&field1=buildname/string&compare1=65&value1=PR-5847-ROOT-performance-centos7-multicore-default&date=2020-08-08).; [See console output](https://lcgapp-services.cern.ch/root-jenkins/job/root-pullrequests-build/91915/console).; ### Failing tests:; - [projectroot.runtutorials.tutorial_tmva_envelope_classification](https://lcgapp-services.cern.ch/root-jenkins/job/root-pullrequests-build/91915/testReport/projectroot/runtutorials/tutorial_tmva_envelope_classification/); - [projectroot.roottest.root.rint.roottest_root_rint_TabCom](https://lcgapp-services.cern.ch/root-jenkins/job/root-pullrequests-build/91915/testReport/projectroot.roottest.root/rint/roottest_root_rint_TabCom/),MatchSource.ISSUE_COMMENT,root-project,root,v6-32-06,https://github.com/root-project/root/pull/5847#issuecomment-670745009:446,test,tests,446,https://root.cern,https://github.com/root-project/root/pull/5847#issuecomment-670745009,3,['test'],"['testReport', 'tests']"
Testability,Build failed on ROOT-performance-centos7-multicore/default.; Running on olhswep22.cern.ch:/data/sftnight/workspace/root-pullrequests-build; [See cdash](http://cdash.cern.ch/index.php?project=ROOT&filtercount=1&field1=buildname/string&compare1=65&value1=PR-5847-ROOT-performance-centos7-multicore-default&date=2020-08-08).; [See console output](https://lcgapp-services.cern.ch/root-jenkins/job/root-pullrequests-build/91939/console).; ### Failing tests:; - [projectroot.roottest.root.rint.roottest_root_rint_TabCom](https://lcgapp-services.cern.ch/root-jenkins/job/root-pullrequests-build/91939/testReport/projectroot.roottest.root/rint/roottest_root_rint_TabCom/),MatchSource.ISSUE_COMMENT,root-project,root,v6-32-06,https://github.com/root-project/root/pull/5847#issuecomment-670839365:446,test,tests,446,https://root.cern,https://github.com/root-project/root/pull/5847#issuecomment-670839365,2,['test'],"['testReport', 'tests']"
Testability,Build failed on ROOT-performance-centos7-multicore/default.; Running on olhswep22.cern.ch:/data/sftnight/workspace/root-pullrequests-build; [See cdash](http://cdash.cern.ch/index.php?project=ROOT&filtercount=1&field1=buildname/string&compare1=65&value1=PR-5847-ROOT-performance-centos7-multicore-default&date=2020-08-08).; [See console output](https://lcgapp-services.cern.ch/root-jenkins/job/root-pullrequests-build/91947/console).; ### Failing tests:; - [projectroot.roottest.root.rint.roottest_root_rint_TabCom](https://lcgapp-services.cern.ch/root-jenkins/job/root-pullrequests-build/91947/testReport/projectroot.roottest.root/rint/roottest_root_rint_TabCom/),MatchSource.ISSUE_COMMENT,root-project,root,v6-32-06,https://github.com/root-project/root/pull/5847#issuecomment-670848579:446,test,tests,446,https://root.cern,https://github.com/root-project/root/pull/5847#issuecomment-670848579,2,['test'],"['testReport', 'tests']"
Testability,Build failed on ROOT-performance-centos7-multicore/default.; Running on olhswep22.cern.ch:/data/sftnight/workspace/root-pullrequests-build; [See cdash](http://cdash.cern.ch/index.php?project=ROOT&filtercount=1&field1=buildname/string&compare1=65&value1=PR-5847-ROOT-performance-centos7-multicore-default&date=2020-08-08).; [See console output](https://lcgapp-services.cern.ch/root-jenkins/job/root-pullrequests-build/91955/console).; ### Failing tests:; - [projectroot.core.rint.test.gtest_core_rint_test_TTabComTests](https://lcgapp-services.cern.ch/root-jenkins/job/root-pullrequests-build/91955/testReport/projectroot.core.rint/test/gtest_core_rint_test_TTabComTests/); - [projectroot.roottest.python.JupyROOT.roottest_python_JupyROOT_cppcompleter_doctest](https://lcgapp-services.cern.ch/root-jenkins/job/root-pullrequests-build/91955/testReport/projectroot.roottest.python/JupyROOT/roottest_python_JupyROOT_cppcompleter_doctest/); - [projectroot.roottest.root.rint.roottest_root_rint_TabCom](https://lcgapp-services.cern.ch/root-jenkins/job/root-pullrequests-build/91955/testReport/projectroot.roottest.root/rint/roottest_root_rint_TabCom/),MatchSource.ISSUE_COMMENT,root-project,root,v6-32-06,https://github.com/root-project/root/pull/5847#issuecomment-670853907:446,test,tests,446,https://root.cern,https://github.com/root-project/root/pull/5847#issuecomment-670853907,6,['test'],"['test', 'testReport', 'tests']"
Testability,Build failed on ROOT-performance-centos7-multicore/default.; Running on olhswep22.cern.ch:/data/sftnight/workspace/root-pullrequests-build; [See cdash](http://cdash.cern.ch/index.php?project=ROOT&filtercount=1&field1=buildname/string&compare1=65&value1=PR-5847-ROOT-performance-centos7-multicore-default&date=2020-08-08).; [See console output](https://lcgapp-services.cern.ch/root-jenkins/job/root-pullrequests-build/91963/console).; ### Failing tests:; - [projectroot.roottest.root.rint.roottest_root_rint_TabCom](https://lcgapp-services.cern.ch/root-jenkins/job/root-pullrequests-build/91963/testReport/projectroot.roottest.root/rint/roottest_root_rint_TabCom/),MatchSource.ISSUE_COMMENT,root-project,root,v6-32-06,https://github.com/root-project/root/pull/5847#issuecomment-670952338:446,test,tests,446,https://root.cern,https://github.com/root-project/root/pull/5847#issuecomment-670952338,2,['test'],"['testReport', 'tests']"
Testability,Build failed on ROOT-performance-centos7-multicore/default.; Running on olhswep22.cern.ch:/data/sftnight/workspace/root-pullrequests-build; [See cdash](http://cdash.cern.ch/index.php?project=ROOT&filtercount=1&field1=buildname/string&compare1=65&value1=PR-5847-ROOT-performance-centos7-multicore-default&date=2020-08-09).; [See console output](https://lcgapp-services.cern.ch/root-jenkins/job/root-pullrequests-build/91971/console).; ### Failing tests:; - [projectroot.roottest.root.rint.roottest_root_rint_TabCom](https://lcgapp-services.cern.ch/root-jenkins/job/root-pullrequests-build/91971/testReport/projectroot.roottest.root/rint/roottest_root_rint_TabCom/),MatchSource.ISSUE_COMMENT,root-project,root,v6-32-06,https://github.com/root-project/root/pull/5847#issuecomment-671011135:446,test,tests,446,https://root.cern,https://github.com/root-project/root/pull/5847#issuecomment-671011135,2,['test'],"['testReport', 'tests']"
Testability,Build failed on ROOT-performance-centos7-multicore/default.; Running on olhswep22.cern.ch:/data/sftnight/workspace/root-pullrequests-build; [See cdash](http://cdash.cern.ch/index.php?project=ROOT&filtercount=1&field1=buildname/string&compare1=65&value1=PR-5847-ROOT-performance-centos7-multicore-default&date=2020-08-09).; [See console output](https://lcgapp-services.cern.ch/root-jenkins/job/root-pullrequests-build/91979/console).; ### Failing tests:; - [projectroot.roottest.root.rint.roottest_root_rint_TabCom](https://lcgapp-services.cern.ch/root-jenkins/job/root-pullrequests-build/91979/testReport/projectroot.roottest.root/rint/roottest_root_rint_TabCom/),MatchSource.ISSUE_COMMENT,root-project,root,v6-32-06,https://github.com/root-project/root/pull/5847#issuecomment-671021539:446,test,tests,446,https://root.cern,https://github.com/root-project/root/pull/5847#issuecomment-671021539,2,['test'],"['testReport', 'tests']"
Testability,Build failed on ROOT-performance-centos7-multicore/default.; Running on olhswep22.cern.ch:/data/sftnight/workspace/root-pullrequests-build; [See cdash](http://cdash.cern.ch/index.php?project=ROOT&filtercount=1&field1=buildname/string&compare1=65&value1=PR-5847-ROOT-performance-centos7-multicore-default&date=2020-08-10).; [See console output](https://lcgapp-services.cern.ch/root-jenkins/job/root-pullrequests-build/92099/console).; ### Errors:; - [2020-08-10T18:53:47.085Z] /data/sftnight/workspace/root-pullrequests-build/root/core/rint/test/TTabComTests.cxx:98:95: error: expected ‘)’ before ‘}’ token ; - [2020-08-10T18:53:47.085Z] /data/sftnight/workspace/root-pullrequests-build/root/core/rint/test/TTabComTests.cxx:98:95: error: expected ‘)’ before ‘}’ token ; - [2020-08-10T18:53:47.085Z] /data/sftnight/workspace/root-pullrequests-build/root/core/rint/test/TTabComTests.cxx:98:95: error: expected ‘)’ before ‘}’ token ; - [2020-08-10T18:53:47.085Z] /data/sftnight/workspace/root-pullrequests-build/root/core/rint/test/TTabComTests.cxx:98:95: error: expected primary-expression before ‘}’ token ; - [2020-08-10T18:53:47.085Z] /data/sftnight/workspace/root-pullrequests-build/root/core/rint/test/TTabComTests.cxx:98:95: error: expected ‘;’ before ‘}’ token ; - [2020-08-10T18:53:47.085Z] /data/sftnight/workspace/root-pullrequests-build/root/core/rint/test/TTabComTests.cxx:98:96: error: expected unqualified-id before ‘)’ token ; - [2020-08-10T18:53:47.085Z] /data/sftnight/workspace/root-pullrequests-build/root/core/rint/test/TTabComTests.cxx:97:4: error: expected unqualified-id before ‘else’ ; - [2020-08-10T18:53:47.085Z] /data/sftnight/workspace/root-pullrequests-build/root/core/rint/test/TTabComTests.cxx:99:1: error: expected declaration before ‘}’ token,MatchSource.ISSUE_COMMENT,root-project,root,v6-32-06,https://github.com/root-project/root/pull/5847#issuecomment-671528057:540,test,test,540,https://root.cern,https://github.com/root-project/root/pull/5847#issuecomment-671528057,8,['test'],['test']
Testability,Build failed on ROOT-performance-centos7-multicore/default.; Running on olhswep22.cern.ch:/data/sftnight/workspace/root-pullrequests-build; [See cdash](http://cdash.cern.ch/index.php?project=ROOT&filtercount=1&field1=buildname/string&compare1=65&value1=PR-5847-ROOT-performance-centos7-multicore-default&date=2020-08-11).; [See console output](https://lcgapp-services.cern.ch/root-jenkins/job/root-pullrequests-build/92163/console).; ### Failing tests:; - [projectroot.core.rint.test.gtest_core_rint_test_TTabComTests](https://lcgapp-services.cern.ch/root-jenkins/job/root-pullrequests-build/92163/testReport/projectroot.core.rint/test/gtest_core_rint_test_TTabComTests/),MatchSource.ISSUE_COMMENT,root-project,root,v6-32-06,https://github.com/root-project/root/pull/5847#issuecomment-671808184:446,test,tests,446,https://root.cern,https://github.com/root-project/root/pull/5847#issuecomment-671808184,4,['test'],"['test', 'testReport', 'tests']"
Testability,Build failed on ROOT-performance-centos7-multicore/default.; Running on olhswep22.cern.ch:/data/sftnight/workspace/root-pullrequests-build; [See cdash](http://cdash.cern.ch/index.php?project=ROOT&filtercount=1&field1=buildname/string&compare1=65&value1=PR-5848-ROOT-performance-centos7-multicore-default&date=2020-06-11).; [See console output](https://lcgapp-services.cern.ch/root-jenkins/job/root-pullrequests-build/86572/console).; ### Failing tests:; - [projectroot.runtutorials.tutorial_dataframe_df102_NanoAODDimuonAnalysis](https://lcgapp-services.cern.ch/root-jenkins/job/root-pullrequests-build/86572/testReport/projectroot/runtutorials/tutorial_dataframe_df102_NanoAODDimuonAnalysis/); - [projectroot.runtutorials.tutorial_dataframe_df101_h1Analysis](https://lcgapp-services.cern.ch/root-jenkins/job/root-pullrequests-build/86572/testReport/projectroot/runtutorials/tutorial_dataframe_df101_h1Analysis/); - [projectroot.runtutorials.tutorial_dataframe_df103_NanoAODHiggsAnalysis](https://lcgapp-services.cern.ch/root-jenkins/job/root-pullrequests-build/86572/testReport/projectroot/runtutorials/tutorial_dataframe_df103_NanoAODHiggsAnalysis/); - [projectroot.runtutorials.tutorial_tmva_tmva103_Application](https://lcgapp-services.cern.ch/root-jenkins/job/root-pullrequests-build/86572/testReport/projectroot/runtutorials/tutorial_tmva_tmva103_Application/); - [projectroot.test.test_stressIOPlugins_xroot](https://lcgapp-services.cern.ch/root-jenkins/job/root-pullrequests-build/86572/testReport/projectroot/test/test_stressIOPlugins_xroot/); - [projectroot.tree.treeplayer.test.gtest_tree_treeplayer_test_treeprocessormt_remotefiles](https://lcgapp-services.cern.ch/root-jenkins/job/root-pullrequests-build/86572/testReport/projectroot.tree.treeplayer/test/gtest_tree_treeplayer_test_treeprocessormt_remotefiles/),MatchSource.ISSUE_COMMENT,root-project,root,v6-32-06,https://github.com/root-project/root/pull/5848#issuecomment-642821271:446,test,tests,446,https://root.cern,https://github.com/root-project/root/pull/5848#issuecomment-642821271,11,['test'],"['test', 'testReport', 'tests']"
Testability,Build failed on ROOT-performance-centos7-multicore/default.; Running on olhswep22.cern.ch:/data/sftnight/workspace/root-pullrequests-build; [See cdash](http://cdash.cern.ch/index.php?project=ROOT&filtercount=1&field1=buildname/string&compare1=65&value1=PR-5850-ROOT-performance-centos7-multicore-default&date=2020-06-11).; [See console output](https://lcgapp-services.cern.ch/root-jenkins/job/root-pullrequests-build/86482/console).; ### Failing tests:; - [projectroot.test.test_stressIOPlugins_xroot](https://lcgapp-services.cern.ch/root-jenkins/job/root-pullrequests-build/86482/testReport/projectroot/test/test_stressIOPlugins_xroot/); - [projectroot.tree.treeplayer.test.gtest_tree_treeplayer_test_treeprocessormt_remotefiles](https://lcgapp-services.cern.ch/root-jenkins/job/root-pullrequests-build/86482/testReport/projectroot.tree.treeplayer/test/gtest_tree_treeplayer_test_treeprocessormt_remotefiles/); - [projectroot.runtutorials.tutorial_dataframe_df102_NanoAODDimuonAnalysis](https://lcgapp-services.cern.ch/root-jenkins/job/root-pullrequests-build/86482/testReport/projectroot/runtutorials/tutorial_dataframe_df102_NanoAODDimuonAnalysis/); - [projectroot.runtutorials.tutorial_dataframe_df101_h1Analysis](https://lcgapp-services.cern.ch/root-jenkins/job/root-pullrequests-build/86482/testReport/projectroot/runtutorials/tutorial_dataframe_df101_h1Analysis/); - [projectroot.runtutorials.tutorial_dataframe_df103_NanoAODHiggsAnalysis](https://lcgapp-services.cern.ch/root-jenkins/job/root-pullrequests-build/86482/testReport/projectroot/runtutorials/tutorial_dataframe_df103_NanoAODHiggsAnalysis/); - [projectroot.runtutorials.tutorial_tmva_tmva103_Application](https://lcgapp-services.cern.ch/root-jenkins/job/root-pullrequests-build/86482/testReport/projectroot/runtutorials/tutorial_tmva_tmva103_Application/),MatchSource.ISSUE_COMMENT,root-project,root,v6-32-06,https://github.com/root-project/root/pull/5850#issuecomment-642546025:446,test,tests,446,https://root.cern,https://github.com/root-project/root/pull/5850#issuecomment-642546025,11,['test'],"['test', 'testReport', 'tests']"
Testability,Build failed on ROOT-performance-centos7-multicore/default.; Running on olhswep22.cern.ch:/data/sftnight/workspace/root-pullrequests-build; [See cdash](http://cdash.cern.ch/index.php?project=ROOT&filtercount=1&field1=buildname/string&compare1=65&value1=PR-5851-ROOT-performance-centos7-multicore-default&date=2020-06-11).; [See console output](https://lcgapp-services.cern.ch/root-jenkins/job/root-pullrequests-build/86498/console).; ### Failing tests:; - [projectroot.test.test_stressIOPlugins_xroot](https://lcgapp-services.cern.ch/root-jenkins/job/root-pullrequests-build/86498/testReport/projectroot/test/test_stressIOPlugins_xroot/); - [projectroot.tree.treeplayer.test.gtest_tree_treeplayer_test_treeprocessormt](https://lcgapp-services.cern.ch/root-jenkins/job/root-pullrequests-build/86498/testReport/projectroot.tree.treeplayer/test/gtest_tree_treeplayer_test_treeprocessormt/); - [projectroot.runtutorials.tutorial_tmva_tmva103_Application](https://lcgapp-services.cern.ch/root-jenkins/job/root-pullrequests-build/86498/testReport/projectroot/runtutorials/tutorial_tmva_tmva103_Application/),MatchSource.ISSUE_COMMENT,root-project,root,v6-32-06,https://github.com/root-project/root/pull/5851#issuecomment-642554939:446,test,tests,446,https://root.cern,https://github.com/root-project/root/pull/5851#issuecomment-642554939,8,['test'],"['test', 'testReport', 'tests']"
Testability,Build failed on ROOT-performance-centos7-multicore/default.; Running on olhswep22.cern.ch:/data/sftnight/workspace/root-pullrequests-build; [See cdash](http://cdash.cern.ch/index.php?project=ROOT&filtercount=1&field1=buildname/string&compare1=65&value1=PR-5852-ROOT-performance-centos7-multicore-default&date=2020-06-11).; [See console output](https://lcgapp-services.cern.ch/root-jenkins/job/root-pullrequests-build/86506/console).; ### Failing tests:; - [projectroot.test.test_stressIOPlugins_xroot](https://lcgapp-services.cern.ch/root-jenkins/job/root-pullrequests-build/86506/testReport/projectroot/test/test_stressIOPlugins_xroot/); - [projectroot.tree.treeplayer.test.gtest_tree_treeplayer_test_treeprocessormt_remotefiles](https://lcgapp-services.cern.ch/root-jenkins/job/root-pullrequests-build/86506/testReport/projectroot.tree.treeplayer/test/gtest_tree_treeplayer_test_treeprocessormt_remotefiles/); - [projectroot.runtutorials.tutorial_dataframe_df102_NanoAODDimuonAnalysis](https://lcgapp-services.cern.ch/root-jenkins/job/root-pullrequests-build/86506/testReport/projectroot/runtutorials/tutorial_dataframe_df102_NanoAODDimuonAnalysis/); - [projectroot.runtutorials.tutorial_dataframe_df101_h1Analysis](https://lcgapp-services.cern.ch/root-jenkins/job/root-pullrequests-build/86506/testReport/projectroot/runtutorials/tutorial_dataframe_df101_h1Analysis/); - [projectroot.runtutorials.tutorial_dataframe_df103_NanoAODHiggsAnalysis](https://lcgapp-services.cern.ch/root-jenkins/job/root-pullrequests-build/86506/testReport/projectroot/runtutorials/tutorial_dataframe_df103_NanoAODHiggsAnalysis/); - [projectroot.runtutorials.tutorial_tmva_tmva103_Application](https://lcgapp-services.cern.ch/root-jenkins/job/root-pullrequests-build/86506/testReport/projectroot/runtutorials/tutorial_tmva_tmva103_Application/),MatchSource.ISSUE_COMMENT,root-project,root,v6-32-06,https://github.com/root-project/root/pull/5852#issuecomment-642564110:446,test,tests,446,https://root.cern,https://github.com/root-project/root/pull/5852#issuecomment-642564110,11,['test'],"['test', 'testReport', 'tests']"
Testability,Build failed on ROOT-performance-centos7-multicore/default.; Running on olhswep22.cern.ch:/data/sftnight/workspace/root-pullrequests-build; [See cdash](http://cdash.cern.ch/index.php?project=ROOT&filtercount=1&field1=buildname/string&compare1=65&value1=PR-5853-ROOT-performance-centos7-multicore-default&date=2020-06-11).; [See console output](https://lcgapp-services.cern.ch/root-jenkins/job/root-pullrequests-build/86514/console).; ### Failing tests:; - [projectroot.test.test_stressIOPlugins_xroot](https://lcgapp-services.cern.ch/root-jenkins/job/root-pullrequests-build/86514/testReport/projectroot/test/test_stressIOPlugins_xroot/); - [projectroot.tree.treeplayer.test.gtest_tree_treeplayer_test_treeprocessormt_remotefiles](https://lcgapp-services.cern.ch/root-jenkins/job/root-pullrequests-build/86514/testReport/projectroot.tree.treeplayer/test/gtest_tree_treeplayer_test_treeprocessormt_remotefiles/); - [projectroot.runtutorials.tutorial_dataframe_df102_NanoAODDimuonAnalysis](https://lcgapp-services.cern.ch/root-jenkins/job/root-pullrequests-build/86514/testReport/projectroot/runtutorials/tutorial_dataframe_df102_NanoAODDimuonAnalysis/); - [projectroot.runtutorials.tutorial_dataframe_df101_h1Analysis](https://lcgapp-services.cern.ch/root-jenkins/job/root-pullrequests-build/86514/testReport/projectroot/runtutorials/tutorial_dataframe_df101_h1Analysis/); - [projectroot.runtutorials.tutorial_dataframe_df103_NanoAODHiggsAnalysis](https://lcgapp-services.cern.ch/root-jenkins/job/root-pullrequests-build/86514/testReport/projectroot/runtutorials/tutorial_dataframe_df103_NanoAODHiggsAnalysis/); - [projectroot.runtutorials.tutorial_tmva_tmva103_Application](https://lcgapp-services.cern.ch/root-jenkins/job/root-pullrequests-build/86514/testReport/projectroot/runtutorials/tutorial_tmva_tmva103_Application/),MatchSource.ISSUE_COMMENT,root-project,root,v6-32-06,https://github.com/root-project/root/pull/5853#issuecomment-642572594:446,test,tests,446,https://root.cern,https://github.com/root-project/root/pull/5853#issuecomment-642572594,11,['test'],"['test', 'testReport', 'tests']"
Testability,Build failed on ROOT-performance-centos7-multicore/default.; Running on olhswep22.cern.ch:/data/sftnight/workspace/root-pullrequests-build; [See cdash](http://cdash.cern.ch/index.php?project=ROOT&filtercount=1&field1=buildname/string&compare1=65&value1=PR-5854-ROOT-performance-centos7-multicore-default&date=2020-06-11).; [See console output](https://lcgapp-services.cern.ch/root-jenkins/job/root-pullrequests-build/86548/console).; ### Failing tests:; - [projectroot.test.test_stressIOPlugins_xroot](https://lcgapp-services.cern.ch/root-jenkins/job/root-pullrequests-build/86548/testReport/projectroot/test/test_stressIOPlugins_xroot/); - [projectroot.tree.treeplayer.test.gtest_tree_treeplayer_test_treeprocessormt_remotefiles](https://lcgapp-services.cern.ch/root-jenkins/job/root-pullrequests-build/86548/testReport/projectroot.tree.treeplayer/test/gtest_tree_treeplayer_test_treeprocessormt_remotefiles/); - [projectroot.runtutorials.tutorial_dataframe_df102_NanoAODDimuonAnalysis](https://lcgapp-services.cern.ch/root-jenkins/job/root-pullrequests-build/86548/testReport/projectroot/runtutorials/tutorial_dataframe_df102_NanoAODDimuonAnalysis/); - [projectroot.runtutorials.tutorial_dataframe_df101_h1Analysis](https://lcgapp-services.cern.ch/root-jenkins/job/root-pullrequests-build/86548/testReport/projectroot/runtutorials/tutorial_dataframe_df101_h1Analysis/); - [projectroot.runtutorials.tutorial_dataframe_df103_NanoAODHiggsAnalysis](https://lcgapp-services.cern.ch/root-jenkins/job/root-pullrequests-build/86548/testReport/projectroot/runtutorials/tutorial_dataframe_df103_NanoAODHiggsAnalysis/); - [projectroot.runtutorials.tutorial_tmva_tmva103_Application](https://lcgapp-services.cern.ch/root-jenkins/job/root-pullrequests-build/86548/testReport/projectroot/runtutorials/tutorial_tmva_tmva103_Application/),MatchSource.ISSUE_COMMENT,root-project,root,v6-32-06,https://github.com/root-project/root/pull/5854#issuecomment-642732162:446,test,tests,446,https://root.cern,https://github.com/root-project/root/pull/5854#issuecomment-642732162,11,['test'],"['test', 'testReport', 'tests']"
Testability,Build failed on ROOT-performance-centos7-multicore/default.; Running on olhswep22.cern.ch:/data/sftnight/workspace/root-pullrequests-build; [See cdash](http://cdash.cern.ch/index.php?project=ROOT&filtercount=1&field1=buildname/string&compare1=65&value1=PR-5855-ROOT-performance-centos7-multicore-default&date=2020-06-11).; [See console output](https://lcgapp-services.cern.ch/root-jenkins/job/root-pullrequests-build/86564/console).; ### Failing tests:; - [projectroot.runtutorials.tutorial_dataframe_df102_NanoAODDimuonAnalysis](https://lcgapp-services.cern.ch/root-jenkins/job/root-pullrequests-build/86564/testReport/projectroot/runtutorials/tutorial_dataframe_df102_NanoAODDimuonAnalysis/); - [projectroot.runtutorials.tutorial_dataframe_df101_h1Analysis](https://lcgapp-services.cern.ch/root-jenkins/job/root-pullrequests-build/86564/testReport/projectroot/runtutorials/tutorial_dataframe_df101_h1Analysis/); - [projectroot.runtutorials.tutorial_dataframe_df103_NanoAODHiggsAnalysis](https://lcgapp-services.cern.ch/root-jenkins/job/root-pullrequests-build/86564/testReport/projectroot/runtutorials/tutorial_dataframe_df103_NanoAODHiggsAnalysis/); - [projectroot.runtutorials.tutorial_tmva_tmva103_Application](https://lcgapp-services.cern.ch/root-jenkins/job/root-pullrequests-build/86564/testReport/projectroot/runtutorials/tutorial_tmva_tmva103_Application/); - [projectroot.test.test_stressIOPlugins_xroot](https://lcgapp-services.cern.ch/root-jenkins/job/root-pullrequests-build/86564/testReport/projectroot/test/test_stressIOPlugins_xroot/); - [projectroot.tree.treeplayer.test.gtest_tree_treeplayer_test_treeprocessormt_remotefiles](https://lcgapp-services.cern.ch/root-jenkins/job/root-pullrequests-build/86564/testReport/projectroot.tree.treeplayer/test/gtest_tree_treeplayer_test_treeprocessormt_remotefiles/),MatchSource.ISSUE_COMMENT,root-project,root,v6-32-06,https://github.com/root-project/root/pull/5855#issuecomment-642774686:446,test,tests,446,https://root.cern,https://github.com/root-project/root/pull/5855#issuecomment-642774686,11,['test'],"['test', 'testReport', 'tests']"
Testability,Build failed on ROOT-performance-centos7-multicore/default.; Running on olhswep22.cern.ch:/data/sftnight/workspace/root-pullrequests-build; [See cdash](http://cdash.cern.ch/index.php?project=ROOT&filtercount=1&field1=buildname/string&compare1=65&value1=PR-5855-ROOT-performance-centos7-multicore-default&date=2020-06-12).; [See console output](https://lcgapp-services.cern.ch/root-jenkins/job/root-pullrequests-build/86669/console).; ### Failing tests:; - [projectroot.test.test_stressIOPlugins_xroot](https://lcgapp-services.cern.ch/root-jenkins/job/root-pullrequests-build/86669/testReport/projectroot/test/test_stressIOPlugins_xroot/); - [projectroot.tree.treeplayer.test.gtest_tree_treeplayer_test_treeprocessormt_remotefiles](https://lcgapp-services.cern.ch/root-jenkins/job/root-pullrequests-build/86669/testReport/projectroot.tree.treeplayer/test/gtest_tree_treeplayer_test_treeprocessormt_remotefiles/); - [projectroot.runtutorials.tutorial_dataframe_df102_NanoAODDimuonAnalysis](https://lcgapp-services.cern.ch/root-jenkins/job/root-pullrequests-build/86669/testReport/projectroot/runtutorials/tutorial_dataframe_df102_NanoAODDimuonAnalysis/); - [projectroot.runtutorials.tutorial_dataframe_df101_h1Analysis](https://lcgapp-services.cern.ch/root-jenkins/job/root-pullrequests-build/86669/testReport/projectroot/runtutorials/tutorial_dataframe_df101_h1Analysis/); - [projectroot.runtutorials.tutorial_dataframe_df103_NanoAODHiggsAnalysis](https://lcgapp-services.cern.ch/root-jenkins/job/root-pullrequests-build/86669/testReport/projectroot/runtutorials/tutorial_dataframe_df103_NanoAODHiggsAnalysis/); - [projectroot.runtutorials.tutorial_tmva_tmva103_Application](https://lcgapp-services.cern.ch/root-jenkins/job/root-pullrequests-build/86669/testReport/projectroot/runtutorials/tutorial_tmva_tmva103_Application/),MatchSource.ISSUE_COMMENT,root-project,root,v6-32-06,https://github.com/root-project/root/pull/5855#issuecomment-643279530:446,test,tests,446,https://root.cern,https://github.com/root-project/root/pull/5855#issuecomment-643279530,11,['test'],"['test', 'testReport', 'tests']"
Testability,Build failed on ROOT-performance-centos7-multicore/default.; Running on olhswep22.cern.ch:/data/sftnight/workspace/root-pullrequests-build; [See cdash](http://cdash.cern.ch/index.php?project=ROOT&filtercount=1&field1=buildname/string&compare1=65&value1=PR-5855-ROOT-performance-centos7-multicore-default&date=2020-06-14).; [See console output](https://lcgapp-services.cern.ch/root-jenkins/job/root-pullrequests-build/86845/console).; ### Failing tests:; - [projectroot.test.test_stressIOPlugins_xroot](https://lcgapp-services.cern.ch/root-jenkins/job/root-pullrequests-build/86845/testReport/projectroot/test/test_stressIOPlugins_xroot/); - [projectroot.tree.treeplayer.test.gtest_tree_treeplayer_test_treeprocessormt_remotefiles](https://lcgapp-services.cern.ch/root-jenkins/job/root-pullrequests-build/86845/testReport/projectroot.tree.treeplayer/test/gtest_tree_treeplayer_test_treeprocessormt_remotefiles/); - [projectroot.runtutorials.tutorial_dataframe_df102_NanoAODDimuonAnalysis](https://lcgapp-services.cern.ch/root-jenkins/job/root-pullrequests-build/86845/testReport/projectroot/runtutorials/tutorial_dataframe_df102_NanoAODDimuonAnalysis/); - [projectroot.runtutorials.tutorial_dataframe_df101_h1Analysis](https://lcgapp-services.cern.ch/root-jenkins/job/root-pullrequests-build/86845/testReport/projectroot/runtutorials/tutorial_dataframe_df101_h1Analysis/); - [projectroot.runtutorials.tutorial_dataframe_df103_NanoAODHiggsAnalysis](https://lcgapp-services.cern.ch/root-jenkins/job/root-pullrequests-build/86845/testReport/projectroot/runtutorials/tutorial_dataframe_df103_NanoAODHiggsAnalysis/); - [projectroot.runtutorials.tutorial_tmva_tmva103_Application](https://lcgapp-services.cern.ch/root-jenkins/job/root-pullrequests-build/86845/testReport/projectroot/runtutorials/tutorial_tmva_tmva103_Application/),MatchSource.ISSUE_COMMENT,root-project,root,v6-32-06,https://github.com/root-project/root/pull/5855#issuecomment-643815637:446,test,tests,446,https://root.cern,https://github.com/root-project/root/pull/5855#issuecomment-643815637,11,['test'],"['test', 'testReport', 'tests']"
Testability,Build failed on ROOT-performance-centos7-multicore/default.; Running on olhswep22.cern.ch:/data/sftnight/workspace/root-pullrequests-build; [See cdash](http://cdash.cern.ch/index.php?project=ROOT&filtercount=1&field1=buildname/string&compare1=65&value1=PR-5855-ROOT-performance-centos7-multicore-default&date=2020-06-15).; [See console output](https://lcgapp-services.cern.ch/root-jenkins/job/root-pullrequests-build/86877/console).; ### Failing tests:; - [projectroot.test.test_stressIOPlugins_xroot](https://lcgapp-services.cern.ch/root-jenkins/job/root-pullrequests-build/86877/testReport/projectroot/test/test_stressIOPlugins_xroot/); - [projectroot.tree.treeplayer.test.gtest_tree_treeplayer_test_treeprocessormt_remotefiles](https://lcgapp-services.cern.ch/root-jenkins/job/root-pullrequests-build/86877/testReport/projectroot.tree.treeplayer/test/gtest_tree_treeplayer_test_treeprocessormt_remotefiles/); - [projectroot.runtutorials.tutorial_dataframe_df102_NanoAODDimuonAnalysis](https://lcgapp-services.cern.ch/root-jenkins/job/root-pullrequests-build/86877/testReport/projectroot/runtutorials/tutorial_dataframe_df102_NanoAODDimuonAnalysis/); - [projectroot.runtutorials.tutorial_dataframe_df101_h1Analysis](https://lcgapp-services.cern.ch/root-jenkins/job/root-pullrequests-build/86877/testReport/projectroot/runtutorials/tutorial_dataframe_df101_h1Analysis/); - [projectroot.runtutorials.tutorial_dataframe_df103_NanoAODHiggsAnalysis](https://lcgapp-services.cern.ch/root-jenkins/job/root-pullrequests-build/86877/testReport/projectroot/runtutorials/tutorial_dataframe_df103_NanoAODHiggsAnalysis/); - [projectroot.runtutorials.tutorial_tmva_tmva103_Application](https://lcgapp-services.cern.ch/root-jenkins/job/root-pullrequests-build/86877/testReport/projectroot/runtutorials/tutorial_tmva_tmva103_Application/),MatchSource.ISSUE_COMMENT,root-project,root,v6-32-06,https://github.com/root-project/root/pull/5855#issuecomment-643992593:446,test,tests,446,https://root.cern,https://github.com/root-project/root/pull/5855#issuecomment-643992593,11,['test'],"['test', 'testReport', 'tests']"
Testability,Build failed on ROOT-performance-centos7-multicore/default.; Running on olhswep22.cern.ch:/data/sftnight/workspace/root-pullrequests-build; [See cdash](http://cdash.cern.ch/index.php?project=ROOT&filtercount=1&field1=buildname/string&compare1=65&value1=PR-5856-ROOT-performance-centos7-multicore-default&date=2020-06-12).; [See console output](https://lcgapp-services.cern.ch/root-jenkins/job/root-pullrequests-build/86589/console).; ### Failing tests:; - [projectroot.runtutorials.tutorial_dataframe_df102_NanoAODDimuonAnalysis](https://lcgapp-services.cern.ch/root-jenkins/job/root-pullrequests-build/86589/testReport/projectroot/runtutorials/tutorial_dataframe_df102_NanoAODDimuonAnalysis/); - [projectroot.runtutorials.tutorial_dataframe_df101_h1Analysis](https://lcgapp-services.cern.ch/root-jenkins/job/root-pullrequests-build/86589/testReport/projectroot/runtutorials/tutorial_dataframe_df101_h1Analysis/); - [projectroot.runtutorials.tutorial_dataframe_df103_NanoAODHiggsAnalysis](https://lcgapp-services.cern.ch/root-jenkins/job/root-pullrequests-build/86589/testReport/projectroot/runtutorials/tutorial_dataframe_df103_NanoAODHiggsAnalysis/); - [projectroot.runtutorials.tutorial_tmva_tmva103_Application](https://lcgapp-services.cern.ch/root-jenkins/job/root-pullrequests-build/86589/testReport/projectroot/runtutorials/tutorial_tmva_tmva103_Application/); - [projectroot.test.test_stressIOPlugins_xroot](https://lcgapp-services.cern.ch/root-jenkins/job/root-pullrequests-build/86589/testReport/projectroot/test/test_stressIOPlugins_xroot/); - [projectroot.math.mathcore.test.mathcore_testBinnedFitExecPolicy](https://lcgapp-services.cern.ch/root-jenkins/job/root-pullrequests-build/86589/testReport/projectroot.math.mathcore/test/mathcore_testBinnedFitExecPolicy/); - [projectroot.tree.treeplayer.test.gtest_tree_treeplayer_test_treeprocessormt_remotefiles](https://lcgapp-services.cern.ch/root-jenkins/job/root-pullrequests-build/86589/testReport/projectroot.tree.treeplayer/test/gtest_tr,MatchSource.ISSUE_COMMENT,root-project,root,v6-32-06,https://github.com/root-project/root/pull/5856#issuecomment-643150700:446,test,tests,446,https://root.cern,https://github.com/root-project/root/pull/5856#issuecomment-643150700,3,['test'],"['testReport', 'tests']"
Testability,Build failed on ROOT-performance-centos7-multicore/default.; Running on olhswep22.cern.ch:/data/sftnight/workspace/root-pullrequests-build; [See cdash](http://cdash.cern.ch/index.php?project=ROOT&filtercount=1&field1=buildname/string&compare1=65&value1=PR-5857-ROOT-performance-centos7-multicore-default&date=2020-06-12).; [See console output](https://lcgapp-services.cern.ch/root-jenkins/job/root-pullrequests-build/86597/console).; ### Failing tests:; - [projectroot.runtutorials.tutorial_dataframe_df102_NanoAODDimuonAnalysis](https://lcgapp-services.cern.ch/root-jenkins/job/root-pullrequests-build/86597/testReport/projectroot/runtutorials/tutorial_dataframe_df102_NanoAODDimuonAnalysis/); - [projectroot.runtutorials.tutorial_dataframe_df101_h1Analysis](https://lcgapp-services.cern.ch/root-jenkins/job/root-pullrequests-build/86597/testReport/projectroot/runtutorials/tutorial_dataframe_df101_h1Analysis/); - [projectroot.runtutorials.tutorial_dataframe_df103_NanoAODHiggsAnalysis](https://lcgapp-services.cern.ch/root-jenkins/job/root-pullrequests-build/86597/testReport/projectroot/runtutorials/tutorial_dataframe_df103_NanoAODHiggsAnalysis/); - [projectroot.runtutorials.tutorial_tmva_tmva103_Application](https://lcgapp-services.cern.ch/root-jenkins/job/root-pullrequests-build/86597/testReport/projectroot/runtutorials/tutorial_tmva_tmva103_Application/); - [projectroot.test.test_stressIOPlugins_xroot](https://lcgapp-services.cern.ch/root-jenkins/job/root-pullrequests-build/86597/testReport/projectroot/test/test_stressIOPlugins_xroot/); - [projectroot.tree.treeplayer.test.gtest_tree_treeplayer_test_treeprocessormt_remotefiles](https://lcgapp-services.cern.ch/root-jenkins/job/root-pullrequests-build/86597/testReport/projectroot.tree.treeplayer/test/gtest_tree_treeplayer_test_treeprocessormt_remotefiles/),MatchSource.ISSUE_COMMENT,root-project,root,v6-32-06,https://github.com/root-project/root/pull/5857#issuecomment-643160793:446,test,tests,446,https://root.cern,https://github.com/root-project/root/pull/5857#issuecomment-643160793,11,['test'],"['test', 'testReport', 'tests']"
Testability,Build failed on ROOT-performance-centos7-multicore/default.; Running on olhswep22.cern.ch:/data/sftnight/workspace/root-pullrequests-build; [See cdash](http://cdash.cern.ch/index.php?project=ROOT&filtercount=1&field1=buildname/string&compare1=65&value1=PR-5857-ROOT-performance-centos7-multicore-default&date=2020-06-12).; [See console output](https://lcgapp-services.cern.ch/root-jenkins/job/root-pullrequests-build/86653/console).; ### Failing tests:; - [projectroot.test.test_stressIOPlugins_xroot](https://lcgapp-services.cern.ch/root-jenkins/job/root-pullrequests-build/86653/testReport/projectroot/test/test_stressIOPlugins_xroot/); - [projectroot.tree.treeplayer.test.gtest_tree_treeplayer_test_treeprocessormt_remotefiles](https://lcgapp-services.cern.ch/root-jenkins/job/root-pullrequests-build/86653/testReport/projectroot.tree.treeplayer/test/gtest_tree_treeplayer_test_treeprocessormt_remotefiles/); - [projectroot.runtutorials.tutorial_dataframe_df102_NanoAODDimuonAnalysis](https://lcgapp-services.cern.ch/root-jenkins/job/root-pullrequests-build/86653/testReport/projectroot/runtutorials/tutorial_dataframe_df102_NanoAODDimuonAnalysis/); - [projectroot.runtutorials.tutorial_dataframe_df101_h1Analysis](https://lcgapp-services.cern.ch/root-jenkins/job/root-pullrequests-build/86653/testReport/projectroot/runtutorials/tutorial_dataframe_df101_h1Analysis/); - [projectroot.runtutorials.tutorial_dataframe_df103_NanoAODHiggsAnalysis](https://lcgapp-services.cern.ch/root-jenkins/job/root-pullrequests-build/86653/testReport/projectroot/runtutorials/tutorial_dataframe_df103_NanoAODHiggsAnalysis/); - [projectroot.runtutorials.tutorial_tmva_tmva103_Application](https://lcgapp-services.cern.ch/root-jenkins/job/root-pullrequests-build/86653/testReport/projectroot/runtutorials/tutorial_tmva_tmva103_Application/),MatchSource.ISSUE_COMMENT,root-project,root,v6-32-06,https://github.com/root-project/root/pull/5857#issuecomment-643259786:446,test,tests,446,https://root.cern,https://github.com/root-project/root/pull/5857#issuecomment-643259786,11,['test'],"['test', 'testReport', 'tests']"
Testability,Build failed on ROOT-performance-centos7-multicore/default.; Running on olhswep22.cern.ch:/data/sftnight/workspace/root-pullrequests-build; [See cdash](http://cdash.cern.ch/index.php?project=ROOT&filtercount=1&field1=buildname/string&compare1=65&value1=PR-5858-ROOT-performance-centos7-multicore-default&date=2020-06-12).; [See console output](https://lcgapp-services.cern.ch/root-jenkins/job/root-pullrequests-build/86605/console).; ### Failing tests:; - [projectroot.test.test_stressIOPlugins_xroot](https://lcgapp-services.cern.ch/root-jenkins/job/root-pullrequests-build/86605/testReport/projectroot/test/test_stressIOPlugins_xroot/); - [projectroot.tree.treeplayer.test.gtest_tree_treeplayer_test_treeprocessormt_remotefiles](https://lcgapp-services.cern.ch/root-jenkins/job/root-pullrequests-build/86605/testReport/projectroot.tree.treeplayer/test/gtest_tree_treeplayer_test_treeprocessormt_remotefiles/); - [projectroot.runtutorials.tutorial_dataframe_df102_NanoAODDimuonAnalysis](https://lcgapp-services.cern.ch/root-jenkins/job/root-pullrequests-build/86605/testReport/projectroot/runtutorials/tutorial_dataframe_df102_NanoAODDimuonAnalysis/); - [projectroot.runtutorials.tutorial_dataframe_df101_h1Analysis](https://lcgapp-services.cern.ch/root-jenkins/job/root-pullrequests-build/86605/testReport/projectroot/runtutorials/tutorial_dataframe_df101_h1Analysis/); - [projectroot.runtutorials.tutorial_dataframe_df103_NanoAODHiggsAnalysis](https://lcgapp-services.cern.ch/root-jenkins/job/root-pullrequests-build/86605/testReport/projectroot/runtutorials/tutorial_dataframe_df103_NanoAODHiggsAnalysis/); - [projectroot.runtutorials.tutorial_tmva_tmva103_Application](https://lcgapp-services.cern.ch/root-jenkins/job/root-pullrequests-build/86605/testReport/projectroot/runtutorials/tutorial_tmva_tmva103_Application/),MatchSource.ISSUE_COMMENT,root-project,root,v6-32-06,https://github.com/root-project/root/pull/5858#issuecomment-643171173:446,test,tests,446,https://root.cern,https://github.com/root-project/root/pull/5858#issuecomment-643171173,11,['test'],"['test', 'testReport', 'tests']"
Testability,Build failed on ROOT-performance-centos7-multicore/default.; Running on olhswep22.cern.ch:/data/sftnight/workspace/root-pullrequests-build; [See cdash](http://cdash.cern.ch/index.php?project=ROOT&filtercount=1&field1=buildname/string&compare1=65&value1=PR-5858-ROOT-performance-centos7-multicore-default&date=2020-06-12).; [See console output](https://lcgapp-services.cern.ch/root-jenkins/job/root-pullrequests-build/86661/console).; ### Failing tests:; - [projectroot.runtutorials.tutorial_dataframe_df102_NanoAODDimuonAnalysis](https://lcgapp-services.cern.ch/root-jenkins/job/root-pullrequests-build/86661/testReport/projectroot/runtutorials/tutorial_dataframe_df102_NanoAODDimuonAnalysis/); - [projectroot.runtutorials.tutorial_dataframe_df101_h1Analysis](https://lcgapp-services.cern.ch/root-jenkins/job/root-pullrequests-build/86661/testReport/projectroot/runtutorials/tutorial_dataframe_df101_h1Analysis/); - [projectroot.runtutorials.tutorial_dataframe_df103_NanoAODHiggsAnalysis](https://lcgapp-services.cern.ch/root-jenkins/job/root-pullrequests-build/86661/testReport/projectroot/runtutorials/tutorial_dataframe_df103_NanoAODHiggsAnalysis/); - [projectroot.runtutorials.tutorial_tmva_tmva103_Application](https://lcgapp-services.cern.ch/root-jenkins/job/root-pullrequests-build/86661/testReport/projectroot/runtutorials/tutorial_tmva_tmva103_Application/); - [projectroot.test.test_stressIOPlugins_xroot](https://lcgapp-services.cern.ch/root-jenkins/job/root-pullrequests-build/86661/testReport/projectroot/test/test_stressIOPlugins_xroot/); - [projectroot.tree.treeplayer.test.gtest_tree_treeplayer_test_treeprocessormt_remotefiles](https://lcgapp-services.cern.ch/root-jenkins/job/root-pullrequests-build/86661/testReport/projectroot.tree.treeplayer/test/gtest_tree_treeplayer_test_treeprocessormt_remotefiles/),MatchSource.ISSUE_COMMENT,root-project,root,v6-32-06,https://github.com/root-project/root/pull/5858#issuecomment-643269777:446,test,tests,446,https://root.cern,https://github.com/root-project/root/pull/5858#issuecomment-643269777,11,['test'],"['test', 'testReport', 'tests']"
Testability,Build failed on ROOT-performance-centos7-multicore/default.; Running on olhswep22.cern.ch:/data/sftnight/workspace/root-pullrequests-build; [See cdash](http://cdash.cern.ch/index.php?project=ROOT&filtercount=1&field1=buildname/string&compare1=65&value1=PR-5859-ROOT-performance-centos7-multicore-default&date=2020-06-12).; [See console output](https://lcgapp-services.cern.ch/root-jenkins/job/root-pullrequests-build/86613/console).; ### Failing tests:; - [projectroot.runtutorials.tutorial_dataframe_df102_NanoAODDimuonAnalysis](https://lcgapp-services.cern.ch/root-jenkins/job/root-pullrequests-build/86613/testReport/projectroot/runtutorials/tutorial_dataframe_df102_NanoAODDimuonAnalysis/); - [projectroot.runtutorials.tutorial_dataframe_df101_h1Analysis](https://lcgapp-services.cern.ch/root-jenkins/job/root-pullrequests-build/86613/testReport/projectroot/runtutorials/tutorial_dataframe_df101_h1Analysis/); - [projectroot.runtutorials.tutorial_dataframe_df103_NanoAODHiggsAnalysis](https://lcgapp-services.cern.ch/root-jenkins/job/root-pullrequests-build/86613/testReport/projectroot/runtutorials/tutorial_dataframe_df103_NanoAODHiggsAnalysis/); - [projectroot.runtutorials.tutorial_tmva_tmva103_Application](https://lcgapp-services.cern.ch/root-jenkins/job/root-pullrequests-build/86613/testReport/projectroot/runtutorials/tutorial_tmva_tmva103_Application/); - [projectroot.test.test_stressIOPlugins_xroot](https://lcgapp-services.cern.ch/root-jenkins/job/root-pullrequests-build/86613/testReport/projectroot/test/test_stressIOPlugins_xroot/); - [projectroot.tree.treeplayer.test.gtest_tree_treeplayer_test_treeprocessormt_remotefiles](https://lcgapp-services.cern.ch/root-jenkins/job/root-pullrequests-build/86613/testReport/projectroot.tree.treeplayer/test/gtest_tree_treeplayer_test_treeprocessormt_remotefiles/),MatchSource.ISSUE_COMMENT,root-project,root,v6-32-06,https://github.com/root-project/root/pull/5859#issuecomment-643203540:446,test,tests,446,https://root.cern,https://github.com/root-project/root/pull/5859#issuecomment-643203540,11,['test'],"['test', 'testReport', 'tests']"
Testability,Build failed on ROOT-performance-centos7-multicore/default.; Running on olhswep22.cern.ch:/data/sftnight/workspace/root-pullrequests-build; [See cdash](http://cdash.cern.ch/index.php?project=ROOT&filtercount=1&field1=buildname/string&compare1=65&value1=PR-5860-ROOT-performance-centos7-multicore-default&date=2020-06-12).; [See console output](https://lcgapp-services.cern.ch/root-jenkins/job/root-pullrequests-build/86621/console).; ### Failing tests:; - [projectroot.runtutorials.tutorial_dataframe_df102_NanoAODDimuonAnalysis](https://lcgapp-services.cern.ch/root-jenkins/job/root-pullrequests-build/86621/testReport/projectroot/runtutorials/tutorial_dataframe_df102_NanoAODDimuonAnalysis/); - [projectroot.runtutorials.tutorial_dataframe_df101_h1Analysis](https://lcgapp-services.cern.ch/root-jenkins/job/root-pullrequests-build/86621/testReport/projectroot/runtutorials/tutorial_dataframe_df101_h1Analysis/); - [projectroot.runtutorials.tutorial_dataframe_df103_NanoAODHiggsAnalysis](https://lcgapp-services.cern.ch/root-jenkins/job/root-pullrequests-build/86621/testReport/projectroot/runtutorials/tutorial_dataframe_df103_NanoAODHiggsAnalysis/); - [projectroot.runtutorials.tutorial_tmva_tmva103_Application](https://lcgapp-services.cern.ch/root-jenkins/job/root-pullrequests-build/86621/testReport/projectroot/runtutorials/tutorial_tmva_tmva103_Application/); - [projectroot.test.test_stressroofit](https://lcgapp-services.cern.ch/root-jenkins/job/root-pullrequests-build/86621/testReport/projectroot/test/test_stressroofit/); - [projectroot.test.test_stressIOPlugins_xroot](https://lcgapp-services.cern.ch/root-jenkins/job/root-pullrequests-build/86621/testReport/projectroot/test/test_stressIOPlugins_xroot/); - [projectroot.test.test_stressroofit_interpreted](https://lcgapp-services.cern.ch/root-jenkins/job/root-pullrequests-build/86621/testReport/projectroot/test/test_stressroofit_interpreted/); - [projectroot.tree.treeplayer.test.gtest_tree_treeplayer_test_treeprocessormt_remotefiles,MatchSource.ISSUE_COMMENT,root-project,root,v6-32-06,https://github.com/root-project/root/pull/5860#issuecomment-643211031:446,test,tests,446,https://root.cern,https://github.com/root-project/root/pull/5860#issuecomment-643211031,3,['test'],"['testReport', 'tests']"
Testability,Build failed on ROOT-performance-centos7-multicore/default.; Running on olhswep22.cern.ch:/data/sftnight/workspace/root-pullrequests-build; [See cdash](http://cdash.cern.ch/index.php?project=ROOT&filtercount=1&field1=buildname/string&compare1=65&value1=PR-5860-ROOT-performance-centos7-multicore-default&date=2020-06-15).; [See console output](https://lcgapp-services.cern.ch/root-jenkins/job/root-pullrequests-build/86917/console).; ### Failing tests:; - [projectroot.test.test_stressIOPlugins_xroot](https://lcgapp-services.cern.ch/root-jenkins/job/root-pullrequests-build/86917/testReport/projectroot/test/test_stressIOPlugins_xroot/); - [projectroot.tree.treeplayer.test.gtest_tree_treeplayer_test_treeprocessormt_remotefiles](https://lcgapp-services.cern.ch/root-jenkins/job/root-pullrequests-build/86917/testReport/projectroot.tree.treeplayer/test/gtest_tree_treeplayer_test_treeprocessormt_remotefiles/); - [projectroot.runtutorials.tutorial_dataframe_df102_NanoAODDimuonAnalysis](https://lcgapp-services.cern.ch/root-jenkins/job/root-pullrequests-build/86917/testReport/projectroot/runtutorials/tutorial_dataframe_df102_NanoAODDimuonAnalysis/); - [projectroot.runtutorials.tutorial_dataframe_df101_h1Analysis](https://lcgapp-services.cern.ch/root-jenkins/job/root-pullrequests-build/86917/testReport/projectroot/runtutorials/tutorial_dataframe_df101_h1Analysis/); - [projectroot.runtutorials.tutorial_dataframe_df103_NanoAODHiggsAnalysis](https://lcgapp-services.cern.ch/root-jenkins/job/root-pullrequests-build/86917/testReport/projectroot/runtutorials/tutorial_dataframe_df103_NanoAODHiggsAnalysis/); - [projectroot.runtutorials.tutorial_tmva_tmva103_Application](https://lcgapp-services.cern.ch/root-jenkins/job/root-pullrequests-build/86917/testReport/projectroot/runtutorials/tutorial_tmva_tmva103_Application/),MatchSource.ISSUE_COMMENT,root-project,root,v6-32-06,https://github.com/root-project/root/pull/5860#issuecomment-644067323:446,test,tests,446,https://root.cern,https://github.com/root-project/root/pull/5860#issuecomment-644067323,11,['test'],"['test', 'testReport', 'tests']"
Testability,Build failed on ROOT-performance-centos7-multicore/default.; Running on olhswep22.cern.ch:/data/sftnight/workspace/root-pullrequests-build; [See cdash](http://cdash.cern.ch/index.php?project=ROOT&filtercount=1&field1=buildname/string&compare1=65&value1=PR-5861-ROOT-performance-centos7-multicore-default&date=2020-06-12).; [See console output](https://lcgapp-services.cern.ch/root-jenkins/job/root-pullrequests-build/86629/console).; ### Failing tests:; - [projectroot.runtutorials.tutorial_dataframe_df102_NanoAODDimuonAnalysis](https://lcgapp-services.cern.ch/root-jenkins/job/root-pullrequests-build/86629/testReport/projectroot/runtutorials/tutorial_dataframe_df102_NanoAODDimuonAnalysis/); - [projectroot.runtutorials.tutorial_dataframe_df101_h1Analysis](https://lcgapp-services.cern.ch/root-jenkins/job/root-pullrequests-build/86629/testReport/projectroot/runtutorials/tutorial_dataframe_df101_h1Analysis/); - [projectroot.runtutorials.tutorial_dataframe_df103_NanoAODHiggsAnalysis](https://lcgapp-services.cern.ch/root-jenkins/job/root-pullrequests-build/86629/testReport/projectroot/runtutorials/tutorial_dataframe_df103_NanoAODHiggsAnalysis/); - [projectroot.runtutorials.tutorial_tmva_tmva103_Application](https://lcgapp-services.cern.ch/root-jenkins/job/root-pullrequests-build/86629/testReport/projectroot/runtutorials/tutorial_tmva_tmva103_Application/); - [projectroot.test.test_stressIOPlugins_xroot](https://lcgapp-services.cern.ch/root-jenkins/job/root-pullrequests-build/86629/testReport/projectroot/test/test_stressIOPlugins_xroot/); - [projectroot.tree.treeplayer.test.gtest_tree_treeplayer_test_treeprocessormt_remotefiles](https://lcgapp-services.cern.ch/root-jenkins/job/root-pullrequests-build/86629/testReport/projectroot.tree.treeplayer/test/gtest_tree_treeplayer_test_treeprocessormt_remotefiles/),MatchSource.ISSUE_COMMENT,root-project,root,v6-32-06,https://github.com/root-project/root/pull/5861#issuecomment-643234842:446,test,tests,446,https://root.cern,https://github.com/root-project/root/pull/5861#issuecomment-643234842,11,['test'],"['test', 'testReport', 'tests']"
Testability,Build failed on ROOT-performance-centos7-multicore/default.; Running on olhswep22.cern.ch:/data/sftnight/workspace/root-pullrequests-build; [See cdash](http://cdash.cern.ch/index.php?project=ROOT&filtercount=1&field1=buildname/string&compare1=65&value1=PR-5862-ROOT-performance-centos7-multicore-default&date=2020-06-12).; [See console output](https://lcgapp-services.cern.ch/root-jenkins/job/root-pullrequests-build/86637/console).; ### Failing tests:; - [projectroot.runtutorials.tutorial_dataframe_df102_NanoAODDimuonAnalysis](https://lcgapp-services.cern.ch/root-jenkins/job/root-pullrequests-build/86637/testReport/projectroot/runtutorials/tutorial_dataframe_df102_NanoAODDimuonAnalysis/); - [projectroot.runtutorials.tutorial_dataframe_df101_h1Analysis](https://lcgapp-services.cern.ch/root-jenkins/job/root-pullrequests-build/86637/testReport/projectroot/runtutorials/tutorial_dataframe_df101_h1Analysis/); - [projectroot.runtutorials.tutorial_dataframe_df103_NanoAODHiggsAnalysis](https://lcgapp-services.cern.ch/root-jenkins/job/root-pullrequests-build/86637/testReport/projectroot/runtutorials/tutorial_dataframe_df103_NanoAODHiggsAnalysis/); - [projectroot.runtutorials.tutorial_tmva_tmva103_Application](https://lcgapp-services.cern.ch/root-jenkins/job/root-pullrequests-build/86637/testReport/projectroot/runtutorials/tutorial_tmva_tmva103_Application/); - [projectroot.test.test_stressIOPlugins_xroot](https://lcgapp-services.cern.ch/root-jenkins/job/root-pullrequests-build/86637/testReport/projectroot/test/test_stressIOPlugins_xroot/); - [projectroot.tree.treeplayer.test.gtest_tree_treeplayer_test_treeprocessormt_remotefiles](https://lcgapp-services.cern.ch/root-jenkins/job/root-pullrequests-build/86637/testReport/projectroot.tree.treeplayer/test/gtest_tree_treeplayer_test_treeprocessormt_remotefiles/),MatchSource.ISSUE_COMMENT,root-project,root,v6-32-06,https://github.com/root-project/root/pull/5862#issuecomment-643251039:446,test,tests,446,https://root.cern,https://github.com/root-project/root/pull/5862#issuecomment-643251039,11,['test'],"['test', 'testReport', 'tests']"
Testability,Build failed on ROOT-performance-centos7-multicore/default.; Running on olhswep22.cern.ch:/data/sftnight/workspace/root-pullrequests-build; [See cdash](http://cdash.cern.ch/index.php?project=ROOT&filtercount=1&field1=buildname/string&compare1=65&value1=PR-5865-ROOT-performance-centos7-multicore-default&date=2020-06-15).; [See console output](https://lcgapp-services.cern.ch/root-jenkins/job/root-pullrequests-build/86869/console).; ### Failing tests:; - [projectroot.test.test_stressIOPlugins_xroot](https://lcgapp-services.cern.ch/root-jenkins/job/root-pullrequests-build/86869/testReport/projectroot/test/test_stressIOPlugins_xroot/); - [projectroot.tree.treeplayer.test.gtest_tree_treeplayer_test_treeprocessormt_remotefiles](https://lcgapp-services.cern.ch/root-jenkins/job/root-pullrequests-build/86869/testReport/projectroot.tree.treeplayer/test/gtest_tree_treeplayer_test_treeprocessormt_remotefiles/); - [projectroot.runtutorials.tutorial_dataframe_df102_NanoAODDimuonAnalysis](https://lcgapp-services.cern.ch/root-jenkins/job/root-pullrequests-build/86869/testReport/projectroot/runtutorials/tutorial_dataframe_df102_NanoAODDimuonAnalysis/); - [projectroot.runtutorials.tutorial_dataframe_df101_h1Analysis](https://lcgapp-services.cern.ch/root-jenkins/job/root-pullrequests-build/86869/testReport/projectroot/runtutorials/tutorial_dataframe_df101_h1Analysis/); - [projectroot.runtutorials.tutorial_dataframe_df103_NanoAODHiggsAnalysis](https://lcgapp-services.cern.ch/root-jenkins/job/root-pullrequests-build/86869/testReport/projectroot/runtutorials/tutorial_dataframe_df103_NanoAODHiggsAnalysis/); - [projectroot.runtutorials.tutorial_tmva_tmva103_Application](https://lcgapp-services.cern.ch/root-jenkins/job/root-pullrequests-build/86869/testReport/projectroot/runtutorials/tutorial_tmva_tmva103_Application/),MatchSource.ISSUE_COMMENT,root-project,root,v6-32-06,https://github.com/root-project/root/pull/5865#issuecomment-643969426:446,test,tests,446,https://root.cern,https://github.com/root-project/root/pull/5865#issuecomment-643969426,11,['test'],"['test', 'testReport', 'tests']"
Testability,Build failed on ROOT-performance-centos7-multicore/default.; Running on olhswep22.cern.ch:/data/sftnight/workspace/root-pullrequests-build; [See cdash](http://cdash.cern.ch/index.php?project=ROOT&filtercount=1&field1=buildname/string&compare1=65&value1=PR-5867-ROOT-performance-centos7-multicore-default&date=2020-06-15).; [See console output](https://lcgapp-services.cern.ch/root-jenkins/job/root-pullrequests-build/86885/console).; ### Failing tests:; - [projectroot.test.test_stressIOPlugins_xroot](https://lcgapp-services.cern.ch/root-jenkins/job/root-pullrequests-build/86885/testReport/projectroot/test/test_stressIOPlugins_xroot/); - [projectroot.tree.treeplayer.test.gtest_tree_treeplayer_test_treeprocessormt_remotefiles](https://lcgapp-services.cern.ch/root-jenkins/job/root-pullrequests-build/86885/testReport/projectroot.tree.treeplayer/test/gtest_tree_treeplayer_test_treeprocessormt_remotefiles/); - [projectroot.runtutorials.tutorial_dataframe_df102_NanoAODDimuonAnalysis](https://lcgapp-services.cern.ch/root-jenkins/job/root-pullrequests-build/86885/testReport/projectroot/runtutorials/tutorial_dataframe_df102_NanoAODDimuonAnalysis/); - [projectroot.runtutorials.tutorial_dataframe_df101_h1Analysis](https://lcgapp-services.cern.ch/root-jenkins/job/root-pullrequests-build/86885/testReport/projectroot/runtutorials/tutorial_dataframe_df101_h1Analysis/); - [projectroot.runtutorials.tutorial_dataframe_df103_NanoAODHiggsAnalysis](https://lcgapp-services.cern.ch/root-jenkins/job/root-pullrequests-build/86885/testReport/projectroot/runtutorials/tutorial_dataframe_df103_NanoAODHiggsAnalysis/); - [projectroot.runtutorials.tutorial_tmva_tmva103_Application](https://lcgapp-services.cern.ch/root-jenkins/job/root-pullrequests-build/86885/testReport/projectroot/runtutorials/tutorial_tmva_tmva103_Application/),MatchSource.ISSUE_COMMENT,root-project,root,v6-32-06,https://github.com/root-project/root/pull/5867#issuecomment-644003793:446,test,tests,446,https://root.cern,https://github.com/root-project/root/pull/5867#issuecomment-644003793,11,['test'],"['test', 'testReport', 'tests']"
Testability,Build failed on ROOT-performance-centos7-multicore/default.; Running on olhswep22.cern.ch:/data/sftnight/workspace/root-pullrequests-build; [See cdash](http://cdash.cern.ch/index.php?project=ROOT&filtercount=1&field1=buildname/string&compare1=65&value1=PR-5869-ROOT-performance-centos7-multicore-default&date=2020-06-14).; [See console output](https://lcgapp-services.cern.ch/root-jenkins/job/root-pullrequests-build/86789/console).; ### Failing tests:; - [projectroot.runtutorials.tutorial_dataframe_df102_NanoAODDimuonAnalysis](https://lcgapp-services.cern.ch/root-jenkins/job/root-pullrequests-build/86789/testReport/projectroot/runtutorials/tutorial_dataframe_df102_NanoAODDimuonAnalysis/); - [projectroot.runtutorials.tutorial_dataframe_df101_h1Analysis](https://lcgapp-services.cern.ch/root-jenkins/job/root-pullrequests-build/86789/testReport/projectroot/runtutorials/tutorial_dataframe_df101_h1Analysis/); - [projectroot.runtutorials.tutorial_dataframe_df103_NanoAODHiggsAnalysis](https://lcgapp-services.cern.ch/root-jenkins/job/root-pullrequests-build/86789/testReport/projectroot/runtutorials/tutorial_dataframe_df103_NanoAODHiggsAnalysis/); - [projectroot.runtutorials.tutorial_tmva_tmva103_Application](https://lcgapp-services.cern.ch/root-jenkins/job/root-pullrequests-build/86789/testReport/projectroot/runtutorials/tutorial_tmva_tmva103_Application/); - [projectroot.test.test_stressIOPlugins_xroot](https://lcgapp-services.cern.ch/root-jenkins/job/root-pullrequests-build/86789/testReport/projectroot/test/test_stressIOPlugins_xroot/); - [projectroot.tree.treeplayer.test.gtest_tree_treeplayer_test_treeprocessormt_remotefiles](https://lcgapp-services.cern.ch/root-jenkins/job/root-pullrequests-build/86789/testReport/projectroot.tree.treeplayer/test/gtest_tree_treeplayer_test_treeprocessormt_remotefiles/),MatchSource.ISSUE_COMMENT,root-project,root,v6-32-06,https://github.com/root-project/root/pull/5869#issuecomment-643748771:446,test,tests,446,https://root.cern,https://github.com/root-project/root/pull/5869#issuecomment-643748771,11,['test'],"['test', 'testReport', 'tests']"
