quality_attribute,sentence,source,author,repo,version,id,keyword,matched_word,match_idx,wiki,url,total_similar,target_keywords,target_matched_words
Testability,Build failed on ROOT-ubuntu2004/python3.; Running on root-ubuntu-2004-1.cern.ch:/home/sftnight/build/workspace/root-pullrequests-build; [See console output](https://lcgapp-services.cern.ch/root-jenkins/job/root-pullrequests-build/164087/console).; ### Failing tests:; - [projectroot.math.mathcore.test.gtest_math_mathcore_test_CladDerivatorTests](https://lcgapp-services.cern.ch/root-jenkins/job/root-pullrequests-build/164087/testReport/projectroot.math.mathcore/test/gtest_math_mathcore_test_CladDerivatorTests/),MatchSource.ISSUE_COMMENT,root-project,root,v6-32-06,https://github.com/root-project/root/pull/12021#issuecomment-1380921989:260,test,tests,260,https://root.cern,https://github.com/root-project/root/pull/12021#issuecomment-1380921989,4,['test'],"['test', 'testReport', 'tests']"
Testability,Build failed on ROOT-ubuntu2004/python3.; Running on root-ubuntu-2004-1.cern.ch:/home/sftnight/build/workspace/root-pullrequests-build; [See console output](https://lcgapp-services.cern.ch/root-jenkins/job/root-pullrequests-build/164443/console).; ### Failing tests:; - [projectroot.test.test_stressroofit_batchmode_cpu](https://lcgapp-services.cern.ch/root-jenkins/job/root-pullrequests-build/164443/testReport/projectroot/test/test_stressroofit_batchmode_cpu/); - [projectroot.test.test_stressroofit](https://lcgapp-services.cern.ch/root-jenkins/job/root-pullrequests-build/164443/testReport/projectroot/test/test_stressroofit/); - [projectroot.test.test_stressHistFactory_interpreted](https://lcgapp-services.cern.ch/root-jenkins/job/root-pullrequests-build/164443/testReport/projectroot/test/test_stressHistFactory_interpreted/); - [projectroot.test.test_stressroostats_interpreted](https://lcgapp-services.cern.ch/root-jenkins/job/root-pullrequests-build/164443/testReport/projectroot/test/test_stressroostats_interpreted/); - [projectroot.bindings.pyroot.pythonizations.test.pyunittests_pyroot_roofit_rooabspdf_fitto](https://lcgapp-services.cern.ch/root-jenkins/job/root-pullrequests-build/164443/testReport/projectroot.bindings.pyroot.pythonizations/test/pyunittests_pyroot_roofit_rooabspdf_fitto/); - [projectroot.roofit.histfactory.test.gtest_roofit_histfactory_test_testHistFactory](https://lcgapp-services.cern.ch/root-jenkins/job/root-pullrequests-build/164443/testReport/projectroot.roofit.histfactory/test/gtest_roofit_histfactory_test_testHistFactory/); - [projectroot.roofit.hs3.test.gtest_roofit_hs3_test_testHS3HistFactory](https://lcgapp-services.cern.ch/root-jenkins/job/root-pullrequests-build/164443/testReport/projectroot.roofit.hs3/test/gtest_roofit_hs3_test_testHS3HistFactory/); - [projectroot.roofit.roofit.test.gtest_roofit_roofit_test_testRooCrystalBall](https://lcgapp-services.cern.ch/root-jenkins/job/root-pullrequests-build/164443/testReport/projectroot.roofit.roofit,MatchSource.ISSUE_COMMENT,root-project,root,v6-32-06,https://github.com/root-project/root/pull/12001#issuecomment-1385331306:260,test,tests,260,https://root.cern,https://github.com/root-project/root/pull/12001#issuecomment-1385331306,13,['test'],"['test', 'testReport', 'tests']"
Testability,Build failed on ROOT-ubuntu2004/python3.; Running on root-ubuntu-2004-1.cern.ch:/home/sftnight/build/workspace/root-pullrequests-build; [See console output](https://lcgapp-services.cern.ch/root-jenkins/job/root-pullrequests-build/164623/console).; ### Failing tests:; - [projectroot.roofit.roofitcore.test.gtest_roofit_roofitcore_test_testLikelihoodJob](https://lcgapp-services.cern.ch/root-jenkins/job/root-pullrequests-build/164623/testReport/projectroot.roofit.roofitcore/test/gtest_roofit_roofitcore_test_testLikelihoodJob/),MatchSource.ISSUE_COMMENT,root-project,root,v6-32-06,https://github.com/root-project/root/pull/12051#issuecomment-1387063226:260,test,tests,260,https://root.cern,https://github.com/root-project/root/pull/12051#issuecomment-1387063226,4,['test'],"['test', 'testReport', 'tests']"
Testability,Build failed on ROOT-ubuntu2004/python3.; Running on root-ubuntu-2004-1.cern.ch:/home/sftnight/build/workspace/root-pullrequests-build; [See console output](https://lcgapp-services.cern.ch/root-jenkins/job/root-pullrequests-build/164942/console).; ### Errors:; - [2023-01-20T10:44:23.668Z] CMake Error at tmva/sofie/test/CMakeLists.txt:34 (configure_file): ; - [2023-01-20T10:44:23.668Z] CMake Error at tmva/sofie/test/CMakeLists.txt:35 (configure_file): ; - [2023-01-20T10:44:29.537Z] CMake Error at /home/sftnight/build/workspace/root-pullrequests-build/rootspi/jenkins/root-build.cmake:1210 (message):,MatchSource.ISSUE_COMMENT,root-project,root,v6-32-06,https://github.com/root-project/root/pull/12070#issuecomment-1398208204:316,test,test,316,https://root.cern,https://github.com/root-project/root/pull/12070#issuecomment-1398208204,2,['test'],['test']
Testability,Build failed on ROOT-ubuntu2004/python3.; Running on root-ubuntu-2004-1.cern.ch:/home/sftnight/build/workspace/root-pullrequests-build; [See console output](https://lcgapp-services.cern.ch/root-jenkins/job/root-pullrequests-build/164951/console).; ### Errors:; - [2023-01-20T11:03:44.927Z] FAILED: tmva/sofie/test/CMakeFiles/TestCustomModelsFromONNX.dir/TestCustomModelsFromONNX.cxx.o ; - [2023-01-20T11:03:45.492Z] /home/sftnight/build/workspace/root-pullrequests-build/root/tmva/sofie/test/TestCustomModelsFromONNX.cxx:218:10: fatal error: ExpandSameSize_FromONNX.hxx: No such file or directory,MatchSource.ISSUE_COMMENT,root-project,root,v6-32-06,https://github.com/root-project/root/pull/12070#issuecomment-1398227674:309,test,test,309,https://root.cern,https://github.com/root-project/root/pull/12070#issuecomment-1398227674,5,"['Test', 'test']","['TestCustomModelsFromONNX', 'test']"
Testability,Build failed on ROOT-ubuntu2004/python3.; Running on root-ubuntu-2004-1.cern.ch:/home/sftnight/build/workspace/root-pullrequests-build; [See console output](https://lcgapp-services.cern.ch/root-jenkins/job/root-pullrequests-build/165229/console).; ### Failing tests:; - [projectroot.tree.treeplayer.test.gtest_tree_treeplayer_test_treetreeplayertestUnit](https://lcgapp-services.cern.ch/root-jenkins/job/root-pullrequests-build/165229/testReport/projectroot.tree.treeplayer/test/gtest_tree_treeplayer_test_treetreeplayertestUnit/),MatchSource.ISSUE_COMMENT,root-project,root,v6-32-06,https://github.com/root-project/root/pull/12082#issuecomment-1399425615:260,test,tests,260,https://root.cern,https://github.com/root-project/root/pull/12082#issuecomment-1399425615,4,['test'],"['test', 'testReport', 'tests']"
Testability,Build failed on ROOT-ubuntu2004/python3.; Running on root-ubuntu-2004-1.cern.ch:/home/sftnight/build/workspace/root-pullrequests-build; [See console output](https://lcgapp-services.cern.ch/root-jenkins/job/root-pullrequests-build/165287/console).; ### Failing tests:; - [projectroot.tree.treeplayer.test.gtest_tree_treeplayer_test_treetreeplayertestUnit](https://lcgapp-services.cern.ch/root-jenkins/job/root-pullrequests-build/165287/testReport/projectroot.tree.treeplayer/test/gtest_tree_treeplayer_test_treetreeplayertestUnit/); - [projectroot.roofit.histfactory.test.gtest_roofit_histfactory_test_testHistFactory](https://lcgapp-services.cern.ch/root-jenkins/job/root-pullrequests-build/165287/testReport/projectroot.roofit.histfactory/test/gtest_roofit_histfactory_test_testHistFactory/),MatchSource.ISSUE_COMMENT,root-project,root,v6-32-06,https://github.com/root-project/root/pull/12079#issuecomment-1399642271:260,test,tests,260,https://root.cern,https://github.com/root-project/root/pull/12079#issuecomment-1399642271,7,['test'],"['test', 'testReport', 'tests']"
Testability,Build failed on ROOT-ubuntu2004/python3.; Running on root-ubuntu-2004-1.cern.ch:/home/sftnight/build/workspace/root-pullrequests-build; [See console output](https://lcgapp-services.cern.ch/root-jenkins/job/root-pullrequests-build/165344/console).; ### Failing tests:; - [projectroot.tree.treeplayer.test.gtest_tree_treeplayer_test_treetreeplayertestUnit](https://lcgapp-services.cern.ch/root-jenkins/job/root-pullrequests-build/165344/testReport/projectroot.tree.treeplayer/test/gtest_tree_treeplayer_test_treetreeplayertestUnit/),MatchSource.ISSUE_COMMENT,root-project,root,v6-32-06,https://github.com/root-project/root/pull/12079#issuecomment-1400145786:260,test,tests,260,https://root.cern,https://github.com/root-project/root/pull/12079#issuecomment-1400145786,4,['test'],"['test', 'testReport', 'tests']"
Testability,Build failed on ROOT-ubuntu2004/python3.; Running on root-ubuntu-2004-1.cern.ch:/home/sftnight/build/workspace/root-pullrequests-build; [See console output](https://lcgapp-services.cern.ch/root-jenkins/job/root-pullrequests-build/165366/console).; ### Failing tests:; - [projectroot.tree.treeplayer.test.gtest_tree_treeplayer_test_treetreeplayertestUnit](https://lcgapp-services.cern.ch/root-jenkins/job/root-pullrequests-build/165366/testReport/projectroot.tree.treeplayer/test/gtest_tree_treeplayer_test_treetreeplayertestUnit/),MatchSource.ISSUE_COMMENT,root-project,root,v6-32-06,https://github.com/root-project/root/pull/12079#issuecomment-1400278013:260,test,tests,260,https://root.cern,https://github.com/root-project/root/pull/12079#issuecomment-1400278013,4,['test'],"['test', 'testReport', 'tests']"
Testability,Build failed on ROOT-ubuntu2004/python3.; Running on root-ubuntu-2004-1.cern.ch:/home/sftnight/build/workspace/root-pullrequests-build; [See console output](https://lcgapp-services.cern.ch/root-jenkins/job/root-pullrequests-build/165403/console).; ### Failing tests:; - [projectroot.roottest.root.hist.roottest_root_hist_h2root](https://lcgapp-services.cern.ch/root-jenkins/job/root-pullrequests-build/165403/testReport/projectroot.roottest.root/hist/roottest_root_hist_h2root/); - [projectroot.tree.treeplayer.test.gtest_tree_treeplayer_test_treetreeplayertestUnit](https://lcgapp-services.cern.ch/root-jenkins/job/root-pullrequests-build/165403/testReport/projectroot.tree.treeplayer/test/gtest_tree_treeplayer_test_treetreeplayertestUnit/),MatchSource.ISSUE_COMMENT,root-project,root,v6-32-06,https://github.com/root-project/root/pull/12079#issuecomment-1400477482:260,test,tests,260,https://root.cern,https://github.com/root-project/root/pull/12079#issuecomment-1400477482,5,['test'],"['test', 'testReport', 'tests']"
Testability,"Build failed on ROOT-ubuntu2004/python3.; Running on root-ubuntu-2004-1.cern.ch:/home/sftnight/build/workspace/root-pullrequests-build; [See console output](https://lcgapp-services.cern.ch/root-jenkins/job/root-pullrequests-build/165587/console).; ### Errors:; - [2023-01-23T20:26:45.128Z] FAILED: core/metacling/test/CMakeFiles/TClingTest.dir/TClingCallFuncTests.cxx.o ; - [2023-01-23T20:26:45.392Z] /home/sftnight/build/workspace/root-pullrequests-build/root/core/metacling/test/TClingCallFuncTests.cxx:48:42: error: no matching function for call to ‘CallFuncRAII::CallFuncRAII(const char [1], const char [9], const char [1])’ ; - [2023-01-23T20:26:45.392Z] /home/sftnight/build/workspace/root-pullrequests-build/root/core/metacling/test/TClingCallFuncTests.cxx:50:42: error: ‘class CallFuncRAII’ has no member named ‘GetCF’",MatchSource.ISSUE_COMMENT,root-project,root,v6-32-06,https://github.com/root-project/root/pull/12104#issuecomment-1400935835:313,test,test,313,https://root.cern,https://github.com/root-project/root/pull/12104#issuecomment-1400935835,3,['test'],['test']
Testability,Build failed on ROOT-ubuntu2004/python3.; Running on root-ubuntu-2004-1.cern.ch:/home/sftnight/build/workspace/root-pullrequests-build; [See console output](https://lcgapp-services.cern.ch/root-jenkins/job/root-pullrequests-build/165594/console).; ### Failing tests:; - [projectroot.tree.treeplayer.test.gtest_tree_treeplayer_test_treetreeplayertestUnit](https://lcgapp-services.cern.ch/root-jenkins/job/root-pullrequests-build/165594/testReport/projectroot.tree.treeplayer/test/gtest_tree_treeplayer_test_treetreeplayertestUnit/),MatchSource.ISSUE_COMMENT,root-project,root,v6-32-06,https://github.com/root-project/root/pull/12103#issuecomment-1400994341:260,test,tests,260,https://root.cern,https://github.com/root-project/root/pull/12103#issuecomment-1400994341,4,['test'],"['test', 'testReport', 'tests']"
Testability,Build failed on ROOT-ubuntu2004/python3.; Running on root-ubuntu-2004-1.cern.ch:/home/sftnight/build/workspace/root-pullrequests-build; [See console output](https://lcgapp-services.cern.ch/root-jenkins/job/root-pullrequests-build/165601/console).; ### Failing tests:; - [projectroot.tree.treeplayer.test.gtest_tree_treeplayer_test_treetreeplayertestUnit](https://lcgapp-services.cern.ch/root-jenkins/job/root-pullrequests-build/165601/testReport/projectroot.tree.treeplayer/test/gtest_tree_treeplayer_test_treetreeplayertestUnit/),MatchSource.ISSUE_COMMENT,root-project,root,v6-32-06,https://github.com/root-project/root/pull/12104#issuecomment-1401078460:260,test,tests,260,https://root.cern,https://github.com/root-project/root/pull/12104#issuecomment-1401078460,4,['test'],"['test', 'testReport', 'tests']"
Testability,Build failed on ROOT-ubuntu2004/python3.; Running on root-ubuntu-2004-1.cern.ch:/home/sftnight/build/workspace/root-pullrequests-build; [See console output](https://lcgapp-services.cern.ch/root-jenkins/job/root-pullrequests-build/165715/console).; ### Failing tests:; - [projectroot.roottest.root.hist.roottest_root_hist_h2root](https://lcgapp-services.cern.ch/root-jenkins/job/root-pullrequests-build/165715/testReport/projectroot.roottest.root/hist/roottest_root_hist_h2root/),MatchSource.ISSUE_COMMENT,root-project,root,v6-32-06,https://github.com/root-project/root/pull/12109#issuecomment-1402839059:260,test,tests,260,https://root.cern,https://github.com/root-project/root/pull/12109#issuecomment-1402839059,2,['test'],"['testReport', 'tests']"
Testability,Build failed on ROOT-ubuntu2004/python3.; Running on root-ubuntu-2004-1.cern.ch:/home/sftnight/build/workspace/root-pullrequests-build; [See console output](https://lcgapp-services.cern.ch/root-jenkins/job/root-pullrequests-build/165946/console).; ### Failing tests:; - [projectroot.roottest.python.JupyROOT.roottest_python_JupyROOT_tpython_notebook](https://lcgapp-services.cern.ch/root-jenkins/job/root-pullrequests-build/165946/testReport/projectroot.roottest.python/JupyROOT/roottest_python_JupyROOT_tpython_notebook/); - [projectroot.tmva.pymva.test.PyMVA_Torch_Regression](https://lcgapp-services.cern.ch/root-jenkins/job/root-pullrequests-build/165946/testReport/projectroot.tmva.pymva/test/PyMVA_Torch_Regression/); - [projectroot.tmva.pymva.test.PyMVA_Torch_Multiclass](https://lcgapp-services.cern.ch/root-jenkins/job/root-pullrequests-build/165946/testReport/projectroot.tmva.pymva/test/PyMVA_Torch_Multiclass/); - [projectroot.tmva.pymva.test.PyMVA_Torch_Classification](https://lcgapp-services.cern.ch/root-jenkins/job/root-pullrequests-build/165946/testReport/projectroot.tmva.pymva/test/PyMVA_Torch_Classification/); - [projectroot.tmva.sofie.test.gtest_tmva_sofie_test_TestSofieModels](https://lcgapp-services.cern.ch/root-jenkins/job/root-pullrequests-build/165946/testReport/projectroot.tmva.sofie/test/gtest_tmva_sofie_test_TestSofieModels/),MatchSource.ISSUE_COMMENT,root-project,root,v6-32-06,https://github.com/root-project/root/pull/12103#issuecomment-1405117114:260,test,tests,260,https://root.cern,https://github.com/root-project/root/pull/12103#issuecomment-1405117114,14,['test'],"['test', 'testReport', 'tests']"
Testability,Build failed on ROOT-ubuntu2004/python3.; Running on root-ubuntu-2004-1.cern.ch:/home/sftnight/build/workspace/root-pullrequests-build; [See console output](https://lcgapp-services.cern.ch/root-jenkins/job/root-pullrequests-build/165960/console).; ### Failing tests:; - [projectroot.tmva.pymva.test.PyMVA_Torch_Regression](https://lcgapp-services.cern.ch/root-jenkins/job/root-pullrequests-build/165960/testReport/projectroot.tmva.pymva/test/PyMVA_Torch_Regression/); - [projectroot.tmva.pymva.test.PyMVA_Keras_Classification](https://lcgapp-services.cern.ch/root-jenkins/job/root-pullrequests-build/165960/testReport/projectroot.tmva.pymva/test/PyMVA_Keras_Classification/); - [projectroot.tmva.pymva.test.PyMVA_Keras_Regression](https://lcgapp-services.cern.ch/root-jenkins/job/root-pullrequests-build/165960/testReport/projectroot.tmva.pymva/test/PyMVA_Keras_Regression/); - [projectroot.tmva.pymva.test.PyMVA_Torch_Multiclass](https://lcgapp-services.cern.ch/root-jenkins/job/root-pullrequests-build/165960/testReport/projectroot.tmva.pymva/test/PyMVA_Torch_Multiclass/); - [projectroot.tmva.pymva.test.PyMVA_Torch_Classification](https://lcgapp-services.cern.ch/root-jenkins/job/root-pullrequests-build/165960/testReport/projectroot.tmva.pymva/test/PyMVA_Torch_Classification/); - [projectroot.tmva.pymva.test.PyMVA_Keras_Multiclass](https://lcgapp-services.cern.ch/root-jenkins/job/root-pullrequests-build/165960/testReport/projectroot.tmva.pymva/test/PyMVA_Keras_Multiclass/); - [projectroot.tmva.sofie.test.gtest_tmva_sofie_test_TestSofieModels](https://lcgapp-services.cern.ch/root-jenkins/job/root-pullrequests-build/165960/testReport/projectroot.tmva.sofie/test/gtest_tmva_sofie_test_TestSofieModels/); - [projectroot.roottest.python.JupyROOT.roottest_python_JupyROOT_importROOT_notebook](https://lcgapp-services.cern.ch/root-jenkins/job/root-pullrequests-build/165960/testReport/projectroot.roottest.python/JupyROOT/roottest_python_JupyROOT_importROOT_notebook/); - [projectroot.roottest.p,MatchSource.ISSUE_COMMENT,root-project,root,v6-32-06,https://github.com/root-project/root/pull/12056#issuecomment-1405168134:260,test,tests,260,https://root.cern,https://github.com/root-project/root/pull/12056#issuecomment-1405168134,12,['test'],"['test', 'testReport', 'tests']"
Testability,Build failed on ROOT-ubuntu2004/python3.; Running on root-ubuntu-2004-1.cern.ch:/home/sftnight/build/workspace/root-pullrequests-build; [See console output](https://lcgapp-services.cern.ch/root-jenkins/job/root-pullrequests-build/165974/console).; ### Failing tests:; - [projectroot.roottest.python.JupyROOT.roottest_python_JupyROOT_importROOT_notebook](https://lcgapp-services.cern.ch/root-jenkins/job/root-pullrequests-build/165974/testReport/projectroot.roottest.python/JupyROOT/roottest_python_JupyROOT_importROOT_notebook/); - [projectroot.roottest.python.JupyROOT.roottest_python_JupyROOT_simpleCppMagic_notebook](https://lcgapp-services.cern.ch/root-jenkins/job/root-pullrequests-build/165974/testReport/projectroot.roottest.python/JupyROOT/roottest_python_JupyROOT_simpleCppMagic_notebook/); - [projectroot.roottest.python.JupyROOT.roottest_python_JupyROOT_thread_local_notebook](https://lcgapp-services.cern.ch/root-jenkins/job/root-pullrequests-build/165974/testReport/projectroot.roottest.python/JupyROOT/roottest_python_JupyROOT_thread_local_notebook/); - [projectroot.roottest.python.JupyROOT.roottest_python_JupyROOT_ROOT_kernel_notebook](https://lcgapp-services.cern.ch/root-jenkins/job/root-pullrequests-build/165974/testReport/projectroot.roottest.python/JupyROOT/roottest_python_JupyROOT_ROOT_kernel_notebook/); - [projectroot.roottest.python.JupyROOT.roottest_python_JupyROOT_tpython_notebook](https://lcgapp-services.cern.ch/root-jenkins/job/root-pullrequests-build/165974/testReport/projectroot.roottest.python/JupyROOT/roottest_python_JupyROOT_tpython_notebook/); - [projectroot.tmva.pymva.test.PyMVA_Torch_Regression](https://lcgapp-services.cern.ch/root-jenkins/job/root-pullrequests-build/165974/testReport/projectroot.tmva.pymva/test/PyMVA_Torch_Regression/); - [projectroot.tmva.pymva.test.PyMVA_Torch_Multiclass](https://lcgapp-services.cern.ch/root-jenkins/job/root-pullrequests-build/165974/testReport/projectroot.tmva.pymva/test/PyMVA_Torch_Multiclass/); - [projectroot.,MatchSource.ISSUE_COMMENT,root-project,root,v6-32-06,https://github.com/root-project/root/pull/12120#issuecomment-1405234033:260,test,tests,260,https://root.cern,https://github.com/root-project/root/pull/12120#issuecomment-1405234033,4,['test'],"['testReport', 'tests']"
Testability,Build failed on ROOT-ubuntu2004/python3.; Running on root-ubuntu-2004-1.cern.ch:/home/sftnight/build/workspace/root-pullrequests-build; [See console output](https://lcgapp-services.cern.ch/root-jenkins/job/root-pullrequests-build/165988/console).; ### Failing tests:; - [projectroot.tmva.pymva.test.PyMVA_Torch_Regression](https://lcgapp-services.cern.ch/root-jenkins/job/root-pullrequests-build/165988/testReport/projectroot.tmva.pymva/test/PyMVA_Torch_Regression/); - [projectroot.tmva.pymva.test.PyMVA_Keras_Classification](https://lcgapp-services.cern.ch/root-jenkins/job/root-pullrequests-build/165988/testReport/projectroot.tmva.pymva/test/PyMVA_Keras_Classification/); - [projectroot.tmva.pymva.test.PyMVA_Keras_Regression](https://lcgapp-services.cern.ch/root-jenkins/job/root-pullrequests-build/165988/testReport/projectroot.tmva.pymva/test/PyMVA_Keras_Regression/); - [projectroot.tmva.pymva.test.PyMVA_Torch_Multiclass](https://lcgapp-services.cern.ch/root-jenkins/job/root-pullrequests-build/165988/testReport/projectroot.tmva.pymva/test/PyMVA_Torch_Multiclass/); - [projectroot.tmva.pymva.test.PyMVA_Keras_Multiclass](https://lcgapp-services.cern.ch/root-jenkins/job/root-pullrequests-build/165988/testReport/projectroot.tmva.pymva/test/PyMVA_Keras_Multiclass/); - [projectroot.tmva.pymva.test.PyMVA_Torch_Classification](https://lcgapp-services.cern.ch/root-jenkins/job/root-pullrequests-build/165988/testReport/projectroot.tmva.pymva/test/PyMVA_Torch_Classification/); - [projectroot.tmva.sofie.test.gtest_tmva_sofie_test_TestSofieModels](https://lcgapp-services.cern.ch/root-jenkins/job/root-pullrequests-build/165988/testReport/projectroot.tmva.sofie/test/gtest_tmva_sofie_test_TestSofieModels/); - [projectroot.roottest.python.JupyROOT.roottest_python_JupyROOT_importROOT_notebook](https://lcgapp-services.cern.ch/root-jenkins/job/root-pullrequests-build/165988/testReport/projectroot.roottest.python/JupyROOT/roottest_python_JupyROOT_importROOT_notebook/); - [projectroot.roottest.p,MatchSource.ISSUE_COMMENT,root-project,root,v6-32-06,https://github.com/root-project/root/pull/12068#issuecomment-1405299799:260,test,tests,260,https://root.cern,https://github.com/root-project/root/pull/12068#issuecomment-1405299799,12,['test'],"['test', 'testReport', 'tests']"
Testability,Build failed on ROOT-ubuntu2004/python3.; Running on root-ubuntu-2004-1.cern.ch:/home/sftnight/build/workspace/root-pullrequests-build; [See console output](https://lcgapp-services.cern.ch/root-jenkins/job/root-pullrequests-build/166002/console).; ### Failing tests:; - [projectroot.roottest.python.JupyROOT.roottest_python_JupyROOT_importROOT_notebook](https://lcgapp-services.cern.ch/root-jenkins/job/root-pullrequests-build/166002/testReport/projectroot.roottest.python/JupyROOT/roottest_python_JupyROOT_importROOT_notebook/); - [projectroot.roottest.python.JupyROOT.roottest_python_JupyROOT_simpleCppMagic_notebook](https://lcgapp-services.cern.ch/root-jenkins/job/root-pullrequests-build/166002/testReport/projectroot.roottest.python/JupyROOT/roottest_python_JupyROOT_simpleCppMagic_notebook/); - [projectroot.roottest.python.JupyROOT.roottest_python_JupyROOT_thread_local_notebook](https://lcgapp-services.cern.ch/root-jenkins/job/root-pullrequests-build/166002/testReport/projectroot.roottest.python/JupyROOT/roottest_python_JupyROOT_thread_local_notebook/); - [projectroot.roottest.python.JupyROOT.roottest_python_JupyROOT_ROOT_kernel_notebook](https://lcgapp-services.cern.ch/root-jenkins/job/root-pullrequests-build/166002/testReport/projectroot.roottest.python/JupyROOT/roottest_python_JupyROOT_ROOT_kernel_notebook/); - [projectroot.roottest.python.JupyROOT.roottest_python_JupyROOT_tpython_notebook](https://lcgapp-services.cern.ch/root-jenkins/job/root-pullrequests-build/166002/testReport/projectroot.roottest.python/JupyROOT/roottest_python_JupyROOT_tpython_notebook/); - [projectroot.tmva.pymva.test.PyMVA_Torch_Regression](https://lcgapp-services.cern.ch/root-jenkins/job/root-pullrequests-build/166002/testReport/projectroot.tmva.pymva/test/PyMVA_Torch_Regression/); - [projectroot.tmva.pymva.test.PyMVA_Keras_Classification](https://lcgapp-services.cern.ch/root-jenkins/job/root-pullrequests-build/166002/testReport/projectroot.tmva.pymva/test/PyMVA_Keras_Classification/); - [proj,MatchSource.ISSUE_COMMENT,root-project,root,v6-32-06,https://github.com/root-project/root/pull/12122#issuecomment-1405461336:260,test,tests,260,https://root.cern,https://github.com/root-project/root/pull/12122#issuecomment-1405461336,4,['test'],"['testReport', 'tests']"
Testability,Build failed on ROOT-ubuntu2004/python3.; Running on root-ubuntu-2004-1.cern.ch:/home/sftnight/build/workspace/root-pullrequests-build; [See console output](https://lcgapp-services.cern.ch/root-jenkins/job/root-pullrequests-build/166016/console).; ### Failing tests:; - [projectroot.tmva.pymva.test.PyMVA_Torch_Regression](https://lcgapp-services.cern.ch/root-jenkins/job/root-pullrequests-build/166016/testReport/projectroot.tmva.pymva/test/PyMVA_Torch_Regression/); - [projectroot.tmva.pymva.test.PyMVA_Keras_Classification](https://lcgapp-services.cern.ch/root-jenkins/job/root-pullrequests-build/166016/testReport/projectroot.tmva.pymva/test/PyMVA_Keras_Classification/); - [projectroot.tmva.pymva.test.PyMVA_Keras_Regression](https://lcgapp-services.cern.ch/root-jenkins/job/root-pullrequests-build/166016/testReport/projectroot.tmva.pymva/test/PyMVA_Keras_Regression/); - [projectroot.tmva.pymva.test.PyMVA_Torch_Multiclass](https://lcgapp-services.cern.ch/root-jenkins/job/root-pullrequests-build/166016/testReport/projectroot.tmva.pymva/test/PyMVA_Torch_Multiclass/); - [projectroot.tmva.pymva.test.PyMVA_Keras_Multiclass](https://lcgapp-services.cern.ch/root-jenkins/job/root-pullrequests-build/166016/testReport/projectroot.tmva.pymva/test/PyMVA_Keras_Multiclass/); - [projectroot.tmva.pymva.test.PyMVA_Torch_Classification](https://lcgapp-services.cern.ch/root-jenkins/job/root-pullrequests-build/166016/testReport/projectroot.tmva.pymva/test/PyMVA_Torch_Classification/); - [projectroot.tmva.sofie.test.gtest_tmva_sofie_test_TestSofieModels](https://lcgapp-services.cern.ch/root-jenkins/job/root-pullrequests-build/166016/testReport/projectroot.tmva.sofie/test/gtest_tmva_sofie_test_TestSofieModels/); - [projectroot.roottest.python.JupyROOT.roottest_python_JupyROOT_importROOT_notebook](https://lcgapp-services.cern.ch/root-jenkins/job/root-pullrequests-build/166016/testReport/projectroot.roottest.python/JupyROOT/roottest_python_JupyROOT_importROOT_notebook/); - [projectroot.roottest.p,MatchSource.ISSUE_COMMENT,root-project,root,v6-32-06,https://github.com/root-project/root/pull/11252#issuecomment-1405581104:260,test,tests,260,https://root.cern,https://github.com/root-project/root/pull/11252#issuecomment-1405581104,12,['test'],"['test', 'testReport', 'tests']"
Testability,Build failed on ROOT-ubuntu2004/python3.; Running on root-ubuntu-2004-1.cern.ch:/home/sftnight/build/workspace/root-pullrequests-build; [See console output](https://lcgapp-services.cern.ch/root-jenkins/job/root-pullrequests-build/166031/console).; ### Failing tests:; - [projectroot.roottest.python.JupyROOT.roottest_python_JupyROOT_importROOT_notebook](https://lcgapp-services.cern.ch/root-jenkins/job/root-pullrequests-build/166031/testReport/projectroot.roottest.python/JupyROOT/roottest_python_JupyROOT_importROOT_notebook/); - [projectroot.roottest.python.JupyROOT.roottest_python_JupyROOT_simpleCppMagic_notebook](https://lcgapp-services.cern.ch/root-jenkins/job/root-pullrequests-build/166031/testReport/projectroot.roottest.python/JupyROOT/roottest_python_JupyROOT_simpleCppMagic_notebook/); - [projectroot.roottest.python.JupyROOT.roottest_python_JupyROOT_thread_local_notebook](https://lcgapp-services.cern.ch/root-jenkins/job/root-pullrequests-build/166031/testReport/projectroot.roottest.python/JupyROOT/roottest_python_JupyROOT_thread_local_notebook/); - [projectroot.roottest.python.JupyROOT.roottest_python_JupyROOT_ROOT_kernel_notebook](https://lcgapp-services.cern.ch/root-jenkins/job/root-pullrequests-build/166031/testReport/projectroot.roottest.python/JupyROOT/roottest_python_JupyROOT_ROOT_kernel_notebook/); - [projectroot.roottest.python.JupyROOT.roottest_python_JupyROOT_tpython_notebook](https://lcgapp-services.cern.ch/root-jenkins/job/root-pullrequests-build/166031/testReport/projectroot.roottest.python/JupyROOT/roottest_python_JupyROOT_tpython_notebook/); - [projectroot.tmva.pymva.test.PyMVA_Torch_Classification](https://lcgapp-services.cern.ch/root-jenkins/job/root-pullrequests-build/166031/testReport/projectroot.tmva.pymva/test/PyMVA_Torch_Classification/); - [projectroot.tmva.pymva.test.PyMVA_Torch_Regression](https://lcgapp-services.cern.ch/root-jenkins/job/root-pullrequests-build/166031/testReport/projectroot.tmva.pymva/test/PyMVA_Torch_Regression/); - [proj,MatchSource.ISSUE_COMMENT,root-project,root,v6-32-06,https://github.com/root-project/root/pull/12126#issuecomment-1406263135:260,test,tests,260,https://root.cern,https://github.com/root-project/root/pull/12126#issuecomment-1406263135,4,['test'],"['testReport', 'tests']"
Testability,Build failed on ROOT-ubuntu2004/python3.; Running on root-ubuntu-2004-1.cern.ch:/home/sftnight/build/workspace/root-pullrequests-build; [See console output](https://lcgapp-services.cern.ch/root-jenkins/job/root-pullrequests-build/166038/console).; ### Failing tests:; - [projectroot.tmva.pymva.test.PyMVA_Torch_Regression](https://lcgapp-services.cern.ch/root-jenkins/job/root-pullrequests-build/166038/testReport/projectroot.tmva.pymva/test/PyMVA_Torch_Regression/); - [projectroot.tmva.pymva.test.PyMVA_Keras_Classification](https://lcgapp-services.cern.ch/root-jenkins/job/root-pullrequests-build/166038/testReport/projectroot.tmva.pymva/test/PyMVA_Keras_Classification/); - [projectroot.tmva.pymva.test.PyMVA_Keras_Regression](https://lcgapp-services.cern.ch/root-jenkins/job/root-pullrequests-build/166038/testReport/projectroot.tmva.pymva/test/PyMVA_Keras_Regression/); - [projectroot.tmva.pymva.test.PyMVA_Torch_Multiclass](https://lcgapp-services.cern.ch/root-jenkins/job/root-pullrequests-build/166038/testReport/projectroot.tmva.pymva/test/PyMVA_Torch_Multiclass/); - [projectroot.tmva.pymva.test.PyMVA_Keras_Multiclass](https://lcgapp-services.cern.ch/root-jenkins/job/root-pullrequests-build/166038/testReport/projectroot.tmva.pymva/test/PyMVA_Keras_Multiclass/); - [projectroot.tmva.pymva.test.PyMVA_Torch_Classification](https://lcgapp-services.cern.ch/root-jenkins/job/root-pullrequests-build/166038/testReport/projectroot.tmva.pymva/test/PyMVA_Torch_Classification/); - [projectroot.tmva.sofie.test.gtest_tmva_sofie_test_TestSofieModels](https://lcgapp-services.cern.ch/root-jenkins/job/root-pullrequests-build/166038/testReport/projectroot.tmva.sofie/test/gtest_tmva_sofie_test_TestSofieModels/); - [projectroot.roottest.python.JupyROOT.roottest_python_JupyROOT_importROOT_notebook](https://lcgapp-services.cern.ch/root-jenkins/job/root-pullrequests-build/166038/testReport/projectroot.roottest.python/JupyROOT/roottest_python_JupyROOT_importROOT_notebook/); - [projectroot.roottest.p,MatchSource.ISSUE_COMMENT,root-project,root,v6-32-06,https://github.com/root-project/root/pull/12074#issuecomment-1406302111:260,test,tests,260,https://root.cern,https://github.com/root-project/root/pull/12074#issuecomment-1406302111,12,['test'],"['test', 'testReport', 'tests']"
Testability,Build failed on ROOT-ubuntu2004/python3.; Running on root-ubuntu-2004-1.cern.ch:/home/sftnight/build/workspace/root-pullrequests-build; [See console output](https://lcgapp-services.cern.ch/root-jenkins/job/root-pullrequests-build/166045/console).; ### Failing tests:; - [projectroot.tmva.pymva.test.PyMVA_Torch_Regression](https://lcgapp-services.cern.ch/root-jenkins/job/root-pullrequests-build/166045/testReport/projectroot.tmva.pymva/test/PyMVA_Torch_Regression/); - [projectroot.tmva.pymva.test.PyMVA_Keras_Classification](https://lcgapp-services.cern.ch/root-jenkins/job/root-pullrequests-build/166045/testReport/projectroot.tmva.pymva/test/PyMVA_Keras_Classification/); - [projectroot.tmva.pymva.test.PyMVA_Torch_Multiclass](https://lcgapp-services.cern.ch/root-jenkins/job/root-pullrequests-build/166045/testReport/projectroot.tmva.pymva/test/PyMVA_Torch_Multiclass/); - [projectroot.tmva.pymva.test.PyMVA_Keras_Regression](https://lcgapp-services.cern.ch/root-jenkins/job/root-pullrequests-build/166045/testReport/projectroot.tmva.pymva/test/PyMVA_Keras_Regression/); - [projectroot.tmva.pymva.test.PyMVA_Keras_Multiclass](https://lcgapp-services.cern.ch/root-jenkins/job/root-pullrequests-build/166045/testReport/projectroot.tmva.pymva/test/PyMVA_Keras_Multiclass/); - [projectroot.tmva.pymva.test.PyMVA_Torch_Classification](https://lcgapp-services.cern.ch/root-jenkins/job/root-pullrequests-build/166045/testReport/projectroot.tmva.pymva/test/PyMVA_Torch_Classification/); - [projectroot.tmva.sofie.test.gtest_tmva_sofie_test_TestSofieModels](https://lcgapp-services.cern.ch/root-jenkins/job/root-pullrequests-build/166045/testReport/projectroot.tmva.sofie/test/gtest_tmva_sofie_test_TestSofieModels/); - [projectroot.roottest.python.JupyROOT.roottest_python_JupyROOT_importROOT_notebook](https://lcgapp-services.cern.ch/root-jenkins/job/root-pullrequests-build/166045/testReport/projectroot.roottest.python/JupyROOT/roottest_python_JupyROOT_importROOT_notebook/); - [projectroot.roottest.p,MatchSource.ISSUE_COMMENT,root-project,root,v6-32-06,https://github.com/root-project/root/pull/12128#issuecomment-1406359801:260,test,tests,260,https://root.cern,https://github.com/root-project/root/pull/12128#issuecomment-1406359801,12,['test'],"['test', 'testReport', 'tests']"
Testability,Build failed on ROOT-ubuntu2004/python3.; Running on root-ubuntu-2004-1.cern.ch:/home/sftnight/build/workspace/root-pullrequests-build; [See console output](https://lcgapp-services.cern.ch/root-jenkins/job/root-pullrequests-build/166057/console).; ### Failing tests:; - [projectroot.roottest.python.JupyROOT.roottest_python_JupyROOT_importROOT_notebook](https://lcgapp-services.cern.ch/root-jenkins/job/root-pullrequests-build/166057/testReport/projectroot.roottest.python/JupyROOT/roottest_python_JupyROOT_importROOT_notebook/); - [projectroot.roottest.python.JupyROOT.roottest_python_JupyROOT_simpleCppMagic_notebook](https://lcgapp-services.cern.ch/root-jenkins/job/root-pullrequests-build/166057/testReport/projectroot.roottest.python/JupyROOT/roottest_python_JupyROOT_simpleCppMagic_notebook/); - [projectroot.roottest.python.JupyROOT.roottest_python_JupyROOT_thread_local_notebook](https://lcgapp-services.cern.ch/root-jenkins/job/root-pullrequests-build/166057/testReport/projectroot.roottest.python/JupyROOT/roottest_python_JupyROOT_thread_local_notebook/); - [projectroot.roottest.python.JupyROOT.roottest_python_JupyROOT_ROOT_kernel_notebook](https://lcgapp-services.cern.ch/root-jenkins/job/root-pullrequests-build/166057/testReport/projectroot.roottest.python/JupyROOT/roottest_python_JupyROOT_ROOT_kernel_notebook/); - [projectroot.roottest.python.JupyROOT.roottest_python_JupyROOT_tpython_notebook](https://lcgapp-services.cern.ch/root-jenkins/job/root-pullrequests-build/166057/testReport/projectroot.roottest.python/JupyROOT/roottest_python_JupyROOT_tpython_notebook/); - [projectroot.tmva.pymva.test.PyMVA_Torch_Regression](https://lcgapp-services.cern.ch/root-jenkins/job/root-pullrequests-build/166057/testReport/projectroot.tmva.pymva/test/PyMVA_Torch_Regression/); - [projectroot.tmva.pymva.test.PyMVA_Keras_Classification](https://lcgapp-services.cern.ch/root-jenkins/job/root-pullrequests-build/166057/testReport/projectroot.tmva.pymva/test/PyMVA_Keras_Classification/); - [proj,MatchSource.ISSUE_COMMENT,root-project,root,v6-32-06,https://github.com/root-project/root/pull/12129#issuecomment-1406393790:260,test,tests,260,https://root.cern,https://github.com/root-project/root/pull/12129#issuecomment-1406393790,4,['test'],"['testReport', 'tests']"
Testability,Build failed on ROOT-ubuntu2004/python3.; Running on root-ubuntu-2004-1.cern.ch:/home/sftnight/build/workspace/root-pullrequests-build; [See console output](https://lcgapp-services.cern.ch/root-jenkins/job/root-pullrequests-build/166094/console).; ### Failing tests:; - [projectroot.roottest.python.JupyROOT.roottest_python_JupyROOT_importROOT_notebook](https://lcgapp-services.cern.ch/root-jenkins/job/root-pullrequests-build/166094/testReport/projectroot.roottest.python/JupyROOT/roottest_python_JupyROOT_importROOT_notebook/); - [projectroot.roottest.python.JupyROOT.roottest_python_JupyROOT_simpleCppMagic_notebook](https://lcgapp-services.cern.ch/root-jenkins/job/root-pullrequests-build/166094/testReport/projectroot.roottest.python/JupyROOT/roottest_python_JupyROOT_simpleCppMagic_notebook/); - [projectroot.roottest.python.JupyROOT.roottest_python_JupyROOT_thread_local_notebook](https://lcgapp-services.cern.ch/root-jenkins/job/root-pullrequests-build/166094/testReport/projectroot.roottest.python/JupyROOT/roottest_python_JupyROOT_thread_local_notebook/); - [projectroot.roottest.python.JupyROOT.roottest_python_JupyROOT_ROOT_kernel_notebook](https://lcgapp-services.cern.ch/root-jenkins/job/root-pullrequests-build/166094/testReport/projectroot.roottest.python/JupyROOT/roottest_python_JupyROOT_ROOT_kernel_notebook/); - [projectroot.roottest.python.JupyROOT.roottest_python_JupyROOT_tpython_notebook](https://lcgapp-services.cern.ch/root-jenkins/job/root-pullrequests-build/166094/testReport/projectroot.roottest.python/JupyROOT/roottest_python_JupyROOT_tpython_notebook/); - [projectroot.tmva.pymva.test.PyMVA_Torch_Regression](https://lcgapp-services.cern.ch/root-jenkins/job/root-pullrequests-build/166094/testReport/projectroot.tmva.pymva/test/PyMVA_Torch_Regression/); - [projectroot.tmva.pymva.test.PyMVA_Keras_Classification](https://lcgapp-services.cern.ch/root-jenkins/job/root-pullrequests-build/166094/testReport/projectroot.tmva.pymva/test/PyMVA_Keras_Classification/); - [proj,MatchSource.ISSUE_COMMENT,root-project,root,v6-32-06,https://github.com/root-project/root/pull/12137#issuecomment-1406856922:260,test,tests,260,https://root.cern,https://github.com/root-project/root/pull/12137#issuecomment-1406856922,4,['test'],"['testReport', 'tests']"
Testability,Build failed on ROOT-ubuntu2004/python3.; Running on root-ubuntu-2004-1.cern.ch:/home/sftnight/build/workspace/root-pullrequests-build; [See console output](https://lcgapp-services.cern.ch/root-jenkins/job/root-pullrequests-build/166108/console).; ### Failing tests:; - [projectroot.tmva.pymva.test.PyMVA_Torch_Regression](https://lcgapp-services.cern.ch/root-jenkins/job/root-pullrequests-build/166108/testReport/projectroot.tmva.pymva/test/PyMVA_Torch_Regression/); - [projectroot.tmva.pymva.test.PyMVA_Keras_Classification](https://lcgapp-services.cern.ch/root-jenkins/job/root-pullrequests-build/166108/testReport/projectroot.tmva.pymva/test/PyMVA_Keras_Classification/); - [projectroot.tmva.pymva.test.PyMVA_Torch_Multiclass](https://lcgapp-services.cern.ch/root-jenkins/job/root-pullrequests-build/166108/testReport/projectroot.tmva.pymva/test/PyMVA_Torch_Multiclass/); - [projectroot.tmva.pymva.test.PyMVA_Keras_Regression](https://lcgapp-services.cern.ch/root-jenkins/job/root-pullrequests-build/166108/testReport/projectroot.tmva.pymva/test/PyMVA_Keras_Regression/); - [projectroot.tmva.pymva.test.PyMVA_Keras_Multiclass](https://lcgapp-services.cern.ch/root-jenkins/job/root-pullrequests-build/166108/testReport/projectroot.tmva.pymva/test/PyMVA_Keras_Multiclass/); - [projectroot.tmva.pymva.test.PyMVA_Torch_Classification](https://lcgapp-services.cern.ch/root-jenkins/job/root-pullrequests-build/166108/testReport/projectroot.tmva.pymva/test/PyMVA_Torch_Classification/); - [projectroot.tmva.sofie.test.gtest_tmva_sofie_test_TestSofieModels](https://lcgapp-services.cern.ch/root-jenkins/job/root-pullrequests-build/166108/testReport/projectroot.tmva.sofie/test/gtest_tmva_sofie_test_TestSofieModels/); - [projectroot.roottest.python.JupyROOT.roottest_python_JupyROOT_importROOT_notebook](https://lcgapp-services.cern.ch/root-jenkins/job/root-pullrequests-build/166108/testReport/projectroot.roottest.python/JupyROOT/roottest_python_JupyROOT_importROOT_notebook/); - [projectroot.roottest.p,MatchSource.ISSUE_COMMENT,root-project,root,v6-32-06,https://github.com/root-project/root/pull/12139#issuecomment-1406924768:260,test,tests,260,https://root.cern,https://github.com/root-project/root/pull/12139#issuecomment-1406924768,12,['test'],"['test', 'testReport', 'tests']"
Testability,Build failed on ROOT-ubuntu2004/python3.; Running on root-ubuntu-2004-1.cern.ch:/home/sftnight/build/workspace/root-pullrequests-build; [See console output](https://lcgapp-services.cern.ch/root-jenkins/job/root-pullrequests-build/166122/console).; ### Failing tests:; - [projectroot.tmva.pymva.test.PyMVA_Torch_Regression](https://lcgapp-services.cern.ch/root-jenkins/job/root-pullrequests-build/166122/testReport/projectroot.tmva.pymva/test/PyMVA_Torch_Regression/); - [projectroot.tmva.pymva.test.PyMVA_Keras_Classification](https://lcgapp-services.cern.ch/root-jenkins/job/root-pullrequests-build/166122/testReport/projectroot.tmva.pymva/test/PyMVA_Keras_Classification/); - [projectroot.tmva.pymva.test.PyMVA_Keras_Regression](https://lcgapp-services.cern.ch/root-jenkins/job/root-pullrequests-build/166122/testReport/projectroot.tmva.pymva/test/PyMVA_Keras_Regression/); - [projectroot.tmva.pymva.test.PyMVA_Torch_Multiclass](https://lcgapp-services.cern.ch/root-jenkins/job/root-pullrequests-build/166122/testReport/projectroot.tmva.pymva/test/PyMVA_Torch_Multiclass/); - [projectroot.tmva.pymva.test.PyMVA_Torch_Classification](https://lcgapp-services.cern.ch/root-jenkins/job/root-pullrequests-build/166122/testReport/projectroot.tmva.pymva/test/PyMVA_Torch_Classification/); - [projectroot.tmva.pymva.test.PyMVA_Keras_Multiclass](https://lcgapp-services.cern.ch/root-jenkins/job/root-pullrequests-build/166122/testReport/projectroot.tmva.pymva/test/PyMVA_Keras_Multiclass/); - [projectroot.tmva.sofie.test.gtest_tmva_sofie_test_TestSofieModels](https://lcgapp-services.cern.ch/root-jenkins/job/root-pullrequests-build/166122/testReport/projectroot.tmva.sofie/test/gtest_tmva_sofie_test_TestSofieModels/); - [projectroot.roottest.python.JupyROOT.roottest_python_JupyROOT_importROOT_notebook](https://lcgapp-services.cern.ch/root-jenkins/job/root-pullrequests-build/166122/testReport/projectroot.roottest.python/JupyROOT/roottest_python_JupyROOT_importROOT_notebook/); - [projectroot.roottest.p,MatchSource.ISSUE_COMMENT,root-project,root,v6-32-06,https://github.com/root-project/root/pull/12144#issuecomment-1407075802:260,test,tests,260,https://root.cern,https://github.com/root-project/root/pull/12144#issuecomment-1407075802,12,['test'],"['test', 'testReport', 'tests']"
Testability,Build failed on ROOT-ubuntu2004/python3.; Running on root-ubuntu-2004-1.cern.ch:/home/sftnight/build/workspace/root-pullrequests-build; [See console output](https://lcgapp-services.cern.ch/root-jenkins/job/root-pullrequests-build/166143/console).; ### Failing tests:; - [projectroot.roottest.python.JupyROOT.roottest_python_JupyROOT_importROOT_notebook](https://lcgapp-services.cern.ch/root-jenkins/job/root-pullrequests-build/166143/testReport/projectroot.roottest.python/JupyROOT/roottest_python_JupyROOT_importROOT_notebook/); - [projectroot.roottest.python.JupyROOT.roottest_python_JupyROOT_simpleCppMagic_notebook](https://lcgapp-services.cern.ch/root-jenkins/job/root-pullrequests-build/166143/testReport/projectroot.roottest.python/JupyROOT/roottest_python_JupyROOT_simpleCppMagic_notebook/); - [projectroot.roottest.python.JupyROOT.roottest_python_JupyROOT_thread_local_notebook](https://lcgapp-services.cern.ch/root-jenkins/job/root-pullrequests-build/166143/testReport/projectroot.roottest.python/JupyROOT/roottest_python_JupyROOT_thread_local_notebook/); - [projectroot.roottest.python.JupyROOT.roottest_python_JupyROOT_ROOT_kernel_notebook](https://lcgapp-services.cern.ch/root-jenkins/job/root-pullrequests-build/166143/testReport/projectroot.roottest.python/JupyROOT/roottest_python_JupyROOT_ROOT_kernel_notebook/); - [projectroot.roottest.python.JupyROOT.roottest_python_JupyROOT_tpython_notebook](https://lcgapp-services.cern.ch/root-jenkins/job/root-pullrequests-build/166143/testReport/projectroot.roottest.python/JupyROOT/roottest_python_JupyROOT_tpython_notebook/); - [projectroot.tmva.pymva.test.PyMVA_Torch_Regression](https://lcgapp-services.cern.ch/root-jenkins/job/root-pullrequests-build/166143/testReport/projectroot.tmva.pymva/test/PyMVA_Torch_Regression/); - [projectroot.tmva.pymva.test.PyMVA_Keras_Classification](https://lcgapp-services.cern.ch/root-jenkins/job/root-pullrequests-build/166143/testReport/projectroot.tmva.pymva/test/PyMVA_Keras_Classification/); - [proj,MatchSource.ISSUE_COMMENT,root-project,root,v6-32-06,https://github.com/root-project/root/pull/12147#issuecomment-1407478507:260,test,tests,260,https://root.cern,https://github.com/root-project/root/pull/12147#issuecomment-1407478507,4,['test'],"['testReport', 'tests']"
Testability,Build failed on ROOT-ubuntu2004/python3.; Running on root-ubuntu-2004-1.cern.ch:/home/sftnight/build/workspace/root-pullrequests-build; [See console output](https://lcgapp-services.cern.ch/root-jenkins/job/root-pullrequests-build/166194/console).; ### Failing tests:; - [projectroot.roottest.python.JupyROOT.roottest_python_JupyROOT_importROOT_notebook](https://lcgapp-services.cern.ch/root-jenkins/job/root-pullrequests-build/166194/testReport/projectroot.roottest.python/JupyROOT/roottest_python_JupyROOT_importROOT_notebook/); - [projectroot.roottest.python.JupyROOT.roottest_python_JupyROOT_simpleCppMagic_notebook](https://lcgapp-services.cern.ch/root-jenkins/job/root-pullrequests-build/166194/testReport/projectroot.roottest.python/JupyROOT/roottest_python_JupyROOT_simpleCppMagic_notebook/); - [projectroot.roottest.python.JupyROOT.roottest_python_JupyROOT_thread_local_notebook](https://lcgapp-services.cern.ch/root-jenkins/job/root-pullrequests-build/166194/testReport/projectroot.roottest.python/JupyROOT/roottest_python_JupyROOT_thread_local_notebook/); - [projectroot.roottest.python.JupyROOT.roottest_python_JupyROOT_ROOT_kernel_notebook](https://lcgapp-services.cern.ch/root-jenkins/job/root-pullrequests-build/166194/testReport/projectroot.roottest.python/JupyROOT/roottest_python_JupyROOT_ROOT_kernel_notebook/); - [projectroot.roottest.python.JupyROOT.roottest_python_JupyROOT_tpython_notebook](https://lcgapp-services.cern.ch/root-jenkins/job/root-pullrequests-build/166194/testReport/projectroot.roottest.python/JupyROOT/roottest_python_JupyROOT_tpython_notebook/); - [projectroot.tmva.pymva.test.PyMVA_Torch_Regression](https://lcgapp-services.cern.ch/root-jenkins/job/root-pullrequests-build/166194/testReport/projectroot.tmva.pymva/test/PyMVA_Torch_Regression/); - [projectroot.tmva.pymva.test.PyMVA_Keras_Classification](https://lcgapp-services.cern.ch/root-jenkins/job/root-pullrequests-build/166194/testReport/projectroot.tmva.pymva/test/PyMVA_Keras_Classification/); - [proj,MatchSource.ISSUE_COMMENT,root-project,root,v6-32-06,https://github.com/root-project/root/pull/12159#issuecomment-1408329154:260,test,tests,260,https://root.cern,https://github.com/root-project/root/pull/12159#issuecomment-1408329154,4,['test'],"['testReport', 'tests']"
Testability,Build failed on ROOT-ubuntu2004/python3.; Running on root-ubuntu-2004-1.cern.ch:/home/sftnight/build/workspace/root-pullrequests-build; [See console output](https://lcgapp-services.cern.ch/root-jenkins/job/root-pullrequests-build/166243/console).; ### Failing tests:; - [projectroot.roottest.python.JupyROOT.roottest_python_JupyROOT_importROOT_notebook](https://lcgapp-services.cern.ch/root-jenkins/job/root-pullrequests-build/166243/testReport/projectroot.roottest.python/JupyROOT/roottest_python_JupyROOT_importROOT_notebook/); - [projectroot.roottest.python.JupyROOT.roottest_python_JupyROOT_simpleCppMagic_notebook](https://lcgapp-services.cern.ch/root-jenkins/job/root-pullrequests-build/166243/testReport/projectroot.roottest.python/JupyROOT/roottest_python_JupyROOT_simpleCppMagic_notebook/); - [projectroot.roottest.python.JupyROOT.roottest_python_JupyROOT_thread_local_notebook](https://lcgapp-services.cern.ch/root-jenkins/job/root-pullrequests-build/166243/testReport/projectroot.roottest.python/JupyROOT/roottest_python_JupyROOT_thread_local_notebook/); - [projectroot.roottest.python.JupyROOT.roottest_python_JupyROOT_ROOT_kernel_notebook](https://lcgapp-services.cern.ch/root-jenkins/job/root-pullrequests-build/166243/testReport/projectroot.roottest.python/JupyROOT/roottest_python_JupyROOT_ROOT_kernel_notebook/); - [projectroot.roottest.python.JupyROOT.roottest_python_JupyROOT_tpython_notebook](https://lcgapp-services.cern.ch/root-jenkins/job/root-pullrequests-build/166243/testReport/projectroot.roottest.python/JupyROOT/roottest_python_JupyROOT_tpython_notebook/); - [projectroot.tmva.pymva.test.PyMVA_Torch_Regression](https://lcgapp-services.cern.ch/root-jenkins/job/root-pullrequests-build/166243/testReport/projectroot.tmva.pymva/test/PyMVA_Torch_Regression/); - [projectroot.tmva.pymva.test.PyMVA_Torch_Multiclass](https://lcgapp-services.cern.ch/root-jenkins/job/root-pullrequests-build/166243/testReport/projectroot.tmva.pymva/test/PyMVA_Torch_Multiclass/); - [projectroot.,MatchSource.ISSUE_COMMENT,root-project,root,v6-32-06,https://github.com/root-project/root/pull/12154#issuecomment-1408697306:260,test,tests,260,https://root.cern,https://github.com/root-project/root/pull/12154#issuecomment-1408697306,4,['test'],"['testReport', 'tests']"
Testability,Build failed on ROOT-ubuntu2004/python3.; Running on root-ubuntu-2004-1.cern.ch:/home/sftnight/build/workspace/root-pullrequests-build; [See console output](https://lcgapp-services.cern.ch/root-jenkins/job/root-pullrequests-build/166300/console).; ### Failing tests:; - [projectroot.roottest.python.JupyROOT.roottest_python_JupyROOT_importROOT_notebook](https://lcgapp-services.cern.ch/root-jenkins/job/root-pullrequests-build/166300/testReport/projectroot.roottest.python/JupyROOT/roottest_python_JupyROOT_importROOT_notebook/); - [projectroot.roottest.python.JupyROOT.roottest_python_JupyROOT_simpleCppMagic_notebook](https://lcgapp-services.cern.ch/root-jenkins/job/root-pullrequests-build/166300/testReport/projectroot.roottest.python/JupyROOT/roottest_python_JupyROOT_simpleCppMagic_notebook/); - [projectroot.roottest.python.JupyROOT.roottest_python_JupyROOT_thread_local_notebook](https://lcgapp-services.cern.ch/root-jenkins/job/root-pullrequests-build/166300/testReport/projectroot.roottest.python/JupyROOT/roottest_python_JupyROOT_thread_local_notebook/); - [projectroot.roottest.python.JupyROOT.roottest_python_JupyROOT_ROOT_kernel_notebook](https://lcgapp-services.cern.ch/root-jenkins/job/root-pullrequests-build/166300/testReport/projectroot.roottest.python/JupyROOT/roottest_python_JupyROOT_ROOT_kernel_notebook/); - [projectroot.roottest.python.JupyROOT.roottest_python_JupyROOT_tpython_notebook](https://lcgapp-services.cern.ch/root-jenkins/job/root-pullrequests-build/166300/testReport/projectroot.roottest.python/JupyROOT/roottest_python_JupyROOT_tpython_notebook/); - [projectroot.tmva.pymva.test.PyMVA_Torch_Regression](https://lcgapp-services.cern.ch/root-jenkins/job/root-pullrequests-build/166300/testReport/projectroot.tmva.pymva/test/PyMVA_Torch_Regression/); - [projectroot.tmva.pymva.test.PyMVA_Keras_Classification](https://lcgapp-services.cern.ch/root-jenkins/job/root-pullrequests-build/166300/testReport/projectroot.tmva.pymva/test/PyMVA_Keras_Classification/); - [proj,MatchSource.ISSUE_COMMENT,root-project,root,v6-32-06,https://github.com/root-project/root/pull/11096#issuecomment-1408853261:260,test,tests,260,https://root.cern,https://github.com/root-project/root/pull/11096#issuecomment-1408853261,4,['test'],"['testReport', 'tests']"
Testability,Build failed on ROOT-ubuntu2004/python3.; Running on root-ubuntu-2004-1.cern.ch:/home/sftnight/build/workspace/root-pullrequests-build; [See console output](https://lcgapp-services.cern.ch/root-jenkins/job/root-pullrequests-build/166368/console).; ### Failing tests:; - [projectroot.tmva.pymva.test.PyMVA_Torch_Classification](https://lcgapp-services.cern.ch/root-jenkins/job/root-pullrequests-build/166368/testReport/projectroot.tmva.pymva/test/PyMVA_Torch_Classification/); - [projectroot.tmva.pymva.test.PyMVA_Torch_Regression](https://lcgapp-services.cern.ch/root-jenkins/job/root-pullrequests-build/166368/testReport/projectroot.tmva.pymva/test/PyMVA_Torch_Regression/); - [projectroot.tmva.pymva.test.PyMVA_Torch_Multiclass](https://lcgapp-services.cern.ch/root-jenkins/job/root-pullrequests-build/166368/testReport/projectroot.tmva.pymva/test/PyMVA_Torch_Multiclass/); - [projectroot.tmva.sofie.test.gtest_tmva_sofie_test_TestSofieModels](https://lcgapp-services.cern.ch/root-jenkins/job/root-pullrequests-build/166368/testReport/projectroot.tmva.sofie/test/gtest_tmva_sofie_test_TestSofieModels/); - [projectroot.roottest.python.JupyROOT.roottest_python_JupyROOT_importROOT_notebook](https://lcgapp-services.cern.ch/root-jenkins/job/root-pullrequests-build/166368/testReport/projectroot.roottest.python/JupyROOT/roottest_python_JupyROOT_importROOT_notebook/); - [projectroot.roottest.python.JupyROOT.roottest_python_JupyROOT_simpleCppMagic_notebook](https://lcgapp-services.cern.ch/root-jenkins/job/root-pullrequests-build/166368/testReport/projectroot.roottest.python/JupyROOT/roottest_python_JupyROOT_simpleCppMagic_notebook/); - [projectroot.roottest.python.JupyROOT.roottest_python_JupyROOT_thread_local_notebook](https://lcgapp-services.cern.ch/root-jenkins/job/root-pullrequests-build/166368/testReport/projectroot.roottest.python/JupyROOT/roottest_python_JupyROOT_thread_local_notebook/); - [projectroot.roottest.python.JupyROOT.roottest_python_JupyROOT_ROOT_kernel_notebook](https://lc,MatchSource.ISSUE_COMMENT,root-project,root,v6-32-06,https://github.com/root-project/root/pull/12175#issuecomment-1409930447:260,test,tests,260,https://root.cern,https://github.com/root-project/root/pull/12175#issuecomment-1409930447,11,['test'],"['test', 'testReport', 'tests']"
Testability,Build failed on ROOT-ubuntu2004/python3.; Running on root-ubuntu-2004-1.cern.ch:/home/sftnight/build/workspace/root-pullrequests-build; [See console output](https://lcgapp-services.cern.ch/root-jenkins/job/root-pullrequests-build/166382/console).; ### Errors:; - [2023-01-31T09:50:25.562Z] FAILED: tmva/pymva/test/CMakeFiles/SofieCompileModels_Keras.util,MatchSource.ISSUE_COMMENT,root-project,root,v6-32-06,https://github.com/root-project/root/pull/12177#issuecomment-1410059361:309,test,test,309,https://root.cern,https://github.com/root-project/root/pull/12177#issuecomment-1410059361,1,['test'],['test']
Testability,Build failed on ROOT-ubuntu2004/python3.; Running on root-ubuntu-2004-1.cern.ch:/home/sftnight/build/workspace/root-pullrequests-build; [See console output](https://lcgapp-services.cern.ch/root-jenkins/job/root-pullrequests-build/166389/console).; ### Failing tests:; - [projectroot.bindings.pyroot.pythonizations.test.pyunittests_pyroot_dependency_versions](https://lcgapp-services.cern.ch/root-jenkins/job/root-pullrequests-build/166389/testReport/projectroot.bindings.pyroot.pythonizations/test/pyunittests_pyroot_dependency_versions/); - [projectroot.tmva.pymva.test.PyMVA_Torch_Classification](https://lcgapp-services.cern.ch/root-jenkins/job/root-pullrequests-build/166389/testReport/projectroot.tmva.pymva/test/PyMVA_Torch_Classification/); - [projectroot.tmva.pymva.test.PyMVA_Torch_Regression](https://lcgapp-services.cern.ch/root-jenkins/job/root-pullrequests-build/166389/testReport/projectroot.tmva.pymva/test/PyMVA_Torch_Regression/); - [projectroot.tmva.pymva.test.PyMVA_Torch_Multiclass](https://lcgapp-services.cern.ch/root-jenkins/job/root-pullrequests-build/166389/testReport/projectroot.tmva.pymva/test/PyMVA_Torch_Multiclass/); - [projectroot.tmva.sofie.test.gtest_tmva_sofie_test_TestSofieModels](https://lcgapp-services.cern.ch/root-jenkins/job/root-pullrequests-build/166389/testReport/projectroot.tmva.sofie/test/gtest_tmva_sofie_test_TestSofieModels/),MatchSource.ISSUE_COMMENT,root-project,root,v6-32-06,https://github.com/root-project/root/pull/12178#issuecomment-1410218241:260,test,tests,260,https://root.cern,https://github.com/root-project/root/pull/12178#issuecomment-1410218241,16,['test'],"['test', 'testReport', 'tests']"
Testability,Build failed on ROOT-ubuntu2004/python3.; Running on root-ubuntu-2004-1.cern.ch:/home/sftnight/build/workspace/root-pullrequests-build; [See console output](https://lcgapp-services.cern.ch/root-jenkins/job/root-pullrequests-build/166396/console).; ### Failing tests:; - [projectroot.bindings.pyroot.pythonizations.test.pyunittests_pyroot_dependency_versions](https://lcgapp-services.cern.ch/root-jenkins/job/root-pullrequests-build/166396/testReport/projectroot.bindings.pyroot.pythonizations/test/pyunittests_pyroot_dependency_versions/); - [projectroot.tmva.sofie.test.gtest_tmva_sofie_test_TestSofieModels](https://lcgapp-services.cern.ch/root-jenkins/job/root-pullrequests-build/166396/testReport/projectroot.tmva.sofie/test/gtest_tmva_sofie_test_TestSofieModels/),MatchSource.ISSUE_COMMENT,root-project,root,v6-32-06,https://github.com/root-project/root/pull/12179#issuecomment-1410283991:260,test,tests,260,https://root.cern,https://github.com/root-project/root/pull/12179#issuecomment-1410283991,7,['test'],"['test', 'testReport', 'tests']"
Testability,Build failed on ROOT-ubuntu2004/python3.; Running on root-ubuntu-2004-1.cern.ch:/home/sftnight/build/workspace/root-pullrequests-build; [See console output](https://lcgapp-services.cern.ch/root-jenkins/job/root-pullrequests-build/166417/console).; ### Failing tests:; - [projectroot.bindings.pyroot.pythonizations.test.pyunittests_pyroot_dependency_versions](https://lcgapp-services.cern.ch/root-jenkins/job/root-pullrequests-build/166417/testReport/projectroot.bindings.pyroot.pythonizations/test/pyunittests_pyroot_dependency_versions/); - [projectroot.roottest.python.JupyROOT.roottest_python_JupyROOT_thread_local_notebook](https://lcgapp-services.cern.ch/root-jenkins/job/root-pullrequests-build/166417/testReport/projectroot.roottest.python/JupyROOT/roottest_python_JupyROOT_thread_local_notebook/); - [projectroot.roottest.python.JupyROOT.roottest_python_JupyROOT_ROOT_kernel_notebook](https://lcgapp-services.cern.ch/root-jenkins/job/root-pullrequests-build/166417/testReport/projectroot.roottest.python/JupyROOT/roottest_python_JupyROOT_ROOT_kernel_notebook/); - [projectroot.roottest.python.JupyROOT.roottest_python_JupyROOT_tpython_notebook](https://lcgapp-services.cern.ch/root-jenkins/job/root-pullrequests-build/166417/testReport/projectroot.roottest.python/JupyROOT/roottest_python_JupyROOT_tpython_notebook/); - [projectroot.roottest.python.JupyROOT.roottest_python_JupyROOT_Cpp_IMT_Canvas_notebook](https://lcgapp-services.cern.ch/root-jenkins/job/root-pullrequests-build/166417/testReport/projectroot.roottest.python/JupyROOT/roottest_python_JupyROOT_Cpp_IMT_Canvas_notebook/); - [projectroot.tmva.pymva.test.PyMVA_Torch_Classification](https://lcgapp-services.cern.ch/root-jenkins/job/root-pullrequests-build/166417/testReport/projectroot.tmva.pymva/test/PyMVA_Torch_Classification/); - [projectroot.tmva.pymva.test.PyMVA_Torch_Regression](https://lcgapp-services.cern.ch/root-jenkins/job/root-pullrequests-build/166417/testReport/projectroot.tmva.pymva/test/PyMVA_Torch_Regression/,MatchSource.ISSUE_COMMENT,root-project,root,v6-32-06,https://github.com/root-project/root/pull/11096#issuecomment-1410346070:260,test,tests,260,https://root.cern,https://github.com/root-project/root/pull/11096#issuecomment-1410346070,6,['test'],"['test', 'testReport', 'tests']"
Testability,Build failed on ROOT-ubuntu2004/python3.; Running on root-ubuntu-2004-1.cern.ch:/home/sftnight/build/workspace/root-pullrequests-build; [See console output](https://lcgapp-services.cern.ch/root-jenkins/job/root-pullrequests-build/166435/console).; ### Failing tests:; - [projectroot.tmva.pymva.test.PyMVA_Keras_Multiclass](https://lcgapp-services.cern.ch/root-jenkins/job/root-pullrequests-build/166435/testReport/projectroot.tmva.pymva/test/PyMVA_Keras_Multiclass/); - [projectroot.tmva.sofie.test.gtest_tmva_sofie_test_TestSofieModels](https://lcgapp-services.cern.ch/root-jenkins/job/root-pullrequests-build/166435/testReport/projectroot.tmva.sofie/test/gtest_tmva_sofie_test_TestSofieModels/),MatchSource.ISSUE_COMMENT,root-project,root,v6-32-06,https://github.com/root-project/root/pull/12179#issuecomment-1410413415:260,test,tests,260,https://root.cern,https://github.com/root-project/root/pull/12179#issuecomment-1410413415,7,['test'],"['test', 'testReport', 'tests']"
Testability,Build failed on ROOT-ubuntu2004/python3.; Running on root-ubuntu-2004-1.cern.ch:/home/sftnight/build/workspace/root-pullrequests-build; [See console output](https://lcgapp-services.cern.ch/root-jenkins/job/root-pullrequests-build/166446/console).; ### Failing tests:; - [projectroot.tmva.pymva.test.PyMVA_Torch_Classification](https://lcgapp-services.cern.ch/root-jenkins/job/root-pullrequests-build/166446/testReport/projectroot.tmva.pymva/test/PyMVA_Torch_Classification/); - [projectroot.tmva.pymva.test.PyMVA_Torch_Regression](https://lcgapp-services.cern.ch/root-jenkins/job/root-pullrequests-build/166446/testReport/projectroot.tmva.pymva/test/PyMVA_Torch_Regression/); - [projectroot.tmva.pymva.test.PyMVA_Torch_Multiclass](https://lcgapp-services.cern.ch/root-jenkins/job/root-pullrequests-build/166446/testReport/projectroot.tmva.pymva/test/PyMVA_Torch_Multiclass/); - [projectroot.tmva.sofie.test.gtest_tmva_sofie_test_TestSofieModels](https://lcgapp-services.cern.ch/root-jenkins/job/root-pullrequests-build/166446/testReport/projectroot.tmva.sofie/test/gtest_tmva_sofie_test_TestSofieModels/),MatchSource.ISSUE_COMMENT,root-project,root,v6-32-06,https://github.com/root-project/root/pull/12174#issuecomment-1410502342:260,test,tests,260,https://root.cern,https://github.com/root-project/root/pull/12174#issuecomment-1410502342,13,['test'],"['test', 'testReport', 'tests']"
Testability,Build failed on ROOT-ubuntu2004/python3.; Running on root-ubuntu-2004-1.cern.ch:/home/sftnight/build/workspace/root-pullrequests-build; [See console output](https://lcgapp-services.cern.ch/root-jenkins/job/root-pullrequests-build/166460/console).; ### Failing tests:; - [projectroot.tmva.pymva.test.PyMVA_Torch_Classification](https://lcgapp-services.cern.ch/root-jenkins/job/root-pullrequests-build/166460/testReport/projectroot.tmva.pymva/test/PyMVA_Torch_Classification/); - [projectroot.tmva.pymva.test.PyMVA_Torch_Regression](https://lcgapp-services.cern.ch/root-jenkins/job/root-pullrequests-build/166460/testReport/projectroot.tmva.pymva/test/PyMVA_Torch_Regression/); - [projectroot.tmva.pymva.test.PyMVA_Torch_Multiclass](https://lcgapp-services.cern.ch/root-jenkins/job/root-pullrequests-build/166460/testReport/projectroot.tmva.pymva/test/PyMVA_Torch_Multiclass/); - [projectroot.tmva.pymva.test.PyMVA_Keras_Multiclass](https://lcgapp-services.cern.ch/root-jenkins/job/root-pullrequests-build/166460/testReport/projectroot.tmva.pymva/test/PyMVA_Keras_Multiclass/),MatchSource.ISSUE_COMMENT,root-project,root,v6-32-06,https://github.com/root-project/root/pull/12183#issuecomment-1410641671:260,test,tests,260,https://root.cern,https://github.com/root-project/root/pull/12183#issuecomment-1410641671,13,['test'],"['test', 'testReport', 'tests']"
Testability,Build failed on ROOT-ubuntu2004/python3.; Running on root-ubuntu-2004-1.cern.ch:/home/sftnight/build/workspace/root-pullrequests-build; [See console output](https://lcgapp-services.cern.ch/root-jenkins/job/root-pullrequests-build/166476/console).; ### Failing tests:; - [projectroot.tmva.sofie.test.gtest_tmva_sofie_test_TestSofieModels](https://lcgapp-services.cern.ch/root-jenkins/job/root-pullrequests-build/166476/testReport/projectroot.tmva.sofie/test/gtest_tmva_sofie_test_TestSofieModels/),MatchSource.ISSUE_COMMENT,root-project,root,v6-32-06,https://github.com/root-project/root/pull/12172#issuecomment-1410854617:260,test,tests,260,https://root.cern,https://github.com/root-project/root/pull/12172#issuecomment-1410854617,4,['test'],"['test', 'testReport', 'tests']"
Testability,Build failed on ROOT-ubuntu2004/python3.; Running on root-ubuntu-2004-1.cern.ch:/home/sftnight/build/workspace/root-pullrequests-build; [See console output](https://lcgapp-services.cern.ch/root-jenkins/job/root-pullrequests-build/166483/console).; ### Failing tests:; - [projectroot.tmva.sofie.test.gtest_tmva_sofie_test_TestSofieModels](https://lcgapp-services.cern.ch/root-jenkins/job/root-pullrequests-build/166483/testReport/projectroot.tmva.sofie/test/gtest_tmva_sofie_test_TestSofieModels/),MatchSource.ISSUE_COMMENT,root-project,root,v6-32-06,https://github.com/root-project/root/pull/12189#issuecomment-1410917290:260,test,tests,260,https://root.cern,https://github.com/root-project/root/pull/12189#issuecomment-1410917290,4,['test'],"['test', 'testReport', 'tests']"
Testability,Build failed on ROOT-ubuntu2004/python3.; Running on root-ubuntu-2004-1.cern.ch:/home/sftnight/build/workspace/root-pullrequests-build; [See console output](https://lcgapp-services.cern.ch/root-jenkins/job/root-pullrequests-build/166497/console).; ### Failing tests:; - [projectroot.tmva.pymva.test.PyMVA_Keras_Multiclass](https://lcgapp-services.cern.ch/root-jenkins/job/root-pullrequests-build/166497/testReport/projectroot.tmva.pymva/test/PyMVA_Keras_Multiclass/); - [projectroot.tmva.sofie.test.gtest_tmva_sofie_test_TestSofieModels](https://lcgapp-services.cern.ch/root-jenkins/job/root-pullrequests-build/166497/testReport/projectroot.tmva.sofie/test/gtest_tmva_sofie_test_TestSofieModels/),MatchSource.ISSUE_COMMENT,root-project,root,v6-32-06,https://github.com/root-project/root/pull/11553#issuecomment-1410964070:260,test,tests,260,https://root.cern,https://github.com/root-project/root/pull/11553#issuecomment-1410964070,7,['test'],"['test', 'testReport', 'tests']"
Testability,Build failed on ROOT-ubuntu2004/python3.; Running on root-ubuntu-2004-1.cern.ch:/home/sftnight/build/workspace/root-pullrequests-build; [See console output](https://lcgapp-services.cern.ch/root-jenkins/job/root-pullrequests-build/166513/console).; ### Failing tests:; - [projectroot.tmva.sofie.test.gtest_tmva_sofie_test_TestSofieModels](https://lcgapp-services.cern.ch/root-jenkins/job/root-pullrequests-build/166513/testReport/projectroot.tmva.sofie/test/gtest_tmva_sofie_test_TestSofieModels/),MatchSource.ISSUE_COMMENT,root-project,root,v6-32-06,https://github.com/root-project/root/pull/12192#issuecomment-1411065382:260,test,tests,260,https://root.cern,https://github.com/root-project/root/pull/12192#issuecomment-1411065382,4,['test'],"['test', 'testReport', 'tests']"
Testability,Build failed on ROOT-ubuntu2004/python3.; Running on root-ubuntu-2004-1.cern.ch:/home/sftnight/build/workspace/root-pullrequests-build; [See console output](https://lcgapp-services.cern.ch/root-jenkins/job/root-pullrequests-build/166527/console).; ### Failing tests:; - [projectroot.tmva.sofie.test.gtest_tmva_sofie_test_TestSofieModels](https://lcgapp-services.cern.ch/root-jenkins/job/root-pullrequests-build/166527/testReport/projectroot.tmva.sofie/test/gtest_tmva_sofie_test_TestSofieModels/),MatchSource.ISSUE_COMMENT,root-project,root,v6-32-06,https://github.com/root-project/root/pull/11874#issuecomment-1411144296:260,test,tests,260,https://root.cern,https://github.com/root-project/root/pull/11874#issuecomment-1411144296,4,['test'],"['test', 'testReport', 'tests']"
Testability,Build failed on ROOT-ubuntu2004/python3.; Running on root-ubuntu-2004-1.cern.ch:/home/sftnight/build/workspace/root-pullrequests-build; [See console output](https://lcgapp-services.cern.ch/root-jenkins/job/root-pullrequests-build/166534/console).; ### Failing tests:; - [projectroot.tmva.pymva.test.PyMVA_Torch_Regression](https://lcgapp-services.cern.ch/root-jenkins/job/root-pullrequests-build/166534/testReport/projectroot.tmva.pymva/test/PyMVA_Torch_Regression/); - [projectroot.tmva.pymva.test.PyMVA_Keras_Classification](https://lcgapp-services.cern.ch/root-jenkins/job/root-pullrequests-build/166534/testReport/projectroot.tmva.pymva/test/PyMVA_Keras_Classification/); - [projectroot.tmva.pymva.test.PyMVA_Keras_Regression](https://lcgapp-services.cern.ch/root-jenkins/job/root-pullrequests-build/166534/testReport/projectroot.tmva.pymva/test/PyMVA_Keras_Regression/); - [projectroot.tmva.pymva.test.PyMVA_Torch_Multiclass](https://lcgapp-services.cern.ch/root-jenkins/job/root-pullrequests-build/166534/testReport/projectroot.tmva.pymva/test/PyMVA_Torch_Multiclass/); - [projectroot.tmva.pymva.test.PyMVA_Keras_Multiclass](https://lcgapp-services.cern.ch/root-jenkins/job/root-pullrequests-build/166534/testReport/projectroot.tmva.pymva/test/PyMVA_Keras_Multiclass/),MatchSource.ISSUE_COMMENT,root-project,root,v6-32-06,https://github.com/root-project/root/pull/12195#issuecomment-1411648496:260,test,tests,260,https://root.cern,https://github.com/root-project/root/pull/12195#issuecomment-1411648496,16,['test'],"['test', 'testReport', 'tests']"
Testability,Build failed on ROOT-ubuntu2004/python3.; Running on root-ubuntu-2004-1.cern.ch:/home/sftnight/build/workspace/root-pullrequests-build; [See console output](https://lcgapp-services.cern.ch/root-jenkins/job/root-pullrequests-build/166708/console).; ### Failing tests:; - [projectroot.roottest.root.io.filemerger.roottest_root_io_filemerger_execFileMerger](https://lcgapp-services.cern.ch/root-jenkins/job/root-pullrequests-build/166708/testReport/projectroot.roottest.root.io/filemerger/roottest_root_io_filemerger_execFileMerger/); - [projectroot.tmva.pymva.test.PyMVA_Torch_Classification](https://lcgapp-services.cern.ch/root-jenkins/job/root-pullrequests-build/166708/testReport/projectroot.tmva.pymva/test/PyMVA_Torch_Classification/); - [projectroot.tmva.pymva.test.PyMVA_Torch_Regression](https://lcgapp-services.cern.ch/root-jenkins/job/root-pullrequests-build/166708/testReport/projectroot.tmva.pymva/test/PyMVA_Torch_Regression/); - [projectroot.tmva.pymva.test.PyMVA_Keras_Regression](https://lcgapp-services.cern.ch/root-jenkins/job/root-pullrequests-build/166708/testReport/projectroot.tmva.pymva/test/PyMVA_Keras_Regression/); - [projectroot.tmva.pymva.test.PyMVA_Keras_Classification](https://lcgapp-services.cern.ch/root-jenkins/job/root-pullrequests-build/166708/testReport/projectroot.tmva.pymva/test/PyMVA_Keras_Classification/); - [projectroot.tmva.pymva.test.PyMVA_Torch_Multiclass](https://lcgapp-services.cern.ch/root-jenkins/job/root-pullrequests-build/166708/testReport/projectroot.tmva.pymva/test/PyMVA_Torch_Multiclass/); - [projectroot.tmva.pymva.test.PyMVA_Keras_Multiclass](https://lcgapp-services.cern.ch/root-jenkins/job/root-pullrequests-build/166708/testReport/projectroot.tmva.pymva/test/PyMVA_Keras_Multiclass/),MatchSource.ISSUE_COMMENT,root-project,root,v6-32-06,https://github.com/root-project/root/pull/11574#issuecomment-1413629915:260,test,tests,260,https://root.cern,https://github.com/root-project/root/pull/11574#issuecomment-1413629915,20,['test'],"['test', 'testReport', 'tests']"
Testability,Build failed on ROOT-ubuntu2004/python3.; Running on root-ubuntu-2004-1.cern.ch:/home/sftnight/build/workspace/root-pullrequests-build; [See console output](https://lcgapp-services.cern.ch/root-jenkins/job/root-pullrequests-build/166961/console).; ### Failing tests:; - [projectroot.roottest.root.dataframe.roottest_root_dataframe_test_reduce](https://lcgapp-services.cern.ch/root-jenkins/job/root-pullrequests-build/166961/testReport/projectroot.roottest.root/dataframe/roottest_root_dataframe_test_reduce/); - [projectroot.roottest.root.dataframe.roottest_root_dataframe_ctors](https://lcgapp-services.cern.ch/root-jenkins/job/root-pullrequests-build/166961/testReport/projectroot.roottest.root/dataframe/roottest_root_dataframe_ctors/),MatchSource.ISSUE_COMMENT,root-project,root,v6-32-06,https://github.com/root-project/root/pull/11517#issuecomment-1416421392:260,test,tests,260,https://root.cern,https://github.com/root-project/root/pull/11517#issuecomment-1416421392,3,['test'],"['testReport', 'tests']"
Testability,Build failed on ROOT-ubuntu2004/python3.; Running on root-ubuntu-2004-1.cern.ch:/home/sftnight/build/workspace/root-pullrequests-build; [See console output](https://lcgapp-services.cern.ch/root-jenkins/job/root-pullrequests-build/167024/console).; ### Warnings:; - [2023-02-05T02:06:54.928Z] tmva/pymva/test/KerasBinaryOpModel.hxx:19:21: warning: unused parameter ‘filename’ [-Wunused-parameter] ; - [2023-02-05T02:07:00.229Z] tmva/sofie/test/Sub_FromONNX.hxx:15:21: warning: unused parameter ‘filename’ [-Wunused-parameter] ; - [2023-02-05T02:07:00.229Z] tmva/sofie/test/Add_FromONNX.hxx:15:21: warning: unused parameter ‘filename’ [-Wunused-parameter] ; - [2023-02-05T02:07:00.230Z] tmva/sofie/test/Mul_FromONNX.hxx:15:21: warning: unused parameter ‘filename’ [-Wunused-parameter] ; - [2023-02-05T02:07:00.230Z] tmva/sofie/test/Div_FromONNX.hxx:15:21: warning: unused parameter ‘filename’ [-Wunused-parameter] ; - [2023-02-05T02:07:00.230Z] tmva/sofie/test/Cast_FromONNX.hxx:15:21: warning: unused parameter ‘filename’ [-Wunused-parameter] ; - [2023-02-05T02:07:00.230Z] tmva/sofie/test/ReduceMean_FromONNX.hxx:15:21: warning: unused parameter ‘filename’ [-Wunused-parameter] ; - [2023-02-05T02:07:00.230Z] tmva/sofie/test/ReduceProd_FromONNX.hxx:15:21: warning: unused parameter ‘filename’ [-Wunused-parameter] ; - [2023-02-05T02:07:00.230Z] tmva/sofie/test/Shape_FromONNX.hxx:15:21: warning: unused parameter ‘filename’ [-Wunused-parameter] ; - [2023-02-05T02:07:00.230Z] tmva/sofie/test/LinearWithLeakyRelu_FromONNX.hxx:15:21: warning: unused parameter ‘filename’ [-Wunused-parameter] . And 38 more. ### Failing tests:; - [projectroot.bindings.experimental.distrdf.test.pyunittests_distrdf_unit_test_callable_generator](https://lcgapp-services.cern.ch/root-jenkins/job/root-pullrequests-build/167024/testReport/projectroot.bindings.experimental.distrdf/test/pyunittests_distrdf_unit_test_callable_generator/); - [projectroot.bindings.experimental.distrdf.test.pyunittests_distrdf_unit_test_friend,MatchSource.ISSUE_COMMENT,root-project,root,v6-32-06,https://github.com/root-project/root/pull/11208#issuecomment-1416905460:303,test,test,303,https://root.cern,https://github.com/root-project/root/pull/11208#issuecomment-1416905460,6,['test'],['test']
Testability,Build failed on ROOT-ubuntu2004/python3.; Running on root-ubuntu-2004-1.cern.ch:/home/sftnight/build/workspace/root-pullrequests-build; [See console output](https://lcgapp-services.cern.ch/root-jenkins/job/root-pullrequests-build/167061/console).; ### Failing tests:; - [projectroot.bindings.experimental.distrdf.test.pyunittests_distrdf_unit_test_callable_generator](https://lcgapp-services.cern.ch/root-jenkins/job/root-pullrequests-build/167061/testReport/projectroot.bindings.experimental.distrdf/test/pyunittests_distrdf_unit_test_callable_generator/); - [projectroot.bindings.experimental.distrdf.test.pyunittests_distrdf_unit_test_headnode](https://lcgapp-services.cern.ch/root-jenkins/job/root-pullrequests-build/167061/testReport/projectroot.bindings.experimental.distrdf/test/pyunittests_distrdf_unit_test_headnode/); - [projectroot.bindings.experimental.distrdf.test.pyunittests_distrdf_unit_test_friendinfo](https://lcgapp-services.cern.ch/root-jenkins/job/root-pullrequests-build/167061/testReport/projectroot.bindings.experimental.distrdf/test/pyunittests_distrdf_unit_test_friendinfo/); - [projectroot.bindings.experimental.distrdf.test.pyunittests_distrdf_unit_test_operation](https://lcgapp-services.cern.ch/root-jenkins/job/root-pullrequests-build/167061/testReport/projectroot.bindings.experimental.distrdf/test/pyunittests_distrdf_unit_test_operation/); - [projectroot.bindings.experimental.distrdf.test.pyunittests_distrdf_unit_test_node](https://lcgapp-services.cern.ch/root-jenkins/job/root-pullrequests-build/167061/testReport/projectroot.bindings.experimental.distrdf/test/pyunittests_distrdf_unit_test_node/); - [projectroot.bindings.experimental.distrdf.test.pyunittests_distrdf_unit_test_proxy](https://lcgapp-services.cern.ch/root-jenkins/job/root-pullrequests-build/167061/testReport/projectroot.bindings.experimental.distrdf/test/pyunittests_distrdf_unit_test_proxy/); - [projectroot.bindings.experimental.distrdf.test.pyunittests_distrdf_unit_test_ranges](https://lcgap,MatchSource.ISSUE_COMMENT,root-project,root,v6-32-06,https://github.com/root-project/root/pull/12229#issuecomment-1418304554:260,test,tests,260,https://root.cern,https://github.com/root-project/root/pull/12229#issuecomment-1418304554,9,['test'],"['test', 'testReport', 'tests']"
Testability,Build failed on ROOT-ubuntu2004/python3.; Running on root-ubuntu-2004-1.cern.ch:/home/sftnight/build/workspace/root-pullrequests-build; [See console output](https://lcgapp-services.cern.ch/root-jenkins/job/root-pullrequests-build/167103/console).; ### Warnings:; - [2023-02-06T11:54:21.258Z] /home/sftnight/build/workspace/root-pullrequests-build/root/roofit/roofitcore/src/RooDataSet.cxx:221:15: warning: unused variable ‘dh’ [-Wunused-variable] ; - [2023-02-06T11:55:32.165Z] /home/sftnight/build/workspace/root-pullrequests-build/root/roofit/roofitcore/test/testRooDataSet.cxx:373:30: warning: comparison of integer expressions of different signedness: ‘std::size_t’ {aka ‘long unsigned int’} and ‘Int_t’ {aka ‘int’} [-Wsign-compare],MatchSource.ISSUE_COMMENT,root-project,root,v6-32-06,https://github.com/root-project/root/pull/12227#issuecomment-1419004740:556,test,test,556,https://root.cern,https://github.com/root-project/root/pull/12227#issuecomment-1419004740,2,['test'],"['test', 'testRooDataSet']"
Testability,Build failed on ROOT-ubuntu2004/python3.; Running on root-ubuntu-2004-1.cern.ch:/home/sftnight/build/workspace/root-pullrequests-build; [See console output](https://lcgapp-services.cern.ch/root-jenkins/job/root-pullrequests-build/167187/console).; ### Failing tests:; - [projectroot.roofit.hs3.test.gtest_roofit_hs3_test_testRooFitHS3](https://lcgapp-services.cern.ch/root-jenkins/job/root-pullrequests-build/167187/testReport/projectroot.roofit.hs3/test/gtest_roofit_hs3_test_testRooFitHS3/),MatchSource.ISSUE_COMMENT,root-project,root,v6-32-06,https://github.com/root-project/root/pull/12232#issuecomment-1419856788:260,test,tests,260,https://root.cern,https://github.com/root-project/root/pull/12232#issuecomment-1419856788,4,['test'],"['test', 'testReport', 'tests']"
Testability,Build failed on ROOT-ubuntu2004/python3.; Running on root-ubuntu-2004-1.cern.ch:/home/sftnight/build/workspace/root-pullrequests-build; [See console output](https://lcgapp-services.cern.ch/root-jenkins/job/root-pullrequests-build/167350/console).; ### Warnings:; - [2023-02-07T16:12:38.961Z] tmva/sofie/test/Sub_FromONNX.hxx:15:21: warning: unused parameter ‘filename’ [-Wunused-parameter] ; - [2023-02-07T16:12:38.961Z] tmva/sofie/test/Add_FromONNX.hxx:15:21: warning: unused parameter ‘filename’ [-Wunused-parameter] ; - [2023-02-07T16:12:38.961Z] tmva/sofie/test/Mul_FromONNX.hxx:15:21: warning: unused parameter ‘filename’ [-Wunused-parameter] ; - [2023-02-07T16:12:38.961Z] tmva/sofie/test/Div_FromONNX.hxx:15:21: warning: unused parameter ‘filename’ [-Wunused-parameter] ; - [2023-02-07T16:12:38.961Z] tmva/sofie/test/Cast_FromONNX.hxx:15:21: warning: unused parameter ‘filename’ [-Wunused-parameter] ; - [2023-02-07T16:12:38.961Z] tmva/sofie/test/ReduceMean_FromONNX.hxx:15:21: warning: unused parameter ‘filename’ [-Wunused-parameter] ; - [2023-02-07T16:12:38.961Z] tmva/sofie/test/ReduceProd_FromONNX.hxx:15:21: warning: unused parameter ‘filename’ [-Wunused-parameter] ; - [2023-02-07T16:12:38.961Z] tmva/sofie/test/Shape_FromONNX.hxx:15:21: warning: unused parameter ‘filename’ [-Wunused-parameter] ; - [2023-02-07T16:12:38.961Z] tmva/sofie/test/LinearWithLeakyRelu_FromONNX.hxx:15:21: warning: unused parameter ‘filename’ [-Wunused-parameter] ; - [2023-02-07T16:12:38.961Z] tmva/sofie/test/Tanh_FromONNX.hxx:16:21: warning: unused parameter ‘filename’ [-Wunused-parameter] . And 38 more. ### Failing tests:; - [projectroot.bindings.experimental.distrdf.test.pyunittests_distrdf_unit_test_callable_generator](https://lcgapp-services.cern.ch/root-jenkins/job/root-pullrequests-build/167350/testReport/projectroot.bindings.experimental.distrdf/test/pyunittests_distrdf_unit_test_callable_generator/); - [projectroot.bindings.experimental.distrdf.test.pyunittests_distrdf_unit_test_friendinfo],MatchSource.ISSUE_COMMENT,root-project,root,v6-32-06,https://github.com/root-project/root/pull/11208#issuecomment-1421081238:303,test,test,303,https://root.cern,https://github.com/root-project/root/pull/11208#issuecomment-1421081238,6,['test'],['test']
Testability,Build failed on ROOT-ubuntu2004/python3.; Running on root-ubuntu-2004-1.cern.ch:/home/sftnight/build/workspace/root-pullrequests-build; [See console output](https://lcgapp-services.cern.ch/root-jenkins/job/root-pullrequests-build/167399/console).; ### Warnings:; - [2023-02-07T19:31:01.339Z] tmva/pymva/test/KerasBinaryOpModel.hxx:19:21: warning: unused parameter ‘filename’ [-Wunused-parameter] ; - [2023-02-07T19:31:02.227Z] tmva/sofie/test/Sub_FromONNX.hxx:15:21: warning: unused parameter ‘filename’ [-Wunused-parameter] ; - [2023-02-07T19:31:02.227Z] tmva/sofie/test/Add_FromONNX.hxx:15:21: warning: unused parameter ‘filename’ [-Wunused-parameter] ; - [2023-02-07T19:31:02.227Z] tmva/sofie/test/Mul_FromONNX.hxx:15:21: warning: unused parameter ‘filename’ [-Wunused-parameter] ; - [2023-02-07T19:31:02.227Z] tmva/sofie/test/Div_FromONNX.hxx:15:21: warning: unused parameter ‘filename’ [-Wunused-parameter] ; - [2023-02-07T19:31:02.227Z] tmva/sofie/test/Cast_FromONNX.hxx:15:21: warning: unused parameter ‘filename’ [-Wunused-parameter] ; - [2023-02-07T19:31:02.227Z] tmva/sofie/test/ReduceMean_FromONNX.hxx:15:21: warning: unused parameter ‘filename’ [-Wunused-parameter] ; - [2023-02-07T19:31:02.227Z] tmva/sofie/test/ReduceProd_FromONNX.hxx:15:21: warning: unused parameter ‘filename’ [-Wunused-parameter] ; - [2023-02-07T19:31:02.227Z] tmva/sofie/test/Shape_FromONNX.hxx:15:21: warning: unused parameter ‘filename’ [-Wunused-parameter] ; - [2023-02-07T19:31:02.227Z] tmva/sofie/test/LinearWithLeakyRelu_FromONNX.hxx:15:21: warning: unused parameter ‘filename’ [-Wunused-parameter] . And 38 more. ### Failing tests:; - [projectroot.tmva.pymva.test.gtest_tmva_pymva_test_TestRModelParserKeras](https://lcgapp-services.cern.ch/root-jenkins/job/root-pullrequests-build/167399/testReport/projectroot.tmva.pymva/test/gtest_tmva_pymva_test_TestRModelParserKeras/),MatchSource.ISSUE_COMMENT,root-project,root,v6-32-06,https://github.com/root-project/root/pull/11208#issuecomment-1421376462:303,test,test,303,https://root.cern,https://github.com/root-project/root/pull/11208#issuecomment-1421376462,14,['test'],"['test', 'testReport', 'tests']"
Testability,Build failed on ROOT-ubuntu2004/python3.; Running on root-ubuntu-2004-1.cern.ch:/home/sftnight/build/workspace/root-pullrequests-build; [See console output](https://lcgapp-services.cern.ch/root-jenkins/job/root-pullrequests-build/167584/console).; ### Failing tests:; - [projectroot.roottest.python.distrdf.spark.roottest_python_distrdf_spark_test_all](https://lcgapp-services.cern.ch/root-jenkins/job/root-pullrequests-build/167584/testReport/projectroot.roottest.python.distrdf/spark/roottest_python_distrdf_spark_test_all/); - [projectroot.roottest.python.distrdf.dask.roottest_python_distrdf_dask_test_all](https://lcgapp-services.cern.ch/root-jenkins/job/root-pullrequests-build/167584/testReport/projectroot.roottest.python.distrdf/dask/roottest_python_distrdf_dask_test_all/); - [projectroot.tree.dataframe.test.gtest_tree_dataframe_test_dataframe_datasetspec](https://lcgapp-services.cern.ch/root-jenkins/job/root-pullrequests-build/167584/testReport/projectroot.tree.dataframe/test/gtest_tree_dataframe_test_dataframe_datasetspec/); - [projectroot.tree.dataframe.test.pyunittests_dataframe_datasetspec](https://lcgapp-services.cern.ch/root-jenkins/job/root-pullrequests-build/167584/testReport/projectroot.tree.dataframe/test/pyunittests_dataframe_datasetspec/),MatchSource.ISSUE_COMMENT,root-project,root,v6-32-06,https://github.com/root-project/root/pull/12262#issuecomment-1423333207:260,test,tests,260,https://root.cern,https://github.com/root-project/root/pull/12262#issuecomment-1423333207,9,['test'],"['test', 'testReport', 'tests']"
Testability,Build failed on ROOT-ubuntu2004/python3.; Running on root-ubuntu-2004-1.cern.ch:/home/sftnight/build/workspace/root-pullrequests-build; [See console output](https://lcgapp-services.cern.ch/root-jenkins/job/root-pullrequests-build/167759/console).; ### Failing tests:; - [projectroot.bindings.pyroot.pythonizations.test.pyunittests_pyroot_import_load_libs](https://lcgapp-services.cern.ch/root-jenkins/job/root-pullrequests-build/167759/testReport/projectroot.bindings.pyroot.pythonizations/test/pyunittests_pyroot_import_load_libs/); - [projectroot.bindings.pyroot.pythonizations.test.pyunittests_pyroot_pyz_rtensor](https://lcgapp-services.cern.ch/root-jenkins/job/root-pullrequests-build/167759/testReport/projectroot.bindings.pyroot.pythonizations/test/pyunittests_pyroot_pyz_rtensor/),MatchSource.ISSUE_COMMENT,root-project,root,v6-32-06,https://github.com/root-project/root/pull/12278#issuecomment-1424705657:260,test,tests,260,https://root.cern,https://github.com/root-project/root/pull/12278#issuecomment-1424705657,7,['test'],"['test', 'testReport', 'tests']"
Testability,Build failed on ROOT-ubuntu2004/python3.; Running on root-ubuntu-2004-1.cern.ch:/home/sftnight/build/workspace/root-pullrequests-build; [See console output](https://lcgapp-services.cern.ch/root-jenkins/job/root-pullrequests-build/167957/console).; ### Failing tests:; - [projectroot.test.test_stressroofit](https://lcgapp-services.cern.ch/root-jenkins/job/root-pullrequests-build/167957/testReport/projectroot/test/test_stressroofit/); - [projectroot.test.test_stressroofit_batchmode_cpu](https://lcgapp-services.cern.ch/root-jenkins/job/root-pullrequests-build/167957/testReport/projectroot/test/test_stressroofit_batchmode_cpu/); - [projectroot.roottest.root.io.withoutDictionaries.roottest_root_io_withoutDictionaries_IOWithoutDictionaries](https://lcgapp-services.cern.ch/root-jenkins/job/root-pullrequests-build/167957/testReport/projectroot.roottest.root.io/withoutDictionaries/roottest_root_io_withoutDictionaries_IOWithoutDictionaries/); - [projectroot.roottest.root.meta.MakeProject.roottest_root_meta_MakeProject_stltest](https://lcgapp-services.cern.ch/root-jenkins/job/root-pullrequests-build/167957/testReport/projectroot.roottest.root.meta/MakeProject/roottest_root_meta_MakeProject_stltest/); - [projectroot.roottest.root.meta.tclass.issue-6767.roottest_root_meta_tclass_issue_6767_reproducer](https://lcgapp-services.cern.ch/root-jenkins/job/root-pullrequests-build/167957/testReport/projectroot.roottest.root.meta.tclass/issue-6767/roottest_root_meta_tclass_issue_6767_reproducer/),MatchSource.ISSUE_COMMENT,root-project,root,v6-32-06,https://github.com/root-project/root/pull/12173#issuecomment-1426252254:260,test,tests,260,https://root.cern,https://github.com/root-project/root/pull/12173#issuecomment-1426252254,10,['test'],"['test', 'testReport', 'tests']"
Testability,Build failed on ROOT-ubuntu2004/python3.; Running on root-ubuntu-2004-1.cern.ch:/home/sftnight/build/workspace/root-pullrequests-build; [See console output](https://lcgapp-services.cern.ch/root-jenkins/job/root-pullrequests-build/167964/console).; ### Failing tests:; - [projectroot.test.test_stressroofit_batchmode_cpu](https://lcgapp-services.cern.ch/root-jenkins/job/root-pullrequests-build/167964/testReport/projectroot/test/test_stressroofit_batchmode_cpu/); - [projectroot.test.test_stressroofit](https://lcgapp-services.cern.ch/root-jenkins/job/root-pullrequests-build/167964/testReport/projectroot/test/test_stressroofit/); - [projectroot.roottest.root.meta.MakeProject.roottest_root_meta_MakeProject_stltest](https://lcgapp-services.cern.ch/root-jenkins/job/root-pullrequests-build/167964/testReport/projectroot.roottest.root.meta/MakeProject/roottest_root_meta_MakeProject_stltest/); - [projectroot.roottest.root.io.withoutDictionaries.roottest_root_io_withoutDictionaries_IOWithoutDictionaries](https://lcgapp-services.cern.ch/root-jenkins/job/root-pullrequests-build/167964/testReport/projectroot.roottest.root.io/withoutDictionaries/roottest_root_io_withoutDictionaries_IOWithoutDictionaries/); - [projectroot.roottest.root.meta.tclass.issue-6767.roottest_root_meta_tclass_issue_6767_reproducer](https://lcgapp-services.cern.ch/root-jenkins/job/root-pullrequests-build/167964/testReport/projectroot.roottest.root.meta.tclass/issue-6767/roottest_root_meta_tclass_issue_6767_reproducer/),MatchSource.ISSUE_COMMENT,root-project,root,v6-32-06,https://github.com/root-project/root/pull/12173#issuecomment-1426583504:260,test,tests,260,https://root.cern,https://github.com/root-project/root/pull/12173#issuecomment-1426583504,10,['test'],"['test', 'testReport', 'tests']"
Testability,Build failed on ROOT-ubuntu2004/python3.; Running on root-ubuntu-2004-1.cern.ch:/home/sftnight/build/workspace/root-pullrequests-build; [See console output](https://lcgapp-services.cern.ch/root-jenkins/job/root-pullrequests-build/167985/console).; ### Warnings:; - [2023-02-11T06:01:47.313Z] tmva/sofie/test/Sub_FromONNX.hxx:15:21: warning: unused parameter ‘filename’ [-Wunused-parameter] ; - [2023-02-11T06:01:47.313Z] tmva/sofie/test/Add_FromONNX.hxx:15:21: warning: unused parameter ‘filename’ [-Wunused-parameter] ; - [2023-02-11T06:01:47.313Z] tmva/sofie/test/Mul_FromONNX.hxx:15:21: warning: unused parameter ‘filename’ [-Wunused-parameter] ; - [2023-02-11T06:01:47.313Z] tmva/sofie/test/Div_FromONNX.hxx:15:21: warning: unused parameter ‘filename’ [-Wunused-parameter] ; - [2023-02-11T06:01:47.313Z] tmva/sofie/test/Cast_FromONNX.hxx:15:21: warning: unused parameter ‘filename’ [-Wunused-parameter] ; - [2023-02-11T06:01:47.313Z] tmva/sofie/test/ReduceMean_FromONNX.hxx:15:21: warning: unused parameter ‘filename’ [-Wunused-parameter] ; - [2023-02-11T06:01:47.313Z] tmva/sofie/test/ReduceProd_FromONNX.hxx:15:21: warning: unused parameter ‘filename’ [-Wunused-parameter] ; - [2023-02-11T06:01:47.313Z] tmva/sofie/test/Shape_FromONNX.hxx:15:21: warning: unused parameter ‘filename’ [-Wunused-parameter] ; - [2023-02-11T06:01:47.313Z] tmva/sofie/test/LinearWithLeakyRelu_FromONNX.hxx:15:21: warning: unused parameter ‘filename’ [-Wunused-parameter] ; - [2023-02-11T06:01:47.313Z] tmva/sofie/test/Tanh_FromONNX.hxx:16:21: warning: unused parameter ‘filename’ [-Wunused-parameter] . And 38 more. ### Failing tests:; - [projectroot.tmva.pymva.test.gtest_tmva_pymva_test_TestRModelParserKeras](https://lcgapp-services.cern.ch/root-jenkins/job/root-pullrequests-build/167985/testReport/projectroot.tmva.pymva/test/gtest_tmva_pymva_test_TestRModelParserKeras/),MatchSource.ISSUE_COMMENT,root-project,root,v6-32-06,https://github.com/root-project/root/pull/11208#issuecomment-1426634303:303,test,test,303,https://root.cern,https://github.com/root-project/root/pull/11208#issuecomment-1426634303,14,['test'],"['test', 'testReport', 'tests']"
Testability,Build failed on ROOT-ubuntu2004/python3.; Running on root-ubuntu-2004-1.cern.ch:/home/sftnight/build/workspace/root-pullrequests-build; [See console output](https://lcgapp-services.cern.ch/root-jenkins/job/root-pullrequests-build/167992/console).; ### Failing tests:; - [projectroot.roottest.root.meta.tclass.issue-6767.roottest_root_meta_tclass_issue_6767_reproducer](https://lcgapp-services.cern.ch/root-jenkins/job/root-pullrequests-build/167992/testReport/projectroot.roottest.root.meta.tclass/issue-6767/roottest_root_meta_tclass_issue_6767_reproducer/),MatchSource.ISSUE_COMMENT,root-project,root,v6-32-06,https://github.com/root-project/root/pull/12173#issuecomment-1426841610:260,test,tests,260,https://root.cern,https://github.com/root-project/root/pull/12173#issuecomment-1426841610,2,['test'],"['testReport', 'tests']"
Testability,Build failed on ROOT-ubuntu2004/python3.; Running on root-ubuntu-2004-1.cern.ch:/home/sftnight/build/workspace/root-pullrequests-build; [See console output](https://lcgapp-services.cern.ch/root-jenkins/job/root-pullrequests-build/168294/console).; ### Failing tests:; - [projectroot.tmva.pymva.test.gtest_tmva_pymva_test_TestRModelParserKeras](https://lcgapp-services.cern.ch/root-jenkins/job/root-pullrequests-build/168294/testReport/projectroot.tmva.pymva/test/gtest_tmva_pymva_test_TestRModelParserKeras/),MatchSource.ISSUE_COMMENT,root-project,root,v6-32-06,https://github.com/root-project/root/pull/11208#issuecomment-1430387294:260,test,tests,260,https://root.cern,https://github.com/root-project/root/pull/11208#issuecomment-1430387294,4,['test'],"['test', 'testReport', 'tests']"
Testability,Build failed on ROOT-ubuntu2004/python3.; Running on root-ubuntu-2004-1.cern.ch:/home/sftnight/build/workspace/root-pullrequests-build; [See console output](https://lcgapp-services.cern.ch/root-jenkins/job/root-pullrequests-build/168308/console).; ### Failing tests:; - [projectroot.tmva.pymva.test.gtest_tmva_pymva_test_TestRModelParserKeras](https://lcgapp-services.cern.ch/root-jenkins/job/root-pullrequests-build/168308/testReport/projectroot.tmva.pymva/test/gtest_tmva_pymva_test_TestRModelParserKeras/),MatchSource.ISSUE_COMMENT,root-project,root,v6-32-06,https://github.com/root-project/root/pull/11208#issuecomment-1430438098:260,test,tests,260,https://root.cern,https://github.com/root-project/root/pull/11208#issuecomment-1430438098,4,['test'],"['test', 'testReport', 'tests']"
Testability,Build failed on ROOT-ubuntu2004/python3.; Running on root-ubuntu-2004-1.cern.ch:/home/sftnight/build/workspace/root-pullrequests-build; [See console output](https://lcgapp-services.cern.ch/root-jenkins/job/root-pullrequests-build/168322/console).; ### Failing tests:; - [projectroot.tree.dataframe.test.gtest_tree_dataframe_test_dataframe_datasetspec](https://lcgapp-services.cern.ch/root-jenkins/job/root-pullrequests-build/168322/testReport/projectroot.tree.dataframe/test/gtest_tree_dataframe_test_dataframe_datasetspec/); - [projectroot.tree.dataframe.test.pyunittests_dataframe_datasetspec](https://lcgapp-services.cern.ch/root-jenkins/job/root-pullrequests-build/168322/testReport/projectroot.tree.dataframe/test/pyunittests_dataframe_datasetspec/),MatchSource.ISSUE_COMMENT,root-project,root,v6-32-06,https://github.com/root-project/root/pull/12316#issuecomment-1430517406:260,test,tests,260,https://root.cern,https://github.com/root-project/root/pull/12316#issuecomment-1430517406,7,['test'],"['test', 'testReport', 'tests']"
Testability,Build failed on ROOT-ubuntu2004/python3.; Running on root-ubuntu-2004-1.cern.ch:/home/sftnight/build/workspace/root-pullrequests-build; [See console output](https://lcgapp-services.cern.ch/root-jenkins/job/root-pullrequests-build/168569/console).; ### Failing tests:; - [projectroot.test.test_stressgraphics_interpreted](https://lcgapp-services.cern.ch/root-jenkins/job/root-pullrequests-build/168569/testReport/projectroot/test/test_stressgraphics_interpreted/),MatchSource.ISSUE_COMMENT,root-project,root,v6-32-06,https://github.com/root-project/root/pull/12252#issuecomment-1433338670:260,test,tests,260,https://root.cern,https://github.com/root-project/root/pull/12252#issuecomment-1433338670,4,['test'],"['test', 'testReport', 'tests']"
Testability,Build failed on ROOT-ubuntu2004/python3.; Running on root-ubuntu-2004-1.cern.ch:/home/sftnight/build/workspace/root-pullrequests-build; [See console output](https://lcgapp-services.cern.ch/root-jenkins/job/root-pullrequests-build/168576/console).; ### Failing tests:; - [projectroot.test.test_stressgraphics_interpreted](https://lcgapp-services.cern.ch/root-jenkins/job/root-pullrequests-build/168576/testReport/projectroot/test/test_stressgraphics_interpreted/),MatchSource.ISSUE_COMMENT,root-project,root,v6-32-06,https://github.com/root-project/root/pull/11096#issuecomment-1433396685:260,test,tests,260,https://root.cern,https://github.com/root-project/root/pull/11096#issuecomment-1433396685,4,['test'],"['test', 'testReport', 'tests']"
Testability,Build failed on ROOT-ubuntu2004/python3.; Running on root-ubuntu-2004-1.cern.ch:/home/sftnight/build/workspace/root-pullrequests-build; [See console output](https://lcgapp-services.cern.ch/root-jenkins/job/root-pullrequests-build/168597/console).; ### Failing tests:; - [projectroot.test.test_stressgraphics_interpreted](https://lcgapp-services.cern.ch/root-jenkins/job/root-pullrequests-build/168597/testReport/projectroot/test/test_stressgraphics_interpreted/),MatchSource.ISSUE_COMMENT,root-project,root,v6-32-06,https://github.com/root-project/root/pull/12332#issuecomment-1433501371:260,test,tests,260,https://root.cern,https://github.com/root-project/root/pull/12332#issuecomment-1433501371,4,['test'],"['test', 'testReport', 'tests']"
Testability,Build failed on ROOT-ubuntu2004/python3.; Running on root-ubuntu-2004-1.cern.ch:/home/sftnight/build/workspace/root-pullrequests-build; [See console output](https://lcgapp-services.cern.ch/root-jenkins/job/root-pullrequests-build/168618/console).; ### Failing tests:; - [projectroot.test.test_stressgraphics_interpreted](https://lcgapp-services.cern.ch/root-jenkins/job/root-pullrequests-build/168618/testReport/projectroot/test/test_stressgraphics_interpreted/),MatchSource.ISSUE_COMMENT,root-project,root,v6-32-06,https://github.com/root-project/root/pull/12316#issuecomment-1433547592:260,test,tests,260,https://root.cern,https://github.com/root-project/root/pull/12316#issuecomment-1433547592,4,['test'],"['test', 'testReport', 'tests']"
Testability,Build failed on ROOT-ubuntu2004/python3.; Running on root-ubuntu-2004-1.cern.ch:/home/sftnight/build/workspace/root-pullrequests-build; [See console output](https://lcgapp-services.cern.ch/root-jenkins/job/root-pullrequests-build/168728/console).; ### Failing tests:; - [projectroot.test.test_stressgraphics_interpreted](https://lcgapp-services.cern.ch/root-jenkins/job/root-pullrequests-build/168728/testReport/projectroot/test/test_stressgraphics_interpreted/),MatchSource.ISSUE_COMMENT,root-project,root,v6-32-06,https://github.com/root-project/root/pull/12276#issuecomment-1433755386:260,test,tests,260,https://root.cern,https://github.com/root-project/root/pull/12276#issuecomment-1433755386,4,['test'],"['test', 'testReport', 'tests']"
Testability,Build failed on ROOT-ubuntu2004/python3.; Running on root-ubuntu-2004-1.cern.ch:/home/sftnight/build/workspace/root-pullrequests-build; [See console output](https://lcgapp-services.cern.ch/root-jenkins/job/root-pullrequests-build/168751/console).; ### Failing tests:; - [projectroot.test.test_stressgraphics_interpreted](https://lcgapp-services.cern.ch/root-jenkins/job/root-pullrequests-build/168751/testReport/projectroot/test/test_stressgraphics_interpreted/),MatchSource.ISSUE_COMMENT,root-project,root,v6-32-06,https://github.com/root-project/root/pull/12276#issuecomment-1434266184:260,test,tests,260,https://root.cern,https://github.com/root-project/root/pull/12276#issuecomment-1434266184,4,['test'],"['test', 'testReport', 'tests']"
Testability,Build failed on ROOT-ubuntu2004/python3.; Running on root-ubuntu-2004-1.cern.ch:/home/sftnight/build/workspace/root-pullrequests-build; [See console output](https://lcgapp-services.cern.ch/root-jenkins/job/root-pullrequests-build/168758/console).; ### Failing tests:; - [projectroot.test.test_stressgraphics_interpreted](https://lcgapp-services.cern.ch/root-jenkins/job/root-pullrequests-build/168758/testReport/projectroot/test/test_stressgraphics_interpreted/),MatchSource.ISSUE_COMMENT,root-project,root,v6-32-06,https://github.com/root-project/root/pull/12339#issuecomment-1434338345:260,test,tests,260,https://root.cern,https://github.com/root-project/root/pull/12339#issuecomment-1434338345,4,['test'],"['test', 'testReport', 'tests']"
Testability,Build failed on ROOT-ubuntu2004/python3.; Running on root-ubuntu-2004-1.cern.ch:/home/sftnight/build/workspace/root-pullrequests-build; [See console output](https://lcgapp-services.cern.ch/root-jenkins/job/root-pullrequests-build/168786/console).; ### Failing tests:; - [projectroot.test.test_stressgraphics_interpreted](https://lcgapp-services.cern.ch/root-jenkins/job/root-pullrequests-build/168786/testReport/projectroot/test/test_stressgraphics_interpreted/),MatchSource.ISSUE_COMMENT,root-project,root,v6-32-06,https://github.com/root-project/root/pull/12344#issuecomment-1434520030:260,test,tests,260,https://root.cern,https://github.com/root-project/root/pull/12344#issuecomment-1434520030,4,['test'],"['test', 'testReport', 'tests']"
Testability,Build failed on ROOT-ubuntu2004/python3.; Running on root-ubuntu-2004-1.cern.ch:/home/sftnight/build/workspace/root-pullrequests-build; [See console output](https://lcgapp-services.cern.ch/root-jenkins/job/root-pullrequests-build/168800/console).; ### Failing tests:; - [projectroot.test.test_stressgraphics_interpreted](https://lcgapp-services.cern.ch/root-jenkins/job/root-pullrequests-build/168800/testReport/projectroot/test/test_stressgraphics_interpreted/),MatchSource.ISSUE_COMMENT,root-project,root,v6-32-06,https://github.com/root-project/root/pull/12344#issuecomment-1434635254:260,test,tests,260,https://root.cern,https://github.com/root-project/root/pull/12344#issuecomment-1434635254,4,['test'],"['test', 'testReport', 'tests']"
Testability,Build failed on ROOT-ubuntu2004/python3.; Running on root-ubuntu-2004-1.cern.ch:/home/sftnight/build/workspace/root-pullrequests-build; [See console output](https://lcgapp-services.cern.ch/root-jenkins/job/root-pullrequests-build/168814/console).; ### Failing tests:; - [projectroot.test.test_stressgraphics_interpreted](https://lcgapp-services.cern.ch/root-jenkins/job/root-pullrequests-build/168814/testReport/projectroot/test/test_stressgraphics_interpreted/); - [projectroot.test.test_stresshistofit_interpreted](https://lcgapp-services.cern.ch/root-jenkins/job/root-pullrequests-build/168814/testReport/projectroot/test/test_stresshistofit_interpreted/); - [projectroot.math.minuit2.test.minuit2_testMinimizer](https://lcgapp-services.cern.ch/root-jenkins/job/root-pullrequests-build/168814/testReport/projectroot.math.minuit2/test/minuit2_testMinimizer/),MatchSource.ISSUE_COMMENT,root-project,root,v6-32-06,https://github.com/root-project/root/pull/12257#issuecomment-1434804805:260,test,tests,260,https://root.cern,https://github.com/root-project/root/pull/12257#issuecomment-1434804805,10,['test'],"['test', 'testReport', 'tests']"
Testability,Build failed on ROOT-ubuntu2004/python3.; Running on root-ubuntu-2004-1.cern.ch:/home/sftnight/build/workspace/root-pullrequests-build; [See console output](https://lcgapp-services.cern.ch/root-jenkins/job/root-pullrequests-build/168880/console).; ### Failing tests:; - [projectroot.test.test_stressgraphics_interpreted](https://lcgapp-services.cern.ch/root-jenkins/job/root-pullrequests-build/168880/testReport/projectroot/test/test_stressgraphics_interpreted/),MatchSource.ISSUE_COMMENT,root-project,root,v6-32-06,https://github.com/root-project/root/pull/11208#issuecomment-1435371640:260,test,tests,260,https://root.cern,https://github.com/root-project/root/pull/11208#issuecomment-1435371640,4,['test'],"['test', 'testReport', 'tests']"
Testability,Build failed on ROOT-ubuntu2004/python3.; Running on root-ubuntu-2004-1.cern.ch:/home/sftnight/build/workspace/root-pullrequests-build; [See console output](https://lcgapp-services.cern.ch/root-jenkins/job/root-pullrequests-build/168894/console).; ### Failing tests:; - [projectroot.test.test_stressgraphics_interpreted](https://lcgapp-services.cern.ch/root-jenkins/job/root-pullrequests-build/168894/testReport/projectroot/test/test_stressgraphics_interpreted/),MatchSource.ISSUE_COMMENT,root-project,root,v6-32-06,https://github.com/root-project/root/pull/12351#issuecomment-1435790440:260,test,tests,260,https://root.cern,https://github.com/root-project/root/pull/12351#issuecomment-1435790440,4,['test'],"['test', 'testReport', 'tests']"
Testability,Build failed on ROOT-ubuntu2004/python3.; Running on root-ubuntu-2004-1.cern.ch:/home/sftnight/build/workspace/root-pullrequests-build; [See console output](https://lcgapp-services.cern.ch/root-jenkins/job/root-pullrequests-build/168915/console).; ### Errors:; - [2023-02-20T02:54:45.762Z] FAILED: core/G__Core.cxx lib/Core.pcm ; - [2023-02-20T02:54:47.660Z] /usr/include/c++/9/bits/stl_iterator_base_funcs.h:79:14: error: missing '#include &lt;bits/stl_iterator_base_types.h&gt;'; 'iterator_traits' must be declared before it is used ; - [2023-02-20T02:54:47.660Z] input_line_1:1:10: fatal error: could not build module 'std' ; - [2023-02-20T02:54:47.660Z] /home/sftnight/build/workspace/root-pullrequests-build/build/etc/cling/Interpreter/DynamicExprInfo.h:13:10: fatal error: could not build module 'std' ; - [2023-02-20T02:54:47.660Z] /home/sftnight/build/workspace/root-pullrequests-build/build/etc/cling/Interpreter/RuntimeUniverse.h:27:10: fatal error: could not build module 'Cling_Runtime_Extra' ; - [2023-02-20T02:54:47.660Z] /usr/include/x86_64-linux-gnu/gnu/stubs.h:7:11: fatal error: 'gnu/stubs-32.h' file not found ; - [2023-02-20T02:54:47.660Z] /home/sftnight/build/workspace/root-pullrequests-build/build/include/RtypesCore.h:28:10: fatal error: could not build module 'std' ; - [2023-02-20T02:54:47.660Z] /home/sftnight/build/workspace/root-pullrequests-build/build/include/ThreadLocalStorage.h:60:10: fatal error: could not build module 'ROOT_Rtypes' ; - [2023-02-20T02:54:47.660Z] /home/sftnight/build/workspace/root-pullrequests-build/build/include/ROOT/RStringView.hxx:30:12: fatal error: could not build module 'std',MatchSource.ISSUE_COMMENT,root-project,root,v6-32-06,https://github.com/root-project/root/pull/12295#issuecomment-1436237070:1070,stub,stubs,1070,https://root.cern,https://github.com/root-project/root/pull/12295#issuecomment-1436237070,2,['stub'],"['stubs', 'stubs-']"
Testability,Build failed on ROOT-ubuntu2004/python3.; Running on root-ubuntu-2004-1.cern.ch:/home/sftnight/build/workspace/root-pullrequests-build; [See console output](https://lcgapp-services.cern.ch/root-jenkins/job/root-pullrequests-build/168922/console).; ### Failing tests:; - [projectroot.test.test_stressgraphics_interpreted](https://lcgapp-services.cern.ch/root-jenkins/job/root-pullrequests-build/168922/testReport/projectroot/test/test_stressgraphics_interpreted/),MatchSource.ISSUE_COMMENT,root-project,root,v6-32-06,https://github.com/root-project/root/pull/12353#issuecomment-1436641969:260,test,tests,260,https://root.cern,https://github.com/root-project/root/pull/12353#issuecomment-1436641969,4,['test'],"['test', 'testReport', 'tests']"
Testability,Build failed on ROOT-ubuntu2004/python3.; Running on root-ubuntu-2004-1.cern.ch:/home/sftnight/build/workspace/root-pullrequests-build; [See console output](https://lcgapp-services.cern.ch/root-jenkins/job/root-pullrequests-build/168929/console).; ### Failing tests:; - [projectroot.test.test_stressgraphics_interpreted](https://lcgapp-services.cern.ch/root-jenkins/job/root-pullrequests-build/168929/testReport/projectroot/test/test_stressgraphics_interpreted/),MatchSource.ISSUE_COMMENT,root-project,root,v6-32-06,https://github.com/root-project/root/pull/12354#issuecomment-1436766050:260,test,tests,260,https://root.cern,https://github.com/root-project/root/pull/12354#issuecomment-1436766050,4,['test'],"['test', 'testReport', 'tests']"
Testability,Build failed on ROOT-ubuntu2004/python3.; Running on root-ubuntu-2004-1.cern.ch:/home/sftnight/build/workspace/root-pullrequests-build; [See console output](https://lcgapp-services.cern.ch/root-jenkins/job/root-pullrequests-build/168999/console).; ### Failing tests:; - [projectroot.test.test_stressgraphics_interpreted](https://lcgapp-services.cern.ch/root-jenkins/job/root-pullrequests-build/168999/testReport/projectroot/test/test_stressgraphics_interpreted/); - [projectroot.roottest.root.meta.roottest_root_meta_execTypedefList_auto](https://lcgapp-services.cern.ch/root-jenkins/job/root-pullrequests-build/168999/testReport/projectroot.roottest.root/meta/roottest_root_meta_execTypedefList_auto/),MatchSource.ISSUE_COMMENT,root-project,root,v6-32-06,https://github.com/root-project/root/pull/12355#issuecomment-1437263247:260,test,tests,260,https://root.cern,https://github.com/root-project/root/pull/12355#issuecomment-1437263247,5,['test'],"['test', 'testReport', 'tests']"
Testability,Build failed on ROOT-ubuntu2004/python3.; Running on root-ubuntu-2004-1.cern.ch:/home/sftnight/build/workspace/root-pullrequests-build; [See console output](https://lcgapp-services.cern.ch/root-jenkins/job/root-pullrequests-build/169006/console).; ### Failing tests:; - [projectroot.test.test_stressgraphics_interpreted](https://lcgapp-services.cern.ch/root-jenkins/job/root-pullrequests-build/169006/testReport/projectroot/test/test_stressgraphics_interpreted/),MatchSource.ISSUE_COMMENT,root-project,root,v6-32-06,https://github.com/root-project/root/pull/12359#issuecomment-1437412047:260,test,tests,260,https://root.cern,https://github.com/root-project/root/pull/12359#issuecomment-1437412047,4,['test'],"['test', 'testReport', 'tests']"
Testability,Build failed on ROOT-ubuntu2004/python3.; Running on root-ubuntu-2004-1.cern.ch:/home/sftnight/build/workspace/root-pullrequests-build; [See console output](https://lcgapp-services.cern.ch/root-jenkins/job/root-pullrequests-build/169013/console).; ### Failing tests:; - [projectroot.test.test_stressgraphics_interpreted](https://lcgapp-services.cern.ch/root-jenkins/job/root-pullrequests-build/169013/testReport/projectroot/test/test_stressgraphics_interpreted/),MatchSource.ISSUE_COMMENT,root-project,root,v6-32-06,https://github.com/root-project/root/pull/12353#issuecomment-1437495492:260,test,tests,260,https://root.cern,https://github.com/root-project/root/pull/12353#issuecomment-1437495492,4,['test'],"['test', 'testReport', 'tests']"
Testability,Build failed on ROOT-ubuntu2004/python3.; Running on root-ubuntu-2004-1.cern.ch:/home/sftnight/build/workspace/root-pullrequests-build; [See console output](https://lcgapp-services.cern.ch/root-jenkins/job/root-pullrequests-build/169027/console).; ### Failing tests:; - [projectroot.test.test_stressgraphics_interpreted](https://lcgapp-services.cern.ch/root-jenkins/job/root-pullrequests-build/169027/testReport/projectroot/test/test_stressgraphics_interpreted/),MatchSource.ISSUE_COMMENT,root-project,root,v6-32-06,https://github.com/root-project/root/pull/12361#issuecomment-1437690912:260,test,tests,260,https://root.cern,https://github.com/root-project/root/pull/12361#issuecomment-1437690912,4,['test'],"['test', 'testReport', 'tests']"
Testability,Build failed on ROOT-ubuntu2004/python3.; Running on root-ubuntu-2004-1.cern.ch:/home/sftnight/build/workspace/root-pullrequests-build; [See console output](https://lcgapp-services.cern.ch/root-jenkins/job/root-pullrequests-build/169034/console).; ### Failing tests:; - [projectroot.roottest.python.distrdf.common.roottest_python_distrdf_common_test_all](https://lcgapp-services.cern.ch/root-jenkins/job/root-pullrequests-build/169034/testReport/projectroot.roottest.python.distrdf/common/roottest_python_distrdf_common_test_all/),MatchSource.ISSUE_COMMENT,root-project,root,v6-32-06,https://github.com/root-project/root/pull/12362#issuecomment-1438243944:260,test,tests,260,https://root.cern,https://github.com/root-project/root/pull/12362#issuecomment-1438243944,2,['test'],"['testReport', 'tests']"
Testability,Build failed on ROOT-ubuntu2004/python3.; Running on root-ubuntu-2004-1.cern.ch:/home/sftnight/build/workspace/root-pullrequests-build; [See console output](https://lcgapp-services.cern.ch/root-jenkins/job/root-pullrequests-build/169146/console).; ### Failing tests:; - [projectroot.bindings.pyroot.pythonizations.test.pyunittests_pyroot_pyz_sofie_gnn](https://lcgapp-services.cern.ch/root-jenkins/job/root-pullrequests-build/169146/testReport/projectroot.bindings.pyroot.pythonizations/test/pyunittests_pyroot_pyz_sofie_gnn/),MatchSource.ISSUE_COMMENT,root-project,root,v6-32-06,https://github.com/root-project/root/pull/11208#issuecomment-1440871585:260,test,tests,260,https://root.cern,https://github.com/root-project/root/pull/11208#issuecomment-1440871585,4,['test'],"['test', 'testReport', 'tests']"
Testability,Build failed on ROOT-ubuntu2004/python3.; Running on root-ubuntu-2004-1.cern.ch:/home/sftnight/build/workspace/root-pullrequests-build; [See console output](https://lcgapp-services.cern.ch/root-jenkins/job/root-pullrequests-build/169259/console).; ### Failing tests:; - [projectroot.tmva.pymva.test.PyMVA_Keras_Multiclass](https://lcgapp-services.cern.ch/root-jenkins/job/root-pullrequests-build/169259/testReport/projectroot.tmva.pymva/test/PyMVA_Keras_Multiclass/),MatchSource.ISSUE_COMMENT,root-project,root,v6-32-06,https://github.com/root-project/root/pull/12385#issuecomment-1446223906:260,test,tests,260,https://root.cern,https://github.com/root-project/root/pull/12385#issuecomment-1446223906,4,['test'],"['test', 'testReport', 'tests']"
Testability,Build failed on ROOT-ubuntu2004/python3.; Running on root-ubuntu-2004-1.cern.ch:/home/sftnight/build/workspace/root-pullrequests-build; [See console output](https://lcgapp-services.cern.ch/root-jenkins/job/root-pullrequests-build/169476/console).; ### Failing tests:; - [projectroot.roottest.python.distrdf.dask.roottest_python_distrdf_dask_test_all](https://lcgapp-services.cern.ch/root-jenkins/job/root-pullrequests-build/169476/testReport/projectroot.roottest.python.distrdf/dask/roottest_python_distrdf_dask_test_all/); - [projectroot.roottest.python.distrdf.spark.roottest_python_distrdf_spark_test_all](https://lcgapp-services.cern.ch/root-jenkins/job/root-pullrequests-build/169476/testReport/projectroot.roottest.python.distrdf/spark/roottest_python_distrdf_spark_test_all/); - [projectroot.test.test_stressroofit_batchmode_cpu](https://lcgapp-services.cern.ch/root-jenkins/job/root-pullrequests-build/169476/testReport/projectroot/test/test_stressroofit_batchmode_cpu/); - [projectroot.test.test_stressroofit](https://lcgapp-services.cern.ch/root-jenkins/job/root-pullrequests-build/169476/testReport/projectroot/test/test_stressroofit/); - [projectroot.test.test_stressroostats_interpreted](https://lcgapp-services.cern.ch/root-jenkins/job/root-pullrequests-build/169476/testReport/projectroot/test/test_stressroostats_interpreted/); - [projectroot.test.test_stresshistogram_interpreted](https://lcgapp-services.cern.ch/root-jenkins/job/root-pullrequests-build/169476/testReport/projectroot/test/test_stresshistogram_interpreted/); - [projectroot.test.test_stressgraphics_interpreted](https://lcgapp-services.cern.ch/root-jenkins/job/root-pullrequests-build/169476/testReport/projectroot/test/test_stressgraphics_interpreted/); - [projectroot.bindings.pyroot.pythonizations.test.pyunittests_pyroot_pyz_tf_pycallables](https://lcgapp-services.cern.ch/root-jenkins/job/root-pullrequests-build/169476/testReport/projectroot.bindings.pyroot.pythonizations/test/pyunittests_pyroot_pyz_tf_pycallab,MatchSource.ISSUE_COMMENT,root-project,root,v6-32-06,https://github.com/root-project/root/pull/12401#issuecomment-1450526930:260,test,tests,260,https://root.cern,https://github.com/root-project/root/pull/12401#issuecomment-1450526930,7,['test'],"['test', 'testReport', 'tests']"
Testability,Build failed on ROOT-ubuntu2004/python3.; Running on root-ubuntu-2004-1.cern.ch:/home/sftnight/build/workspace/root-pullrequests-build; [See console output](https://lcgapp-services.cern.ch/root-jenkins/job/root-pullrequests-build/169504/console).; ### Errors:; - [2023-03-01T20:47:52.877Z] FAILED: core/G__Core.cxx lib/Core.pcm ; - [2023-03-01T20:47:54.795Z] /usr/include/c++/9/bits/stl_iterator_base_funcs.h:79:14: error: missing '#include &lt;bits/stl_iterator_base_types.h&gt;'; 'iterator_traits' must be declared before it is used ; - [2023-03-01T20:47:54.795Z] /usr/include/c++/9/bits/stl_construct.h:129:24: error: missing '#include &lt;bits/stl_iterator_base_types.h&gt;'; 'iterator_traits' must be declared before it is used ; - [2023-03-01T20:47:54.795Z] input_line_1:1:10: fatal error: could not build module 'std' ; - [2023-03-01T20:47:54.795Z] /home/sftnight/build/workspace/root-pullrequests-build/build/etc/cling/Interpreter/DynamicExprInfo.h:13:10: fatal error: could not build module 'std' ; - [2023-03-01T20:47:54.795Z] /home/sftnight/build/workspace/root-pullrequests-build/build/etc/cling/Interpreter/RuntimeUniverse.h:27:10: fatal error: could not build module 'Cling_Runtime_Extra' ; - [2023-03-01T20:47:54.795Z] /usr/include/x86_64-linux-gnu/gnu/stubs.h:7:11: fatal error: 'gnu/stubs-32.h' file not found ; - [2023-03-01T20:47:54.795Z] /home/sftnight/build/workspace/root-pullrequests-build/build/include/RtypesCore.h:28:10: fatal error: could not build module 'std' ; - [2023-03-01T20:47:54.795Z] /home/sftnight/build/workspace/root-pullrequests-build/build/include/ThreadLocalStorage.h:60:10: fatal error: could not build module 'ROOT_Rtypes' ; - [2023-03-01T20:47:54.795Z] /home/sftnight/build/workspace/root-pullrequests-build/build/include/ROOT/RStringView.hxx:30:12: fatal error: could not build module 'std',MatchSource.ISSUE_COMMENT,root-project,root,v6-32-06,https://github.com/root-project/root/pull/12295#issuecomment-1450823726:1268,stub,stubs,1268,https://root.cern,https://github.com/root-project/root/pull/12295#issuecomment-1450823726,2,['stub'],"['stubs', 'stubs-']"
Testability,Build failed on ROOT-ubuntu2004/python3.; Running on root-ubuntu-2004-1.cern.ch:/home/sftnight/build/workspace/root-pullrequests-build; [See console output](https://lcgapp-services.cern.ch/root-jenkins/job/root-pullrequests-build/169539/console).; ### Failing tests:; - [projectroot.roottest.root.hist.roottest_root_hist_h2root](https://lcgapp-services.cern.ch/root-jenkins/job/root-pullrequests-build/169539/testReport/projectroot.roottest.root/hist/roottest_root_hist_h2root/),MatchSource.ISSUE_COMMENT,root-project,root,v6-32-06,https://github.com/root-project/root/pull/12407#issuecomment-1451464532:260,test,tests,260,https://root.cern,https://github.com/root-project/root/pull/12407#issuecomment-1451464532,2,['test'],"['testReport', 'tests']"
Testability,Build failed on ROOT-ubuntu2004/python3.; Running on root-ubuntu-2004-1.cern.ch:/home/sftnight/build/workspace/root-pullrequests-build; [See console output](https://lcgapp-services.cern.ch/root-jenkins/job/root-pullrequests-build/169553/console).; ### Errors:; - [2023-03-02T10:36:39.574Z] FAILED: core/G__Core.cxx lib/Core.pcm ; - [2023-03-02T10:36:41.472Z] /usr/include/c++/9/bits/stl_construct.h:129:24: error: missing '#include &lt;bits/stl_iterator_base_types.h&gt;'; 'iterator_traits' must be declared before it is used ; - [2023-03-02T10:36:41.472Z] input_line_1:1:10: fatal error: could not build module 'std' ; - [2023-03-02T10:36:41.472Z] /home/sftnight/build/workspace/root-pullrequests-build/build/etc/cling/Interpreter/DynamicExprInfo.h:13:10: fatal error: could not build module 'std' ; - [2023-03-02T10:36:41.472Z] /home/sftnight/build/workspace/root-pullrequests-build/build/etc/cling/Interpreter/RuntimeUniverse.h:27:10: fatal error: could not build module 'Cling_Runtime_Extra' ; - [2023-03-02T10:36:41.472Z] /usr/include/x86_64-linux-gnu/gnu/stubs.h:7:11: fatal error: 'gnu/stubs-32.h' file not found ; - [2023-03-02T10:36:41.472Z] /home/sftnight/build/workspace/root-pullrequests-build/build/include/RtypesCore.h:28:10: fatal error: could not build module 'std' ; - [2023-03-02T10:36:41.472Z] /home/sftnight/build/workspace/root-pullrequests-build/build/include/ThreadLocalStorage.h:60:10: fatal error: could not build module 'ROOT_Rtypes' ; - [2023-03-02T10:36:41.472Z] /home/sftnight/build/workspace/root-pullrequests-build/build/include/ROOT/RStringView.hxx:30:12: fatal error: could not build module 'std',MatchSource.ISSUE_COMMENT,root-project,root,v6-32-06,https://github.com/root-project/root/pull/12295#issuecomment-1451652124:1061,stub,stubs,1061,https://root.cern,https://github.com/root-project/root/pull/12295#issuecomment-1451652124,2,['stub'],"['stubs', 'stubs-']"
Testability,Build failed on ROOT-ubuntu2004/python3.; Running on root-ubuntu-2004-1.cern.ch:/home/sftnight/build/workspace/root-pullrequests-build; [See console output](https://lcgapp-services.cern.ch/root-jenkins/job/root-pullrequests-build/169560/console).; ### Failing tests:; - [projectroot.tmva.sofie.test.gtest_tmva_sofie_test_TestSofieModels](https://lcgapp-services.cern.ch/root-jenkins/job/root-pullrequests-build/169560/testReport/projectroot.tmva.sofie/test/gtest_tmva_sofie_test_TestSofieModels/),MatchSource.ISSUE_COMMENT,root-project,root,v6-32-06,https://github.com/root-project/root/pull/12411#issuecomment-1451734919:260,test,tests,260,https://root.cern,https://github.com/root-project/root/pull/12411#issuecomment-1451734919,4,['test'],"['test', 'testReport', 'tests']"
Testability,Build failed on ROOT-ubuntu2004/python3.; Running on root-ubuntu-2004-1.cern.ch:/home/sftnight/build/workspace/root-pullrequests-build; [See console output](https://lcgapp-services.cern.ch/root-jenkins/job/root-pullrequests-build/169588/console).; ### Failing tests:; - [projectroot.tmva.pymva.test.PyMVA_Keras_Regression](https://lcgapp-services.cern.ch/root-jenkins/job/root-pullrequests-build/169588/testReport/projectroot.tmva.pymva/test/PyMVA_Keras_Regression/),MatchSource.ISSUE_COMMENT,root-project,root,v6-32-06,https://github.com/root-project/root/pull/12397#issuecomment-1452243370:260,test,tests,260,https://root.cern,https://github.com/root-project/root/pull/12397#issuecomment-1452243370,4,['test'],"['test', 'testReport', 'tests']"
Testability,Build failed on ROOT-ubuntu2004/python3.; Running on root-ubuntu-2004-1.cern.ch:/home/sftnight/build/workspace/root-pullrequests-build; [See console output](https://lcgapp-services.cern.ch/root-jenkins/job/root-pullrequests-build/169616/console).; ### Failing tests:; - [projectroot.bindings.pyroot.pythonizations.test.pyunittests_pyroot_pyz_sofie_gnn](https://lcgapp-services.cern.ch/root-jenkins/job/root-pullrequests-build/169616/testReport/projectroot.bindings.pyroot.pythonizations/test/pyunittests_pyroot_pyz_sofie_gnn/),MatchSource.ISSUE_COMMENT,root-project,root,v6-32-06,https://github.com/root-project/root/pull/11208#issuecomment-1453132058:260,test,tests,260,https://root.cern,https://github.com/root-project/root/pull/11208#issuecomment-1453132058,4,['test'],"['test', 'testReport', 'tests']"
Testability,Build failed on ROOT-ubuntu2004/python3.; Running on root-ubuntu-2004-1.cern.ch:/home/sftnight/build/workspace/root-pullrequests-build; [See console output](https://lcgapp-services.cern.ch/root-jenkins/job/root-pullrequests-build/169749/console).; ### Failing tests:; - [projectroot.tmva.tmva.test.gtest_tmva_tmva_test_rtensor](https://lcgapp-services.cern.ch/root-jenkins/job/root-pullrequests-build/169749/testReport/projectroot.tmva.tmva/test/gtest_tmva_tmva_test_rtensor/),MatchSource.ISSUE_COMMENT,root-project,root,v6-32-06,https://github.com/root-project/root/pull/12424#issuecomment-1455011236:260,test,tests,260,https://root.cern,https://github.com/root-project/root/pull/12424#issuecomment-1455011236,4,['test'],"['test', 'testReport', 'tests']"
Testability,Build failed on ROOT-ubuntu2004/python3.; Running on root-ubuntu-2004-1.cern.ch:/home/sftnight/build/workspace/root-pullrequests-build; [See console output](https://lcgapp-services.cern.ch/root-jenkins/job/root-pullrequests-build/169756/console).; ### Failing tests:; - [projectroot.tmva.tmva.test.gtest_tmva_tmva_test_rtensor](https://lcgapp-services.cern.ch/root-jenkins/job/root-pullrequests-build/169756/testReport/projectroot.tmva.tmva/test/gtest_tmva_tmva_test_rtensor/),MatchSource.ISSUE_COMMENT,root-project,root,v6-32-06,https://github.com/root-project/root/pull/12424#issuecomment-1455025759:260,test,tests,260,https://root.cern,https://github.com/root-project/root/pull/12424#issuecomment-1455025759,4,['test'],"['test', 'testReport', 'tests']"
Testability,Build failed on ROOT-ubuntu2004/python3.; Running on root-ubuntu-2004-1.cern.ch:/home/sftnight/build/workspace/root-pullrequests-build; [See console output](https://lcgapp-services.cern.ch/root-jenkins/job/root-pullrequests-build/169763/console).; ### Failing tests:; - [projectroot.bindings.pyroot.pythonizations.test.pyunittests_pyroot_pyz_sofie_gnn](https://lcgapp-services.cern.ch/root-jenkins/job/root-pullrequests-build/169763/testReport/projectroot.bindings.pyroot.pythonizations/test/pyunittests_pyroot_pyz_sofie_gnn/); - [projectroot.tmva.tmva.test.gtest_tmva_tmva_test_rtensor](https://lcgapp-services.cern.ch/root-jenkins/job/root-pullrequests-build/169763/testReport/projectroot.tmva.tmva/test/gtest_tmva_tmva_test_rtensor/),MatchSource.ISSUE_COMMENT,root-project,root,v6-32-06,https://github.com/root-project/root/pull/11208#issuecomment-1455033001:260,test,tests,260,https://root.cern,https://github.com/root-project/root/pull/11208#issuecomment-1455033001,7,['test'],"['test', 'testReport', 'tests']"
Testability,Build failed on ROOT-ubuntu2004/python3.; Running on root-ubuntu-2004-1.cern.ch:/home/sftnight/build/workspace/root-pullrequests-build; [See console output](https://lcgapp-services.cern.ch/root-jenkins/job/root-pullrequests-build/169833/console).; ### Failing tests:; - [projectroot.roottest.root.io.filemerger.roottest_root_io_filemerger_simple_lz4_compr_level1](https://lcgapp-services.cern.ch/root-jenkins/job/root-pullrequests-build/169833/testReport/projectroot.roottest.root.io/filemerger/roottest_root_io_filemerger_simple_lz4_compr_level1/); - [projectroot.roottest.root.io.treeForeign.roottest_root_io_treeForeign_testForeignDraw](https://lcgapp-services.cern.ch/root-jenkins/job/root-pullrequests-build/169833/testReport/projectroot.roottest.root.io/treeForeign/roottest_root_io_treeForeign_testForeignDraw/); - [projectroot.roottest.root.tree.cloning.roottest_root_tree_cloning_exectrim](https://lcgapp-services.cern.ch/root-jenkins/job/root-pullrequests-build/169833/testReport/projectroot.roottest.root.tree/cloning/roottest_root_tree_cloning_exectrim/); - [projectroot.roottest.root.tree.fastcloning.roottest_root_tree_fastcloning_execCheckClusterRange](https://lcgapp-services.cern.ch/root-jenkins/job/root-pullrequests-build/169833/testReport/projectroot.roottest.root.tree/fastcloning/roottest_root_tree_fastcloning_execCheckClusterRange/),MatchSource.ISSUE_COMMENT,root-project,root,v6-32-06,https://github.com/root-project/root/pull/12439#issuecomment-1457165757:260,test,tests,260,https://root.cern,https://github.com/root-project/root/pull/12439#issuecomment-1457165757,5,['test'],"['testReport', 'tests']"
Testability,Build failed on ROOT-ubuntu2004/python3.; Running on root-ubuntu-2004-1.cern.ch:/home/sftnight/build/workspace/root-pullrequests-build; [See console output](https://lcgapp-services.cern.ch/root-jenkins/job/root-pullrequests-build/169840/console).; ### Failing tests:; - [projectroot.roottest.root.io.filemerger.roottest_root_io_filemerger_simple_lz4_compr_level1](https://lcgapp-services.cern.ch/root-jenkins/job/root-pullrequests-build/169840/testReport/projectroot.roottest.root.io/filemerger/roottest_root_io_filemerger_simple_lz4_compr_level1/); - [projectroot.roottest.root.io.treeForeign.roottest_root_io_treeForeign_testForeignDraw](https://lcgapp-services.cern.ch/root-jenkins/job/root-pullrequests-build/169840/testReport/projectroot.roottest.root.io/treeForeign/roottest_root_io_treeForeign_testForeignDraw/); - [projectroot.roottest.root.tree.cloning.roottest_root_tree_cloning_exectrim](https://lcgapp-services.cern.ch/root-jenkins/job/root-pullrequests-build/169840/testReport/projectroot.roottest.root.tree/cloning/roottest_root_tree_cloning_exectrim/); - [projectroot.roottest.root.tree.fastcloning.roottest_root_tree_fastcloning_execCheckClusterRange](https://lcgapp-services.cern.ch/root-jenkins/job/root-pullrequests-build/169840/testReport/projectroot.roottest.root.tree/fastcloning/roottest_root_tree_fastcloning_execCheckClusterRange/),MatchSource.ISSUE_COMMENT,root-project,root,v6-32-06,https://github.com/root-project/root/pull/12439#issuecomment-1457224190:260,test,tests,260,https://root.cern,https://github.com/root-project/root/pull/12439#issuecomment-1457224190,5,['test'],"['testReport', 'tests']"
Testability,Build failed on ROOT-ubuntu2004/python3.; Running on root-ubuntu-2004-1.cern.ch:/home/sftnight/build/workspace/root-pullrequests-build; [See console output](https://lcgapp-services.cern.ch/root-jenkins/job/root-pullrequests-build/170078/console).; ### Failing tests:; - [projectroot.test.test_stressroostats_interpreted](https://lcgapp-services.cern.ch/root-jenkins/job/root-pullrequests-build/170078/testReport/projectroot/test/test_stressroostats_interpreted/),MatchSource.ISSUE_COMMENT,root-project,root,v6-32-06,https://github.com/root-project/root/pull/12459#issuecomment-1461445169:260,test,tests,260,https://root.cern,https://github.com/root-project/root/pull/12459#issuecomment-1461445169,4,['test'],"['test', 'testReport', 'tests']"
Testability,Build failed on ROOT-ubuntu2004/python3.; Running on root-ubuntu-2004-1.cern.ch:/home/sftnight/build/workspace/root-pullrequests-build; [See console output](https://lcgapp-services.cern.ch/root-jenkins/job/root-pullrequests-build/170139/console).; ### Failing tests:; - [projectroot.tmva.sofie.test.gtest_tmva_sofie_test_TestSofieModels](https://lcgapp-services.cern.ch/root-jenkins/job/root-pullrequests-build/170139/testReport/projectroot.tmva.sofie/test/gtest_tmva_sofie_test_TestSofieModels/),MatchSource.ISSUE_COMMENT,root-project,root,v6-32-06,https://github.com/root-project/root/pull/12459#issuecomment-1462003092:260,test,tests,260,https://root.cern,https://github.com/root-project/root/pull/12459#issuecomment-1462003092,4,['test'],"['test', 'testReport', 'tests']"
Testability,Build failed on ROOT-ubuntu2004/python3.; Running on root-ubuntu-2004-1.cern.ch:/home/sftnight/build/workspace/root-pullrequests-build; [See console output](https://lcgapp-services.cern.ch/root-jenkins/job/root-pullrequests-build/170231/console).; ### Failing tests:; - [projectroot.roottest.root.hist.roottest_root_hist_h2root](https://lcgapp-services.cern.ch/root-jenkins/job/root-pullrequests-build/170231/testReport/projectroot.roottest.root/hist/roottest_root_hist_h2root/),MatchSource.ISSUE_COMMENT,root-project,root,v6-32-06,https://github.com/root-project/root/pull/12473#issuecomment-1463715005:260,test,tests,260,https://root.cern,https://github.com/root-project/root/pull/12473#issuecomment-1463715005,2,['test'],"['testReport', 'tests']"
Testability,Build failed on ROOT-ubuntu2004/python3.; Running on root-ubuntu-2004-1.cern.ch:/home/sftnight/build/workspace/root-pullrequests-build; [See console output](https://lcgapp-services.cern.ch/root-jenkins/job/root-pullrequests-build/170380/console).; ### Errors:; - [2023-03-13T15:04:01.054Z] FAILED: tree/treeplayer/test/treetreeplayertestUnit,MatchSource.ISSUE_COMMENT,root-project,root,v6-32-06,https://github.com/root-project/root/pull/12480#issuecomment-1466322117:314,test,test,314,https://root.cern,https://github.com/root-project/root/pull/12480#issuecomment-1466322117,1,['test'],['test']
Testability,Build failed on ROOT-ubuntu2004/python3.; Running on root-ubuntu-2004-1.cern.ch:/home/sftnight/build/workspace/root-pullrequests-build; [See console output](https://lcgapp-services.cern.ch/root-jenkins/job/root-pullrequests-build/170401/console).; ### Failing tests:; - [projectroot.roottest.root.hist.roottest_root_hist_h2root](https://lcgapp-services.cern.ch/root-jenkins/job/root-pullrequests-build/170401/testReport/projectroot.roottest.root/hist/roottest_root_hist_h2root/),MatchSource.ISSUE_COMMENT,root-project,root,v6-32-06,https://github.com/root-project/root/pull/12483#issuecomment-1468029995:260,test,tests,260,https://root.cern,https://github.com/root-project/root/pull/12483#issuecomment-1468029995,2,['test'],"['testReport', 'tests']"
Testability,Build failed on ROOT-ubuntu2004/python3.; Running on root-ubuntu-2004-1.cern.ch:/home/sftnight/build/workspace/root-pullrequests-build; [See console output](https://lcgapp-services.cern.ch/root-jenkins/job/root-pullrequests-build/170527/console).; ### Failing tests:; - [projectroot.roottest.python.distrdf.common.roottest_python_distrdf_common_test_all](https://lcgapp-services.cern.ch/root-jenkins/job/root-pullrequests-build/170527/testReport/projectroot.roottest.python.distrdf/common/roottest_python_distrdf_common_test_all/),MatchSource.ISSUE_COMMENT,root-project,root,v6-32-06,https://github.com/root-project/root/pull/12490#issuecomment-1470958387:260,test,tests,260,https://root.cern,https://github.com/root-project/root/pull/12490#issuecomment-1470958387,2,['test'],"['testReport', 'tests']"
Testability,Build failed on ROOT-ubuntu2004/python3.; Running on root-ubuntu-2004-1.cern.ch:/home/sftnight/build/workspace/root-pullrequests-build; [See console output](https://lcgapp-services.cern.ch/root-jenkins/job/root-pullrequests-build/170569/console).; ### Failing tests:; - [projectroot.roottest.root.io.filemerger.roottest_root_io_filemerger_execFileMerger](https://lcgapp-services.cern.ch/root-jenkins/job/root-pullrequests-build/170569/testReport/projectroot.roottest.root.io/filemerger/roottest_root_io_filemerger_execFileMerger/); - [projectroot.tmva.pymva.test.PyMVA_Torch_Classification](https://lcgapp-services.cern.ch/root-jenkins/job/root-pullrequests-build/170569/testReport/projectroot.tmva.pymva/test/PyMVA_Torch_Classification/); - [projectroot.tmva.pymva.test.PyMVA_Torch_Regression](https://lcgapp-services.cern.ch/root-jenkins/job/root-pullrequests-build/170569/testReport/projectroot.tmva.pymva/test/PyMVA_Torch_Regression/); - [projectroot.tmva.pymva.test.PyMVA_Keras_Classification](https://lcgapp-services.cern.ch/root-jenkins/job/root-pullrequests-build/170569/testReport/projectroot.tmva.pymva/test/PyMVA_Keras_Classification/); - [projectroot.tmva.pymva.test.PyMVA_Keras_Regression](https://lcgapp-services.cern.ch/root-jenkins/job/root-pullrequests-build/170569/testReport/projectroot.tmva.pymva/test/PyMVA_Keras_Regression/); - [projectroot.tmva.pymva.test.PyMVA_Torch_Multiclass](https://lcgapp-services.cern.ch/root-jenkins/job/root-pullrequests-build/170569/testReport/projectroot.tmva.pymva/test/PyMVA_Torch_Multiclass/); - [projectroot.tmva.pymva.test.PyMVA_Keras_Multiclass](https://lcgapp-services.cern.ch/root-jenkins/job/root-pullrequests-build/170569/testReport/projectroot.tmva.pymva/test/PyMVA_Keras_Multiclass/),MatchSource.ISSUE_COMMENT,root-project,root,v6-32-06,https://github.com/root-project/root/pull/12501#issuecomment-1473945915:260,test,tests,260,https://root.cern,https://github.com/root-project/root/pull/12501#issuecomment-1473945915,20,['test'],"['test', 'testReport', 'tests']"
Testability,Build failed on ROOT-ubuntu2004/python3.; Running on root-ubuntu-2004-1.cern.ch:/home/sftnight/build/workspace/root-pullrequests-build; [See console output](https://lcgapp-services.cern.ch/root-jenkins/job/root-pullrequests-build/170632/console).; ### Failing tests:; - [projectroot.roottest.root.meta.tclass.issue-6767.roottest_root_meta_tclass_issue_6767_reproducer](https://lcgapp-services.cern.ch/root-jenkins/job/root-pullrequests-build/170632/testReport/projectroot.roottest.root.meta.tclass/issue-6767/roottest_root_meta_tclass_issue_6767_reproducer/),MatchSource.ISSUE_COMMENT,root-project,root,v6-32-06,https://github.com/root-project/root/pull/12507#issuecomment-1474231595:260,test,tests,260,https://root.cern,https://github.com/root-project/root/pull/12507#issuecomment-1474231595,2,['test'],"['testReport', 'tests']"
Testability,Build failed on ROOT-ubuntu2004/python3.; Running on root-ubuntu-2004-1.cern.ch:/home/sftnight/build/workspace/root-pullrequests-build; [See console output](https://lcgapp-services.cern.ch/root-jenkins/job/root-pullrequests-build/170766/console).; ### Failing tests:; - [projectroot.roottest.root.hist.operator.roottest_root_hist_operator_runsparse](https://lcgapp-services.cern.ch/root-jenkins/job/root-pullrequests-build/170766/testReport/projectroot.roottest.root.hist/operator/roottest_root_hist_operator_runsparse/); - [projectroot.roottest.root.io.filemerger.roottest_root_io_filemerger_execFileMerger](https://lcgapp-services.cern.ch/root-jenkins/job/root-pullrequests-build/170766/testReport/projectroot.roottest.root.io/filemerger/roottest_root_io_filemerger_execFileMerger/); - [projectroot.tmva.pymva.test.PyMVA_Torch_Classification](https://lcgapp-services.cern.ch/root-jenkins/job/root-pullrequests-build/170766/testReport/projectroot.tmva.pymva/test/PyMVA_Torch_Classification/); - [projectroot.tmva.pymva.test.PyMVA_Torch_Regression](https://lcgapp-services.cern.ch/root-jenkins/job/root-pullrequests-build/170766/testReport/projectroot.tmva.pymva/test/PyMVA_Torch_Regression/); - [projectroot.tmva.pymva.test.PyMVA_Keras_Regression](https://lcgapp-services.cern.ch/root-jenkins/job/root-pullrequests-build/170766/testReport/projectroot.tmva.pymva/test/PyMVA_Keras_Regression/); - [projectroot.tmva.pymva.test.PyMVA_Keras_Classification](https://lcgapp-services.cern.ch/root-jenkins/job/root-pullrequests-build/170766/testReport/projectroot.tmva.pymva/test/PyMVA_Keras_Classification/); - [projectroot.tmva.pymva.test.PyMVA_Torch_Multiclass](https://lcgapp-services.cern.ch/root-jenkins/job/root-pullrequests-build/170766/testReport/projectroot.tmva.pymva/test/PyMVA_Torch_Multiclass/); - [projectroot.tmva.pymva.test.PyMVA_Keras_Multiclass](https://lcgapp-services.cern.ch/root-jenkins/job/root-pullrequests-build/170766/testReport/projectroot.tmva.pymva/test/PyMVA_Keras_Multiclass/),MatchSource.ISSUE_COMMENT,root-project,root,v6-32-06,https://github.com/root-project/root/pull/12514#issuecomment-1477598445:260,test,tests,260,https://root.cern,https://github.com/root-project/root/pull/12514#issuecomment-1477598445,21,['test'],"['test', 'testReport', 'tests']"
Testability,Build failed on ROOT-ubuntu2004/python3.; Running on root-ubuntu-2004-1.cern.ch:/home/sftnight/build/workspace/root-pullrequests-build; [See console output](https://lcgapp-services.cern.ch/root-jenkins/job/root-pullrequests-build/170773/console).; ### Failing tests:; - [projectroot.roottest.root.io.filemerger.roottest_root_io_filemerger_execFileMerger](https://lcgapp-services.cern.ch/root-jenkins/job/root-pullrequests-build/170773/testReport/projectroot.roottest.root.io/filemerger/roottest_root_io_filemerger_execFileMerger/); - [projectroot.tmva.pymva.test.PyMVA_Torch_Classification](https://lcgapp-services.cern.ch/root-jenkins/job/root-pullrequests-build/170773/testReport/projectroot.tmva.pymva/test/PyMVA_Torch_Classification/); - [projectroot.tmva.pymva.test.PyMVA_Torch_Regression](https://lcgapp-services.cern.ch/root-jenkins/job/root-pullrequests-build/170773/testReport/projectroot.tmva.pymva/test/PyMVA_Torch_Regression/); - [projectroot.tmva.pymva.test.PyMVA_Keras_Classification](https://lcgapp-services.cern.ch/root-jenkins/job/root-pullrequests-build/170773/testReport/projectroot.tmva.pymva/test/PyMVA_Keras_Classification/); - [projectroot.tmva.pymva.test.PyMVA_Keras_Regression](https://lcgapp-services.cern.ch/root-jenkins/job/root-pullrequests-build/170773/testReport/projectroot.tmva.pymva/test/PyMVA_Keras_Regression/); - [projectroot.tmva.pymva.test.PyMVA_Torch_Multiclass](https://lcgapp-services.cern.ch/root-jenkins/job/root-pullrequests-build/170773/testReport/projectroot.tmva.pymva/test/PyMVA_Torch_Multiclass/); - [projectroot.tmva.pymva.test.PyMVA_Keras_Multiclass](https://lcgapp-services.cern.ch/root-jenkins/job/root-pullrequests-build/170773/testReport/projectroot.tmva.pymva/test/PyMVA_Keras_Multiclass/),MatchSource.ISSUE_COMMENT,root-project,root,v6-32-06,https://github.com/root-project/root/pull/12515#issuecomment-1477629845:260,test,tests,260,https://root.cern,https://github.com/root-project/root/pull/12515#issuecomment-1477629845,20,['test'],"['test', 'testReport', 'tests']"
Testability,Build failed on ROOT-ubuntu2004/python3.; Running on root-ubuntu-2004-1.cern.ch:/home/sftnight/build/workspace/root-pullrequests-build; [See console output](https://lcgapp-services.cern.ch/root-jenkins/job/root-pullrequests-build/171007/console).; ### Failing tests:; - [projectroot.bindings.pyroot.pythonizations.test.pyunittests_pyroot_pyz_sofie_gnn](https://lcgapp-services.cern.ch/root-jenkins/job/root-pullrequests-build/171007/testReport/projectroot.bindings.pyroot.pythonizations/test/pyunittests_pyroot_pyz_sofie_gnn/); - [projectroot.tmva.tmva.test.gtest_tmva_tmva_test_rtensor](https://lcgapp-services.cern.ch/root-jenkins/job/root-pullrequests-build/171007/testReport/projectroot.tmva.tmva/test/gtest_tmva_tmva_test_rtensor/),MatchSource.ISSUE_COMMENT,root-project,root,v6-32-06,https://github.com/root-project/root/pull/11208#issuecomment-1480974989:260,test,tests,260,https://root.cern,https://github.com/root-project/root/pull/11208#issuecomment-1480974989,7,['test'],"['test', 'testReport', 'tests']"
Testability,Build failed on ROOT-ubuntu2004/python3.; Running on root-ubuntu-2004-1.cern.ch:/home/sftnight/build/workspace/root-pullrequests-build; [See console output](https://lcgapp-services.cern.ch/root-jenkins/job/root-pullrequests-build/171042/console).; ### Errors:; - [2023-03-23T14:24:07.563Z] CMake Error at roofit/multiprocess/test/CMakeLists.txt:9 (target_link_libraries): ; - [2023-03-23T14:24:20.798Z] CMake Error at /home/sftnight/build/workspace/root-pullrequests-build/rootspi/jenkins/root-build.cmake:1210 (message):,MatchSource.ISSUE_COMMENT,root-project,root,v6-32-06,https://github.com/root-project/root/pull/12536#issuecomment-1481293121:325,test,test,325,https://root.cern,https://github.com/root-project/root/pull/12536#issuecomment-1481293121,1,['test'],['test']
Testability,Build failed on ROOT-ubuntu2004/python3.; Running on root-ubuntu-2004-1.cern.ch:/home/sftnight/build/workspace/root-pullrequests-build; [See console output](https://lcgapp-services.cern.ch/root-jenkins/job/root-pullrequests-build/171281/console).; ### Failing tests:; - [projectroot.bindings.experimental.distrdf.test.pyunittests_distrdf_unit_test_headnode](https://lcgapp-services.cern.ch/root-jenkins/job/root-pullrequests-build/171281/testReport/projectroot.bindings.experimental.distrdf/test/pyunittests_distrdf_unit_test_headnode/); - [projectroot.bindings.experimental.distrdf.test.backend.pyunittests_distrdf_unit_backend_test_dist](https://lcgapp-services.cern.ch/root-jenkins/job/root-pullrequests-build/171281/testReport/projectroot.bindings.experimental.distrdf.test/backend/pyunittests_distrdf_unit_backend_test_dist/); - [projectroot.roottest.python.distrdf.dask.roottest_python_distrdf_dask_test_all](https://lcgapp-services.cern.ch/root-jenkins/job/root-pullrequests-build/171281/testReport/projectroot.roottest.python.distrdf/dask/roottest_python_distrdf_dask_test_all/); - [projectroot.roottest.python.distrdf.spark.roottest_python_distrdf_spark_test_all](https://lcgapp-services.cern.ch/root-jenkins/job/root-pullrequests-build/171281/testReport/projectroot.roottest.python.distrdf/spark/roottest_python_distrdf_spark_test_all/),MatchSource.ISSUE_COMMENT,root-project,root,v6-32-06,https://github.com/root-project/root/pull/12519#issuecomment-1485052958:260,test,tests,260,https://root.cern,https://github.com/root-project/root/pull/12519#issuecomment-1485052958,9,['test'],"['test', 'testReport', 'tests']"
Testability,Build failed on ROOT-ubuntu2004/python3.; Running on root-ubuntu-2004-1.cern.ch:/home/sftnight/build/workspace/root-pullrequests-build; [See console output](https://lcgapp-services.cern.ch/root-jenkins/job/root-pullrequests-build/171323/console).; ### Failing tests:; - [projectroot.bindings.experimental.distrdf.test.pyunittests_distrdf_unit_test_headnode](https://lcgapp-services.cern.ch/root-jenkins/job/root-pullrequests-build/171323/testReport/projectroot.bindings.experimental.distrdf/test/pyunittests_distrdf_unit_test_headnode/); - [projectroot.bindings.experimental.distrdf.test.backend.pyunittests_distrdf_unit_backend_test_dist](https://lcgapp-services.cern.ch/root-jenkins/job/root-pullrequests-build/171323/testReport/projectroot.bindings.experimental.distrdf.test/backend/pyunittests_distrdf_unit_backend_test_dist/); - [projectroot.roottest.python.distrdf.dask.roottest_python_distrdf_dask_test_all](https://lcgapp-services.cern.ch/root-jenkins/job/root-pullrequests-build/171323/testReport/projectroot.roottest.python.distrdf/dask/roottest_python_distrdf_dask_test_all/); - [projectroot.roottest.python.distrdf.spark.roottest_python_distrdf_spark_test_all](https://lcgapp-services.cern.ch/root-jenkins/job/root-pullrequests-build/171323/testReport/projectroot.roottest.python.distrdf/spark/roottest_python_distrdf_spark_test_all/),MatchSource.ISSUE_COMMENT,root-project,root,v6-32-06,https://github.com/root-project/root/pull/12519#issuecomment-1485846164:260,test,tests,260,https://root.cern,https://github.com/root-project/root/pull/12519#issuecomment-1485846164,9,['test'],"['test', 'testReport', 'tests']"
Testability,Build failed on ROOT-ubuntu2004/python3.; Running on root-ubuntu-2004-1.cern.ch:/home/sftnight/build/workspace/root-pullrequests-build; [See console output](https://lcgapp-services.cern.ch/root-jenkins/job/root-pullrequests-build/171407/console).; ### Failing tests:; - [projectroot.roottest.python.distrdf.common.roottest_python_distrdf_common_test_all](https://lcgapp-services.cern.ch/root-jenkins/job/root-pullrequests-build/171407/testReport/projectroot.roottest.python.distrdf/common/roottest_python_distrdf_common_test_all/),MatchSource.ISSUE_COMMENT,root-project,root,v6-32-06,https://github.com/root-project/root/pull/12525#issuecomment-1486616728:260,test,tests,260,https://root.cern,https://github.com/root-project/root/pull/12525#issuecomment-1486616728,2,['test'],"['testReport', 'tests']"
Testability,Build failed on ROOT-ubuntu2004/python3.; Running on root-ubuntu-2004-1.cern.ch:/home/sftnight/build/workspace/root-pullrequests-build; [See console output](https://lcgapp-services.cern.ch/root-jenkins/job/root-pullrequests-build/171421/console).; ### Failing tests:; - [projectroot.bindings.experimental.distrdf.test.pyunittests_distrdf_unit_test_headnode](https://lcgapp-services.cern.ch/root-jenkins/job/root-pullrequests-build/171421/testReport/projectroot.bindings.experimental.distrdf/test/pyunittests_distrdf_unit_test_headnode/); - [projectroot.bindings.experimental.distrdf.test.backend.pyunittests_distrdf_unit_backend_test_dist](https://lcgapp-services.cern.ch/root-jenkins/job/root-pullrequests-build/171421/testReport/projectroot.bindings.experimental.distrdf.test/backend/pyunittests_distrdf_unit_backend_test_dist/); - [projectroot.roottest.python.distrdf.dask.roottest_python_distrdf_dask_test_all](https://lcgapp-services.cern.ch/root-jenkins/job/root-pullrequests-build/171421/testReport/projectroot.roottest.python.distrdf/dask/roottest_python_distrdf_dask_test_all/); - [projectroot.roottest.python.distrdf.spark.roottest_python_distrdf_spark_test_all](https://lcgapp-services.cern.ch/root-jenkins/job/root-pullrequests-build/171421/testReport/projectroot.roottest.python.distrdf/spark/roottest_python_distrdf_spark_test_all/),MatchSource.ISSUE_COMMENT,root-project,root,v6-32-06,https://github.com/root-project/root/pull/12519#issuecomment-1486670599:260,test,tests,260,https://root.cern,https://github.com/root-project/root/pull/12519#issuecomment-1486670599,9,['test'],"['test', 'testReport', 'tests']"
Testability,Build failed on ROOT-ubuntu2004/python3.; Running on root-ubuntu-2004-1.cern.ch:/home/sftnight/build/workspace/root-pullrequests-build; [See console output](https://lcgapp-services.cern.ch/root-jenkins/job/root-pullrequests-build/171590/console).; ### Failing tests:; - [projectroot.bindings.experimental.distrdf.test.pyunittests_distrdf_unit_test_headnode](https://lcgapp-services.cern.ch/root-jenkins/job/root-pullrequests-build/171590/testReport/projectroot.bindings.experimental.distrdf/test/pyunittests_distrdf_unit_test_headnode/); - [projectroot.bindings.experimental.distrdf.test.backend.pyunittests_distrdf_unit_backend_test_dist](https://lcgapp-services.cern.ch/root-jenkins/job/root-pullrequests-build/171590/testReport/projectroot.bindings.experimental.distrdf.test/backend/pyunittests_distrdf_unit_backend_test_dist/); - [projectroot.roottest.python.distrdf.dask.roottest_python_distrdf_dask_test_all](https://lcgapp-services.cern.ch/root-jenkins/job/root-pullrequests-build/171590/testReport/projectroot.roottest.python.distrdf/dask/roottest_python_distrdf_dask_test_all/); - [projectroot.roottest.python.distrdf.spark.roottest_python_distrdf_spark_test_all](https://lcgapp-services.cern.ch/root-jenkins/job/root-pullrequests-build/171590/testReport/projectroot.roottest.python.distrdf/spark/roottest_python_distrdf_spark_test_all/),MatchSource.ISSUE_COMMENT,root-project,root,v6-32-06,https://github.com/root-project/root/pull/12519#issuecomment-1488396575:260,test,tests,260,https://root.cern,https://github.com/root-project/root/pull/12519#issuecomment-1488396575,9,['test'],"['test', 'testReport', 'tests']"
Testability,Build failed on ROOT-ubuntu2004/python3.; Running on root-ubuntu-2004-1.cern.ch:/home/sftnight/build/workspace/root-pullrequests-build; [See console output](https://lcgapp-services.cern.ch/root-jenkins/job/root-pullrequests-build/171836/console).; ### Failing tests:; - [projectroot.roottest.root.hist.roottest_root_hist_h2root](https://lcgapp-services.cern.ch/root-jenkins/job/root-pullrequests-build/171836/testReport/projectroot.roottest.root/hist/roottest_root_hist_h2root/),MatchSource.ISSUE_COMMENT,root-project,root,v6-32-06,https://github.com/root-project/root/pull/12590#issuecomment-1491840083:260,test,tests,260,https://root.cern,https://github.com/root-project/root/pull/12590#issuecomment-1491840083,2,['test'],"['testReport', 'tests']"
Testability,Build failed on ROOT-ubuntu2004/python3.; Running on root-ubuntu-2004-1.cern.ch:/home/sftnight/build/workspace/root-pullrequests-build; [See console output](https://lcgapp-services.cern.ch/root-jenkins/job/root-pullrequests-build/172024/console).; ### Failing tests:; - [projectroot.roottest.python.distrdf.dask.roottest_python_distrdf_dask_test_all](https://lcgapp-services.cern.ch/root-jenkins/job/root-pullrequests-build/172024/testReport/projectroot.roottest.python.distrdf/dask/roottest_python_distrdf_dask_test_all/); - [projectroot.roottest.python.distrdf.spark.roottest_python_distrdf_spark_test_all](https://lcgapp-services.cern.ch/root-jenkins/job/root-pullrequests-build/172024/testReport/projectroot.roottest.python.distrdf/spark/roottest_python_distrdf_spark_test_all/),MatchSource.ISSUE_COMMENT,root-project,root,v6-32-06,https://github.com/root-project/root/pull/11517#issuecomment-1495081408:260,test,tests,260,https://root.cern,https://github.com/root-project/root/pull/11517#issuecomment-1495081408,3,['test'],"['testReport', 'tests']"
Testability,Build failed on ROOT-ubuntu2004/python3.; Running on root-ubuntu-2004-1.cern.ch:/home/sftnight/build/workspace/root-pullrequests-build; [See console output](https://lcgapp-services.cern.ch/root-jenkins/job/root-pullrequests-build/172256/console).; ### Failing tests:; - [projectroot.roofit.hs3.test.gtest_roofit_hs3_test_testHS3SimultaneousFit](https://lcgapp-services.cern.ch/root-jenkins/job/root-pullrequests-build/172256/testReport/projectroot.roofit.hs3/test/gtest_roofit_hs3_test_testHS3SimultaneousFit/); - [projectroot.roofit.hs3.test.gtest_roofit_hs3_test_testHS3HistFactory](https://lcgapp-services.cern.ch/root-jenkins/job/root-pullrequests-build/172256/testReport/projectroot.roofit.hs3/test/gtest_roofit_hs3_test_testHS3HistFactory/),MatchSource.ISSUE_COMMENT,root-project,root,v6-32-06,https://github.com/root-project/root/pull/12630#issuecomment-1498997439:260,test,tests,260,https://root.cern,https://github.com/root-project/root/pull/12630#issuecomment-1498997439,7,['test'],"['test', 'testReport', 'tests']"
Testability,Build failed on ROOT-ubuntu2004/python3.; Running on root-ubuntu-2004-1.cern.ch:/home/sftnight/build/workspace/root-pullrequests-build; [See console output](https://lcgapp-services.cern.ch/root-jenkins/job/root-pullrequests-build/172270/console).; ### Failing tests:; - [projectroot.roofit.hs3.test.gtest_roofit_hs3_test_testHS3SimultaneousFit](https://lcgapp-services.cern.ch/root-jenkins/job/root-pullrequests-build/172270/testReport/projectroot.roofit.hs3/test/gtest_roofit_hs3_test_testHS3SimultaneousFit/),MatchSource.ISSUE_COMMENT,root-project,root,v6-32-06,https://github.com/root-project/root/pull/12630#issuecomment-1499067758:260,test,tests,260,https://root.cern,https://github.com/root-project/root/pull/12630#issuecomment-1499067758,4,['test'],"['test', 'testReport', 'tests']"
Testability,Build failed on ROOT-ubuntu2004/python3.; Running on root-ubuntu-2004-1.cern.ch:/home/sftnight/build/workspace/root-pullrequests-build; [See console output](https://lcgapp-services.cern.ch/root-jenkins/job/root-pullrequests-build/172452/console).; ### Failing tests:; - [projectroot.roottest.root.tree.cache.roottest_root_tree_cache_autocache](https://lcgapp-services.cern.ch/root-jenkins/job/root-pullrequests-build/172452/testReport/projectroot.roottest.root.tree/cache/roottest_root_tree_cache_autocache/),MatchSource.ISSUE_COMMENT,root-project,root,v6-32-06,https://github.com/root-project/root/pull/12650#issuecomment-1505889862:260,test,tests,260,https://root.cern,https://github.com/root-project/root/pull/12650#issuecomment-1505889862,2,['test'],"['testReport', 'tests']"
Testability,Build failed on ROOT-ubuntu2004/python3.; Running on root-ubuntu-2004-1.cern.ch:/home/sftnight/build/workspace/root-pullrequests-build; [See console output](https://lcgapp-services.cern.ch/root-jenkins/job/root-pullrequests-build/172473/console).; ### Failing tests:; - [projectroot.roottest.root.dataframe.roottest_root_dataframe_test_ROOT9975](https://lcgapp-services.cern.ch/root-jenkins/job/root-pullrequests-build/172473/testReport/projectroot.roottest.root/dataframe/roottest_root_dataframe_test_ROOT9975/); - [projectroot.roottest.root.core.roottest_root_core_execStatusBitsCheck](https://lcgapp-services.cern.ch/root-jenkins/job/root-pullrequests-build/172473/testReport/projectroot.roottest.root/core/roottest_root_core_execStatusBitsCheck/),MatchSource.ISSUE_COMMENT,root-project,root,v6-32-06,https://github.com/root-project/root/pull/12654#issuecomment-1506790454:260,test,tests,260,https://root.cern,https://github.com/root-project/root/pull/12654#issuecomment-1506790454,3,['test'],"['testReport', 'tests']"
Testability,Build failed on ROOT-ubuntu2004/python3.; Running on root-ubuntu-2004-1.cern.ch:/home/sftnight/build/workspace/root-pullrequests-build; [See console output](https://lcgapp-services.cern.ch/root-jenkins/job/root-pullrequests-build/172494/console).; ### Failing tests:; - [projectroot.roottest.root.tree.cache.roottest_root_tree_cache_autocache](https://lcgapp-services.cern.ch/root-jenkins/job/root-pullrequests-build/172494/testReport/projectroot.roottest.root.tree/cache/roottest_root_tree_cache_autocache/),MatchSource.ISSUE_COMMENT,root-project,root,v6-32-06,https://github.com/root-project/root/pull/12650#issuecomment-1507277977:260,test,tests,260,https://root.cern,https://github.com/root-project/root/pull/12650#issuecomment-1507277977,2,['test'],"['testReport', 'tests']"
Testability,Build failed on ROOT-ubuntu2004/python3.; Running on root-ubuntu-2004-1.cern.ch:/home/sftnight/build/workspace/root-pullrequests-build; [See console output](https://lcgapp-services.cern.ch/root-jenkins/job/root-pullrequests-build/172564/console).; ### Failing tests:; - [projectroot.roottest.python.distrdf.common.roottest_python_distrdf_common_test_all](https://lcgapp-services.cern.ch/root-jenkins/job/root-pullrequests-build/172564/testReport/projectroot.roottest.python.distrdf/common/roottest_python_distrdf_common_test_all/),MatchSource.ISSUE_COMMENT,root-project,root,v6-32-06,https://github.com/root-project/root/pull/12660#issuecomment-1509130580:260,test,tests,260,https://root.cern,https://github.com/root-project/root/pull/12660#issuecomment-1509130580,2,['test'],"['testReport', 'tests']"
Testability,Build failed on ROOT-ubuntu2004/python3.; Running on root-ubuntu-2004-1.cern.ch:/home/sftnight/build/workspace/root-pullrequests-build; [See console output](https://lcgapp-services.cern.ch/root-jenkins/job/root-pullrequests-build/172662/console).; ### Failing tests:; - [projectroot.roottest.root.tree.cache.roottest_root_tree_cache_autocache](https://lcgapp-services.cern.ch/root-jenkins/job/root-pullrequests-build/172662/testReport/projectroot.roottest.root.tree/cache/roottest_root_tree_cache_autocache/),MatchSource.ISSUE_COMMENT,root-project,root,v6-32-06,https://github.com/root-project/root/pull/12650#issuecomment-1511640087:260,test,tests,260,https://root.cern,https://github.com/root-project/root/pull/12650#issuecomment-1511640087,2,['test'],"['testReport', 'tests']"
Testability,Build failed on ROOT-ubuntu2004/python3.; Running on root-ubuntu-2004-1.cern.ch:/home/sftnight/build/workspace/root-pullrequests-build; [See console output](https://lcgapp-services.cern.ch/root-jenkins/job/root-pullrequests-build/172837/console).; ### Failing tests:; - [projectroot.bindings.pyroot.pythonizations.test.pyunittests_pyroot_pyz_sofie_gnn](https://lcgapp-services.cern.ch/root-jenkins/job/root-pullrequests-build/172837/testReport/projectroot.bindings.pyroot.pythonizations/test/pyunittests_pyroot_pyz_sofie_gnn/),MatchSource.ISSUE_COMMENT,root-project,root,v6-32-06,https://github.com/root-project/root/pull/11208#issuecomment-1515333147:260,test,tests,260,https://root.cern,https://github.com/root-project/root/pull/11208#issuecomment-1515333147,4,['test'],"['test', 'testReport', 'tests']"
Testability,Build failed on ROOT-ubuntu2004/python3.; Running on root-ubuntu-2004-1.cern.ch:/home/sftnight/build/workspace/root-pullrequests-build; [See console output](https://lcgapp-services.cern.ch/root-jenkins/job/root-pullrequests-build/172900/console).; ### Failing tests:; - [projectroot.roofit.roofitcore.test.gtest_roofit_roofitcore_test_testTestStatisticsPlot](https://lcgapp-services.cern.ch/root-jenkins/job/root-pullrequests-build/172900/testReport/projectroot.roofit.roofitcore/test/gtest_roofit_roofitcore_test_testTestStatisticsPlot/),MatchSource.ISSUE_COMMENT,root-project,root,v6-32-06,https://github.com/root-project/root/pull/12691#issuecomment-1516195413:260,test,tests,260,https://root.cern,https://github.com/root-project/root/pull/12691#issuecomment-1516195413,4,['test'],"['test', 'testReport', 'tests']"
Testability,Build failed on ROOT-ubuntu2004/python3.; Running on root-ubuntu-2004-1.cern.ch:/home/sftnight/build/workspace/root-pullrequests-build; [See console output](https://lcgapp-services.cern.ch/root-jenkins/job/root-pullrequests-build/172963/console).; ### Failing tests:; - [projectroot.test.test_stressgraphics_interpreted](https://lcgapp-services.cern.ch/root-jenkins/job/root-pullrequests-build/172963/testReport/projectroot/test/test_stressgraphics_interpreted/),MatchSource.ISSUE_COMMENT,root-project,root,v6-32-06,https://github.com/root-project/root/pull/12694#issuecomment-1518081320:260,test,tests,260,https://root.cern,https://github.com/root-project/root/pull/12694#issuecomment-1518081320,4,['test'],"['test', 'testReport', 'tests']"
Testability,Build failed on ROOT-ubuntu2004/python3.; Running on root-ubuntu-2004-1.cern.ch:/home/sftnight/build/workspace/root-pullrequests-build; [See console output](https://lcgapp-services.cern.ch/root-jenkins/job/root-pullrequests-build/173195/console).; ### Failing tests:; - [projectroot.tmva.sofie.test.gtest_tmva_sofie_test_TestSofieModels](https://lcgapp-services.cern.ch/root-jenkins/job/root-pullrequests-build/173195/testReport/projectroot.tmva.sofie/test/gtest_tmva_sofie_test_TestSofieModels/),MatchSource.ISSUE_COMMENT,root-project,root,v6-32-06,https://github.com/root-project/root/pull/12709#issuecomment-1521426123:260,test,tests,260,https://root.cern,https://github.com/root-project/root/pull/12709#issuecomment-1521426123,4,['test'],"['test', 'testReport', 'tests']"
Testability,Build failed on ROOT-ubuntu2004/python3.; Running on root-ubuntu-2004-1.cern.ch:/home/sftnight/build/workspace/root-pullrequests-build; [See console output](https://lcgapp-services.cern.ch/root-jenkins/job/root-pullrequests-build/173203/console).; ### Failing tests:; - [projectroot.tmva.sofie.test.gtest_tmva_sofie_test_TestSofieModels](https://lcgapp-services.cern.ch/root-jenkins/job/root-pullrequests-build/173203/testReport/projectroot.tmva.sofie/test/gtest_tmva_sofie_test_TestSofieModels/),MatchSource.ISSUE_COMMENT,root-project,root,v6-32-06,https://github.com/root-project/root/pull/12711#issuecomment-1521521285:260,test,tests,260,https://root.cern,https://github.com/root-project/root/pull/12711#issuecomment-1521521285,4,['test'],"['test', 'testReport', 'tests']"
Testability,Build failed on ROOT-ubuntu2004/python3.; Running on root-ubuntu-2004-1.cern.ch:/home/sftnight/build/workspace/root-pullrequests-build; [See console output](https://lcgapp-services.cern.ch/root-jenkins/job/root-pullrequests-build/173252/console).; ### Failing tests:; - [projectroot.test.test_stressgraphics_interpreted](https://lcgapp-services.cern.ch/root-jenkins/job/root-pullrequests-build/173252/testReport/projectroot/test/test_stressgraphics_interpreted/),MatchSource.ISSUE_COMMENT,root-project,root,v6-32-06,https://github.com/root-project/root/pull/12694#issuecomment-1522079394:260,test,tests,260,https://root.cern,https://github.com/root-project/root/pull/12694#issuecomment-1522079394,4,['test'],"['test', 'testReport', 'tests']"
Testability,Build failed on ROOT-ubuntu2004/python3.; Running on root-ubuntu-2004-1.cern.ch:/home/sftnight/build/workspace/root-pullrequests-build; [See console output](https://lcgapp-services.cern.ch/root-jenkins/job/root-pullrequests-build/173287/console).; ### Failing tests:; - [projectroot.test.test_stressgraphics_interpreted](https://lcgapp-services.cern.ch/root-jenkins/job/root-pullrequests-build/173287/testReport/projectroot/test/test_stressgraphics_interpreted/),MatchSource.ISSUE_COMMENT,root-project,root,v6-32-06,https://github.com/root-project/root/pull/12658#issuecomment-1522744050:260,test,tests,260,https://root.cern,https://github.com/root-project/root/pull/12658#issuecomment-1522744050,4,['test'],"['test', 'testReport', 'tests']"
Testability,Build failed on ROOT-ubuntu2004/python3.; Running on root-ubuntu-2004-1.cern.ch:/home/sftnight/build/workspace/root-pullrequests-build; [See console output](https://lcgapp-services.cern.ch/root-jenkins/job/root-pullrequests-build/173301/console).; ### Failing tests:; - [projectroot.test.test_stressgraphics_interpreted](https://lcgapp-services.cern.ch/root-jenkins/job/root-pullrequests-build/173301/testReport/projectroot/test/test_stressgraphics_interpreted/),MatchSource.ISSUE_COMMENT,root-project,root,v6-32-06,https://github.com/root-project/root/pull/12719#issuecomment-1523250154:260,test,tests,260,https://root.cern,https://github.com/root-project/root/pull/12719#issuecomment-1523250154,4,['test'],"['test', 'testReport', 'tests']"
Testability,Build failed on ROOT-ubuntu2004/python3.; Running on root-ubuntu-2004-1.cern.ch:/home/sftnight/build/workspace/root-pullrequests-build; [See console output](https://lcgapp-services.cern.ch/root-jenkins/job/root-pullrequests-build/173336/console).; ### Failing tests:; - [projectroot.test.test_stressgraphics_interpreted](https://lcgapp-services.cern.ch/root-jenkins/job/root-pullrequests-build/173336/testReport/projectroot/test/test_stressgraphics_interpreted/),MatchSource.ISSUE_COMMENT,root-project,root,v6-32-06,https://github.com/root-project/root/pull/12720#issuecomment-1523783965:260,test,tests,260,https://root.cern,https://github.com/root-project/root/pull/12720#issuecomment-1523783965,4,['test'],"['test', 'testReport', 'tests']"
Testability,Build failed on ROOT-ubuntu2004/python3.; Running on root-ubuntu-2004-1.cern.ch:/home/sftnight/build/workspace/root-pullrequests-build; [See console output](https://lcgapp-services.cern.ch/root-jenkins/job/root-pullrequests-build/173357/console).; ### Warnings:; - [2023-04-26T18:00:11.320Z] /home/sftnight/build/workspace/root-pullrequests-build/root/roofit/roofit/src/RooGamma.cxx:114:43: warning: unused parameter ‘code’ [-Wunused-parameter] . ### Failing tests:; - [projectroot.test.test_stressgraphics_interpreted](https://lcgapp-services.cern.ch/root-jenkins/job/root-pullrequests-build/173357/testReport/projectroot/test/test_stressgraphics_interpreted/),MatchSource.ISSUE_COMMENT,root-project,root,v6-32-06,https://github.com/root-project/root/pull/12720#issuecomment-1523866033:459,test,tests,459,https://root.cern,https://github.com/root-project/root/pull/12720#issuecomment-1523866033,4,['test'],"['test', 'testReport', 'tests']"
Testability,Build failed on ROOT-ubuntu2004/python3.; Running on root-ubuntu-2004-1.cern.ch:/home/sftnight/build/workspace/root-pullrequests-build; [See console output](https://lcgapp-services.cern.ch/root-jenkins/job/root-pullrequests-build/173364/console).; ### Failing tests:; - [projectroot.test.test_stressgraphics_interpreted](https://lcgapp-services.cern.ch/root-jenkins/job/root-pullrequests-build/173364/testReport/projectroot/test/test_stressgraphics_interpreted/),MatchSource.ISSUE_COMMENT,root-project,root,v6-32-06,https://github.com/root-project/root/pull/12720#issuecomment-1523937651:260,test,tests,260,https://root.cern,https://github.com/root-project/root/pull/12720#issuecomment-1523937651,4,['test'],"['test', 'testReport', 'tests']"
Testability,Build failed on ROOT-ubuntu2004/python3.; Running on root-ubuntu-2004-1.cern.ch:/home/sftnight/build/workspace/root-pullrequests-build; [See console output](https://lcgapp-services.cern.ch/root-jenkins/job/root-pullrequests-build/173399/console).; ### Failing tests:; - [projectroot.test.test_stressgraphics_interpreted](https://lcgapp-services.cern.ch/root-jenkins/job/root-pullrequests-build/173399/testReport/projectroot/test/test_stressgraphics_interpreted/),MatchSource.ISSUE_COMMENT,root-project,root,v6-32-06,https://github.com/root-project/root/pull/12141#issuecomment-1524417611:260,test,tests,260,https://root.cern,https://github.com/root-project/root/pull/12141#issuecomment-1524417611,4,['test'],"['test', 'testReport', 'tests']"
Testability,Build failed on ROOT-ubuntu2004/python3.; Running on root-ubuntu-2004-1.cern.ch:/home/sftnight/build/workspace/root-pullrequests-build; [See console output](https://lcgapp-services.cern.ch/root-jenkins/job/root-pullrequests-build/173434/console).; ### Errors:; - [2023-04-27T09:06:42.191Z] stderr: error: branch 'hahnjo-tbb-gcc13' not found. . ### Failing tests:; - [projectroot.test.test_stressgraphics_interpreted](https://lcgapp-services.cern.ch/root-jenkins/job/root-pullrequests-build/173434/testReport/projectroot/test/test_stressgraphics_interpreted/),MatchSource.ISSUE_COMMENT,root-project,root,v6-32-06,https://github.com/root-project/root/pull/12724#issuecomment-1525280136:356,test,tests,356,https://root.cern,https://github.com/root-project/root/pull/12724#issuecomment-1525280136,4,['test'],"['test', 'testReport', 'tests']"
Testability,Build failed on ROOT-ubuntu2004/python3.; Running on root-ubuntu-2004-1.cern.ch:/home/sftnight/build/workspace/root-pullrequests-build; [See console output](https://lcgapp-services.cern.ch/root-jenkins/job/root-pullrequests-build/173448/console).; ### Failing tests:; - [projectroot.test.test_stressgraphics_interpreted](https://lcgapp-services.cern.ch/root-jenkins/job/root-pullrequests-build/173448/testReport/projectroot/test/test_stressgraphics_interpreted/),MatchSource.ISSUE_COMMENT,root-project,root,v6-32-06,https://github.com/root-project/root/pull/12141#issuecomment-1525610431:260,test,tests,260,https://root.cern,https://github.com/root-project/root/pull/12141#issuecomment-1525610431,4,['test'],"['test', 'testReport', 'tests']"
Testability,Build failed on ROOT-ubuntu2004/python3.; Running on root-ubuntu-2004-1.cern.ch:/home/sftnight/build/workspace/root-pullrequests-build; [See console output](https://lcgapp-services.cern.ch/root-jenkins/job/root-pullrequests-build/173462/console).; ### Failing tests:; - [projectroot.test.test_stressgraphics_interpreted](https://lcgapp-services.cern.ch/root-jenkins/job/root-pullrequests-build/173462/testReport/projectroot/test/test_stressgraphics_interpreted/),MatchSource.ISSUE_COMMENT,root-project,root,v6-32-06,https://github.com/root-project/root/pull/12727#issuecomment-1526011637:260,test,tests,260,https://root.cern,https://github.com/root-project/root/pull/12727#issuecomment-1526011637,4,['test'],"['test', 'testReport', 'tests']"
Testability,Build failed on ROOT-ubuntu2004/python3.; Running on root-ubuntu-2004-1.cern.ch:/home/sftnight/build/workspace/root-pullrequests-build; [See console output](https://lcgapp-services.cern.ch/root-jenkins/job/root-pullrequests-build/173490/console).; ### Failing tests:; - [projectroot.test.test_stressgraphics_interpreted](https://lcgapp-services.cern.ch/root-jenkins/job/root-pullrequests-build/173490/testReport/projectroot/test/test_stressgraphics_interpreted/),MatchSource.ISSUE_COMMENT,root-project,root,v6-32-06,https://github.com/root-project/root/pull/12141#issuecomment-1526838409:260,test,tests,260,https://root.cern,https://github.com/root-project/root/pull/12141#issuecomment-1526838409,4,['test'],"['test', 'testReport', 'tests']"
Testability,Build failed on ROOT-ubuntu2004/python3.; Running on root-ubuntu-2004-1.cern.ch:/home/sftnight/build/workspace/root-pullrequests-build; [See console output](https://lcgapp-services.cern.ch/root-jenkins/job/root-pullrequests-build/173588/console).; ### Failing tests:; - [projectroot.bindings.pyroot.pythonizations.test.pyunittests_pyroot_pyz_sofie_gnn](https://lcgapp-services.cern.ch/root-jenkins/job/root-pullrequests-build/173588/testReport/projectroot.bindings.pyroot.pythonizations/test/pyunittests_pyroot_pyz_sofie_gnn/),MatchSource.ISSUE_COMMENT,root-project,root,v6-32-06,https://github.com/root-project/root/pull/11208#issuecomment-1528740088:260,test,tests,260,https://root.cern,https://github.com/root-project/root/pull/11208#issuecomment-1528740088,4,['test'],"['test', 'testReport', 'tests']"
Testability,Build failed on ROOT-ubuntu2004/python3.; Running on root-ubuntu-2004-1.cern.ch:/home/sftnight/build/workspace/root-pullrequests-build; [See console output](https://lcgapp-services.cern.ch/root-jenkins/job/root-pullrequests-build/173644/console).; ### Failing tests:; - [projectroot.bindings.pyroot.pythonizations.test.pyunittests_pyroot_pyz_sofie_gnn](https://lcgapp-services.cern.ch/root-jenkins/job/root-pullrequests-build/173644/testReport/projectroot.bindings.pyroot.pythonizations/test/pyunittests_pyroot_pyz_sofie_gnn/),MatchSource.ISSUE_COMMENT,root-project,root,v6-32-06,https://github.com/root-project/root/pull/11208#issuecomment-1528771869:260,test,tests,260,https://root.cern,https://github.com/root-project/root/pull/11208#issuecomment-1528771869,4,['test'],"['test', 'testReport', 'tests']"
Testability,Build failed on ROOT-ubuntu2004/python3.; Running on root-ubuntu-2004-1.cern.ch:/home/sftnight/build/workspace/root-pullrequests-build; [See console output](https://lcgapp-services.cern.ch/root-jenkins/job/root-pullrequests-build/173686/console).; ### Failing tests:; - [projectroot.bindings.pyroot.pythonizations.test.pyunittests_pyroot_pyz_sofie_gnn](https://lcgapp-services.cern.ch/root-jenkins/job/root-pullrequests-build/173686/testReport/projectroot.bindings.pyroot.pythonizations/test/pyunittests_pyroot_pyz_sofie_gnn/),MatchSource.ISSUE_COMMENT,root-project,root,v6-32-06,https://github.com/root-project/root/pull/11208#issuecomment-1528876310:260,test,tests,260,https://root.cern,https://github.com/root-project/root/pull/11208#issuecomment-1528876310,4,['test'],"['test', 'testReport', 'tests']"
Testability,Build failed on ROOT-ubuntu2004/python3.; Running on root-ubuntu-2004-1.cern.ch:/home/sftnight/build/workspace/root-pullrequests-build; [See console output](https://lcgapp-services.cern.ch/root-jenkins/job/root-pullrequests-build/173743/console).; ### Failing tests:; - [projectroot.bindings.pyroot.pythonizations.test.pyunittests_pyroot_pyz_sofie_gnn](https://lcgapp-services.cern.ch/root-jenkins/job/root-pullrequests-build/173743/testReport/projectroot.bindings.pyroot.pythonizations/test/pyunittests_pyroot_pyz_sofie_gnn/),MatchSource.ISSUE_COMMENT,root-project,root,v6-32-06,https://github.com/root-project/root/pull/11208#issuecomment-1529933827:260,test,tests,260,https://root.cern,https://github.com/root-project/root/pull/11208#issuecomment-1529933827,4,['test'],"['test', 'testReport', 'tests']"
Testability,Build failed on ROOT-ubuntu2004/python3.; Running on root-ubuntu-2004-1.cern.ch:/home/sftnight/build/workspace/root-pullrequests-build; [See console output](https://lcgapp-services.cern.ch/root-jenkins/job/root-pullrequests-build/173757/console).; ### Failing tests:; - [projectroot.bindings.pyroot.pythonizations.test.pyunittests_pyroot_pyz_sofie_gnn](https://lcgapp-services.cern.ch/root-jenkins/job/root-pullrequests-build/173757/testReport/projectroot.bindings.pyroot.pythonizations/test/pyunittests_pyroot_pyz_sofie_gnn/),MatchSource.ISSUE_COMMENT,root-project,root,v6-32-06,https://github.com/root-project/root/pull/11208#issuecomment-1530026787:260,test,tests,260,https://root.cern,https://github.com/root-project/root/pull/11208#issuecomment-1530026787,4,['test'],"['test', 'testReport', 'tests']"
Testability,Build failed on ROOT-ubuntu2004/python3.; Running on root-ubuntu-2004-1.cern.ch:/home/sftnight/build/workspace/root-pullrequests-build; [See console output](https://lcgapp-services.cern.ch/root-jenkins/job/root-pullrequests-build/173785/console).; ### Failing tests:; - [projectroot.tmva.sofie.test.gtest_tmva_sofie_test_TestSofieModels](https://lcgapp-services.cern.ch/root-jenkins/job/root-pullrequests-build/173785/testReport/projectroot.tmva.sofie/test/gtest_tmva_sofie_test_TestSofieModels/),MatchSource.ISSUE_COMMENT,root-project,root,v6-32-06,https://github.com/root-project/root/pull/12543#issuecomment-1531222529:260,test,tests,260,https://root.cern,https://github.com/root-project/root/pull/12543#issuecomment-1531222529,4,['test'],"['test', 'testReport', 'tests']"
Testability,Build failed on ROOT-ubuntu2004/python3.; Running on root-ubuntu-2004-1.cern.ch:/home/sftnight/build/workspace/root-pullrequests-build; [See console output](https://lcgapp-services.cern.ch/root-jenkins/job/root-pullrequests-build/173792/console).; ### Errors:; - [2023-05-03T09:08:10.198Z] FAILED: tmva/pymva/test/CMakeFiles/SofieCompileModels_PyTorch.util,MatchSource.ISSUE_COMMENT,root-project,root,v6-32-06,https://github.com/root-project/root/pull/12751#issuecomment-1532687356:309,test,test,309,https://root.cern,https://github.com/root-project/root/pull/12751#issuecomment-1532687356,1,['test'],['test']
Testability,Build failed on ROOT-ubuntu2004/python3.; Running on root-ubuntu-2004-1.cern.ch:/home/sftnight/build/workspace/root-pullrequests-build; [See console output](https://lcgapp-services.cern.ch/root-jenkins/job/root-pullrequests-build/173883/console).; ### Failing tests:; - [projectroot.tmva.pymva.test.PyMVA_Keras_Regression](https://lcgapp-services.cern.ch/root-jenkins/job/root-pullrequests-build/173883/testReport/projectroot.tmva.pymva/test/PyMVA_Keras_Regression/),MatchSource.ISSUE_COMMENT,root-project,root,v6-32-06,https://github.com/root-project/root/pull/12757#issuecomment-1534518714:260,test,tests,260,https://root.cern,https://github.com/root-project/root/pull/12757#issuecomment-1534518714,4,['test'],"['test', 'testReport', 'tests']"
Testability,Build failed on ROOT-ubuntu2004/python3.; Running on root-ubuntu-2004-1.cern.ch:/home/sftnight/build/workspace/root-pullrequests-build; [See console output](https://lcgapp-services.cern.ch/root-jenkins/job/root-pullrequests-build/173890/console).; ### Failing tests:; - [projectroot.roottest.root.meta.tuple.roottest_root_meta_tuple_exec_configtype_unload_auto](https://lcgapp-services.cern.ch/root-jenkins/job/root-pullrequests-build/173890/testReport/projectroot.roottest.root.meta/tuple/roottest_root_meta_tuple_exec_configtype_unload_auto/),MatchSource.ISSUE_COMMENT,root-project,root,v6-32-06,https://github.com/root-project/root/pull/12062#issuecomment-1534901990:260,test,tests,260,https://root.cern,https://github.com/root-project/root/pull/12062#issuecomment-1534901990,2,['test'],"['testReport', 'tests']"
Testability,Build failed on ROOT-ubuntu2004/python3.; Running on root-ubuntu-2004-1.cern.ch:/home/sftnight/build/workspace/root-pullrequests-build; [See console output](https://lcgapp-services.cern.ch/root-jenkins/job/root-pullrequests-build/173939/console).; ### Failing tests:; - [projectroot.tmva.pymva.test.PyMVA_Torch_Multiclass](https://lcgapp-services.cern.ch/root-jenkins/job/root-pullrequests-build/173939/testReport/projectroot.tmva.pymva/test/PyMVA_Torch_Multiclass/); - [projectroot.io.io.test.gtest_io_io_test_TBufferJSON](https://lcgapp-services.cern.ch/root-jenkins/job/root-pullrequests-build/173939/testReport/projectroot.io.io/test/gtest_io_io_test_TBufferJSON/); - [projectroot.roottest.root.tree.fastcloning.roottest_root_tree_fastcloning_execCheckClusterRange](https://lcgapp-services.cern.ch/root-jenkins/job/root-pullrequests-build/173939/testReport/projectroot.roottest.root.tree/fastcloning/roottest_root_tree_fastcloning_execCheckClusterRange/),MatchSource.ISSUE_COMMENT,root-project,root,v6-32-06,https://github.com/root-project/root/pull/12763#issuecomment-1535503002:260,test,tests,260,https://root.cern,https://github.com/root-project/root/pull/12763#issuecomment-1535503002,8,['test'],"['test', 'testReport', 'tests']"
Testability,Build failed on ROOT-ubuntu2004/python3.; Running on root-ubuntu-2004-1.cern.ch:/home/sftnight/build/workspace/root-pullrequests-build; [See console output](https://lcgapp-services.cern.ch/root-jenkins/job/root-pullrequests-build/173959/console).; ### Failing tests:; - [projectroot.tmva.pymva.test.PyMVA_Torch_Multiclass](https://lcgapp-services.cern.ch/root-jenkins/job/root-pullrequests-build/173959/testReport/projectroot.tmva.pymva/test/PyMVA_Torch_Multiclass/); - [projectroot.io.io.test.gtest_io_io_test_TBufferJSON](https://lcgapp-services.cern.ch/root-jenkins/job/root-pullrequests-build/173959/testReport/projectroot.io.io/test/gtest_io_io_test_TBufferJSON/); - [projectroot.roottest.root.tree.fastcloning.roottest_root_tree_fastcloning_execCheckClusterRange](https://lcgapp-services.cern.ch/root-jenkins/job/root-pullrequests-build/173959/testReport/projectroot.roottest.root.tree/fastcloning/roottest_root_tree_fastcloning_execCheckClusterRange/),MatchSource.ISSUE_COMMENT,root-project,root,v6-32-06,https://github.com/root-project/root/pull/12765#issuecomment-1535936379:260,test,tests,260,https://root.cern,https://github.com/root-project/root/pull/12765#issuecomment-1535936379,8,['test'],"['test', 'testReport', 'tests']"
Testability,Build failed on ROOT-ubuntu2004/python3.; Running on root-ubuntu-2004-1.cern.ch:/home/sftnight/build/workspace/root-pullrequests-build; [See console output](https://lcgapp-services.cern.ch/root-jenkins/job/root-pullrequests-build/173973/console).; ### Failing tests:; - [projectroot.tmva.pymva.test.PyMVA_Torch_Multiclass](https://lcgapp-services.cern.ch/root-jenkins/job/root-pullrequests-build/173973/testReport/projectroot.tmva.pymva/test/PyMVA_Torch_Multiclass/); - [projectroot.io.io.test.gtest_io_io_test_TBufferJSON](https://lcgapp-services.cern.ch/root-jenkins/job/root-pullrequests-build/173973/testReport/projectroot.io.io/test/gtest_io_io_test_TBufferJSON/); - [projectroot.roottest.root.tree.fastcloning.roottest_root_tree_fastcloning_execCheckClusterRange](https://lcgapp-services.cern.ch/root-jenkins/job/root-pullrequests-build/173973/testReport/projectroot.roottest.root.tree/fastcloning/roottest_root_tree_fastcloning_execCheckClusterRange/),MatchSource.ISSUE_COMMENT,root-project,root,v6-32-06,https://github.com/root-project/root/pull/12768#issuecomment-1536040007:260,test,tests,260,https://root.cern,https://github.com/root-project/root/pull/12768#issuecomment-1536040007,8,['test'],"['test', 'testReport', 'tests']"
Testability,Build failed on ROOT-ubuntu2004/python3.; Running on root-ubuntu-2004-1.cern.ch:/home/sftnight/build/workspace/root-pullrequests-build; [See console output](https://lcgapp-services.cern.ch/root-jenkins/job/root-pullrequests-build/173987/console).; ### Failing tests:; - [projectroot.tmva.pymva.test.PyMVA_Torch_Multiclass](https://lcgapp-services.cern.ch/root-jenkins/job/root-pullrequests-build/173987/testReport/projectroot.tmva.pymva/test/PyMVA_Torch_Multiclass/); - [projectroot.io.io.test.gtest_io_io_test_TBufferJSON](https://lcgapp-services.cern.ch/root-jenkins/job/root-pullrequests-build/173987/testReport/projectroot.io.io/test/gtest_io_io_test_TBufferJSON/); - [projectroot.roottest.root.tree.fastcloning.roottest_root_tree_fastcloning_execCheckClusterRange](https://lcgapp-services.cern.ch/root-jenkins/job/root-pullrequests-build/173987/testReport/projectroot.roottest.root.tree/fastcloning/roottest_root_tree_fastcloning_execCheckClusterRange/),MatchSource.ISSUE_COMMENT,root-project,root,v6-32-06,https://github.com/root-project/root/pull/12765#issuecomment-1536088984:260,test,tests,260,https://root.cern,https://github.com/root-project/root/pull/12765#issuecomment-1536088984,8,['test'],"['test', 'testReport', 'tests']"
Testability,Build failed on ROOT-ubuntu2004/python3.; Running on root-ubuntu-2004-1.cern.ch:/home/sftnight/build/workspace/root-pullrequests-build; [See console output](https://lcgapp-services.cern.ch/root-jenkins/job/root-pullrequests-build/174091/console).; ### Errors:; - [2023-05-05T15:15:40.746Z] FAILED: tmva/pymva/test/CMakeFiles/SofieCompileModels_PyTorch.util,MatchSource.ISSUE_COMMENT,root-project,root,v6-32-06,https://github.com/root-project/root/pull/12769#issuecomment-1536411235:309,test,test,309,https://root.cern,https://github.com/root-project/root/pull/12769#issuecomment-1536411235,1,['test'],['test']
Testability,Build failed on ROOT-ubuntu2004/python3.; Running on root-ubuntu-2004-1.cern.ch:/home/sftnight/build/workspace/root-pullrequests-build; [See console output](https://lcgapp-services.cern.ch/root-jenkins/job/root-pullrequests-build/174098/console).; ### Errors:; - [2023-05-05T16:23:58.689Z] FAILED: tmva/pymva/test/CMakeFiles/SofieCompileModels_PyTorch.util,MatchSource.ISSUE_COMMENT,root-project,root,v6-32-06,https://github.com/root-project/root/pull/12776#issuecomment-1536491682:309,test,test,309,https://root.cern,https://github.com/root-project/root/pull/12776#issuecomment-1536491682,1,['test'],['test']
Testability,Build failed on ROOT-ubuntu2004/python3.; Running on root-ubuntu-2004-1.cern.ch:/home/sftnight/build/workspace/root-pullrequests-build; [See console output](https://lcgapp-services.cern.ch/root-jenkins/job/root-pullrequests-build/174121/console).; ### Errors:; - [2023-05-07T18:09:50.268Z] FAILED: tmva/pymva/test/CMakeFiles/SofieCompileModels_PyTorch.util,MatchSource.ISSUE_COMMENT,root-project,root,v6-32-06,https://github.com/root-project/root/pull/12781#issuecomment-1537507740:309,test,test,309,https://root.cern,https://github.com/root-project/root/pull/12781#issuecomment-1537507740,1,['test'],['test']
Testability,Build failed on ROOT-ubuntu2004/python3.; Running on root-ubuntu-2004-1.cern.ch:/home/sftnight/build/workspace/root-pullrequests-build; [See console output](https://lcgapp-services.cern.ch/root-jenkins/job/root-pullrequests-build/174191/console).; ### Failing tests:; - [projectroot.roottest.python.distrdf.common.roottest_python_distrdf_common_test_all](https://lcgapp-services.cern.ch/root-jenkins/job/root-pullrequests-build/174191/testReport/projectroot.roottest.python.distrdf/common/roottest_python_distrdf_common_test_all/),MatchSource.ISSUE_COMMENT,root-project,root,v6-32-06,https://github.com/root-project/root/pull/12791#issuecomment-1541587376:260,test,tests,260,https://root.cern,https://github.com/root-project/root/pull/12791#issuecomment-1541587376,2,['test'],"['testReport', 'tests']"
Testability,Build failed on ROOT-ubuntu2004/python3.; Running on root-ubuntu-2004-1.cern.ch:/home/sftnight/build/workspace/root-pullrequests-build; [See console output](https://lcgapp-services.cern.ch/root-jenkins/job/root-pullrequests-build/174542/console).; ### Failing tests:; - [projectroot.roofit.hs3.test.gtest_roofit_hs3_test_testHS3HistFactory](https://lcgapp-services.cern.ch/root-jenkins/job/root-pullrequests-build/174542/testReport/projectroot.roofit.hs3/test/gtest_roofit_hs3_test_testHS3HistFactory/),MatchSource.ISSUE_COMMENT,root-project,root,v6-32-06,https://github.com/root-project/root/pull/12741#issuecomment-1548422930:260,test,tests,260,https://root.cern,https://github.com/root-project/root/pull/12741#issuecomment-1548422930,4,['test'],"['test', 'testReport', 'tests']"
Testability,Build failed on ROOT-ubuntu2004/python3.; Running on root-ubuntu-2004-1.cern.ch:/home/sftnight/build/workspace/root-pullrequests-build; [See console output](https://lcgapp-services.cern.ch/root-jenkins/job/root-pullrequests-build/174570/console).; ### Failing tests:; - [projectroot.test.test_stresshistofit_interpreted](https://lcgapp-services.cern.ch/root-jenkins/job/root-pullrequests-build/174570/testReport/projectroot/test/test_stresshistofit_interpreted/),MatchSource.ISSUE_COMMENT,root-project,root,v6-32-06,https://github.com/root-project/root/pull/12819#issuecomment-1549193776:260,test,tests,260,https://root.cern,https://github.com/root-project/root/pull/12819#issuecomment-1549193776,4,['test'],"['test', 'testReport', 'tests']"
Testability,Build failed on ROOT-ubuntu2004/python3.; Running on root-ubuntu-2004-1.cern.ch:/home/sftnight/build/workspace/root-pullrequests-build; [See console output](https://lcgapp-services.cern.ch/root-jenkins/job/root-pullrequests-build/174689/console).; ### Failing tests:; - [projectroot.roottest.python.distrdf.common.roottest_python_distrdf_common_test_all](https://lcgapp-services.cern.ch/root-jenkins/job/root-pullrequests-build/174689/testReport/projectroot.roottest.python.distrdf/common/roottest_python_distrdf_common_test_all/),MatchSource.ISSUE_COMMENT,root-project,root,v6-32-06,https://github.com/root-project/root/pull/12829#issuecomment-1550205260:260,test,tests,260,https://root.cern,https://github.com/root-project/root/pull/12829#issuecomment-1550205260,2,['test'],"['testReport', 'tests']"
Testability,Build failed on ROOT-ubuntu2004/python3.; Running on root-ubuntu-2004-1.cern.ch:/home/sftnight/build/workspace/root-pullrequests-build; [See console output](https://lcgapp-services.cern.ch/root-jenkins/job/root-pullrequests-build/174717/console).; ### Failing tests:; - [projectroot.roottest.cling.stl.string.roottest_cling_stl_string_runcint](https://lcgapp-services.cern.ch/root-jenkins/job/root-pullrequests-build/174717/testReport/projectroot.roottest.cling.stl/string/roottest_cling_stl_string_runcint/); - [projectroot.roottest.cling.stl.string.roottest_cling_stl_string_stringPassingText](https://lcgapp-services.cern.ch/root-jenkins/job/root-pullrequests-build/174717/testReport/projectroot.roottest.cling.stl/string/roottest_cling_stl_string_stringPassingText/); - [projectroot.roottest.root.meta.naming.roottest_root_meta_naming_execResolveTypedef_auto](https://lcgapp-services.cern.ch/root-jenkins/job/root-pullrequests-build/174717/testReport/projectroot.roottest.root.meta/naming/roottest_root_meta_naming_execResolveTypedef_auto/); - [projectroot.test.test_stressroofit_batchmode_cpu](https://lcgapp-services.cern.ch/root-jenkins/job/root-pullrequests-build/174717/testReport/projectroot/test/test_stressroofit_batchmode_cpu/); - [projectroot.test.test_stressroofit](https://lcgapp-services.cern.ch/root-jenkins/job/root-pullrequests-build/174717/testReport/projectroot/test/test_stressroofit/); - [projectroot.test.test_stressHistFactory_interpreted](https://lcgapp-services.cern.ch/root-jenkins/job/root-pullrequests-build/174717/testReport/projectroot/test/test_stressHistFactory_interpreted/); - [projectroot.io.io.test.gtest_io_io_test_RRawFile](https://lcgapp-services.cern.ch/root-jenkins/job/root-pullrequests-build/174717/testReport/projectroot.io.io/test/gtest_io_io_test_RRawFile/); - [projectroot.roofit.roofitcore.test.gtest_roofit_roofitcore_test_testProxiesAndCategories](https://lcgapp-services.cern.ch/root-jenkins/job/root-pullrequests-build/174717/testReport/projectro,MatchSource.ISSUE_COMMENT,root-project,root,v6-32-06,https://github.com/root-project/root/pull/11027#issuecomment-1550967575:260,test,tests,260,https://root.cern,https://github.com/root-project/root/pull/11027#issuecomment-1550967575,4,['test'],"['testReport', 'tests']"
Testability,Build failed on ROOT-ubuntu2004/python3.; Running on root-ubuntu-2004-1.cern.ch:/home/sftnight/build/workspace/root-pullrequests-build; [See console output](https://lcgapp-services.cern.ch/root-jenkins/job/root-pullrequests-build/174808/console).; ### Warnings:; - [2023-05-17T21:07:35.215Z] /home/sftnight/build/workspace/root-pullrequests-build/root/roofit/roofitcore/test/testRooFuncWrapper.cxx:437:30: warning: comparison of integer expressions of different signedness: ‘std::size_t’ {aka ‘long unsigned int’} and ‘int’ [-Wsign-compare] . ### Failing tests:; - [projectroot.roofit.roofitcore.test.gtest_roofit_roofitcore_test_testRooFuncWrapper](https://lcgapp-services.cern.ch/root-jenkins/job/root-pullrequests-build/174808/testReport/projectroot.roofit.roofitcore/test/gtest_roofit_roofitcore_test_testRooFuncWrapper/),MatchSource.ISSUE_COMMENT,root-project,root,v6-32-06,https://github.com/root-project/root/pull/12839#issuecomment-1552113846:370,test,test,370,https://root.cern,https://github.com/root-project/root/pull/12839#issuecomment-1552113846,6,['test'],"['test', 'testReport', 'testRooFuncWrapper', 'tests']"
Testability,Build failed on ROOT-ubuntu2004/python3.; Running on root-ubuntu-2004-1.cern.ch:/home/sftnight/build/workspace/root-pullrequests-build; [See console output](https://lcgapp-services.cern.ch/root-jenkins/job/root-pullrequests-build/174864/console).; ### Failing tests:; - [projectroot.roottest.root.treeformula.schemaEvolution.roottest_root_treeformula_schemaEvolution_make](https://lcgapp-services.cern.ch/root-jenkins/job/root-pullrequests-build/174864/testReport/projectroot.roottest.root.treeformula/schemaEvolution/roottest_root_treeformula_schemaEvolution_make/),MatchSource.ISSUE_COMMENT,root-project,root,v6-32-06,https://github.com/root-project/root/pull/12845#issuecomment-1553424824:260,test,tests,260,https://root.cern,https://github.com/root-project/root/pull/12845#issuecomment-1553424824,2,['test'],"['testReport', 'tests']"
Testability,Build failed on ROOT-ubuntu2004/python3.; Running on root-ubuntu-2004-1.cern.ch:/home/sftnight/build/workspace/root-pullrequests-build; [See console output](https://lcgapp-services.cern.ch/root-jenkins/job/root-pullrequests-build/174885/console).; ### Failing tests:; - [projectroot.roofit.histfactory.test.gtest_roofit_histfactory_test_testHistFactory](https://lcgapp-services.cern.ch/root-jenkins/job/root-pullrequests-build/174885/testReport/projectroot.roofit.histfactory/test/gtest_roofit_histfactory_test_testHistFactory/); - [projectroot.roofit.hs3.test.gtest_roofit_hs3_test_testHS3HistFactory](https://lcgapp-services.cern.ch/root-jenkins/job/root-pullrequests-build/174885/testReport/projectroot.roofit.hs3/test/gtest_roofit_hs3_test_testHS3HistFactory/),MatchSource.ISSUE_COMMENT,root-project,root,v6-32-06,https://github.com/root-project/root/pull/12848#issuecomment-1553482549:260,test,tests,260,https://root.cern,https://github.com/root-project/root/pull/12848#issuecomment-1553482549,7,['test'],"['test', 'testReport', 'tests']"
Testability,Build failed on ROOT-ubuntu2004/python3.; Running on root-ubuntu-2004-1.cern.ch:/home/sftnight/build/workspace/root-pullrequests-build; [See console output](https://lcgapp-services.cern.ch/root-jenkins/job/root-pullrequests-build/175212/console).; ### Failing tests:; - [projectroot.roottest.python.distrdf.common.roottest_python_distrdf_common_test_all](https://lcgapp-services.cern.ch/root-jenkins/job/root-pullrequests-build/175212/testReport/projectroot.roottest.python.distrdf/common/roottest_python_distrdf_common_test_all/),MatchSource.ISSUE_COMMENT,root-project,root,v6-32-06,https://github.com/root-project/root/pull/12871#issuecomment-1560824887:260,test,tests,260,https://root.cern,https://github.com/root-project/root/pull/12871#issuecomment-1560824887,2,['test'],"['testReport', 'tests']"
Testability,Build failed on ROOT-ubuntu2004/python3.; Running on root-ubuntu-2004-1.cern.ch:/home/sftnight/build/workspace/root-pullrequests-build; [See console output](https://lcgapp-services.cern.ch/root-jenkins/job/root-pullrequests-build/175275/console).; ### Failing tests:; - [projectroot.roottest.python.basic.roottest_python_basic_datatype](https://lcgapp-services.cern.ch/root-jenkins/job/root-pullrequests-build/175275/testReport/projectroot.roottest.python/basic/roottest_python_basic_datatype/),MatchSource.ISSUE_COMMENT,root-project,root,v6-32-06,https://github.com/root-project/root/pull/12879#issuecomment-1561644066:260,test,tests,260,https://root.cern,https://github.com/root-project/root/pull/12879#issuecomment-1561644066,2,['test'],"['testReport', 'tests']"
Testability,Build failed on ROOT-ubuntu2004/python3.; Running on root-ubuntu-2004-1.cern.ch:/home/sftnight/build/workspace/root-pullrequests-build; [See console output](https://lcgapp-services.cern.ch/root-jenkins/job/root-pullrequests-build/175422/console).; ### Failing tests:; - [projectroot.roottest.python.distrdf.common.roottest_python_distrdf_common_test_all](https://lcgapp-services.cern.ch/root-jenkins/job/root-pullrequests-build/175422/testReport/projectroot.roottest.python.distrdf/common/roottest_python_distrdf_common_test_all/),MatchSource.ISSUE_COMMENT,root-project,root,v6-32-06,https://github.com/root-project/root/pull/12888#issuecomment-1564116069:260,test,tests,260,https://root.cern,https://github.com/root-project/root/pull/12888#issuecomment-1564116069,2,['test'],"['testReport', 'tests']"
Testability,Build failed on ROOT-ubuntu2004/python3.; Running on root-ubuntu-2004-1.cern.ch:/home/sftnight/build/workspace/root-pullrequests-build; [See console output](https://lcgapp-services.cern.ch/root-jenkins/job/root-pullrequests-build/175802/console).; ### Failing tests:; - [projectroot.roofit.roofitcore.test.gtest_roofit_roofitcore_test_testLikelihoodGradientJob](https://lcgapp-services.cern.ch/root-jenkins/job/root-pullrequests-build/175802/testReport/projectroot.roofit.roofitcore/test/gtest_roofit_roofitcore_test_testLikelihoodGradientJob/); - [projectroot.roofit.roofitcore.test.gtest_roofit_roofitcore_test_testLikelihoodJob](https://lcgapp-services.cern.ch/root-jenkins/job/root-pullrequests-build/175802/testReport/projectroot.roofit.roofitcore/test/gtest_roofit_roofitcore_test_testLikelihoodJob/),MatchSource.ISSUE_COMMENT,root-project,root,v6-32-06,https://github.com/root-project/root/pull/11804#issuecomment-1570496761:260,test,tests,260,https://root.cern,https://github.com/root-project/root/pull/11804#issuecomment-1570496761,7,['test'],"['test', 'testReport', 'tests']"
Testability,Build failed on ROOT-ubuntu2004/python3.; Running on root-ubuntu-2004-1.cern.ch:/home/sftnight/build/workspace/root-pullrequests-build; [See console output](https://lcgapp-services.cern.ch/root-jenkins/job/root-pullrequests-build/176195/console).; ### Failing tests:; - [projectroot.tmva.sofie.test.gtest_tmva_sofie_test_TestSofieModels](https://lcgapp-services.cern.ch/root-jenkins/job/root-pullrequests-build/176195/testReport/projectroot.tmva.sofie/test/gtest_tmva_sofie_test_TestSofieModels/),MatchSource.ISSUE_COMMENT,root-project,root,v6-32-06,https://github.com/root-project/root/pull/12676#issuecomment-1575742191:260,test,tests,260,https://root.cern,https://github.com/root-project/root/pull/12676#issuecomment-1575742191,4,['test'],"['test', 'testReport', 'tests']"
Testability,Build failed on ROOT-ubuntu2004/python3.; Running on root-ubuntu-2004-1.cern.ch:/home/sftnight/build/workspace/root-pullrequests-build; [See console output](https://lcgapp-services.cern.ch/root-jenkins/job/root-pullrequests-build/176392/console).; ### Failing tests:; - [projectroot.roottest.cling.function.roottest_cling_function_runlongArgTest_WILL_FAIL](https://lcgapp-services.cern.ch/root-jenkins/job/root-pullrequests-build/176392/testReport/projectroot.roottest.cling/function/roottest_cling_function_runlongArgTest_WILL_FAIL/),MatchSource.ISSUE_COMMENT,root-project,root,v6-32-06,https://github.com/root-project/root/pull/12956#issuecomment-1580498737:260,test,tests,260,https://root.cern,https://github.com/root-project/root/pull/12956#issuecomment-1580498737,2,['test'],"['testReport', 'tests']"
Testability,Build failed on ROOT-ubuntu2004/python3.; Running on root-ubuntu-2004-1.cern.ch:/home/sftnight/build/workspace/root-pullrequests-build; [See console output](https://lcgapp-services.cern.ch/root-jenkins/job/root-pullrequests-build/176455/console).; ### Failing tests:; - [projectroot.roottest.python.distrdf.dask.roottest_python_distrdf_dask_test_all](https://lcgapp-services.cern.ch/root-jenkins/job/root-pullrequests-build/176455/testReport/projectroot.roottest.python.distrdf/dask/roottest_python_distrdf_dask_test_all/); - [projectroot.roottest.python.distrdf.spark.roottest_python_distrdf_spark_test_all](https://lcgapp-services.cern.ch/root-jenkins/job/root-pullrequests-build/176455/testReport/projectroot.roottest.python.distrdf/spark/roottest_python_distrdf_spark_test_all/); - [projectroot.tree.dataframe.test.gtest_tree_dataframe_test_dataframe_vary](https://lcgapp-services.cern.ch/root-jenkins/job/root-pullrequests-build/176455/testReport/projectroot.tree.dataframe/test/gtest_tree_dataframe_test_dataframe_vary/),MatchSource.ISSUE_COMMENT,root-project,root,v6-32-06,https://github.com/root-project/root/pull/12363#issuecomment-1581197438:260,test,tests,260,https://root.cern,https://github.com/root-project/root/pull/12363#issuecomment-1581197438,6,['test'],"['test', 'testReport', 'tests']"
Testability,Build failed on ROOT-ubuntu2004/python3.; Running on root-ubuntu-2004-1.cern.ch:/home/sftnight/build/workspace/root-pullrequests-build; [See console output](https://lcgapp-services.cern.ch/root-jenkins/job/root-pullrequests-build/176462/console).; ### Failing tests:; - [projectroot.roottest.python.distrdf.dask.roottest_python_distrdf_dask_test_all](https://lcgapp-services.cern.ch/root-jenkins/job/root-pullrequests-build/176462/testReport/projectroot.roottest.python.distrdf/dask/roottest_python_distrdf_dask_test_all/); - [projectroot.tree.dataframe.test.gtest_tree_dataframe_test_dataframe_vary](https://lcgapp-services.cern.ch/root-jenkins/job/root-pullrequests-build/176462/testReport/projectroot.tree.dataframe/test/gtest_tree_dataframe_test_dataframe_vary/),MatchSource.ISSUE_COMMENT,root-project,root,v6-32-06,https://github.com/root-project/root/pull/12363#issuecomment-1581243865:260,test,tests,260,https://root.cern,https://github.com/root-project/root/pull/12363#issuecomment-1581243865,5,['test'],"['test', 'testReport', 'tests']"
Testability,Build failed on ROOT-ubuntu2004/python3.; Running on root-ubuntu-2004-1.cern.ch:/home/sftnight/build/workspace/root-pullrequests-build; [See console output](https://lcgapp-services.cern.ch/root-jenkins/job/root-pullrequests-build/176469/console).; ### Failing tests:; - [projectroot.roofit.hs3.test.gtest_roofit_hs3_test_testHS3HistFactory](https://lcgapp-services.cern.ch/root-jenkins/job/root-pullrequests-build/176469/testReport/projectroot.roofit.hs3/test/gtest_roofit_hs3_test_testHS3HistFactory/),MatchSource.ISSUE_COMMENT,root-project,root,v6-32-06,https://github.com/root-project/root/pull/12962#issuecomment-1581403630:260,test,tests,260,https://root.cern,https://github.com/root-project/root/pull/12962#issuecomment-1581403630,4,['test'],"['test', 'testReport', 'tests']"
Testability,Build failed on ROOT-ubuntu2004/python3.; Running on root-ubuntu-2004-1.cern.ch:/home/sftnight/build/workspace/root-pullrequests-build; [See console output](https://lcgapp-services.cern.ch/root-jenkins/job/root-pullrequests-build/176693/console).; ### Failing tests:; - [projectroot.roottest.python.distrdf.dask.roottest_python_distrdf_dask_test_all](https://lcgapp-services.cern.ch/root-jenkins/job/root-pullrequests-build/176693/testReport/projectroot.roottest.python.distrdf/dask/roottest_python_distrdf_dask_test_all/),MatchSource.ISSUE_COMMENT,root-project,root,v6-32-06,https://github.com/root-project/root/pull/12363#issuecomment-1585617682:260,test,tests,260,https://root.cern,https://github.com/root-project/root/pull/12363#issuecomment-1585617682,2,['test'],"['testReport', 'tests']"
Testability,Build failed on ROOT-ubuntu2004/python3.; Running on root-ubuntu-2004-1.cern.ch:/home/sftnight/build/workspace/root-pullrequests-build; [See console output](https://lcgapp-services.cern.ch/root-jenkins/job/root-pullrequests-build/177100/console).; ### Failing tests:; - [projectroot.roottest.root.meta.tuple.roottest_root_meta_tuple_exec_configtype_unload_auto](https://lcgapp-services.cern.ch/root-jenkins/job/root-pullrequests-build/177100/testReport/projectroot.roottest.root.meta/tuple/roottest_root_meta_tuple_exec_configtype_unload_auto/),MatchSource.ISSUE_COMMENT,root-project,root,v6-32-06,https://github.com/root-project/root/pull/12062#issuecomment-1591905329:260,test,tests,260,https://root.cern,https://github.com/root-project/root/pull/12062#issuecomment-1591905329,2,['test'],"['testReport', 'tests']"
Testability,Build failed on ROOT-ubuntu2004/python3.; Running on root-ubuntu-2004-1.cern.ch:/home/sftnight/build/workspace/root-pullrequests-build; [See console output](https://lcgapp-services.cern.ch/root-jenkins/job/root-pullrequests-build/177273/console).; ### Failing tests:; - [projectroot.tmva.pymva.test.PyMVA_Keras_Regression](https://lcgapp-services.cern.ch/root-jenkins/job/root-pullrequests-build/177273/testReport/projectroot.tmva.pymva/test/PyMVA_Keras_Regression/),MatchSource.ISSUE_COMMENT,root-project,root,v6-32-06,https://github.com/root-project/root/pull/13022#issuecomment-1593679377:260,test,tests,260,https://root.cern,https://github.com/root-project/root/pull/13022#issuecomment-1593679377,4,['test'],"['test', 'testReport', 'tests']"
Testability,Build failed on ROOT-ubuntu2004/python3.; Running on root-ubuntu-2004-1.cern.ch:/home/sftnight/build/workspace/root-pullrequests-build; [See console output](https://lcgapp-services.cern.ch/root-jenkins/job/root-pullrequests-build/177295/console).; ### Errors:; - [2023-06-16T09:14:06.988Z] FAILED: test/CMakeFiles/stressHistoFit.dir/stressHistoFit.cxx.o ; - [2023-06-16T09:14:07.258Z] /home/sftnight/build/workspace/root-pullrequests-build/root/test/stressHistoFit.cxx:404:14: error: redefinition of ‘const double minX’ ; - [2023-06-16T09:14:07.258Z] /home/sftnight/build/workspace/root-pullrequests-build/root/test/stressHistoFit.cxx:405:14: error: redefinition of ‘const double maxX’ ; - [2023-06-16T09:14:07.258Z] /home/sftnight/build/workspace/root-pullrequests-build/root/test/stressHistoFit.cxx:406:14: error: redefinition of ‘const double minY’ ; - [2023-06-16T09:14:07.258Z] /home/sftnight/build/workspace/root-pullrequests-build/root/test/stressHistoFit.cxx:407:14: error: redefinition of ‘const double maxY’ ; - [2023-06-16T09:14:07.258Z] /home/sftnight/build/workspace/root-pullrequests-build/root/test/stressHistoFit.cxx:408:11: error: redefinition of ‘const int nbinsX’ ; - [2023-06-16T09:14:07.258Z] /home/sftnight/build/workspace/root-pullrequests-build/root/test/stressHistoFit.cxx:409:11: error: redefinition of ‘const int nbinsY’ ; - [2023-06-16T09:14:07.258Z] /home/sftnight/build/workspace/root-pullrequests-build/root/test/stressHistoFit.cxx:412:6: error: multiple definition of ‘enum testOpt’ ; - [2023-06-16T09:14:07.258Z] /home/sftnight/build/workspace/root-pullrequests-build/root/test/stressHistoFit.cxx:423:5: error: redefinition of ‘int defaultOptions’,MatchSource.ISSUE_COMMENT,root-project,root,v6-32-06,https://github.com/root-project/root/pull/13036#issuecomment-1594376265:298,test,test,298,https://root.cern,https://github.com/root-project/root/pull/13036#issuecomment-1594376265,10,['test'],"['test', 'testOpt']"
Testability,Build failed on ROOT-ubuntu2004/python3.; Running on root-ubuntu-2004-1.cern.ch:/home/sftnight/build/workspace/root-pullrequests-build; [See console output](https://lcgapp-services.cern.ch/root-jenkins/job/root-pullrequests-build/177510/console).; ### Failing tests:; - [projectroot.test.test_stressHistFactory_interpreted](https://lcgapp-services.cern.ch/root-jenkins/job/root-pullrequests-build/177510/testReport/projectroot/test/test_stressHistFactory_interpreted/); - [projectroot.roofit.histfactory.test.gtest_roofit_histfactory_test_testHistFactory](https://lcgapp-services.cern.ch/root-jenkins/job/root-pullrequests-build/177510/testReport/projectroot.roofit.histfactory/test/gtest_roofit_histfactory_test_testHistFactory/); - [projectroot.roofit.hs3.test.gtest_roofit_hs3_test_testHS3HistFactory](https://lcgapp-services.cern.ch/root-jenkins/job/root-pullrequests-build/177510/testReport/projectroot.roofit.hs3/test/gtest_roofit_hs3_test_testHS3HistFactory/),MatchSource.ISSUE_COMMENT,root-project,root,v6-32-06,https://github.com/root-project/root/pull/13052#issuecomment-1599096747:260,test,tests,260,https://root.cern,https://github.com/root-project/root/pull/13052#issuecomment-1599096747,10,['test'],"['test', 'testReport', 'tests']"
Testability,Build failed on ROOT-ubuntu2004/python3.; Running on root-ubuntu-2004-1.cern.ch:/home/sftnight/build/workspace/root-pullrequests-build; [See console output](https://lcgapp-services.cern.ch/root-jenkins/job/root-pullrequests-build/177727/console).; ### Failing tests:; - [projectroot.roottest.python.distrdf.dask.roottest_python_distrdf_dask_test_all](https://lcgapp-services.cern.ch/root-jenkins/job/root-pullrequests-build/177727/testReport/projectroot.roottest.python.distrdf/dask/roottest_python_distrdf_dask_test_all/),MatchSource.ISSUE_COMMENT,root-project,root,v6-32-06,https://github.com/root-project/root/pull/12363#issuecomment-1602245208:260,test,tests,260,https://root.cern,https://github.com/root-project/root/pull/12363#issuecomment-1602245208,2,['test'],"['testReport', 'tests']"
Testability,Build failed on ROOT-ubuntu2004/python3.; Running on root-ubuntu-2004-1.cern.ch:/home/sftnight/build/workspace/root-pullrequests-build; [See console output](https://lcgapp-services.cern.ch/root-jenkins/job/root-pullrequests-build/177778/console).; ### Warnings:; - [2023-06-22T13:12:45.961Z] /home/sftnight/build/workspace/root-pullrequests-build/root/core/foundation/src/FoundationUtils.cxx:116:9: warning: variable ‘parent_path’ set but not used [-Wunused-but-set-variable] ; - [2023-06-22T13:13:03.995Z] /home/sftnight/build/workspace/root-pullrequests-build/root/core/foundation/src/FoundationUtils.cxx:116:9: warning: variable ‘parent_path’ set but not used [-Wunused-but-set-variable] . ### Failing tests:; - [projectroot.test.test_stressgraphics_interpreted](https://lcgapp-services.cern.ch/root-jenkins/job/root-pullrequests-build/177778/testReport/projectroot/test/test_stressgraphics_interpreted/),MatchSource.ISSUE_COMMENT,root-project,root,v6-32-06,https://github.com/root-project/root/pull/13031#issuecomment-1602658459:705,test,tests,705,https://root.cern,https://github.com/root-project/root/pull/13031#issuecomment-1602658459,4,['test'],"['test', 'testReport', 'tests']"
Testability,Build failed on ROOT-ubuntu2004/python3.; Running on root-ubuntu-2004-1.cern.ch:/home/sftnight/build/workspace/root-pullrequests-build; [See console output](https://lcgapp-services.cern.ch/root-jenkins/job/root-pullrequests-build/177905/console).; ### Failing tests:; - [projectroot.roottest.python.distrdf.dask.roottest_python_distrdf_dask_test_all](https://lcgapp-services.cern.ch/root-jenkins/job/root-pullrequests-build/177905/testReport/projectroot.roottest.python.distrdf/dask/roottest_python_distrdf_dask_test_all/),MatchSource.ISSUE_COMMENT,root-project,root,v6-32-06,https://github.com/root-project/root/pull/13082#issuecomment-1604398719:260,test,tests,260,https://root.cern,https://github.com/root-project/root/pull/13082#issuecomment-1604398719,2,['test'],"['testReport', 'tests']"
Testability,Build failed on ROOT-ubuntu2004/python3.; Running on root-ubuntu-2004-1.cern.ch:/home/sftnight/build/workspace/root-pullrequests-build; [See console output](https://lcgapp-services.cern.ch/root-jenkins/job/root-pullrequests-build/178010/console).; ### Warnings:; - [2023-06-24T08:08:31.130Z] /home/sftnight/build/workspace/root-pullrequests-build/root/roofit/roofitcore/src/RooFitResult.cxx:521:12: warning: init-statement in selection statements only available with ‘-std=c++17’ or ‘-std=gnu++17’ . ### Failing tests:; - [projectroot.roottest.python.distrdf.dask.roottest_python_distrdf_dask_test_all](https://lcgapp-services.cern.ch/root-jenkins/job/root-pullrequests-build/178010/testReport/projectroot.roottest.python.distrdf/dask/roottest_python_distrdf_dask_test_all/),MatchSource.ISSUE_COMMENT,root-project,root,v6-32-06,https://github.com/root-project/root/pull/13056#issuecomment-1605309882:512,test,tests,512,https://root.cern,https://github.com/root-project/root/pull/13056#issuecomment-1605309882,2,['test'],"['testReport', 'tests']"
Testability,Build failed on ROOT-ubuntu2004/python3.; Running on root-ubuntu-2004-1.cern.ch:/home/sftnight/build/workspace/root-pullrequests-build; [See console output](https://lcgapp-services.cern.ch/root-jenkins/job/root-pullrequests-build/178087/console).; ### Failing tests:; - [projectroot.roottest.python.distrdf.dask.roottest_python_distrdf_dask_test_all](https://lcgapp-services.cern.ch/root-jenkins/job/root-pullrequests-build/178087/testReport/projectroot.roottest.python.distrdf/dask/roottest_python_distrdf_dask_test_all/),MatchSource.ISSUE_COMMENT,root-project,root,v6-32-06,https://github.com/root-project/root/pull/13097#issuecomment-1607274251:260,test,tests,260,https://root.cern,https://github.com/root-project/root/pull/13097#issuecomment-1607274251,2,['test'],"['testReport', 'tests']"
Testability,Build failed on ROOT-ubuntu2004/python3.; Running on root-ubuntu-2004-1.cern.ch:/home/sftnight/build/workspace/root-pullrequests-build; [See console output](https://lcgapp-services.cern.ch/root-jenkins/job/root-pullrequests-build/178101/console).; ### Failing tests:; - [projectroot.roottest.cling.typedef_global.roottest_cling_typedef_global_scopeTest](https://lcgapp-services.cern.ch/root-jenkins/job/root-pullrequests-build/178101/testReport/projectroot.roottest.cling/typedef_global/roottest_cling_typedef_global_scopeTest/),MatchSource.ISSUE_COMMENT,root-project,root,v6-32-06,https://github.com/root-project/root/pull/12480#issuecomment-1607521519:260,test,tests,260,https://root.cern,https://github.com/root-project/root/pull/12480#issuecomment-1607521519,2,['test'],"['testReport', 'tests']"
Testability,Build failed on ROOT-ubuntu2004/python3.; Running on root-ubuntu-2004-1.cern.ch:/home/sftnight/build/workspace/root-pullrequests-build; [See console output](https://lcgapp-services.cern.ch/root-jenkins/job/root-pullrequests-build/178129/console).; ### Failing tests:; - [projectroot.roottest.python.distrdf.dask.roottest_python_distrdf_dask_test_all](https://lcgapp-services.cern.ch/root-jenkins/job/root-pullrequests-build/178129/testReport/projectroot.roottest.python.distrdf/dask/roottest_python_distrdf_dask_test_all/),MatchSource.ISSUE_COMMENT,root-project,root,v6-32-06,https://github.com/root-project/root/pull/12948#issuecomment-1607784620:260,test,tests,260,https://root.cern,https://github.com/root-project/root/pull/12948#issuecomment-1607784620,2,['test'],"['testReport', 'tests']"
Testability,Build failed on ROOT-ubuntu2004/python3.; Running on root-ubuntu-2004-1.cern.ch:/home/sftnight/build/workspace/root-pullrequests-build; [See console output](https://lcgapp-services.cern.ch/root-jenkins/job/root-pullrequests-build/178178/console).; ### Failing tests:; - [projectroot.roottest.python.distrdf.dask.roottest_python_distrdf_dask_test_all](https://lcgapp-services.cern.ch/root-jenkins/job/root-pullrequests-build/178178/testReport/projectroot.roottest.python.distrdf/dask/roottest_python_distrdf_dask_test_all/),MatchSource.ISSUE_COMMENT,root-project,root,v6-32-06,https://github.com/root-project/root/pull/13105#issuecomment-1608959268:260,test,tests,260,https://root.cern,https://github.com/root-project/root/pull/13105#issuecomment-1608959268,2,['test'],"['testReport', 'tests']"
Testability,Build failed on ROOT-ubuntu2004/python3.; Running on root-ubuntu-2004-1.cern.ch:/home/sftnight/build/workspace/root-pullrequests-build; [See console output](https://lcgapp-services.cern.ch/root-jenkins/job/root-pullrequests-build/178213/console).; ### Failing tests:; - [projectroot.roottest.python.distrdf.dask.roottest_python_distrdf_dask_test_all](https://lcgapp-services.cern.ch/root-jenkins/job/root-pullrequests-build/178213/testReport/projectroot.roottest.python.distrdf/dask/roottest_python_distrdf_dask_test_all/),MatchSource.ISSUE_COMMENT,root-project,root,v6-32-06,https://github.com/root-project/root/pull/13098#issuecomment-1610046395:260,test,tests,260,https://root.cern,https://github.com/root-project/root/pull/13098#issuecomment-1610046395,2,['test'],"['testReport', 'tests']"
Testability,Build failed on ROOT-ubuntu2004/python3.; Running on root-ubuntu-2004-1.cern.ch:/home/sftnight/build/workspace/root-pullrequests-build; [See console output](https://lcgapp-services.cern.ch/root-jenkins/job/root-pullrequests-build/178259/console).; ### Failing tests:; - [projectroot.roottest.python.distrdf.dask.roottest_python_distrdf_dask_test_all](https://lcgapp-services.cern.ch/root-jenkins/job/root-pullrequests-build/178259/testReport/projectroot.roottest.python.distrdf/dask/roottest_python_distrdf_dask_test_all/),MatchSource.ISSUE_COMMENT,root-project,root,v6-32-06,https://github.com/root-project/root/pull/12480#issuecomment-1611190064:260,test,tests,260,https://root.cern,https://github.com/root-project/root/pull/12480#issuecomment-1611190064,2,['test'],"['testReport', 'tests']"
Testability,Build failed on ROOT-ubuntu2004/python3.; Running on root-ubuntu-2004-1.cern.ch:/home/sftnight/build/workspace/root-pullrequests-build; [See console output](https://lcgapp-services.cern.ch/root-jenkins/job/root-pullrequests-build/178270/console).; ### Failing tests:; - [projectroot.tmva.sofie.test.gtest_tmva_sofie_test_TestSofieModels](https://lcgapp-services.cern.ch/root-jenkins/job/root-pullrequests-build/178270/testReport/projectroot.tmva.sofie/test/gtest_tmva_sofie_test_TestSofieModels/),MatchSource.ISSUE_COMMENT,root-project,root,v6-32-06,https://github.com/root-project/root/pull/13116#issuecomment-1611335491:260,test,tests,260,https://root.cern,https://github.com/root-project/root/pull/13116#issuecomment-1611335491,4,['test'],"['test', 'testReport', 'tests']"
Testability,Build failed on ROOT-ubuntu2004/python3.; Running on root-ubuntu-2004-1.cern.ch:/home/sftnight/build/workspace/root-pullrequests-build; [See console output](https://lcgapp-services.cern.ch/root-jenkins/job/root-pullrequests-build/178284/console).; ### Failing tests:; - [projectroot.roottest.python.distrdf.dask.roottest_python_distrdf_dask_test_all](https://lcgapp-services.cern.ch/root-jenkins/job/root-pullrequests-build/178284/testReport/projectroot.roottest.python.distrdf/dask/roottest_python_distrdf_dask_test_all/); - [projectroot.bindings.pyroot.pythonizations.test.pyunittests_pyroot_roofit_rooworkspace](https://lcgapp-services.cern.ch/root-jenkins/job/root-pullrequests-build/178284/testReport/projectroot.bindings.pyroot.pythonizations/test/pyunittests_pyroot_roofit_rooworkspace/),MatchSource.ISSUE_COMMENT,root-project,root,v6-32-06,https://github.com/root-project/root/pull/12994#issuecomment-1611443584:260,test,tests,260,https://root.cern,https://github.com/root-project/root/pull/12994#issuecomment-1611443584,5,['test'],"['test', 'testReport', 'tests']"
Testability,Build failed on ROOT-ubuntu2004/python3.; Running on root-ubuntu-2004-1.cern.ch:/home/sftnight/build/workspace/root-pullrequests-build; [See console output](https://lcgapp-services.cern.ch/root-jenkins/job/root-pullrequests-build/178340/console).; ### Failing tests:; - [projectroot.roottest.python.distrdf.dask.roottest_python_distrdf_dask_test_all](https://lcgapp-services.cern.ch/root-jenkins/job/root-pullrequests-build/178340/testReport/projectroot.roottest.python.distrdf/dask/roottest_python_distrdf_dask_test_all/),MatchSource.ISSUE_COMMENT,root-project,root,v6-32-06,https://github.com/root-project/root/pull/13121#issuecomment-1611800163:260,test,tests,260,https://root.cern,https://github.com/root-project/root/pull/13121#issuecomment-1611800163,2,['test'],"['testReport', 'tests']"
Testability,Build failed on ROOT-ubuntu2004/python3.; Running on root-ubuntu-2004-1.cern.ch:/home/sftnight/build/workspace/root-pullrequests-build; [See console output](https://lcgapp-services.cern.ch/root-jenkins/job/root-pullrequests-build/178368/console).; ### Failing tests:; - [projectroot.roottest.python.distrdf.dask.roottest_python_distrdf_dask_test_all](https://lcgapp-services.cern.ch/root-jenkins/job/root-pullrequests-build/178368/testReport/projectroot.roottest.python.distrdf/dask/roottest_python_distrdf_dask_test_all/),MatchSource.ISSUE_COMMENT,root-project,root,v6-32-06,https://github.com/root-project/root/pull/12948#issuecomment-1612562298:260,test,tests,260,https://root.cern,https://github.com/root-project/root/pull/12948#issuecomment-1612562298,2,['test'],"['testReport', 'tests']"
Testability,Build failed on ROOT-ubuntu2004/python3.; Running on root-ubuntu-2004-1.cern.ch:/home/sftnight/build/workspace/root-pullrequests-build; [See console output](https://lcgapp-services.cern.ch/root-jenkins/job/root-pullrequests-build/178424/console).; ### Failing tests:; - [projectroot.roottest.root.multicore.roottest_root_multicore_ttree_write](https://lcgapp-services.cern.ch/root-jenkins/job/root-pullrequests-build/178424/testReport/projectroot.roottest.root/multicore/roottest_root_multicore_ttree_write/),MatchSource.ISSUE_COMMENT,root-project,root,v6-32-06,https://github.com/root-project/root/pull/13123#issuecomment-1613785474:260,test,tests,260,https://root.cern,https://github.com/root-project/root/pull/13123#issuecomment-1613785474,2,['test'],"['testReport', 'tests']"
Testability,Build failed on ROOT-ubuntu2004/python3.; Running on root-ubuntu-2004-1.cern.ch:/home/sftnight/build/workspace/root-pullrequests-build; [See console output](https://lcgapp-services.cern.ch/root-jenkins/job/root-pullrequests-build/178558/console).; ### Failing tests:; - [projectroot.roottest.python.distrdf.dask.roottest_python_distrdf_dask_test_all](https://lcgapp-services.cern.ch/root-jenkins/job/root-pullrequests-build/178558/testReport/projectroot.roottest.python.distrdf/dask/roottest_python_distrdf_dask_test_all/),MatchSource.ISSUE_COMMENT,root-project,root,v6-32-06,https://github.com/root-project/root/pull/13141#issuecomment-1614895207:260,test,tests,260,https://root.cern,https://github.com/root-project/root/pull/13141#issuecomment-1614895207,2,['test'],"['testReport', 'tests']"
Testability,Build failed on ROOT-ubuntu2004/python3.; Running on root-ubuntu-2004-1.cern.ch:/home/sftnight/build/workspace/root-pullrequests-build; [See console output](https://lcgapp-services.cern.ch/root-jenkins/job/root-pullrequests-build/178565/console).; ### Failing tests:; - [projectroot.roottest.python.distrdf.dask.roottest_python_distrdf_dask_test_all](https://lcgapp-services.cern.ch/root-jenkins/job/root-pullrequests-build/178565/testReport/projectroot.roottest.python.distrdf/dask/roottest_python_distrdf_dask_test_all/),MatchSource.ISSUE_COMMENT,root-project,root,v6-32-06,https://github.com/root-project/root/pull/13144#issuecomment-1614959243:260,test,tests,260,https://root.cern,https://github.com/root-project/root/pull/13144#issuecomment-1614959243,2,['test'],"['testReport', 'tests']"
Testability,Build failed on ROOT-ubuntu2004/python3.; Running on root-ubuntu-2004-1.cern.ch:/home/sftnight/build/workspace/root-pullrequests-build; [See console output](https://lcgapp-services.cern.ch/root-jenkins/job/root-pullrequests-build/178572/console).; ### Failing tests:; - [projectroot.roottest.root.dataframe.roottest_root_dataframe_par](https://lcgapp-services.cern.ch/root-jenkins/job/root-pullrequests-build/178572/testReport/projectroot.roottest.root/dataframe/roottest_root_dataframe_par/); - [projectroot.roottest.root.multicore.roottest_root_multicore_ttree_write_imt](https://lcgapp-services.cern.ch/root-jenkins/job/root-pullrequests-build/178572/testReport/projectroot.roottest.root/multicore/roottest_root_multicore_ttree_write_imt/); - [projectroot.tmva.tmva.test.DNN.TMVA_DNN_Regression_Cpu](https://lcgapp-services.cern.ch/root-jenkins/job/root-pullrequests-build/178572/testReport/projectroot.tmva.tmva.test/DNN/TMVA_DNN_Regression_Cpu/); - [projectroot.tree.dataframe.test.gtest_tree_dataframe_test_dataframe_snapshot](https://lcgapp-services.cern.ch/root-jenkins/job/root-pullrequests-build/178572/testReport/projectroot.tree.dataframe/test/gtest_tree_dataframe_test_dataframe_snapshot/),MatchSource.ISSUE_COMMENT,root-project,root,v6-32-06,https://github.com/root-project/root/pull/13145#issuecomment-1615073699:260,test,tests,260,https://root.cern,https://github.com/root-project/root/pull/13145#issuecomment-1615073699,9,['test'],"['test', 'testReport', 'tests']"
Testability,Build failed on ROOT-ubuntu2004/python3.; Running on root-ubuntu-2004-1.cern.ch:/home/sftnight/build/workspace/root-pullrequests-build; [See console output](https://lcgapp-services.cern.ch/root-jenkins/job/root-pullrequests-build/178614/console).; ### Failing tests:; - [projectroot.roottest.python.distrdf.dask.roottest_python_distrdf_dask_test_all](https://lcgapp-services.cern.ch/root-jenkins/job/root-pullrequests-build/178614/testReport/projectroot.roottest.python.distrdf/dask/roottest_python_distrdf_dask_test_all/); - [projectroot.roottest.root.io.filemerger.roottest_root_io_filemerger_simple_lz4_compr_level9](https://lcgapp-services.cern.ch/root-jenkins/job/root-pullrequests-build/178614/testReport/projectroot.roottest.root.io/filemerger/roottest_root_io_filemerger_simple_lz4_compr_level9/); - [projectroot.roottest.root.io.filemerger.roottest_root_io_filemerger_simple_lzma_compr_level9](https://lcgapp-services.cern.ch/root-jenkins/job/root-pullrequests-build/178614/testReport/projectroot.roottest.root.io/filemerger/roottest_root_io_filemerger_simple_lzma_compr_level9/); - [projectroot.roottest.root.io.filemerger.roottest_root_io_filemerger_simplek_lz4_compr_level4](https://lcgapp-services.cern.ch/root-jenkins/job/root-pullrequests-build/178614/testReport/projectroot.roottest.root.io/filemerger/roottest_root_io_filemerger_simplek_lz4_compr_level4/); - [projectroot.roottest.root.io.issue-7754.roottest_root_io_issue_7754_read_mwe_0](https://lcgapp-services.cern.ch/root-jenkins/job/root-pullrequests-build/178614/testReport/projectroot.roottest.root.io/issue-7754/roottest_root_io_issue_7754_read_mwe_0/); - [projectroot.bindings.experimental.distrdf.test.backend.pyunittests_distrdf_unit_backend_test_dist](https://lcgapp-services.cern.ch/root-jenkins/job/root-pullrequests-build/178614/testReport/projectroot.bindings.experimental.distrdf.test/backend/pyunittests_distrdf_unit_backend_test_dist/); - [projectroot.bindings.experimental.distrdf.test.backend.pyunittests_distrdf,MatchSource.ISSUE_COMMENT,root-project,root,v6-32-06,https://github.com/root-project/root/pull/13149#issuecomment-1615284409:260,test,tests,260,https://root.cern,https://github.com/root-project/root/pull/13149#issuecomment-1615284409,4,['test'],"['testReport', 'tests']"
Testability,Build failed on ROOT-ubuntu2004/python3.; Running on root-ubuntu-2004-1.cern.ch:/home/sftnight/build/workspace/root-pullrequests-build; [See console output](https://lcgapp-services.cern.ch/root-jenkins/job/root-pullrequests-build/178655/console).; ### Failing tests:; - [projectroot.roottest.python.distrdf.dask.roottest_python_distrdf_dask_test_all](https://lcgapp-services.cern.ch/root-jenkins/job/root-pullrequests-build/178655/testReport/projectroot.roottest.python.distrdf/dask/roottest_python_distrdf_dask_test_all/),MatchSource.ISSUE_COMMENT,root-project,root,v6-32-06,https://github.com/root-project/root/pull/13151#issuecomment-1615851848:260,test,tests,260,https://root.cern,https://github.com/root-project/root/pull/13151#issuecomment-1615851848,2,['test'],"['testReport', 'tests']"
Testability,Build failed on ROOT-ubuntu2004/python3.; Running on root-ubuntu-2004-1.cern.ch:/home/sftnight/build/workspace/root-pullrequests-build; [See console output](https://lcgapp-services.cern.ch/root-jenkins/job/root-pullrequests-build/178676/console).; ### Failing tests:; - [projectroot.roottest.python.distrdf.dask.roottest_python_distrdf_dask_test_all](https://lcgapp-services.cern.ch/root-jenkins/job/root-pullrequests-build/178676/testReport/projectroot.roottest.python.distrdf/dask/roottest_python_distrdf_dask_test_all/),MatchSource.ISSUE_COMMENT,root-project,root,v6-32-06,https://github.com/root-project/root/pull/13139#issuecomment-1617461456:260,test,tests,260,https://root.cern,https://github.com/root-project/root/pull/13139#issuecomment-1617461456,2,['test'],"['testReport', 'tests']"
Testability,Build failed on ROOT-ubuntu2004/python3.; Running on root-ubuntu-2004-1.cern.ch:/home/sftnight/build/workspace/root-pullrequests-build; [See console output](https://lcgapp-services.cern.ch/root-jenkins/job/root-pullrequests-build/178690/console).; ### Failing tests:; - [projectroot.roottest.python.distrdf.dask.roottest_python_distrdf_dask_test_all](https://lcgapp-services.cern.ch/root-jenkins/job/root-pullrequests-build/178690/testReport/projectroot.roottest.python.distrdf/dask/roottest_python_distrdf_dask_test_all/),MatchSource.ISSUE_COMMENT,root-project,root,v6-32-06,https://github.com/root-project/root/pull/13153#issuecomment-1617506434:260,test,tests,260,https://root.cern,https://github.com/root-project/root/pull/13153#issuecomment-1617506434,2,['test'],"['testReport', 'tests']"
Testability,Build failed on ROOT-ubuntu2004/python3.; Running on root-ubuntu-2004-1.cern.ch:/home/sftnight/build/workspace/root-pullrequests-build; [See console output](https://lcgapp-services.cern.ch/root-jenkins/job/root-pullrequests-build/178704/console).; ### Failing tests:; - [projectroot.roottest.python.distrdf.dask.roottest_python_distrdf_dask_test_all](https://lcgapp-services.cern.ch/root-jenkins/job/root-pullrequests-build/178704/testReport/projectroot.roottest.python.distrdf/dask/roottest_python_distrdf_dask_test_all/),MatchSource.ISSUE_COMMENT,root-project,root,v6-32-06,https://github.com/root-project/root/pull/13096#issuecomment-1617790880:260,test,tests,260,https://root.cern,https://github.com/root-project/root/pull/13096#issuecomment-1617790880,2,['test'],"['testReport', 'tests']"
Testability,Build failed on ROOT-ubuntu2004/python3.; Running on root-ubuntu-2004-1.cern.ch:/home/sftnight/build/workspace/root-pullrequests-build; [See console output](https://lcgapp-services.cern.ch/root-jenkins/job/root-pullrequests-build/178718/console).; ### Failing tests:; - [projectroot.tmva.sofie.test.gtest_tmva_sofie_test_TestSofieModels](https://lcgapp-services.cern.ch/root-jenkins/job/root-pullrequests-build/178718/testReport/projectroot.tmva.sofie/test/gtest_tmva_sofie_test_TestSofieModels/),MatchSource.ISSUE_COMMENT,root-project,root,v6-32-06,https://github.com/root-project/root/pull/13144#issuecomment-1618066592:260,test,tests,260,https://root.cern,https://github.com/root-project/root/pull/13144#issuecomment-1618066592,4,['test'],"['test', 'testReport', 'tests']"
Testability,Build failed on ROOT-ubuntu2004/python3.; Running on root-ubuntu-2004-1.cern.ch:/home/sftnight/build/workspace/root-pullrequests-build; [See console output](https://lcgapp-services.cern.ch/root-jenkins/job/root-pullrequests-build/178864/console).; ### Failing tests:; - [projectroot.roottest.python.distrdf.dask.roottest_python_distrdf_dask_test_all](https://lcgapp-services.cern.ch/root-jenkins/job/root-pullrequests-build/178864/testReport/projectroot.roottest.python.distrdf/dask/roottest_python_distrdf_dask_test_all/),MatchSource.ISSUE_COMMENT,root-project,root,v6-32-06,https://github.com/root-project/root/pull/13173#issuecomment-1620081712:260,test,tests,260,https://root.cern,https://github.com/root-project/root/pull/13173#issuecomment-1620081712,2,['test'],"['testReport', 'tests']"
Testability,Build failed on ROOT-ubuntu2004/python3.; Running on root-ubuntu-2004-1.cern.ch:/home/sftnight/build/workspace/root-pullrequests-build; [See console output](https://lcgapp-services.cern.ch/root-jenkins/job/root-pullrequests-build/178976/console).; ### Failing tests:; - [projectroot.roottest.python.distrdf.dask.roottest_python_distrdf_dask_test_all](https://lcgapp-services.cern.ch/root-jenkins/job/root-pullrequests-build/178976/testReport/projectroot.roottest.python.distrdf/dask/roottest_python_distrdf_dask_test_all/),MatchSource.ISSUE_COMMENT,root-project,root,v6-32-06,https://github.com/root-project/root/pull/11265#issuecomment-1621493892:260,test,tests,260,https://root.cern,https://github.com/root-project/root/pull/11265#issuecomment-1621493892,2,['test'],"['testReport', 'tests']"
Testability,Build failed on ROOT-ubuntu2004/python3.; Running on root-ubuntu-2004-1.cern.ch:/home/sftnight/build/workspace/root-pullrequests-build; [See console output](https://lcgapp-services.cern.ch/root-jenkins/job/root-pullrequests-build/179060/console).; ### Failing tests:; - [projectroot.roottest.python.distrdf.dask.roottest_python_distrdf_dask_test_all](https://lcgapp-services.cern.ch/root-jenkins/job/root-pullrequests-build/179060/testReport/projectroot.roottest.python.distrdf/dask/roottest_python_distrdf_dask_test_all/),MatchSource.ISSUE_COMMENT,root-project,root,v6-32-06,https://github.com/root-project/root/pull/13189#issuecomment-1622438522:260,test,tests,260,https://root.cern,https://github.com/root-project/root/pull/13189#issuecomment-1622438522,2,['test'],"['testReport', 'tests']"
Testability,Build failed on ROOT-ubuntu2004/python3.; Running on root-ubuntu-2004-1.cern.ch:/home/sftnight/build/workspace/root-pullrequests-build; [See console output](https://lcgapp-services.cern.ch/root-jenkins/job/root-pullrequests-build/179081/console).; ### Failing tests:; - [projectroot.roottest.python.distrdf.dask.roottest_python_distrdf_dask_test_all](https://lcgapp-services.cern.ch/root-jenkins/job/root-pullrequests-build/179081/testReport/projectroot.roottest.python.distrdf/dask/roottest_python_distrdf_dask_test_all/),MatchSource.ISSUE_COMMENT,root-project,root,v6-32-06,https://github.com/root-project/root/pull/12948#issuecomment-1623126517:260,test,tests,260,https://root.cern,https://github.com/root-project/root/pull/12948#issuecomment-1623126517,2,['test'],"['testReport', 'tests']"
Testability,Build failed on ROOT-ubuntu2004/python3.; Running on root-ubuntu-2004-1.cern.ch:/home/sftnight/build/workspace/root-pullrequests-build; [See console output](https://lcgapp-services.cern.ch/root-jenkins/job/root-pullrequests-build/179144/console).; ### Failing tests:; - [projectroot.test.test_stressgraphics_interpreted](https://lcgapp-services.cern.ch/root-jenkins/job/root-pullrequests-build/179144/testReport/projectroot/test/test_stressgraphics_interpreted/),MatchSource.ISSUE_COMMENT,root-project,root,v6-32-06,https://github.com/root-project/root/pull/13031#issuecomment-1623686049:260,test,tests,260,https://root.cern,https://github.com/root-project/root/pull/13031#issuecomment-1623686049,4,['test'],"['test', 'testReport', 'tests']"
Testability,Build failed on ROOT-ubuntu2004/python3.; Running on root-ubuntu-2004-1.cern.ch:/home/sftnight/build/workspace/root-pullrequests-build; [See console output](https://lcgapp-services.cern.ch/root-jenkins/job/root-pullrequests-build/179284/console).; ### Failing tests:; - [projectroot.roottest.python.distrdf.dask.roottest_python_distrdf_dask_test_all](https://lcgapp-services.cern.ch/root-jenkins/job/root-pullrequests-build/179284/testReport/projectroot.roottest.python.distrdf/dask/roottest_python_distrdf_dask_test_all/),MatchSource.ISSUE_COMMENT,root-project,root,v6-32-06,https://github.com/root-project/root/pull/13206#issuecomment-1625363464:260,test,tests,260,https://root.cern,https://github.com/root-project/root/pull/13206#issuecomment-1625363464,2,['test'],"['testReport', 'tests']"
Testability,Build failed on ROOT-ubuntu2004/python3.; Running on root-ubuntu-2004-1.cern.ch:/home/sftnight/build/workspace/root-pullrequests-build; [See console output](https://lcgapp-services.cern.ch/root-jenkins/job/root-pullrequests-build/179417/console).; ### Failing tests:; - [projectroot.roottest.python.distrdf.dask.roottest_python_distrdf_dask_test_all](https://lcgapp-services.cern.ch/root-jenkins/job/root-pullrequests-build/179417/testReport/projectroot.roottest.python.distrdf/dask/roottest_python_distrdf_dask_test_all/),MatchSource.ISSUE_COMMENT,root-project,root,v6-32-06,https://github.com/root-project/root/pull/13220#issuecomment-1628800151:260,test,tests,260,https://root.cern,https://github.com/root-project/root/pull/13220#issuecomment-1628800151,2,['test'],"['testReport', 'tests']"
Testability,Build failed on ROOT-ubuntu2004/python3.; Running on root-ubuntu-2004-1.cern.ch:/home/sftnight/build/workspace/root-pullrequests-build; [See console output](https://lcgapp-services.cern.ch/root-jenkins/job/root-pullrequests-build/179467/console).; ### Failing tests:; - [projectroot.roottest.python.distrdf.dask.roottest_python_distrdf_dask_test_all](https://lcgapp-services.cern.ch/root-jenkins/job/root-pullrequests-build/179467/testReport/projectroot.roottest.python.distrdf/dask/roottest_python_distrdf_dask_test_all/),MatchSource.ISSUE_COMMENT,root-project,root,v6-32-06,https://github.com/root-project/root/pull/13217#issuecomment-1630238876:260,test,tests,260,https://root.cern,https://github.com/root-project/root/pull/13217#issuecomment-1630238876,2,['test'],"['testReport', 'tests']"
Testability,Build failed on ROOT-ubuntu2004/python3.; Running on root-ubuntu-2004-1.cern.ch:/home/sftnight/build/workspace/root-pullrequests-build; [See console output](https://lcgapp-services.cern.ch/root-jenkins/job/root-pullrequests-build/179488/console).; ### Failing tests:; - [projectroot.roottest.python.distrdf.dask.roottest_python_distrdf_dask_test_all](https://lcgapp-services.cern.ch/root-jenkins/job/root-pullrequests-build/179488/testReport/projectroot.roottest.python.distrdf/dask/roottest_python_distrdf_dask_test_all/),MatchSource.ISSUE_COMMENT,root-project,root,v6-32-06,https://github.com/root-project/root/pull/13228#issuecomment-1630820109:260,test,tests,260,https://root.cern,https://github.com/root-project/root/pull/13228#issuecomment-1630820109,2,['test'],"['testReport', 'tests']"
Testability,Build failed on ROOT-ubuntu2004/python3.; Running on root-ubuntu-2004-1.cern.ch:/home/sftnight/build/workspace/root-pullrequests-build; [See console output](https://lcgapp-services.cern.ch/root-jenkins/job/root-pullrequests-build/179530/console).; ### Failing tests:; - [projectroot.roottest.python.distrdf.common.roottest_python_distrdf_common_test_all](https://lcgapp-services.cern.ch/root-jenkins/job/root-pullrequests-build/179530/testReport/projectroot.roottest.python.distrdf/common/roottest_python_distrdf_common_test_all/); - [projectroot.roottest.python.distrdf.dask.roottest_python_distrdf_dask_test_all](https://lcgapp-services.cern.ch/root-jenkins/job/root-pullrequests-build/179530/testReport/projectroot.roottest.python.distrdf/dask/roottest_python_distrdf_dask_test_all/); - [projectroot.bindings.experimental.distrdf.test.pyunittests_distrdf_unit_test_callable_generator](https://lcgapp-services.cern.ch/root-jenkins/job/root-pullrequests-build/179530/testReport/projectroot.bindings.experimental.distrdf/test/pyunittests_distrdf_unit_test_callable_generator/); - [projectroot.bindings.experimental.distrdf.test.pyunittests_distrdf_unit_test_friendinfo](https://lcgapp-services.cern.ch/root-jenkins/job/root-pullrequests-build/179530/testReport/projectroot.bindings.experimental.distrdf/test/pyunittests_distrdf_unit_test_friendinfo/); - [projectroot.bindings.experimental.distrdf.test.pyunittests_distrdf_unit_test_headnode](https://lcgapp-services.cern.ch/root-jenkins/job/root-pullrequests-build/179530/testReport/projectroot.bindings.experimental.distrdf/test/pyunittests_distrdf_unit_test_headnode/); - [projectroot.bindings.experimental.distrdf.test.pyunittests_distrdf_unit_test_node](https://lcgapp-services.cern.ch/root-jenkins/job/root-pullrequests-build/179530/testReport/projectroot.bindings.experimental.distrdf/test/pyunittests_distrdf_unit_test_node/); - [projectroot.bindings.experimental.distrdf.test.pyunittests_distrdf_unit_test_proxy](https://lcgapp-services.cern.c,MatchSource.ISSUE_COMMENT,root-project,root,v6-32-06,https://github.com/root-project/root/pull/13232#issuecomment-1631319313:260,test,tests,260,https://root.cern,https://github.com/root-project/root/pull/13232#issuecomment-1631319313,5,['test'],"['test', 'testReport', 'tests']"
Testability,Build failed on ROOT-ubuntu2004/python3.; Running on root-ubuntu-2004-1.cern.ch:/home/sftnight/build/workspace/root-pullrequests-build; [See console output](https://lcgapp-services.cern.ch/root-jenkins/job/root-pullrequests-build/179537/console).; ### Failing tests:; - [projectroot.roottest.python.distrdf.dask.roottest_python_distrdf_dask_test_all](https://lcgapp-services.cern.ch/root-jenkins/job/root-pullrequests-build/179537/testReport/projectroot.roottest.python.distrdf/dask/roottest_python_distrdf_dask_test_all/),MatchSource.ISSUE_COMMENT,root-project,root,v6-32-06,https://github.com/root-project/root/pull/13219#issuecomment-1631429779:260,test,tests,260,https://root.cern,https://github.com/root-project/root/pull/13219#issuecomment-1631429779,2,['test'],"['testReport', 'tests']"
Testability,Build failed on ROOT-ubuntu2004/python3.; Running on root-ubuntu-2004-1.cern.ch:/home/sftnight/build/workspace/root-pullrequests-build; [See console output](https://lcgapp-services.cern.ch/root-jenkins/job/root-pullrequests-build/179579/console).; ### Failing tests:; - [projectroot.roottest.python.distrdf.dask.roottest_python_distrdf_dask_test_all](https://lcgapp-services.cern.ch/root-jenkins/job/root-pullrequests-build/179579/testReport/projectroot.roottest.python.distrdf/dask/roottest_python_distrdf_dask_test_all/),MatchSource.ISSUE_COMMENT,root-project,root,v6-32-06,https://github.com/root-project/root/pull/13236#issuecomment-1632335440:260,test,tests,260,https://root.cern,https://github.com/root-project/root/pull/13236#issuecomment-1632335440,2,['test'],"['testReport', 'tests']"
Testability,Build failed on ROOT-ubuntu2004/python3.; Running on root-ubuntu-2004-1.cern.ch:/home/sftnight/build/workspace/root-pullrequests-build; [See console output](https://lcgapp-services.cern.ch/root-jenkins/job/root-pullrequests-build/179586/console).; ### Failing tests:; - [projectroot.roottest.python.distrdf.dask.roottest_python_distrdf_dask_test_all](https://lcgapp-services.cern.ch/root-jenkins/job/root-pullrequests-build/179586/testReport/projectroot.roottest.python.distrdf/dask/roottest_python_distrdf_dask_test_all/),MatchSource.ISSUE_COMMENT,root-project,root,v6-32-06,https://github.com/root-project/root/pull/13236#issuecomment-1632419359:260,test,tests,260,https://root.cern,https://github.com/root-project/root/pull/13236#issuecomment-1632419359,2,['test'],"['testReport', 'tests']"
Testability,Build failed on ROOT-ubuntu2004/python3.; Running on root-ubuntu-2004-1.cern.ch:/home/sftnight/build/workspace/root-pullrequests-build; [See console output](https://lcgapp-services.cern.ch/root-jenkins/job/root-pullrequests-build/179628/console).; ### Failing tests:; - [projectroot.roottest.python.distrdf.dask.roottest_python_distrdf_dask_test_all](https://lcgapp-services.cern.ch/root-jenkins/job/root-pullrequests-build/179628/testReport/projectroot.roottest.python.distrdf/dask/roottest_python_distrdf_dask_test_all/),MatchSource.ISSUE_COMMENT,root-project,root,v6-32-06,https://github.com/root-project/root/pull/12945#issuecomment-1633228393:260,test,tests,260,https://root.cern,https://github.com/root-project/root/pull/12945#issuecomment-1633228393,2,['test'],"['testReport', 'tests']"
Testability,Build failed on ROOT-ubuntu2004/python3.; Running on root-ubuntu-2004-1.cern.ch:/home/sftnight/build/workspace/root-pullrequests-build; [See console output](https://lcgapp-services.cern.ch/root-jenkins/job/root-pullrequests-build/179698/console).; ### Failing tests:; - [projectroot.gui.webdisplay.test.test_webgui_ping](https://lcgapp-services.cern.ch/root-jenkins/job/root-pullrequests-build/179698/testReport/projectroot.gui.webdisplay/test/test_webgui_ping/),MatchSource.ISSUE_COMMENT,root-project,root,v6-32-06,https://github.com/root-project/root/pull/13243#issuecomment-1634611539:260,test,tests,260,https://root.cern,https://github.com/root-project/root/pull/13243#issuecomment-1634611539,4,['test'],"['test', 'testReport', 'tests']"
Testability,Build failed on ROOT-ubuntu2004/python3.; Running on root-ubuntu-2004-1.cern.ch:/home/sftnight/build/workspace/root-pullrequests-build; [See console output](https://lcgapp-services.cern.ch/root-jenkins/job/root-pullrequests-build/179810/console).; ### Warnings:; - [2023-07-14T09:30:17.345Z] CMake Warning at cmake/modules/CheckCompiler.cmake:133 (message): . ### Failing tests:; - [projectroot.gui.webdisplay.test.test_webgui_ping](https://lcgapp-services.cern.ch/root-jenkins/job/root-pullrequests-build/179810/testReport/projectroot.gui.webdisplay/test/test_webgui_ping/); - [projectroot.roottest.python.distrdf.dask.roottest_python_distrdf_dask_test_all](https://lcgapp-services.cern.ch/root-jenkins/job/root-pullrequests-build/179810/testReport/projectroot.roottest.python.distrdf/dask/roottest_python_distrdf_dask_test_all/),MatchSource.ISSUE_COMMENT,root-project,root,v6-32-06,https://github.com/root-project/root/pull/13243#issuecomment-1635624116:372,test,tests,372,https://root.cern,https://github.com/root-project/root/pull/13243#issuecomment-1635624116,5,['test'],"['test', 'testReport', 'tests']"
Testability,Build failed on ROOT-ubuntu2004/python3.; Running on root-ubuntu-2004-1.cern.ch:/home/sftnight/build/workspace/root-pullrequests-build; [See console output](https://lcgapp-services.cern.ch/root-jenkins/job/root-pullrequests-build/179831/console).; ### Failing tests:; - [projectroot.roottest.python.distrdf.dask.roottest_python_distrdf_dask_test_all](https://lcgapp-services.cern.ch/root-jenkins/job/root-pullrequests-build/179831/testReport/projectroot.roottest.python.distrdf/dask/roottest_python_distrdf_dask_test_all/),MatchSource.ISSUE_COMMENT,root-project,root,v6-32-06,https://github.com/root-project/root/pull/13255#issuecomment-1635790346:260,test,tests,260,https://root.cern,https://github.com/root-project/root/pull/13255#issuecomment-1635790346,2,['test'],"['testReport', 'tests']"
Testability,Build failed on ROOT-ubuntu2004/python3.; Running on root-ubuntu-2004-1.cern.ch:/home/sftnight/build/workspace/root-pullrequests-build; [See console output](https://lcgapp-services.cern.ch/root-jenkins/job/root-pullrequests-build/179845/console).; ### Failing tests:; - [projectroot.gui.webdisplay.test.test_webgui_ping](https://lcgapp-services.cern.ch/root-jenkins/job/root-pullrequests-build/179845/testReport/projectroot.gui.webdisplay/test/test_webgui_ping/),MatchSource.ISSUE_COMMENT,root-project,root,v6-32-06,https://github.com/root-project/root/pull/13243#issuecomment-1635830323:260,test,tests,260,https://root.cern,https://github.com/root-project/root/pull/13243#issuecomment-1635830323,4,['test'],"['test', 'testReport', 'tests']"
Testability,Build failed on ROOT-ubuntu2004/python3.; Running on root-ubuntu-2004-1.cern.ch:/home/sftnight/build/workspace/root-pullrequests-build; [See console output](https://lcgapp-services.cern.ch/root-jenkins/job/root-pullrequests-build/179887/console).; ### Failing tests:; - [projectroot.gui.webdisplay.test.test_webgui_ping](https://lcgapp-services.cern.ch/root-jenkins/job/root-pullrequests-build/179887/testReport/projectroot.gui.webdisplay/test/test_webgui_ping/),MatchSource.ISSUE_COMMENT,root-project,root,v6-32-06,https://github.com/root-project/root/pull/13257#issuecomment-1636106128:260,test,tests,260,https://root.cern,https://github.com/root-project/root/pull/13257#issuecomment-1636106128,4,['test'],"['test', 'testReport', 'tests']"
Testability,Build failed on ROOT-ubuntu2004/python3.; Running on root-ubuntu-2004-1.cern.ch:/home/sftnight/build/workspace/root-pullrequests-build; [See console output](https://lcgapp-services.cern.ch/root-jenkins/job/root-pullrequests-build/179945/console).; ### Failing tests:; - [projectroot.tree.dataframe.test.gtest_tree_dataframe_test_dataframe_datasetspec](https://lcgapp-services.cern.ch/root-jenkins/job/root-pullrequests-build/179945/testReport/projectroot.tree.dataframe/test/gtest_tree_dataframe_test_dataframe_datasetspec/),MatchSource.ISSUE_COMMENT,root-project,root,v6-32-06,https://github.com/root-project/root/pull/12485#issuecomment-1637892166:260,test,tests,260,https://root.cern,https://github.com/root-project/root/pull/12485#issuecomment-1637892166,4,['test'],"['test', 'testReport', 'tests']"
Testability,Build failed on ROOT-ubuntu2004/python3.; Running on root-ubuntu-2004-1.cern.ch:/home/sftnight/build/workspace/root-pullrequests-build; [See console output](https://lcgapp-services.cern.ch/root-jenkins/job/root-pullrequests-build/179966/console).; ### Failing tests:; - [projectroot.roottest.python.distrdf.dask.roottest_python_distrdf_dask_test_all](https://lcgapp-services.cern.ch/root-jenkins/job/root-pullrequests-build/179966/testReport/projectroot.roottest.python.distrdf/dask/roottest_python_distrdf_dask_test_all/); - [projectroot.tmva.sofie.test.gtest_tmva_sofie_test_TestSofieModels](https://lcgapp-services.cern.ch/root-jenkins/job/root-pullrequests-build/179966/testReport/projectroot.tmva.sofie/test/gtest_tmva_sofie_test_TestSofieModels/); - [projectroot.tree.dataframe.test.gtest_tree_dataframe_test_dataframe_datasetspec](https://lcgapp-services.cern.ch/root-jenkins/job/root-pullrequests-build/179966/testReport/projectroot.tree.dataframe/test/gtest_tree_dataframe_test_dataframe_datasetspec/),MatchSource.ISSUE_COMMENT,root-project,root,v6-32-06,https://github.com/root-project/root/pull/13260#issuecomment-1637961588:260,test,tests,260,https://root.cern,https://github.com/root-project/root/pull/13260#issuecomment-1637961588,8,['test'],"['test', 'testReport', 'tests']"
Testability,Build failed on ROOT-ubuntu2004/python3.; Running on root-ubuntu-2004-1.cern.ch:/home/sftnight/build/workspace/root-pullrequests-build; [See console output](https://lcgapp-services.cern.ch/root-jenkins/job/root-pullrequests-build/180017/console).; ### Failing tests:; - [projectroot.roottest.python.distrdf.dask.roottest_python_distrdf_dask_test_all](https://lcgapp-services.cern.ch/root-jenkins/job/root-pullrequests-build/180017/testReport/projectroot.roottest.python.distrdf/dask/roottest_python_distrdf_dask_test_all/),MatchSource.ISSUE_COMMENT,root-project,root,v6-32-06,https://github.com/root-project/root/pull/13264#issuecomment-1638975631:260,test,tests,260,https://root.cern,https://github.com/root-project/root/pull/13264#issuecomment-1638975631,2,['test'],"['testReport', 'tests']"
Testability,Build failed on ROOT-ubuntu2004/python3.; Running on root-ubuntu-2004-1.cern.ch:/home/sftnight/build/workspace/root-pullrequests-build; [See console output](https://lcgapp-services.cern.ch/root-jenkins/job/root-pullrequests-build/180039/console).; ### Failing tests:; - [projectroot.roottest.python.distrdf.dask.roottest_python_distrdf_dask_test_all](https://lcgapp-services.cern.ch/root-jenkins/job/root-pullrequests-build/180039/testReport/projectroot.roottest.python.distrdf/dask/roottest_python_distrdf_dask_test_all/),MatchSource.ISSUE_COMMENT,root-project,root,v6-32-06,https://github.com/root-project/root/pull/12948#issuecomment-1639909682:260,test,tests,260,https://root.cern,https://github.com/root-project/root/pull/12948#issuecomment-1639909682,2,['test'],"['testReport', 'tests']"
Testability,Build failed on ROOT-ubuntu2004/python3.; Running on root-ubuntu-2004-1.cern.ch:/home/sftnight/build/workspace/root-pullrequests-build; [See console output](https://lcgapp-services.cern.ch/root-jenkins/job/root-pullrequests-build/180053/console).; ### Failing tests:; - [projectroot.tmva.sofie.test.gtest_tmva_sofie_test_TestSofieModels](https://lcgapp-services.cern.ch/root-jenkins/job/root-pullrequests-build/180053/testReport/projectroot.tmva.sofie/test/gtest_tmva_sofie_test_TestSofieModels/),MatchSource.ISSUE_COMMENT,root-project,root,v6-32-06,https://github.com/root-project/root/pull/13267#issuecomment-1639955672:260,test,tests,260,https://root.cern,https://github.com/root-project/root/pull/13267#issuecomment-1639955672,4,['test'],"['test', 'testReport', 'tests']"
Testability,Build failed on ROOT-ubuntu2004/python3.; Running on root-ubuntu-2004-1.cern.ch:/home/sftnight/build/workspace/root-pullrequests-build; [See console output](https://lcgapp-services.cern.ch/root-jenkins/job/root-pullrequests-build/180060/console).; ### Failing tests:; - [projectroot.roottest.python.distrdf.dask.roottest_python_distrdf_dask_test_all](https://lcgapp-services.cern.ch/root-jenkins/job/root-pullrequests-build/180060/testReport/projectroot.roottest.python.distrdf/dask/roottest_python_distrdf_dask_test_all/),MatchSource.ISSUE_COMMENT,root-project,root,v6-32-06,https://github.com/root-project/root/pull/13268#issuecomment-1640022979:260,test,tests,260,https://root.cern,https://github.com/root-project/root/pull/13268#issuecomment-1640022979,2,['test'],"['testReport', 'tests']"
Testability,Build failed on ROOT-ubuntu2004/python3.; Running on root-ubuntu-2004-1.cern.ch:/home/sftnight/build/workspace/root-pullrequests-build; [See console output](https://lcgapp-services.cern.ch/root-jenkins/job/root-pullrequests-build/180074/console).; ### Failing tests:; - [projectroot.tmva.sofie.test.gtest_tmva_sofie_test_TestSofieModels](https://lcgapp-services.cern.ch/root-jenkins/job/root-pullrequests-build/180074/testReport/projectroot.tmva.sofie/test/gtest_tmva_sofie_test_TestSofieModels/),MatchSource.ISSUE_COMMENT,root-project,root,v6-32-06,https://github.com/root-project/root/pull/13268#issuecomment-1640137261:260,test,tests,260,https://root.cern,https://github.com/root-project/root/pull/13268#issuecomment-1640137261,4,['test'],"['test', 'testReport', 'tests']"
Testability,Build failed on ROOT-ubuntu2004/python3.; Running on root-ubuntu-2004-1.cern.ch:/home/sftnight/build/workspace/root-pullrequests-build; [See console output](https://lcgapp-services.cern.ch/root-jenkins/job/root-pullrequests-build/180082/console).; ### Warnings:; - [2023-07-18T14:52:24.429Z] CMake Warning at interpreter/llvm-project/llvm/CMakeLists.txt:5 (message): ; - [2023-07-18T14:52:24.429Z] CMake Warning at interpreter/llvm-project/llvm/CMakeLists.txt:75 (message): . ### Failing tests:; - [projectroot.roottest.root.io.perf.roottest_root_io_perf_make](https://lcgapp-services.cern.ch/root-jenkins/job/root-pullrequests-build/180082/testReport/projectroot.roottest.root.io/perf/roottest_root_io_perf_make/); - [projectroot.roottest.root.io.stdarray.roottest_root_io_stdarray_aclicModelWrite](https://lcgapp-services.cern.ch/root-jenkins/job/root-pullrequests-build/180082/testReport/projectroot.roottest.root.io/stdarray/roottest_root_io_stdarray_aclicModelWrite/); - [projectroot.roottest.root.io.uniquePointer.roottest_root_io_uniquePointer_writePtrColls](https://lcgapp-services.cern.ch/root-jenkins/job/root-pullrequests-build/180082/testReport/projectroot.roottest.root.io/uniquePointer/roottest_root_io_uniquePointer_writePtrColls/); - [projectroot.roottest.root.io.uniquePointer.roottest_root_io_uniquePointer_writeUniqPtrColls](https://lcgapp-services.cern.ch/root-jenkins/job/root-pullrequests-build/180082/testReport/projectroot.roottest.root.io/uniquePointer/roottest_root_io_uniquePointer_writeUniqPtrColls/); - [projectroot.roottest.root.meta.evolution.roottest_root_meta_evolution_execBaseClass_v1](https://lcgapp-services.cern.ch/root-jenkins/job/root-pullrequests-build/180082/testReport/projectroot.roottest.root.meta/evolution/roottest_root_meta_evolution_execBaseClass_v1/); - [projectroot.roottest.root.meta.evolution.roottest_root_meta_evolution_execMixedBaseClass_v1](https://lcgapp-services.cern.ch/root-jenkins/job/root-pullrequests-build/180082/testReport/projectroot.,MatchSource.ISSUE_COMMENT,root-project,root,v6-32-06,https://github.com/root-project/root/pull/13273#issuecomment-1640515915:488,test,tests,488,https://root.cern,https://github.com/root-project/root/pull/13273#issuecomment-1640515915,3,['test'],"['testReport', 'tests']"
Testability,Build failed on ROOT-ubuntu2004/python3.; Running on root-ubuntu-2004-1.cern.ch:/home/sftnight/build/workspace/root-pullrequests-build; [See console output](https://lcgapp-services.cern.ch/root-jenkins/job/root-pullrequests-build/180180/console).; ### Failing tests:; - [projectroot.gui.webdisplay.test.test_webgui_ping](https://lcgapp-services.cern.ch/root-jenkins/job/root-pullrequests-build/180180/testReport/projectroot.gui.webdisplay/test/test_webgui_ping/); - [projectroot.roottest.python.distrdf.dask.roottest_python_distrdf_dask_test_all](https://lcgapp-services.cern.ch/root-jenkins/job/root-pullrequests-build/180180/testReport/projectroot.roottest.python.distrdf/dask/roottest_python_distrdf_dask_test_all/),MatchSource.ISSUE_COMMENT,root-project,root,v6-32-06,https://github.com/root-project/root/pull/13243#issuecomment-1642004249:260,test,tests,260,https://root.cern,https://github.com/root-project/root/pull/13243#issuecomment-1642004249,5,['test'],"['test', 'testReport', 'tests']"
Testability,Build failed on ROOT-ubuntu2004/python3.; Running on root-ubuntu-2004-1.cern.ch:/home/sftnight/build/workspace/root-pullrequests-build; [See console output](https://lcgapp-services.cern.ch/root-jenkins/job/root-pullrequests-build/180342/console).; ### Failing tests:; - [projectroot.roottest.python.distrdf.common.roottest_python_distrdf_common_test_all](https://lcgapp-services.cern.ch/root-jenkins/job/root-pullrequests-build/180342/testReport/projectroot.roottest.python.distrdf/common/roottest_python_distrdf_common_test_all/); - [projectroot.roottest.python.distrdf.dask.roottest_python_distrdf_dask_test_all](https://lcgapp-services.cern.ch/root-jenkins/job/root-pullrequests-build/180342/testReport/projectroot.roottest.python.distrdf/dask/roottest_python_distrdf_dask_test_all/); - [projectroot.bindings.experimental.distrdf.test.pyunittests_distrdf_unit_test_headnode](https://lcgapp-services.cern.ch/root-jenkins/job/root-pullrequests-build/180342/testReport/projectroot.bindings.experimental.distrdf/test/pyunittests_distrdf_unit_test_headnode/); - [projectroot.bindings.experimental.distrdf.test.backend.pyunittests_distrdf_unit_backend_test_graph_caching](https://lcgapp-services.cern.ch/root-jenkins/job/root-pullrequests-build/180342/testReport/projectroot.bindings.experimental.distrdf.test/backend/pyunittests_distrdf_unit_backend_test_graph_caching/); - [projectroot.bindings.experimental.distrdf.test.backend.pyunittests_distrdf_unit_backend_test_dist](https://lcgapp-services.cern.ch/root-jenkins/job/root-pullrequests-build/180342/testReport/projectroot.bindings.experimental.distrdf.test/backend/pyunittests_distrdf_unit_backend_test_dist/); - [projectroot.bindings.pyroot.pythonizations.test.pyunittests_pyroot_pyz_pretty_printing](https://lcgapp-services.cern.ch/root-jenkins/job/root-pullrequests-build/180342/testReport/projectroot.bindings.pyroot.pythonizations/test/pyunittests_pyroot_pyz_pretty_printing/); - [projectroot.bindings.pyroot.pythonizations.test.pyunittests_py,MatchSource.ISSUE_COMMENT,root-project,root,v6-32-06,https://github.com/root-project/root/pull/13297#issuecomment-1645633355:260,test,tests,260,https://root.cern,https://github.com/root-project/root/pull/13297#issuecomment-1645633355,5,['test'],"['test', 'testReport', 'tests']"
Testability,Build failed on ROOT-ubuntu2004/python3.; Running on root-ubuntu-2004-1.cern.ch:/home/sftnight/build/workspace/root-pullrequests-build; [See console output](https://lcgapp-services.cern.ch/root-jenkins/job/root-pullrequests-build/180391/console).; ### Failing tests:; - [projectroot.roottest.python.distrdf.dask.roottest_python_distrdf_dask_test_all](https://lcgapp-services.cern.ch/root-jenkins/job/root-pullrequests-build/180391/testReport/projectroot.roottest.python.distrdf/dask/roottest_python_distrdf_dask_test_all/),MatchSource.ISSUE_COMMENT,root-project,root,v6-32-06,https://github.com/root-project/root/pull/13301#issuecomment-1646098516:260,test,tests,260,https://root.cern,https://github.com/root-project/root/pull/13301#issuecomment-1646098516,2,['test'],"['testReport', 'tests']"
Testability,Build failed on ROOT-ubuntu2004/python3.; Running on root-ubuntu-2004-1.cern.ch:/home/sftnight/build/workspace/root-pullrequests-build; [See console output](https://lcgapp-services.cern.ch/root-jenkins/job/root-pullrequests-build/180412/console).; ### Failing tests:; - [projectroot.roottest.python.distrdf.dask.roottest_python_distrdf_dask_test_all](https://lcgapp-services.cern.ch/root-jenkins/job/root-pullrequests-build/180412/testReport/projectroot.roottest.python.distrdf/dask/roottest_python_distrdf_dask_test_all/),MatchSource.ISSUE_COMMENT,root-project,root,v6-32-06,https://github.com/root-project/root/pull/13264#issuecomment-1646548297:260,test,tests,260,https://root.cern,https://github.com/root-project/root/pull/13264#issuecomment-1646548297,2,['test'],"['testReport', 'tests']"
Testability,Build failed on ROOT-ubuntu2004/python3.; Running on root-ubuntu-2004-1.cern.ch:/home/sftnight/build/workspace/root-pullrequests-build; [See console output](https://lcgapp-services.cern.ch/root-jenkins/job/root-pullrequests-build/180638/console).; ### Failing tests:; - [projectroot.roottest.python.distrdf.dask.roottest_python_distrdf_dask_test_all](https://lcgapp-services.cern.ch/root-jenkins/job/root-pullrequests-build/180638/testReport/projectroot.roottest.python.distrdf/dask/roottest_python_distrdf_dask_test_all/),MatchSource.ISSUE_COMMENT,root-project,root,v6-32-06,https://github.com/root-project/root/pull/13090#issuecomment-1650026959:260,test,tests,260,https://root.cern,https://github.com/root-project/root/pull/13090#issuecomment-1650026959,2,['test'],"['testReport', 'tests']"
Testability,Build failed on ROOT-ubuntu2004/python3.; Running on root-ubuntu-2004-1.cern.ch:/home/sftnight/build/workspace/root-pullrequests-build; [See console output](https://lcgapp-services.cern.ch/root-jenkins/job/root-pullrequests-build/180645/console).; ### Failing tests:; - [projectroot.roottest.python.distrdf.dask.roottest_python_distrdf_dask_test_all](https://lcgapp-services.cern.ch/root-jenkins/job/root-pullrequests-build/180645/testReport/projectroot.roottest.python.distrdf/dask/roottest_python_distrdf_dask_test_all/),MatchSource.ISSUE_COMMENT,root-project,root,v6-32-06,https://github.com/root-project/root/pull/12948#issuecomment-1650080293:260,test,tests,260,https://root.cern,https://github.com/root-project/root/pull/12948#issuecomment-1650080293,2,['test'],"['testReport', 'tests']"
Testability,Build failed on ROOT-ubuntu2004/python3.; Running on root-ubuntu-2004-1.cern.ch:/home/sftnight/build/workspace/root-pullrequests-build; [See console output](https://lcgapp-services.cern.ch/root-jenkins/job/root-pullrequests-build/180694/console).; ### Failing tests:; - [projectroot.roottest.python.distrdf.dask.roottest_python_distrdf_dask_test_all](https://lcgapp-services.cern.ch/root-jenkins/job/root-pullrequests-build/180694/testReport/projectroot.roottest.python.distrdf/dask/roottest_python_distrdf_dask_test_all/),MatchSource.ISSUE_COMMENT,root-project,root,v6-32-06,https://github.com/root-project/root/pull/13321#issuecomment-1651194217:260,test,tests,260,https://root.cern,https://github.com/root-project/root/pull/13321#issuecomment-1651194217,2,['test'],"['testReport', 'tests']"
Testability,Build failed on ROOT-ubuntu2004/python3.; Running on root-ubuntu-2004-1.cern.ch:/home/sftnight/build/workspace/root-pullrequests-build; [See console output](https://lcgapp-services.cern.ch/root-jenkins/job/root-pullrequests-build/180708/console).; ### Failing tests:; - [projectroot.tmva.sofie.test.gtest_tmva_sofie_test_TestSofieModels](https://lcgapp-services.cern.ch/root-jenkins/job/root-pullrequests-build/180708/testReport/projectroot.tmva.sofie/test/gtest_tmva_sofie_test_TestSofieModels/),MatchSource.ISSUE_COMMENT,root-project,root,v6-32-06,https://github.com/root-project/root/pull/13324#issuecomment-1651316939:260,test,tests,260,https://root.cern,https://github.com/root-project/root/pull/13324#issuecomment-1651316939,4,['test'],"['test', 'testReport', 'tests']"
Testability,Build failed on ROOT-ubuntu2004/python3.; Running on root-ubuntu-2004-1.cern.ch:/home/sftnight/build/workspace/root-pullrequests-build; [See console output](https://lcgapp-services.cern.ch/root-jenkins/job/root-pullrequests-build/180806/console).; ### Failing tests:; - [projectroot.roottest.python.distrdf.dask.roottest_python_distrdf_dask_test_all](https://lcgapp-services.cern.ch/root-jenkins/job/root-pullrequests-build/180806/testReport/projectroot.roottest.python.distrdf/dask/roottest_python_distrdf_dask_test_all/),MatchSource.ISSUE_COMMENT,root-project,root,v6-32-06,https://github.com/root-project/root/pull/13330#issuecomment-1651956593:260,test,tests,260,https://root.cern,https://github.com/root-project/root/pull/13330#issuecomment-1651956593,2,['test'],"['testReport', 'tests']"
Testability,Build failed on ROOT-ubuntu2004/python3.; Running on root-ubuntu-2004-1.cern.ch:/home/sftnight/build/workspace/root-pullrequests-build; [See console output](https://lcgapp-services.cern.ch/root-jenkins/job/root-pullrequests-build/180862/console).; ### Failing tests:; - [projectroot.tmva.pymva.test.PyMVA_Keras_Regression](https://lcgapp-services.cern.ch/root-jenkins/job/root-pullrequests-build/180862/testReport/projectroot.tmva.pymva/test/PyMVA_Keras_Regression/),MatchSource.ISSUE_COMMENT,root-project,root,v6-32-06,https://github.com/root-project/root/pull/13335#issuecomment-1652338503:260,test,tests,260,https://root.cern,https://github.com/root-project/root/pull/13335#issuecomment-1652338503,4,['test'],"['test', 'testReport', 'tests']"
Testability,Build failed on ROOT-ubuntu2004/python3.; Running on root-ubuntu-2004-1.cern.ch:/home/sftnight/build/workspace/root-pullrequests-build; [See console output](https://lcgapp-services.cern.ch/root-jenkins/job/root-pullrequests-build/181030/console).; ### Failing tests:; - [projectroot.roottest.python.distrdf.dask.roottest_python_distrdf_dask_test_all](https://lcgapp-services.cern.ch/root-jenkins/job/root-pullrequests-build/181030/testReport/projectroot.roottest.python.distrdf/dask/roottest_python_distrdf_dask_test_all/),MatchSource.ISSUE_COMMENT,root-project,root,v6-32-06,https://github.com/root-project/root/pull/13302#issuecomment-1656632258:260,test,tests,260,https://root.cern,https://github.com/root-project/root/pull/13302#issuecomment-1656632258,2,['test'],"['testReport', 'tests']"
Testability,Build failed on ROOT-ubuntu2004/python3.; Running on root-ubuntu-2004-1.cern.ch:/home/sftnight/build/workspace/root-pullrequests-build; [See console output](https://lcgapp-services.cern.ch/root-jenkins/job/root-pullrequests-build/181044/console).; ### Failing tests:; - [projectroot.roottest.python.distrdf.dask.roottest_python_distrdf_dask_test_all](https://lcgapp-services.cern.ch/root-jenkins/job/root-pullrequests-build/181044/testReport/projectroot.roottest.python.distrdf/dask/roottest_python_distrdf_dask_test_all/),MatchSource.ISSUE_COMMENT,root-project,root,v6-32-06,https://github.com/root-project/root/pull/13349#issuecomment-1656695810:260,test,tests,260,https://root.cern,https://github.com/root-project/root/pull/13349#issuecomment-1656695810,2,['test'],"['testReport', 'tests']"
Testability,Build failed on ROOT-ubuntu2004/python3.; Running on root-ubuntu-2004-1.cern.ch:/home/sftnight/build/workspace/root-pullrequests-build; [See console output](https://lcgapp-services.cern.ch/root-jenkins/job/root-pullrequests-build/181114/console).; ### Failing tests:; - [projectroot.roottest.python.distrdf.dask.roottest_python_distrdf_dask_test_all](https://lcgapp-services.cern.ch/root-jenkins/job/root-pullrequests-build/181114/testReport/projectroot.roottest.python.distrdf/dask/roottest_python_distrdf_dask_test_all/),MatchSource.ISSUE_COMMENT,root-project,root,v6-32-06,https://github.com/root-project/root/pull/13353#issuecomment-1657930509:260,test,tests,260,https://root.cern,https://github.com/root-project/root/pull/13353#issuecomment-1657930509,2,['test'],"['testReport', 'tests']"
Testability,Build failed on ROOT-ubuntu2004/python3.; Running on root-ubuntu-2004-1.cern.ch:/home/sftnight/build/workspace/root-pullrequests-build; [See console output](https://lcgapp-services.cern.ch/root-jenkins/job/root-pullrequests-build/181135/console).; ### Failing tests:; - [projectroot.roottest.root.dataframe.roottest_root_dataframe_test_readTotemNtuple](https://lcgapp-services.cern.ch/root-jenkins/job/root-pullrequests-build/181135/testReport/projectroot.roottest.root/dataframe/roottest_root_dataframe_test_readTotemNtuple/),MatchSource.ISSUE_COMMENT,root-project,root,v6-32-06,https://github.com/root-project/root/pull/13090#issuecomment-1658099942:260,test,tests,260,https://root.cern,https://github.com/root-project/root/pull/13090#issuecomment-1658099942,2,['test'],"['testReport', 'tests']"
Testability,Build failed on ROOT-ubuntu2004/python3.; Running on root-ubuntu-2004-1.cern.ch:/home/sftnight/build/workspace/root-pullrequests-build; [See console output](https://lcgapp-services.cern.ch/root-jenkins/job/root-pullrequests-build/181207/console).; ### Failing tests:; - [projectroot.roottest.python.distrdf.dask.roottest_python_distrdf_dask_test_all](https://lcgapp-services.cern.ch/root-jenkins/job/root-pullrequests-build/181207/testReport/projectroot.roottest.python.distrdf/dask/roottest_python_distrdf_dask_test_all/),MatchSource.ISSUE_COMMENT,root-project,root,v6-32-06,https://github.com/root-project/root/pull/13343#issuecomment-1658584364:260,test,tests,260,https://root.cern,https://github.com/root-project/root/pull/13343#issuecomment-1658584364,2,['test'],"['testReport', 'tests']"
Testability,Build failed on ROOT-ubuntu2004/python3.; Running on root-ubuntu-2004-1.cern.ch:/home/sftnight/build/workspace/root-pullrequests-build; [See console output](https://lcgapp-services.cern.ch/root-jenkins/job/root-pullrequests-build/181264/console).; ### Failing tests:; - [projectroot.roottest.python.distrdf.dask.roottest_python_distrdf_dask_test_all](https://lcgapp-services.cern.ch/root-jenkins/job/root-pullrequests-build/181264/testReport/projectroot.roottest.python.distrdf/dask/roottest_python_distrdf_dask_test_all/),MatchSource.ISSUE_COMMENT,root-project,root,v6-32-06,https://github.com/root-project/root/pull/13348#issuecomment-1659265151:260,test,tests,260,https://root.cern,https://github.com/root-project/root/pull/13348#issuecomment-1659265151,2,['test'],"['testReport', 'tests']"
Testability,Build failed on ROOT-ubuntu2004/python3.; Running on root-ubuntu-2004-1.cern.ch:/home/sftnight/build/workspace/root-pullrequests-build; [See console output](https://lcgapp-services.cern.ch/root-jenkins/job/root-pullrequests-build/181328/console).; ### Failing tests:; - [projectroot.roottest.python.distrdf.dask.roottest_python_distrdf_dask_test_all](https://lcgapp-services.cern.ch/root-jenkins/job/root-pullrequests-build/181328/testReport/projectroot.roottest.python.distrdf/dask/roottest_python_distrdf_dask_test_all/),MatchSource.ISSUE_COMMENT,root-project,root,v6-32-06,https://github.com/root-project/root/pull/13363#issuecomment-1660138809:260,test,tests,260,https://root.cern,https://github.com/root-project/root/pull/13363#issuecomment-1660138809,2,['test'],"['testReport', 'tests']"
Testability,Build failed on ROOT-ubuntu2004/python3.; Running on root-ubuntu-2004-1.cern.ch:/home/sftnight/build/workspace/root-pullrequests-build; [See console output](https://lcgapp-services.cern.ch/root-jenkins/job/root-pullrequests-build/181363/console).; ### Failing tests:; - [projectroot.roottest.python.distrdf.dask.roottest_python_distrdf_dask_test_all](https://lcgapp-services.cern.ch/root-jenkins/job/root-pullrequests-build/181363/testReport/projectroot.roottest.python.distrdf/dask/roottest_python_distrdf_dask_test_all/),MatchSource.ISSUE_COMMENT,root-project,root,v6-32-06,https://github.com/root-project/root/pull/13362#issuecomment-1660191059:260,test,tests,260,https://root.cern,https://github.com/root-project/root/pull/13362#issuecomment-1660191059,2,['test'],"['testReport', 'tests']"
Testability,Build failed on ROOT-ubuntu2004/python3.; Running on root-ubuntu-2004-1.cern.ch:/home/sftnight/build/workspace/root-pullrequests-build; [See console output](https://lcgapp-services.cern.ch/root-jenkins/job/root-pullrequests-build/181377/console).; ### Failing tests:; - [projectroot.roottest.python.distrdf.dask.roottest_python_distrdf_dask_test_all](https://lcgapp-services.cern.ch/root-jenkins/job/root-pullrequests-build/181377/testReport/projectroot.roottest.python.distrdf/dask/roottest_python_distrdf_dask_test_all/),MatchSource.ISSUE_COMMENT,root-project,root,v6-32-06,https://github.com/root-project/root/pull/13320#issuecomment-1660247911:260,test,tests,260,https://root.cern,https://github.com/root-project/root/pull/13320#issuecomment-1660247911,2,['test'],"['testReport', 'tests']"
Testability,Build failed on ROOT-ubuntu2004/python3.; Running on root-ubuntu-2004-1.cern.ch:/home/sftnight/build/workspace/root-pullrequests-build; [See console output](https://lcgapp-services.cern.ch/root-jenkins/job/root-pullrequests-build/181405/console).; ### Failing tests:; - [projectroot.roottest.python.distrdf.dask.roottest_python_distrdf_dask_test_all](https://lcgapp-services.cern.ch/root-jenkins/job/root-pullrequests-build/181405/testReport/projectroot.roottest.python.distrdf/dask/roottest_python_distrdf_dask_test_all/),MatchSource.ISSUE_COMMENT,root-project,root,v6-32-06,https://github.com/root-project/root/pull/13210#issuecomment-1660404455:260,test,tests,260,https://root.cern,https://github.com/root-project/root/pull/13210#issuecomment-1660404455,2,['test'],"['testReport', 'tests']"
Testability,Build failed on ROOT-ubuntu2004/python3.; Running on root-ubuntu-2004-1.cern.ch:/home/sftnight/build/workspace/root-pullrequests-build; [See console output](https://lcgapp-services.cern.ch/root-jenkins/job/root-pullrequests-build/181580/console).; ### Failing tests:; - [projectroot.tree.dataframe.test.gtest_tree_dataframe_test_dataframe_snapshot](https://lcgapp-services.cern.ch/root-jenkins/job/root-pullrequests-build/181580/testReport/projectroot.tree.dataframe/test/gtest_tree_dataframe_test_dataframe_snapshot/),MatchSource.ISSUE_COMMENT,root-project,root,v6-32-06,https://github.com/root-project/root/pull/13386#issuecomment-1662799030:260,test,tests,260,https://root.cern,https://github.com/root-project/root/pull/13386#issuecomment-1662799030,4,['test'],"['test', 'testReport', 'tests']"
Testability,Build failed on ROOT-ubuntu2004/python3.; Running on root-ubuntu-2004-1.cern.ch:/home/sftnight/build/workspace/root-pullrequests-build; [See console output](https://lcgapp-services.cern.ch/root-jenkins/job/root-pullrequests-build/181608/console).; ### Warnings:; - [2023-08-03T08:53:15.946Z] /home/sftnight/build/workspace/root-pullrequests-build/root/tree/dataframe/test/dataframe_helpers.cxx:741:8: warning: extra tokens at end of #endif directive [-Wendif-labels],MatchSource.ISSUE_COMMENT,root-project,root,v6-32-06,https://github.com/root-project/root/pull/13210#issuecomment-1663609279:367,test,test,367,https://root.cern,https://github.com/root-project/root/pull/13210#issuecomment-1663609279,1,['test'],['test']
Testability,Build failed on ROOT-ubuntu2004/python3.; Running on root-ubuntu-2004-1.cern.ch:/home/sftnight/build/workspace/root-pullrequests-build; [See console output](https://lcgapp-services.cern.ch/root-jenkins/job/root-pullrequests-build/181615/console).; ### Failing tests:; - [projectroot.roottest.python.distrdf.dask.roottest_python_distrdf_dask_test_all](https://lcgapp-services.cern.ch/root-jenkins/job/root-pullrequests-build/181615/testReport/projectroot.roottest.python.distrdf/dask/roottest_python_distrdf_dask_test_all/),MatchSource.ISSUE_COMMENT,root-project,root,v6-32-06,https://github.com/root-project/root/pull/13382#issuecomment-1663677160:260,test,tests,260,https://root.cern,https://github.com/root-project/root/pull/13382#issuecomment-1663677160,2,['test'],"['testReport', 'tests']"
Testability,Build failed on ROOT-ubuntu2004/python3.; Running on root-ubuntu-2004-1.cern.ch:/home/sftnight/build/workspace/root-pullrequests-build; [See console output](https://lcgapp-services.cern.ch/root-jenkins/job/root-pullrequests-build/181622/console).; ### Failing tests:; - [projectroot.bindings.pyroot.pythonizations.test.pyunittests_pyroot_string_view_backport](https://lcgapp-services.cern.ch/root-jenkins/job/root-pullrequests-build/181622/testReport/projectroot.bindings.pyroot.pythonizations/test/pyunittests_pyroot_string_view_backport/); - [projectroot.roottest.root.dataframe.roottest_root_dataframe_test_readTotemNtuple](https://lcgapp-services.cern.ch/root-jenkins/job/root-pullrequests-build/181622/testReport/projectroot.roottest.root/dataframe/roottest_root_dataframe_test_readTotemNtuple/),MatchSource.ISSUE_COMMENT,root-project,root,v6-32-06,https://github.com/root-project/root/pull/13090#issuecomment-1663742780:260,test,tests,260,https://root.cern,https://github.com/root-project/root/pull/13090#issuecomment-1663742780,5,['test'],"['test', 'testReport', 'tests']"
Testability,Build failed on ROOT-ubuntu2004/python3.; Running on root-ubuntu-2004-1.cern.ch:/home/sftnight/build/workspace/root-pullrequests-build; [See console output](https://lcgapp-services.cern.ch/root-jenkins/job/root-pullrequests-build/181671/console).; ### Failing tests:; - [projectroot.roottest.python.distrdf.dask.roottest_python_distrdf_dask_test_all](https://lcgapp-services.cern.ch/root-jenkins/job/root-pullrequests-build/181671/testReport/projectroot.roottest.python.distrdf/dask/roottest_python_distrdf_dask_test_all/),MatchSource.ISSUE_COMMENT,root-project,root,v6-32-06,https://github.com/root-project/root/pull/13382#issuecomment-1663978437:260,test,tests,260,https://root.cern,https://github.com/root-project/root/pull/13382#issuecomment-1663978437,2,['test'],"['testReport', 'tests']"
Testability,Build failed on ROOT-ubuntu2004/python3.; Running on root-ubuntu-2004-1.cern.ch:/home/sftnight/build/workspace/root-pullrequests-build; [See console output](https://lcgapp-services.cern.ch/root-jenkins/job/root-pullrequests-build/181862/console).; ### Failing tests:; - [projectroot.roottest.python.distrdf.dask.roottest_python_distrdf_dask_test_all](https://lcgapp-services.cern.ch/root-jenkins/job/root-pullrequests-build/181862/testReport/projectroot.roottest.python.distrdf/dask/roottest_python_distrdf_dask_test_all/); - [projectroot.test.test_stresshistofit_interpreted](https://lcgapp-services.cern.ch/root-jenkins/job/root-pullrequests-build/181862/testReport/projectroot/test/test_stresshistofit_interpreted/),MatchSource.ISSUE_COMMENT,root-project,root,v6-32-06,https://github.com/root-project/root/pull/13403#issuecomment-1665861783:260,test,tests,260,https://root.cern,https://github.com/root-project/root/pull/13403#issuecomment-1665861783,5,['test'],"['test', 'testReport', 'tests']"
Testability,Build failed on ROOT-ubuntu2004/python3.; Running on root-ubuntu-2004-1.cern.ch:/home/sftnight/build/workspace/root-pullrequests-build; [See console output](https://lcgapp-services.cern.ch/root-jenkins/job/root-pullrequests-build/181898/console).; ### Failing tests:; - [projectroot.gui.webdisplay.test.test_webgui_ping](https://lcgapp-services.cern.ch/root-jenkins/job/root-pullrequests-build/181898/testReport/projectroot.gui.webdisplay/test/test_webgui_ping/),MatchSource.ISSUE_COMMENT,root-project,root,v6-32-06,https://github.com/root-project/root/pull/13409#issuecomment-1666860761:260,test,tests,260,https://root.cern,https://github.com/root-project/root/pull/13409#issuecomment-1666860761,4,['test'],"['test', 'testReport', 'tests']"
Testability,Build failed on ROOT-ubuntu2004/python3.; Running on root-ubuntu-2004-1.cern.ch:/home/sftnight/build/workspace/root-pullrequests-build; [See console output](https://lcgapp-services.cern.ch/root-jenkins/job/root-pullrequests-build/181905/console).; ### Failing tests:; - [projectroot.gui.webdisplay.test.test_webgui_ping](https://lcgapp-services.cern.ch/root-jenkins/job/root-pullrequests-build/181905/testReport/projectroot.gui.webdisplay/test/test_webgui_ping/); - [projectroot.tmva.sofie.test.gtest_tmva_sofie_test_TestSofieModels](https://lcgapp-services.cern.ch/root-jenkins/job/root-pullrequests-build/181905/testReport/projectroot.tmva.sofie/test/gtest_tmva_sofie_test_TestSofieModels/),MatchSource.ISSUE_COMMENT,root-project,root,v6-32-06,https://github.com/root-project/root/pull/13409#issuecomment-1666874917:260,test,tests,260,https://root.cern,https://github.com/root-project/root/pull/13409#issuecomment-1666874917,7,['test'],"['test', 'testReport', 'tests']"
Testability,Build failed on ROOT-ubuntu2004/python3.; Running on root-ubuntu-2004-1.cern.ch:/home/sftnight/build/workspace/root-pullrequests-build; [See console output](https://lcgapp-services.cern.ch/root-jenkins/job/root-pullrequests-build/181912/console).; ### Failing tests:; - [projectroot.gui.webdisplay.test.test_webgui_ping](https://lcgapp-services.cern.ch/root-jenkins/job/root-pullrequests-build/181912/testReport/projectroot.gui.webdisplay/test/test_webgui_ping/); - [projectroot.roottest.python.distrdf.dask.roottest_python_distrdf_dask_test_all](https://lcgapp-services.cern.ch/root-jenkins/job/root-pullrequests-build/181912/testReport/projectroot.roottest.python.distrdf/dask/roottest_python_distrdf_dask_test_all/),MatchSource.ISSUE_COMMENT,root-project,root,v6-32-06,https://github.com/root-project/root/pull/13409#issuecomment-1667516761:260,test,tests,260,https://root.cern,https://github.com/root-project/root/pull/13409#issuecomment-1667516761,5,['test'],"['test', 'testReport', 'tests']"
Testability,Build failed on ROOT-ubuntu2004/python3.; Running on root-ubuntu-2004-1.cern.ch:/home/sftnight/build/workspace/root-pullrequests-build; [See console output](https://lcgapp-services.cern.ch/root-jenkins/job/root-pullrequests-build/181926/console).; ### Failing tests:; - [projectroot.gui.webdisplay.test.test_webgui_ping](https://lcgapp-services.cern.ch/root-jenkins/job/root-pullrequests-build/181926/testReport/projectroot.gui.webdisplay/test/test_webgui_ping/); - [projectroot.roottest.python.distrdf.dask.roottest_python_distrdf_dask_test_all](https://lcgapp-services.cern.ch/root-jenkins/job/root-pullrequests-build/181926/testReport/projectroot.roottest.python.distrdf/dask/roottest_python_distrdf_dask_test_all/),MatchSource.ISSUE_COMMENT,root-project,root,v6-32-06,https://github.com/root-project/root/pull/13396#issuecomment-1667805539:260,test,tests,260,https://root.cern,https://github.com/root-project/root/pull/13396#issuecomment-1667805539,5,['test'],"['test', 'testReport', 'tests']"
Testability,Build failed on ROOT-ubuntu2004/python3.; Running on root-ubuntu-2004-1.cern.ch:/home/sftnight/build/workspace/root-pullrequests-build; [See console output](https://lcgapp-services.cern.ch/root-jenkins/job/root-pullrequests-build/181946/console).; ### Failing tests:; - [projectroot.gui.webdisplay.test.test_webgui_ping](https://lcgapp-services.cern.ch/root-jenkins/job/root-pullrequests-build/181946/testReport/projectroot.gui.webdisplay/test/test_webgui_ping/); - [projectroot.roottest.python.distrdf.dask.roottest_python_distrdf_dask_test_all](https://lcgapp-services.cern.ch/root-jenkins/job/root-pullrequests-build/181946/testReport/projectroot.roottest.python.distrdf/dask/roottest_python_distrdf_dask_test_all/),MatchSource.ISSUE_COMMENT,root-project,root,v6-32-06,https://github.com/root-project/root/pull/13337#issuecomment-1668680268:260,test,tests,260,https://root.cern,https://github.com/root-project/root/pull/13337#issuecomment-1668680268,5,['test'],"['test', 'testReport', 'tests']"
Testability,Build failed on ROOT-ubuntu2004/python3.; Running on root-ubuntu-2004-1.cern.ch:/home/sftnight/build/workspace/root-pullrequests-build; [See console output](https://lcgapp-services.cern.ch/root-jenkins/job/root-pullrequests-build/181970/console).; ### Failing tests:; - [projectroot.gui.webdisplay.test.test_webgui_ping](https://lcgapp-services.cern.ch/root-jenkins/job/root-pullrequests-build/181970/testReport/projectroot.gui.webdisplay/test/test_webgui_ping/),MatchSource.ISSUE_COMMENT,root-project,root,v6-32-06,https://github.com/root-project/root/pull/13146#issuecomment-1669240079:260,test,tests,260,https://root.cern,https://github.com/root-project/root/pull/13146#issuecomment-1669240079,4,['test'],"['test', 'testReport', 'tests']"
Testability,Build failed on ROOT-ubuntu2004/python3.; Running on root-ubuntu-2004-1.cern.ch:/home/sftnight/build/workspace/root-pullrequests-build; [See console output](https://lcgapp-services.cern.ch/root-jenkins/job/root-pullrequests-build/181994/console).; ### Failing tests:; - [projectroot.gui.webdisplay.test.test_webgui_ping](https://lcgapp-services.cern.ch/root-jenkins/job/root-pullrequests-build/181994/testReport/projectroot.gui.webdisplay/test/test_webgui_ping/); - [projectroot.roottest.python.distrdf.dask.roottest_python_distrdf_dask_test_all](https://lcgapp-services.cern.ch/root-jenkins/job/root-pullrequests-build/181994/testReport/projectroot.roottest.python.distrdf/dask/roottest_python_distrdf_dask_test_all/),MatchSource.ISSUE_COMMENT,root-project,root,v6-32-06,https://github.com/root-project/root/pull/13416#issuecomment-1669887224:260,test,tests,260,https://root.cern,https://github.com/root-project/root/pull/13416#issuecomment-1669887224,5,['test'],"['test', 'testReport', 'tests']"
Testability,Build failed on ROOT-ubuntu2004/python3.; Running on root-ubuntu-2004-1.cern.ch:/home/sftnight/build/workspace/root-pullrequests-build; [See console output](https://lcgapp-services.cern.ch/root-jenkins/job/root-pullrequests-build/182018/console).; ### Failing tests:; - [projectroot.gui.webdisplay.test.test_webgui_ping](https://lcgapp-services.cern.ch/root-jenkins/job/root-pullrequests-build/182018/testReport/projectroot.gui.webdisplay/test/test_webgui_ping/),MatchSource.ISSUE_COMMENT,root-project,root,v6-32-06,https://github.com/root-project/root/pull/13419#issuecomment-1670321443:260,test,tests,260,https://root.cern,https://github.com/root-project/root/pull/13419#issuecomment-1670321443,4,['test'],"['test', 'testReport', 'tests']"
Testability,Build failed on ROOT-ubuntu2004/python3.; Running on root-ubuntu-2004-1.cern.ch:/home/sftnight/build/workspace/root-pullrequests-build; [See console output](https://lcgapp-services.cern.ch/root-jenkins/job/root-pullrequests-build/182036/console).; ### Failing tests:; - [projectroot.gui.webdisplay.test.test_webgui_ping](https://lcgapp-services.cern.ch/root-jenkins/job/root-pullrequests-build/182036/testReport/projectroot.gui.webdisplay/test/test_webgui_ping/),MatchSource.ISSUE_COMMENT,root-project,root,v6-32-06,https://github.com/root-project/root/pull/13403#issuecomment-1670921933:260,test,tests,260,https://root.cern,https://github.com/root-project/root/pull/13403#issuecomment-1670921933,4,['test'],"['test', 'testReport', 'tests']"
Testability,Build failed on ROOT-ubuntu2004/python3.; Running on root-ubuntu-2004-1.cern.ch:/home/sftnight/build/workspace/root-pullrequests-build; [See console output](https://lcgapp-services.cern.ch/root-jenkins/job/root-pullrequests-build/182054/console).; ### Failing tests:; - [projectroot.gui.webdisplay.test.test_webgui_ping](https://lcgapp-services.cern.ch/root-jenkins/job/root-pullrequests-build/182054/testReport/projectroot.gui.webdisplay/test/test_webgui_ping/),MatchSource.ISSUE_COMMENT,root-project,root,v6-32-06,https://github.com/root-project/root/pull/13273#issuecomment-1671512210:260,test,tests,260,https://root.cern,https://github.com/root-project/root/pull/13273#issuecomment-1671512210,4,['test'],"['test', 'testReport', 'tests']"
Testability,Build failed on ROOT-ubuntu2004/python3.; Running on root-ubuntu-2004-1.cern.ch:/home/sftnight/build/workspace/root-pullrequests-build; [See console output](https://lcgapp-services.cern.ch/root-jenkins/job/root-pullrequests-build/182060/console).; ### Failing tests:; - [projectroot.gui.webdisplay.test.test_webgui_ping](https://lcgapp-services.cern.ch/root-jenkins/job/root-pullrequests-build/182060/testReport/projectroot.gui.webdisplay/test/test_webgui_ping/),MatchSource.ISSUE_COMMENT,root-project,root,v6-32-06,https://github.com/root-project/root/pull/13423#issuecomment-1671734265:260,test,tests,260,https://root.cern,https://github.com/root-project/root/pull/13423#issuecomment-1671734265,4,['test'],"['test', 'testReport', 'tests']"
Testability,Build failed on ROOT-ubuntu2004/python3.; Running on root-ubuntu-2004-1.cern.ch:/home/sftnight/build/workspace/root-pullrequests-build; [See console output](https://lcgapp-services.cern.ch/root-jenkins/job/root-pullrequests-build/182114/console).; ### Failing tests:; - [projectroot.gui.webdisplay.test.test_webgui_ping](https://lcgapp-services.cern.ch/root-jenkins/job/root-pullrequests-build/182114/testReport/projectroot.gui.webdisplay/test/test_webgui_ping/),MatchSource.ISSUE_COMMENT,root-project,root,v6-32-06,https://github.com/root-project/root/pull/13433#issuecomment-1673360375:260,test,tests,260,https://root.cern,https://github.com/root-project/root/pull/13433#issuecomment-1673360375,4,['test'],"['test', 'testReport', 'tests']"
Testability,Build failed on ROOT-ubuntu2004/python3.; Running on root-ubuntu-2004-1.cern.ch:/home/sftnight/build/workspace/root-pullrequests-build; [See console output](https://lcgapp-services.cern.ch/root-jenkins/job/root-pullrequests-build/182132/console).; ### Failing tests:; - [projectroot.gui.webdisplay.test.test_webgui_ping](https://lcgapp-services.cern.ch/root-jenkins/job/root-pullrequests-build/182132/testReport/projectroot.gui.webdisplay/test/test_webgui_ping/); - [projectroot.roottest.python.distrdf.dask.roottest_python_distrdf_dask_test_all](https://lcgapp-services.cern.ch/root-jenkins/job/root-pullrequests-build/182132/testReport/projectroot.roottest.python.distrdf/dask/roottest_python_distrdf_dask_test_all/),MatchSource.ISSUE_COMMENT,root-project,root,v6-32-06,https://github.com/root-project/root/pull/13341#issuecomment-1674341789:260,test,tests,260,https://root.cern,https://github.com/root-project/root/pull/13341#issuecomment-1674341789,5,['test'],"['test', 'testReport', 'tests']"
Testability,Build failed on ROOT-ubuntu2004/python3.; Running on root-ubuntu-2004-1.cern.ch:/home/sftnight/build/workspace/root-pullrequests-build; [See console output](https://lcgapp-services.cern.ch/root-jenkins/job/root-pullrequests-build/182258/console).; ### Failing tests:; - [projectroot.gui.webdisplay.test.test_webgui_ping](https://lcgapp-services.cern.ch/root-jenkins/job/root-pullrequests-build/182258/testReport/projectroot.gui.webdisplay/test/test_webgui_ping/); - [projectroot.roottest.python.distrdf.dask.roottest_python_distrdf_dask_test_all](https://lcgapp-services.cern.ch/root-jenkins/job/root-pullrequests-build/182258/testReport/projectroot.roottest.python.distrdf/dask/roottest_python_distrdf_dask_test_all/),MatchSource.ISSUE_COMMENT,root-project,root,v6-32-06,https://github.com/root-project/root/pull/13447#issuecomment-1677333893:260,test,tests,260,https://root.cern,https://github.com/root-project/root/pull/13447#issuecomment-1677333893,5,['test'],"['test', 'testReport', 'tests']"
Testability,Build failed on ROOT-ubuntu2004/python3.; Running on root-ubuntu-2004-1.cern.ch:/home/sftnight/build/workspace/root-pullrequests-build; [See console output](https://lcgapp-services.cern.ch/root-jenkins/job/root-pullrequests-build/182276/console).; ### Failing tests:; - [projectroot.gui.webdisplay.test.test_webgui_ping](https://lcgapp-services.cern.ch/root-jenkins/job/root-pullrequests-build/182276/testReport/projectroot.gui.webdisplay/test/test_webgui_ping/),MatchSource.ISSUE_COMMENT,root-project,root,v6-32-06,https://github.com/root-project/root/pull/13438#issuecomment-1677620559:260,test,tests,260,https://root.cern,https://github.com/root-project/root/pull/13438#issuecomment-1677620559,4,['test'],"['test', 'testReport', 'tests']"
Testability,Build failed on ROOT-ubuntu2004/python3.; Running on root-ubuntu-2004-1.cern.ch:/home/sftnight/build/workspace/root-pullrequests-build; [See console output](https://lcgapp-services.cern.ch/root-jenkins/job/root-pullrequests-build/182318/console).; ### Failing tests:; - [projectroot.gui.webdisplay.test.test_webgui_ping](https://lcgapp-services.cern.ch/root-jenkins/job/root-pullrequests-build/182318/testReport/projectroot.gui.webdisplay/test/test_webgui_ping/),MatchSource.ISSUE_COMMENT,root-project,root,v6-32-06,https://github.com/root-project/root/pull/13430#issuecomment-1678495444:260,test,tests,260,https://root.cern,https://github.com/root-project/root/pull/13430#issuecomment-1678495444,4,['test'],"['test', 'testReport', 'tests']"
Testability,Build failed on ROOT-ubuntu2004/python3.; Running on root-ubuntu-2004-1.cern.ch:/home/sftnight/build/workspace/root-pullrequests-build; [See console output](https://lcgapp-services.cern.ch/root-jenkins/job/root-pullrequests-build/182324/console).; ### Failing tests:; - [projectroot.gui.webdisplay.test.test_webgui_ping](https://lcgapp-services.cern.ch/root-jenkins/job/root-pullrequests-build/182324/testReport/projectroot.gui.webdisplay/test/test_webgui_ping/),MatchSource.ISSUE_COMMENT,root-project,root,v6-32-06,https://github.com/root-project/root/pull/13405#issuecomment-1678596601:260,test,tests,260,https://root.cern,https://github.com/root-project/root/pull/13405#issuecomment-1678596601,4,['test'],"['test', 'testReport', 'tests']"
Testability,Build failed on ROOT-ubuntu2004/python3.; Running on root-ubuntu-2004-1.cern.ch:/home/sftnight/build/workspace/root-pullrequests-build; [See console output](https://lcgapp-services.cern.ch/root-jenkins/job/root-pullrequests-build/182330/console).; ### Failing tests:; - [projectroot.gui.webdisplay.test.test_webgui_ping](https://lcgapp-services.cern.ch/root-jenkins/job/root-pullrequests-build/182330/testReport/projectroot.gui.webdisplay/test/test_webgui_ping/),MatchSource.ISSUE_COMMENT,root-project,root,v6-32-06,https://github.com/root-project/root/pull/13454#issuecomment-1678633218:260,test,tests,260,https://root.cern,https://github.com/root-project/root/pull/13454#issuecomment-1678633218,4,['test'],"['test', 'testReport', 'tests']"
Testability,Build failed on ROOT-ubuntu2004/python3.; Running on root-ubuntu-2004-1.cern.ch:/home/sftnight/build/workspace/root-pullrequests-build; [See console output](https://lcgapp-services.cern.ch/root-jenkins/job/root-pullrequests-build/182354/console).; ### Failing tests:; - [projectroot.gui.webdisplay.test.test_webgui_ping](https://lcgapp-services.cern.ch/root-jenkins/job/root-pullrequests-build/182354/testReport/projectroot.gui.webdisplay/test/test_webgui_ping/),MatchSource.ISSUE_COMMENT,root-project,root,v6-32-06,https://github.com/root-project/root/pull/13456#issuecomment-1678746588:260,test,tests,260,https://root.cern,https://github.com/root-project/root/pull/13456#issuecomment-1678746588,4,['test'],"['test', 'testReport', 'tests']"
Testability,Build failed on ROOT-ubuntu2004/python3.; Running on root-ubuntu-2004-1.cern.ch:/home/sftnight/build/workspace/root-pullrequests-build; [See console output](https://lcgapp-services.cern.ch/root-jenkins/job/root-pullrequests-build/182384/console).; ### Failing tests:; - [projectroot.roofit.roofitcore.test.gtest_roofit_roofitcore_test_testTestStatisticsPlot](https://lcgapp-services.cern.ch/root-jenkins/job/root-pullrequests-build/182384/testReport/projectroot.roofit.roofitcore/test/gtest_roofit_roofitcore_test_testTestStatisticsPlot/),MatchSource.ISSUE_COMMENT,root-project,root,v6-32-06,https://github.com/root-project/root/pull/13460#issuecomment-1679027493:260,test,tests,260,https://root.cern,https://github.com/root-project/root/pull/13460#issuecomment-1679027493,4,['test'],"['test', 'testReport', 'tests']"
Testability,Build failed on ROOT-ubuntu2004/python3.; Running on root-ubuntu-2004-1.cern.ch:/home/sftnight/build/workspace/root-pullrequests-build; [See console output](https://lcgapp-services.cern.ch/root-jenkins/job/root-pullrequests-build/182402/console).; ### Failing tests:; - [projectroot.roottest.python.distrdf.dask.roottest_python_distrdf_dask_test_all](https://lcgapp-services.cern.ch/root-jenkins/job/root-pullrequests-build/182402/testReport/projectroot.roottest.python.distrdf/dask/roottest_python_distrdf_dask_test_all/),MatchSource.ISSUE_COMMENT,root-project,root,v6-32-06,https://github.com/root-project/root/pull/13463#issuecomment-1679857385:260,test,tests,260,https://root.cern,https://github.com/root-project/root/pull/13463#issuecomment-1679857385,2,['test'],"['testReport', 'tests']"
Testability,Build failed on ROOT-ubuntu2004/python3.; Running on root-ubuntu-2004-1.cern.ch:/home/sftnight/build/workspace/root-pullrequests-build; [See console output](https://lcgapp-services.cern.ch/root-jenkins/job/root-pullrequests-build/182448/console).; ### Failing tests:; - [projectroot.roottest.python.distrdf.dask.roottest_python_distrdf_dask_test_all](https://lcgapp-services.cern.ch/root-jenkins/job/root-pullrequests-build/182448/testReport/projectroot.roottest.python.distrdf/dask/roottest_python_distrdf_dask_test_all/),MatchSource.ISSUE_COMMENT,root-project,root,v6-32-06,https://github.com/root-project/root/pull/13467#issuecomment-1680742551:260,test,tests,260,https://root.cern,https://github.com/root-project/root/pull/13467#issuecomment-1680742551,2,['test'],"['testReport', 'tests']"
Testability,Build failed on ROOT-ubuntu2004/python3.; Running on root-ubuntu-2004-1.cern.ch:/home/sftnight/build/workspace/root-pullrequests-build; [See console output](https://lcgapp-services.cern.ch/root-jenkins/job/root-pullrequests-build/182515/console).; ### Failing tests:; - [projectroot.roottest.python.distrdf.common.roottest_python_distrdf_common_test_all](https://lcgapp-services.cern.ch/root-jenkins/job/root-pullrequests-build/182515/testReport/projectroot.roottest.python.distrdf/common/roottest_python_distrdf_common_test_all/),MatchSource.ISSUE_COMMENT,root-project,root,v6-32-06,https://github.com/root-project/root/pull/13468#issuecomment-1681910433:260,test,tests,260,https://root.cern,https://github.com/root-project/root/pull/13468#issuecomment-1681910433,2,['test'],"['testReport', 'tests']"
Testability,Build failed on ROOT-ubuntu2004/python3.; Running on root-ubuntu-2004-1.cern.ch:/home/sftnight/build/workspace/root-pullrequests-build; [See console output](https://lcgapp-services.cern.ch/root-jenkins/job/root-pullrequests-build/182659/console).; ### Warnings:; - [2023-08-18T09:01:38.759Z] /home/sftnight/build/workspace/root-pullrequests-build/root/tmva/sofie/src/RModel.cxx:535:17: warning: control reaches end of non-void function [-Wreturn-type] ; - [2023-08-18T09:01:58.026Z] /home/sftnight/build/workspace/root-pullrequests-build/root/tmva/sofie/src/RModel.cxx:535:17: warning: control reaches end of non-void function [-Wreturn-type] . ### Failing tests:; - [projectroot.bindings.pyroot.pythonizations.test.test_import_sonnet](https://lcgapp-services.cern.ch/root-jenkins/job/root-pullrequests-build/182659/testReport/projectroot.bindings.pyroot.pythonizations/test/test_import_sonnet/); - [projectroot.bindings.pyroot.pythonizations.test.test_import_graph_nets](https://lcgapp-services.cern.ch/root-jenkins/job/root-pullrequests-build/182659/testReport/projectroot.bindings.pyroot.pythonizations/test/test_import_graph_nets/),MatchSource.ISSUE_COMMENT,root-project,root,v6-32-06,https://github.com/root-project/root/pull/11208#issuecomment-1683631973:657,test,tests,657,https://root.cern,https://github.com/root-project/root/pull/11208#issuecomment-1683631973,7,['test'],"['test', 'testReport', 'tests']"
Testability,Build failed on ROOT-ubuntu2004/python3.; Running on root-ubuntu-2004-1.cern.ch:/home/sftnight/build/workspace/root-pullrequests-build; [See console output](https://lcgapp-services.cern.ch/root-jenkins/job/root-pullrequests-build/182677/console).; ### Failing tests:; - [projectroot.roottest.python.distrdf.dask.roottest_python_distrdf_dask_test_all](https://lcgapp-services.cern.ch/root-jenkins/job/root-pullrequests-build/182677/testReport/projectroot.roottest.python.distrdf/dask/roottest_python_distrdf_dask_test_all/),MatchSource.ISSUE_COMMENT,root-project,root,v6-32-06,https://github.com/root-project/root/pull/13482#issuecomment-1683752661:260,test,tests,260,https://root.cern,https://github.com/root-project/root/pull/13482#issuecomment-1683752661,2,['test'],"['testReport', 'tests']"
Testability,Build failed on ROOT-ubuntu2004/python3.; Running on root-ubuntu-2004-1.cern.ch:/home/sftnight/build/workspace/root-pullrequests-build; [See console output](https://lcgapp-services.cern.ch/root-jenkins/job/root-pullrequests-build/182978/console).; ### Failing tests:; - [projectroot.runtutorials.tutorial_tmva_TMVA_SOFIE_Models_py](https://lcgapp-services.cern.ch/root-jenkins/job/root-pullrequests-build/182978/testReport/projectroot/runtutorials/tutorial_tmva_TMVA_SOFIE_Models_py/),MatchSource.ISSUE_COMMENT,root-project,root,v6-32-06,https://github.com/root-project/root/pull/13302#issuecomment-1688510949:260,test,tests,260,https://root.cern,https://github.com/root-project/root/pull/13302#issuecomment-1688510949,2,['test'],"['testReport', 'tests']"
Testability,Build failed on ROOT-ubuntu2004/python3.; Running on root-ubuntu-2004-1.cern.ch:/home/sftnight/build/workspace/root-pullrequests-build; [See console output](https://lcgapp-services.cern.ch/root-jenkins/job/root-pullrequests-build/182996/console).; ### Failing tests:; - [projectroot.roottest.python.distrdf.dask.roottest_python_distrdf_dask_test_all](https://lcgapp-services.cern.ch/root-jenkins/job/root-pullrequests-build/182996/testReport/projectroot.roottest.python.distrdf/dask/roottest_python_distrdf_dask_test_all/); - [projectroot.roottest.root.hist.roottest_root_hist_h2root](https://lcgapp-services.cern.ch/root-jenkins/job/root-pullrequests-build/182996/testReport/projectroot.roottest.root/hist/roottest_root_hist_h2root/),MatchSource.ISSUE_COMMENT,root-project,root,v6-32-06,https://github.com/root-project/root/pull/13507#issuecomment-1688693645:260,test,tests,260,https://root.cern,https://github.com/root-project/root/pull/13507#issuecomment-1688693645,3,['test'],"['testReport', 'tests']"
Testability,Build failed on ROOT-ubuntu2004/python3.; Running on root-ubuntu-2004-1.cern.ch:/home/sftnight/build/workspace/root-pullrequests-build; [See console output](https://lcgapp-services.cern.ch/root-jenkins/job/root-pullrequests-build/183002/console).; ### Failing tests:; - [projectroot.roottest.python.distrdf.dask.roottest_python_distrdf_dask_test_all](https://lcgapp-services.cern.ch/root-jenkins/job/root-pullrequests-build/183002/testReport/projectroot.roottest.python.distrdf/dask/roottest_python_distrdf_dask_test_all/),MatchSource.ISSUE_COMMENT,root-project,root,v6-32-06,https://github.com/root-project/root/pull/13506#issuecomment-1688743683:260,test,tests,260,https://root.cern,https://github.com/root-project/root/pull/13506#issuecomment-1688743683,2,['test'],"['testReport', 'tests']"
Testability,Build failed on ROOT-ubuntu2004/python3.; Running on root-ubuntu-2004-1.cern.ch:/home/sftnight/build/workspace/root-pullrequests-build; [See console output](https://lcgapp-services.cern.ch/root-jenkins/job/root-pullrequests-build/183008/console).; ### Failing tests:; - [projectroot.roottest.python.distrdf.common.roottest_python_distrdf_common_test_all](https://lcgapp-services.cern.ch/root-jenkins/job/root-pullrequests-build/183008/testReport/projectroot.roottest.python.distrdf/common/roottest_python_distrdf_common_test_all/); - [projectroot.roottest.python.distrdf.dask.roottest_python_distrdf_dask_test_all](https://lcgapp-services.cern.ch/root-jenkins/job/root-pullrequests-build/183008/testReport/projectroot.roottest.python.distrdf/dask/roottest_python_distrdf_dask_test_all/),MatchSource.ISSUE_COMMENT,root-project,root,v6-32-06,https://github.com/root-project/root/pull/13505#issuecomment-1688808747:260,test,tests,260,https://root.cern,https://github.com/root-project/root/pull/13505#issuecomment-1688808747,3,['test'],"['testReport', 'tests']"
Testability,Build failed on ROOT-ubuntu2004/python3.; Running on root-ubuntu-2004-1.cern.ch:/home/sftnight/build/workspace/root-pullrequests-build; [See console output](https://lcgapp-services.cern.ch/root-jenkins/job/root-pullrequests-build/183443/console).; ### Failing tests:; - [projectroot.roottest.python.distrdf.dask.roottest_python_distrdf_dask_test_all](https://lcgapp-services.cern.ch/root-jenkins/job/root-pullrequests-build/183443/testReport/projectroot.roottest.python.distrdf/dask/roottest_python_distrdf_dask_test_all/),MatchSource.ISSUE_COMMENT,root-project,root,v6-32-06,https://github.com/root-project/root/pull/13559#issuecomment-1697066197:260,test,tests,260,https://root.cern,https://github.com/root-project/root/pull/13559#issuecomment-1697066197,2,['test'],"['testReport', 'tests']"
Testability,"Build failed on ROOT-ubuntu2004/python3.; Running on root-ubuntu-2004-1.cern.ch:/home/sftnight/build/workspace/root-pullrequests-build; [See console output](https://lcgapp-services.cern.ch/root-jenkins/job/root-pullrequests-build/183509/console).; ### Errors:; - [2023-08-29T13:50:26.069Z] FAILED: net/netxng/test/CMakeFiles/TNetXNGFileTest.dir/TNetXNGFileTest.cxx.o ; - [2023-08-29T13:50:26.636Z] /home/sftnight/build/workspace/root-pullrequests-build/root/net/netxng/test/TNetXNGFileTest.cxx:11:13: error: ‘TFile’ has not been declared ; - [2023-08-29T13:50:26.636Z] /home/sftnight/build/workspace/root-pullrequests-build/root/net/netxng/test/TNetXNGFileTest.cxx:16:11: error: type ‘&lt;type error&gt;’ argument given to ‘delete’, expected pointer ; - [2023-08-29T13:50:26.636Z] /home/sftnight/build/workspace/root-pullrequests-build/root/net/netxng/test/TNetXNGFileTest.cxx:21:13: error: ‘TFile’ has not been declared ; - [2023-08-29T13:50:26.636Z] /home/sftnight/build/workspace/root-pullrequests-build/root/net/netxng/test/TNetXNGFileTest.cxx:30:11: error: type ‘&lt;type error&gt;’ argument given to ‘delete’, expected pointer",MatchSource.ISSUE_COMMENT,root-project,root,v6-32-06,https://github.com/root-project/root/pull/13562#issuecomment-1697486119:309,test,test,309,https://root.cern,https://github.com/root-project/root/pull/13562#issuecomment-1697486119,5,['test'],['test']
Testability,Build failed on ROOT-ubuntu2004/python3.; Running on root-ubuntu-2004-1.cern.ch:/home/sftnight/build/workspace/root-pullrequests-build; [See console output](https://lcgapp-services.cern.ch/root-jenkins/job/root-pullrequests-build/183515/console).; ### Failing tests:; - [projectroot.roottest.python.distrdf.dask.roottest_python_distrdf_dask_test_all](https://lcgapp-services.cern.ch/root-jenkins/job/root-pullrequests-build/183515/testReport/projectroot.roottest.python.distrdf/dask/roottest_python_distrdf_dask_test_all/),MatchSource.ISSUE_COMMENT,root-project,root,v6-32-06,https://github.com/root-project/root/pull/13562#issuecomment-1697550290:260,test,tests,260,https://root.cern,https://github.com/root-project/root/pull/13562#issuecomment-1697550290,2,['test'],"['testReport', 'tests']"
Testability,Build failed on ROOT-ubuntu2004/python3.; Running on root-ubuntu-2004-1.cern.ch:/home/sftnight/build/workspace/root-pullrequests-build; [See console output](https://lcgapp-services.cern.ch/root-jenkins/job/root-pullrequests-build/183551/console).; ### Failing tests:; - [projectroot.test.test_stressinterpreter](https://lcgapp-services.cern.ch/root-jenkins/job/root-pullrequests-build/183551/testReport/projectroot/test/test_stressinterpreter/); - [projectroot.roottest.root.meta.cmsUnload.roottest_root_meta_cmsUnload_make](https://lcgapp-services.cern.ch/root-jenkins/job/root-pullrequests-build/183551/testReport/projectroot.roottest.root.meta/cmsUnload/roottest_root_meta_cmsUnload_make/); - [projectroot.roottest.python.distrdf.dask.roottest_python_distrdf_dask_test_all](https://lcgapp-services.cern.ch/root-jenkins/job/root-pullrequests-build/183551/testReport/projectroot.roottest.python.distrdf/dask/roottest_python_distrdf_dask_test_all/),MatchSource.ISSUE_COMMENT,root-project,root,v6-32-06,https://github.com/root-project/root/pull/13565#issuecomment-1697676057:260,test,tests,260,https://root.cern,https://github.com/root-project/root/pull/13565#issuecomment-1697676057,6,['test'],"['test', 'testReport', 'tests']"
Testability,Build failed on ROOT-ubuntu2004/python3.; Running on root-ubuntu-2004-1.cern.ch:/home/sftnight/build/workspace/root-pullrequests-build; [See console output](https://lcgapp-services.cern.ch/root-jenkins/job/root-pullrequests-build/183569/console).; ### Failing tests:; - [projectroot.roottest.python.distrdf.dask.roottest_python_distrdf_dask_test_all](https://lcgapp-services.cern.ch/root-jenkins/job/root-pullrequests-build/183569/testReport/projectroot.roottest.python.distrdf/dask/roottest_python_distrdf_dask_test_all/); - [projectroot.test.test_stressinterpreter](https://lcgapp-services.cern.ch/root-jenkins/job/root-pullrequests-build/183569/testReport/projectroot/test/test_stressinterpreter/),MatchSource.ISSUE_COMMENT,root-project,root,v6-32-06,https://github.com/root-project/root/pull/13567#issuecomment-1697740414:260,test,tests,260,https://root.cern,https://github.com/root-project/root/pull/13567#issuecomment-1697740414,5,['test'],"['test', 'testReport', 'tests']"
Testability,Build failed on ROOT-ubuntu2004/python3.; Running on root-ubuntu-2004-1.cern.ch:/home/sftnight/build/workspace/root-pullrequests-build; [See console output](https://lcgapp-services.cern.ch/root-jenkins/job/root-pullrequests-build/183605/console).; ### Failing tests:; - [projectroot.test.test_stressgraphics_interpreted](https://lcgapp-services.cern.ch/root-jenkins/job/root-pullrequests-build/183605/testReport/projectroot/test/test_stressgraphics_interpreted/),MatchSource.ISSUE_COMMENT,root-project,root,v6-32-06,https://github.com/root-project/root/pull/13564#issuecomment-1698719631:260,test,tests,260,https://root.cern,https://github.com/root-project/root/pull/13564#issuecomment-1698719631,4,['test'],"['test', 'testReport', 'tests']"
Testability,Build failed on ROOT-ubuntu2004/python3.; Running on root-ubuntu-2004-1.cern.ch:/home/sftnight/build/workspace/root-pullrequests-build; [See console output](https://lcgapp-services.cern.ch/root-jenkins/job/root-pullrequests-build/183659/console).; ### Failing tests:; - [projectroot.test.test_stressgraphics_interpreted](https://lcgapp-services.cern.ch/root-jenkins/job/root-pullrequests-build/183659/testReport/projectroot/test/test_stressgraphics_interpreted/),MatchSource.ISSUE_COMMENT,root-project,root,v6-32-06,https://github.com/root-project/root/pull/13384#issuecomment-1699361413:260,test,tests,260,https://root.cern,https://github.com/root-project/root/pull/13384#issuecomment-1699361413,4,['test'],"['test', 'testReport', 'tests']"
Testability,Build failed on ROOT-ubuntu2004/python3.; Running on root-ubuntu-2004-1.cern.ch:/home/sftnight/build/workspace/root-pullrequests-build; [See console output](https://lcgapp-services.cern.ch/root-jenkins/job/root-pullrequests-build/183671/console).; ### Failing tests:; - [projectroot.test.test_stressgraphics_interpreted](https://lcgapp-services.cern.ch/root-jenkins/job/root-pullrequests-build/183671/testReport/projectroot/test/test_stressgraphics_interpreted/),MatchSource.ISSUE_COMMENT,root-project,root,v6-32-06,https://github.com/root-project/root/pull/13570#issuecomment-1699416699:260,test,tests,260,https://root.cern,https://github.com/root-project/root/pull/13570#issuecomment-1699416699,4,['test'],"['test', 'testReport', 'tests']"
Testability,Build failed on ROOT-ubuntu2004/python3.; Running on root-ubuntu-2004-1.cern.ch:/home/sftnight/build/workspace/root-pullrequests-build; [See console output](https://lcgapp-services.cern.ch/root-jenkins/job/root-pullrequests-build/183677/console).; ### Failing tests:; - [projectroot.test.test_stressgraphics_interpreted](https://lcgapp-services.cern.ch/root-jenkins/job/root-pullrequests-build/183677/testReport/projectroot/test/test_stressgraphics_interpreted/),MatchSource.ISSUE_COMMENT,root-project,root,v6-32-06,https://github.com/root-project/root/pull/13544#issuecomment-1699516802:260,test,tests,260,https://root.cern,https://github.com/root-project/root/pull/13544#issuecomment-1699516802,4,['test'],"['test', 'testReport', 'tests']"
Testability,Build failed on ROOT-ubuntu2004/python3.; Running on root-ubuntu-2004-1.cern.ch:/home/sftnight/build/workspace/root-pullrequests-build; [See console output](https://lcgapp-services.cern.ch/root-jenkins/job/root-pullrequests-build/183714/console).; ### Failing tests:; - [projectroot.test.test_stressgraphics_interpreted](https://lcgapp-services.cern.ch/root-jenkins/job/root-pullrequests-build/183714/testReport/projectroot/test/test_stressgraphics_interpreted/),MatchSource.ISSUE_COMMENT,root-project,root,v6-32-06,https://github.com/root-project/root/pull/13572#issuecomment-1700250696:260,test,tests,260,https://root.cern,https://github.com/root-project/root/pull/13572#issuecomment-1700250696,4,['test'],"['test', 'testReport', 'tests']"
Testability,Build failed on ROOT-ubuntu2004/python3.; Running on root-ubuntu-2004-1.cern.ch:/home/sftnight/build/workspace/root-pullrequests-build; [See console output](https://lcgapp-services.cern.ch/root-jenkins/job/root-pullrequests-build/183720/console).; ### Failing tests:; - [projectroot.test.test_stressgraphics_interpreted](https://lcgapp-services.cern.ch/root-jenkins/job/root-pullrequests-build/183720/testReport/projectroot/test/test_stressgraphics_interpreted/),MatchSource.ISSUE_COMMENT,root-project,root,v6-32-06,https://github.com/root-project/root/pull/11208#issuecomment-1700572501:260,test,tests,260,https://root.cern,https://github.com/root-project/root/pull/11208#issuecomment-1700572501,4,['test'],"['test', 'testReport', 'tests']"
Testability,Build failed on ROOT-ubuntu2004/python3.; Running on root-ubuntu-2004-1.cern.ch:/home/sftnight/build/workspace/root-pullrequests-build; [See console output](https://lcgapp-services.cern.ch/root-jenkins/job/root-pullrequests-build/183726/console).; ### Failing tests:; - [projectroot.roottest.python.distrdf.dask.roottest_python_distrdf_dask_test_all](https://lcgapp-services.cern.ch/root-jenkins/job/root-pullrequests-build/183726/testReport/projectroot.roottest.python.distrdf/dask/roottest_python_distrdf_dask_test_all/); - [projectroot.test.test_stressgraphics_interpreted](https://lcgapp-services.cern.ch/root-jenkins/job/root-pullrequests-build/183726/testReport/projectroot/test/test_stressgraphics_interpreted/),MatchSource.ISSUE_COMMENT,root-project,root,v6-32-06,https://github.com/root-project/root/pull/13519#issuecomment-1700756714:260,test,tests,260,https://root.cern,https://github.com/root-project/root/pull/13519#issuecomment-1700756714,5,['test'],"['test', 'testReport', 'tests']"
Testability,Build failed on ROOT-ubuntu2004/python3.; Running on root-ubuntu-2004-1.cern.ch:/home/sftnight/build/workspace/root-pullrequests-build; [See console output](https://lcgapp-services.cern.ch/root-jenkins/job/root-pullrequests-build/183757/console).; ### Failing tests:; - [projectroot.test.test_stressgraphics_interpreted](https://lcgapp-services.cern.ch/root-jenkins/job/root-pullrequests-build/183757/testReport/projectroot/test/test_stressgraphics_interpreted/),MatchSource.ISSUE_COMMENT,root-project,root,v6-32-06,https://github.com/root-project/root/pull/13576#issuecomment-1701071941:260,test,tests,260,https://root.cern,https://github.com/root-project/root/pull/13576#issuecomment-1701071941,4,['test'],"['test', 'testReport', 'tests']"
Testability,"Build failed on ROOT-ubuntu2004/python3.; Running on root-ubuntu-2004-1.cern.ch:/home/sftnight/build/workspace/root-pullrequests-build; [See console output](https://lcgapp-services.cern.ch/root-jenkins/job/root-pullrequests-build/183764/console).; ### Warnings:; - [2023-08-31T18:23:40.513Z] include/tbb/concurrent_hash_map.h:124:51: warning: ‘void* memset(void*, int, size_t)’ clearing an object of type ‘class tbb::interface5::internal::hash_map_base’ with no trivial copy-assignment; use value-initialization instead [-Wclass-memaccess] ; - [2023-08-31T18:29:46.289Z] include/tbb/concurrent_hash_map.h:124:51: warning: ‘void* memset(void*, int, size_t)’ clearing an object of type ‘class tbb::interface5::internal::hash_map_base’ with no trivial copy-assignment; use value-initialization instead [-Wclass-memaccess] . ### Failing tests:; - [projectroot.roottest.python.basic.roottest_python_basic_datatype](https://lcgapp-services.cern.ch/root-jenkins/job/root-pullrequests-build/183764/testReport/projectroot.roottest.python/basic/roottest_python_basic_datatype/); - [projectroot.roottest.python.basic.roottest_python_basic_basic](https://lcgapp-services.cern.ch/root-jenkins/job/root-pullrequests-build/183764/testReport/projectroot.roottest.python/basic/roottest_python_basic_basic/); - [projectroot.roottest.python.basic.roottest_python_basic_overload](https://lcgapp-services.cern.ch/root-jenkins/job/root-pullrequests-build/183764/testReport/projectroot.roottest.python/basic/roottest_python_basic_overload/); - [projectroot.roottest.python.pythonizations.roottest_python_pythonizations_pythonizations](https://lcgapp-services.cern.ch/root-jenkins/job/root-pullrequests-build/183764/testReport/projectroot.roottest.python/pythonizations/roottest_python_pythonizations_pythonizations/); - [projectroot.roottest.python.pythonizations.roottest_python_pythonizations_smartptr](https://lcgapp-services.cern.ch/root-jenkins/job/root-pullrequests-build/183764/testReport/projectroot.roottest.python/",MatchSource.ISSUE_COMMENT,root-project,root,v6-32-06,https://github.com/root-project/root/pull/13577#issuecomment-1701582600:833,test,tests,833,https://root.cern,https://github.com/root-project/root/pull/13577#issuecomment-1701582600,4,['test'],"['testReport', 'tests']"
Testability,Build failed on ROOT-ubuntu2004/python3.; Running on root-ubuntu-2004-1.cern.ch:/home/sftnight/build/workspace/root-pullrequests-build; [See console output](https://lcgapp-services.cern.ch/root-jenkins/job/root-pullrequests-build/183776/console).; ### Failing tests:; - [projectroot.test.test_stressgraphics_interpreted](https://lcgapp-services.cern.ch/root-jenkins/job/root-pullrequests-build/183776/testReport/projectroot/test/test_stressgraphics_interpreted/),MatchSource.ISSUE_COMMENT,root-project,root,v6-32-06,https://github.com/root-project/root/pull/13580#issuecomment-1702069153:260,test,tests,260,https://root.cern,https://github.com/root-project/root/pull/13580#issuecomment-1702069153,4,['test'],"['test', 'testReport', 'tests']"
Testability,Build failed on ROOT-ubuntu2004/python3.; Running on root-ubuntu-2004-1.cern.ch:/home/sftnight/build/workspace/root-pullrequests-build; [See console output](https://lcgapp-services.cern.ch/root-jenkins/job/root-pullrequests-build/183782/console).; ### Failing tests:; - [projectroot.test.test_stressgraphics_interpreted](https://lcgapp-services.cern.ch/root-jenkins/job/root-pullrequests-build/183782/testReport/projectroot/test/test_stressgraphics_interpreted/),MatchSource.ISSUE_COMMENT,root-project,root,v6-32-06,https://github.com/root-project/root/pull/13578#issuecomment-1702356332:260,test,tests,260,https://root.cern,https://github.com/root-project/root/pull/13578#issuecomment-1702356332,4,['test'],"['test', 'testReport', 'tests']"
Testability,Build failed on ROOT-ubuntu2004/python3.; Running on root-ubuntu-2004-1.cern.ch:/home/sftnight/build/workspace/root-pullrequests-build; [See console output](https://lcgapp-services.cern.ch/root-jenkins/job/root-pullrequests-build/183789/console).; ### Failing tests:; - [projectroot.roottest.python.distrdf.dask.roottest_python_distrdf_dask_test_all](https://lcgapp-services.cern.ch/root-jenkins/job/root-pullrequests-build/183789/testReport/projectroot.roottest.python.distrdf/dask/roottest_python_distrdf_dask_test_all/); - [projectroot.test.test_stressgraphics_interpreted](https://lcgapp-services.cern.ch/root-jenkins/job/root-pullrequests-build/183789/testReport/projectroot/test/test_stressgraphics_interpreted/),MatchSource.ISSUE_COMMENT,root-project,root,v6-32-06,https://github.com/root-project/root/pull/13581#issuecomment-1702471349:260,test,tests,260,https://root.cern,https://github.com/root-project/root/pull/13581#issuecomment-1702471349,5,['test'],"['test', 'testReport', 'tests']"
Testability,Build failed on ROOT-ubuntu2004/python3.; Running on root-ubuntu-2004-1.cern.ch:/home/sftnight/build/workspace/root-pullrequests-build; [See console output](https://lcgapp-services.cern.ch/root-jenkins/job/root-pullrequests-build/183801/console).; ### Failing tests:; - [projectroot.runtutorials.tutorial_tmva_TMVA_SOFIE_Models_py](https://lcgapp-services.cern.ch/root-jenkins/job/root-pullrequests-build/183801/testReport/projectroot/runtutorials/tutorial_tmva_TMVA_SOFIE_Models_py/),MatchSource.ISSUE_COMMENT,root-project,root,v6-32-06,https://github.com/root-project/root/pull/13583#issuecomment-1702628599:260,test,tests,260,https://root.cern,https://github.com/root-project/root/pull/13583#issuecomment-1702628599,2,['test'],"['testReport', 'tests']"
Testability,Build failed on ROOT-ubuntu2004/python3.; Running on root-ubuntu-2004-1.cern.ch:/home/sftnight/build/workspace/root-pullrequests-build; [See console output](https://lcgapp-services.cern.ch/root-jenkins/job/root-pullrequests-build/183831/console).; ### Failing tests:; - [projectroot.test.test_stressgraphics_interpreted](https://lcgapp-services.cern.ch/root-jenkins/job/root-pullrequests-build/183831/testReport/projectroot/test/test_stressgraphics_interpreted/),MatchSource.ISSUE_COMMENT,root-project,root,v6-32-06,https://github.com/root-project/root/pull/11208#issuecomment-1702666299:260,test,tests,260,https://root.cern,https://github.com/root-project/root/pull/11208#issuecomment-1702666299,4,['test'],"['test', 'testReport', 'tests']"
Testability,Build failed on ROOT-ubuntu2004/python3.; Running on root-ubuntu-2004-1.cern.ch:/home/sftnight/build/workspace/root-pullrequests-build; [See console output](https://lcgapp-services.cern.ch/root-jenkins/job/root-pullrequests-build/183855/console).; ### Failing tests:; - [projectroot.runtutorials.tutorial_tmva_TMVA_SOFIE_Models_py](https://lcgapp-services.cern.ch/root-jenkins/job/root-pullrequests-build/183855/testReport/projectroot/runtutorials/tutorial_tmva_TMVA_SOFIE_Models_py/); - [projectroot.test.test_stressgraphics](https://lcgapp-services.cern.ch/root-jenkins/job/root-pullrequests-build/183855/testReport/projectroot/test/test_stressgraphics/); - [projectroot.test.test_stressgraphics_interpreted](https://lcgapp-services.cern.ch/root-jenkins/job/root-pullrequests-build/183855/testReport/projectroot/test/test_stressgraphics_interpreted/),MatchSource.ISSUE_COMMENT,root-project,root,v6-32-06,https://github.com/root-project/root/pull/13302#issuecomment-1702790755:260,test,tests,260,https://root.cern,https://github.com/root-project/root/pull/13302#issuecomment-1702790755,8,['test'],"['test', 'testReport', 'tests']"
Testability,Build failed on ROOT-ubuntu2004/python3.; Running on root-ubuntu-2004-1.cern.ch:/home/sftnight/build/workspace/root-pullrequests-build; [See console output](https://lcgapp-services.cern.ch/root-jenkins/job/root-pullrequests-build/183868/console).; ### Failing tests:; - [projectroot.roottest.python.distrdf.dask.roottest_python_distrdf_dask_test_all](https://lcgapp-services.cern.ch/root-jenkins/job/root-pullrequests-build/183868/testReport/projectroot.roottest.python.distrdf/dask/roottest_python_distrdf_dask_test_all/),MatchSource.ISSUE_COMMENT,root-project,root,v6-32-06,https://github.com/root-project/root/pull/11208#issuecomment-1702967901:260,test,tests,260,https://root.cern,https://github.com/root-project/root/pull/11208#issuecomment-1702967901,2,['test'],"['testReport', 'tests']"
Testability,Build failed on ROOT-ubuntu2004/python3.; Running on root-ubuntu-2004-1.cern.ch:/home/sftnight/build/workspace/root-pullrequests-build; [See console output](https://lcgapp-services.cern.ch/root-jenkins/job/root-pullrequests-build/183904/console).; ### Failing tests:; - [projectroot.roottest.python.distrdf.dask.roottest_python_distrdf_dask_test_all](https://lcgapp-services.cern.ch/root-jenkins/job/root-pullrequests-build/183904/testReport/projectroot.roottest.python.distrdf/dask/roottest_python_distrdf_dask_test_all/); - [projectroot.runtutorials.tutorial_tmva_TMVA_SOFIE_Models_py](https://lcgapp-services.cern.ch/root-jenkins/job/root-pullrequests-build/183904/testReport/projectroot/runtutorials/tutorial_tmva_TMVA_SOFIE_Models_py/),MatchSource.ISSUE_COMMENT,root-project,root,v6-32-06,https://github.com/root-project/root/pull/13302#issuecomment-1704904356:260,test,tests,260,https://root.cern,https://github.com/root-project/root/pull/13302#issuecomment-1704904356,3,['test'],"['testReport', 'tests']"
Testability,Build failed on ROOT-ubuntu2004/python3.; Running on root-ubuntu-2004-1.cern.ch:/home/sftnight/build/workspace/root-pullrequests-build; [See console output](https://lcgapp-services.cern.ch/root-jenkins/job/root-pullrequests-build/183928/console).; ### Failing tests:; - [projectroot.roottest.python.distrdf.dask.roottest_python_distrdf_dask_test_all](https://lcgapp-services.cern.ch/root-jenkins/job/root-pullrequests-build/183928/testReport/projectroot.roottest.python.distrdf/dask/roottest_python_distrdf_dask_test_all/); - [projectroot.roottest.root.meta.roottest_root_meta_execTypedefList_auto](https://lcgapp-services.cern.ch/root-jenkins/job/root-pullrequests-build/183928/testReport/projectroot.roottest.root/meta/roottest_root_meta_execTypedefList_auto/); - [projectroot.roottest.root.io.compression.roottest_root_io_compression_make](https://lcgapp-services.cern.ch/root-jenkins/job/root-pullrequests-build/183928/testReport/projectroot.roottest.root.io/compression/roottest_root_io_compression_make/),MatchSource.ISSUE_COMMENT,root-project,root,v6-32-06,https://github.com/root-project/root/pull/13571#issuecomment-1705168125:260,test,tests,260,https://root.cern,https://github.com/root-project/root/pull/13571#issuecomment-1705168125,4,['test'],"['testReport', 'tests']"
Testability,Build failed on ROOT-ubuntu2004/python3.; Running on root-ubuntu-2004-1.cern.ch:/home/sftnight/build/workspace/root-pullrequests-build; [See console output](https://lcgapp-services.cern.ch/root-jenkins/job/root-pullrequests-build/183946/console).; ### Errors:; - [2023-09-04T12:52:31.053Z] FAILED: test/CMakeFiles/stressProof.dir/stressProof.cxx.o ; - [2023-09-04T12:52:31.310Z] /home/sftnight/build/workspace/root-pullrequests-build/root/test/stressProof.cxx:140:10: fatal error: proof/getProof.C: No such file or directory,MatchSource.ISSUE_COMMENT,root-project,root,v6-32-06,https://github.com/root-project/root/pull/13571#issuecomment-1705222659:298,test,test,298,https://root.cern,https://github.com/root-project/root/pull/13571#issuecomment-1705222659,2,['test'],['test']
Testability,Build failed on ROOT-ubuntu2004/python3.; Running on root-ubuntu-2004-1.cern.ch:/home/sftnight/build/workspace/root-pullrequests-build; [See console output](https://lcgapp-services.cern.ch/root-jenkins/job/root-pullrequests-build/183958/console).; ### Failing tests:; - [projectroot.bindings.pyroot.pythonizations.test.pyunittests_pyroot_roofit_rooabspdf_fitto](https://lcgapp-services.cern.ch/root-jenkins/job/root-pullrequests-build/183958/testReport/projectroot.bindings.pyroot.pythonizations/test/pyunittests_pyroot_roofit_rooabspdf_fitto/),MatchSource.ISSUE_COMMENT,root-project,root,v6-32-06,https://github.com/root-project/root/pull/13594#issuecomment-1705293241:260,test,tests,260,https://root.cern,https://github.com/root-project/root/pull/13594#issuecomment-1705293241,4,['test'],"['test', 'testReport', 'tests']"
Testability,Build failed on ROOT-ubuntu2004/python3.; Running on root-ubuntu-2004-1.cern.ch:/home/sftnight/build/workspace/root-pullrequests-build; [See console output](https://lcgapp-services.cern.ch/root-jenkins/job/root-pullrequests-build/183973/console).; ### Failing tests:; - [projectroot.roottest.python.distrdf.dask.roottest_python_distrdf_dask_test_all](https://lcgapp-services.cern.ch/root-jenkins/job/root-pullrequests-build/183973/testReport/projectroot.roottest.python.distrdf/dask/roottest_python_distrdf_dask_test_all/),MatchSource.ISSUE_COMMENT,root-project,root,v6-32-06,https://github.com/root-project/root/pull/13595#issuecomment-1705355441:260,test,tests,260,https://root.cern,https://github.com/root-project/root/pull/13595#issuecomment-1705355441,2,['test'],"['testReport', 'tests']"
Testability,Build failed on ROOT-ubuntu2004/python3.; Running on root-ubuntu-2004-1.cern.ch:/home/sftnight/build/workspace/root-pullrequests-build; [See console output](https://lcgapp-services.cern.ch/root-jenkins/job/root-pullrequests-build/184150/console).; ### Failing tests:; - [projectroot.roottest.python.distrdf.dask.roottest_python_distrdf_dask_test_all](https://lcgapp-services.cern.ch/root-jenkins/job/root-pullrequests-build/184150/testReport/projectroot.roottest.python.distrdf/dask/roottest_python_distrdf_dask_test_all/),MatchSource.ISSUE_COMMENT,root-project,root,v6-32-06,https://github.com/root-project/root/pull/13608#issuecomment-1707278360:260,test,tests,260,https://root.cern,https://github.com/root-project/root/pull/13608#issuecomment-1707278360,2,['test'],"['testReport', 'tests']"
Testability,Build failed on ROOT-ubuntu2004/python3.; Running on root-ubuntu-2004-1.cern.ch:/home/sftnight/build/workspace/root-pullrequests-build; [See console output](https://lcgapp-services.cern.ch/root-jenkins/job/root-pullrequests-build/184174/console).; ### Failing tests:; - [projectroot.roottest.python.distrdf.dask.roottest_python_distrdf_dask_test_all](https://lcgapp-services.cern.ch/root-jenkins/job/root-pullrequests-build/184174/testReport/projectroot.roottest.python.distrdf/dask/roottest_python_distrdf_dask_test_all/),MatchSource.ISSUE_COMMENT,root-project,root,v6-32-06,https://github.com/root-project/root/pull/13609#issuecomment-1707401343:260,test,tests,260,https://root.cern,https://github.com/root-project/root/pull/13609#issuecomment-1707401343,2,['test'],"['testReport', 'tests']"
Testability,Build failed on ROOT-ubuntu2004/python3.; Running on root-ubuntu-2004-1.cern.ch:/home/sftnight/build/workspace/root-pullrequests-build; [See console output](https://lcgapp-services.cern.ch/root-jenkins/job/root-pullrequests-build/184198/console).; ### Failing tests:; - [projectroot.runtutorials.tutorial_tmva_TMVA_SOFIE_Models_py](https://lcgapp-services.cern.ch/root-jenkins/job/root-pullrequests-build/184198/testReport/projectroot/runtutorials/tutorial_tmva_TMVA_SOFIE_Models_py/),MatchSource.ISSUE_COMMENT,root-project,root,v6-32-06,https://github.com/root-project/root/pull/13521#issuecomment-1707785504:260,test,tests,260,https://root.cern,https://github.com/root-project/root/pull/13521#issuecomment-1707785504,2,['test'],"['testReport', 'tests']"
Testability,Build failed on ROOT-ubuntu2004/python3.; Running on root-ubuntu-2004-1.cern.ch:/home/sftnight/build/workspace/root-pullrequests-build; [See console output](https://lcgapp-services.cern.ch/root-jenkins/job/root-pullrequests-build/184210/console).; ### Failing tests:; - [projectroot.tmva.pymva.test.gtest_tmva_pymva_test_TestRModelParserPyTorch](https://lcgapp-services.cern.ch/root-jenkins/job/root-pullrequests-build/184210/testReport/projectroot.tmva.pymva/test/gtest_tmva_pymva_test_TestRModelParserPyTorch/),MatchSource.ISSUE_COMMENT,root-project,root,v6-32-06,https://github.com/root-project/root/pull/13613#issuecomment-1707830988:260,test,tests,260,https://root.cern,https://github.com/root-project/root/pull/13613#issuecomment-1707830988,4,['test'],"['test', 'testReport', 'tests']"
Testability,Build failed on ROOT-ubuntu2004/python3.; Running on root-ubuntu-2004-1.cern.ch:/home/sftnight/build/workspace/root-pullrequests-build; [See console output](https://lcgapp-services.cern.ch/root-jenkins/job/root-pullrequests-build/184216/console).; ### Failing tests:; - [projectroot.tmva.pymva.test.gtest_tmva_pymva_test_TestRModelParserPyTorch](https://lcgapp-services.cern.ch/root-jenkins/job/root-pullrequests-build/184216/testReport/projectroot.tmva.pymva/test/gtest_tmva_pymva_test_TestRModelParserPyTorch/),MatchSource.ISSUE_COMMENT,root-project,root,v6-32-06,https://github.com/root-project/root/pull/13613#issuecomment-1707877147:260,test,tests,260,https://root.cern,https://github.com/root-project/root/pull/13613#issuecomment-1707877147,4,['test'],"['test', 'testReport', 'tests']"
Testability,Build failed on ROOT-ubuntu2004/python3.; Running on root-ubuntu-2004-1.cern.ch:/home/sftnight/build/workspace/root-pullrequests-build; [See console output](https://lcgapp-services.cern.ch/root-jenkins/job/root-pullrequests-build/185787/console).; ### Failing tests:; - [projectroot.roottest.python.distrdf.dask.roottest_python_distrdf_dask_test_all](https://lcgapp-services.cern.ch/root-jenkins/job/root-pullrequests-build/185787/testReport/projectroot.roottest.python.distrdf/dask/roottest_python_distrdf_dask_test_all/); - [projectroot.tmva.pymva.test.PyMVA_Keras_Regression](https://lcgapp-services.cern.ch/root-jenkins/job/root-pullrequests-build/185787/testReport/projectroot.tmva.pymva/test/PyMVA_Keras_Regression/),MatchSource.ISSUE_COMMENT,root-project,root,v6-32-06,https://github.com/root-project/root/pull/13692#issuecomment-1739297742:260,test,tests,260,https://root.cern,https://github.com/root-project/root/pull/13692#issuecomment-1739297742,5,['test'],"['test', 'testReport', 'tests']"
Testability,Build failed on ROOT-ubuntu2004/python3.; Running on root-ubuntu-2004-1.cern.ch:/home/sftnight/build/workspace/root-pullrequests-build; [See console output](https://lcgapp-services.cern.ch/root-jenkins/job/root-pullrequests-build/185956/console).; ### Failing tests:; - [projectroot.roottest.python.distrdf.dask.roottest_python_distrdf_dask_test_all](https://lcgapp-services.cern.ch/root-jenkins/job/root-pullrequests-build/185956/testReport/projectroot.roottest.python.distrdf/dask/roottest_python_distrdf_dask_test_all/); - [projectroot.tmva.pymva.test.PyMVA_Keras_Regression](https://lcgapp-services.cern.ch/root-jenkins/job/root-pullrequests-build/185956/testReport/projectroot.tmva.pymva/test/PyMVA_Keras_Regression/),MatchSource.ISSUE_COMMENT,root-project,root,v6-32-06,https://github.com/root-project/root/pull/13739#issuecomment-1739932904:260,test,tests,260,https://root.cern,https://github.com/root-project/root/pull/13739#issuecomment-1739932904,5,['test'],"['test', 'testReport', 'tests']"
Testability,Build failed on ROOT-ubuntu2004/python3.; Running on root-ubuntu-2004-1.cern.ch:/home/sftnight/build/workspace/root-pullrequests-build; [See console output](https://lcgapp-services.cern.ch/root-jenkins/job/root-pullrequests-build/186118/console).; ### Failing tests:; - [projectroot.roottest.python.distrdf.dask.roottest_python_distrdf_dask_test_all](https://lcgapp-services.cern.ch/root-jenkins/job/root-pullrequests-build/186118/testReport/projectroot.roottest.python.distrdf/dask/roottest_python_distrdf_dask_test_all/),MatchSource.ISSUE_COMMENT,root-project,root,v6-32-06,https://github.com/root-project/root/pull/13738#issuecomment-1740455933:260,test,tests,260,https://root.cern,https://github.com/root-project/root/pull/13738#issuecomment-1740455933,2,['test'],"['testReport', 'tests']"
Testability,Build failed on ROOT-ubuntu2004/python3.; Running on root-ubuntu-2004-1.cern.ch:/home/sftnight/build/workspace/root-pullrequests-build; [See console output](https://lcgapp-services.cern.ch/root-jenkins/job/root-pullrequests-build/186136/console).; ### Failing tests:; - [projectroot.roottest.python.distrdf.dask.roottest_python_distrdf_dask_test_all](https://lcgapp-services.cern.ch/root-jenkins/job/root-pullrequests-build/186136/testReport/projectroot.roottest.python.distrdf/dask/roottest_python_distrdf_dask_test_all/),MatchSource.ISSUE_COMMENT,root-project,root,v6-32-06,https://github.com/root-project/root/pull/13755#issuecomment-1740600191:260,test,tests,260,https://root.cern,https://github.com/root-project/root/pull/13755#issuecomment-1740600191,2,['test'],"['testReport', 'tests']"
Testability,Build failed on ROOT-ubuntu2004/python3.; Running on root-ubuntu-2004-1.cern.ch:/home/sftnight/build/workspace/root-pullrequests-build; [See console output](https://lcgapp-services.cern.ch/root-jenkins/job/root-pullrequests-build/186203/console).; ### Failing tests:; - [projectroot.roottest.python.distrdf.dask.roottest_python_distrdf_dask_test_all](https://lcgapp-services.cern.ch/root-jenkins/job/root-pullrequests-build/186203/testReport/projectroot.roottest.python.distrdf/dask/roottest_python_distrdf_dask_test_all/); - [projectroot.tmva.pymva.test.PyMVA_Keras_Regression](https://lcgapp-services.cern.ch/root-jenkins/job/root-pullrequests-build/186203/testReport/projectroot.tmva.pymva/test/PyMVA_Keras_Regression/),MatchSource.ISSUE_COMMENT,root-project,root,v6-32-06,https://github.com/root-project/root/pull/13759#issuecomment-1740852748:260,test,tests,260,https://root.cern,https://github.com/root-project/root/pull/13759#issuecomment-1740852748,5,['test'],"['test', 'testReport', 'tests']"
Testability,Build failed on ROOT-ubuntu2004/python3.; Running on root-ubuntu-2004-1.cern.ch:/home/sftnight/build/workspace/root-pullrequests-build; [See console output](https://lcgapp-services.cern.ch/root-jenkins/job/root-pullrequests-build/186293/console).; ### Failing tests:; - [projectroot.roottest.python.distrdf.dask.roottest_python_distrdf_dask_test_all](https://lcgapp-services.cern.ch/root-jenkins/job/root-pullrequests-build/186293/testReport/projectroot.roottest.python.distrdf/dask/roottest_python_distrdf_dask_test_all/),MatchSource.ISSUE_COMMENT,root-project,root,v6-32-06,https://github.com/root-project/root/pull/13735#issuecomment-1741800264:260,test,tests,260,https://root.cern,https://github.com/root-project/root/pull/13735#issuecomment-1741800264,2,['test'],"['testReport', 'tests']"
Testability,Build failed on ROOT-ubuntu2004/python3.; Running on root-ubuntu-2004-1.cern.ch:/home/sftnight/build/workspace/root-pullrequests-build; [See console output](https://lcgapp-services.cern.ch/root-jenkins/job/root-pullrequests-build/186939/console).; ### Failing tests:; - [projectroot.tmva.sofie.test.gtest_tmva_sofie_test_TestSofieModels](https://lcgapp-services.cern.ch/root-jenkins/job/root-pullrequests-build/186939/testReport/projectroot.tmva.sofie/test/gtest_tmva_sofie_test_TestSofieModels/),MatchSource.ISSUE_COMMENT,root-project,root,v6-32-06,https://github.com/root-project/root/pull/13821#issuecomment-1751354925:260,test,tests,260,https://root.cern,https://github.com/root-project/root/pull/13821#issuecomment-1751354925,4,['test'],"['test', 'testReport', 'tests']"
Testability,Build failed on ROOT-ubuntu2004/python3.; Running on root-ubuntu-2004-1.cern.ch:/home/sftnight/build/workspace/root-pullrequests-build; [See console output](https://lcgapp-services.cern.ch/root-jenkins/job/root-pullrequests-build/186975/console).; ### Failing tests:; - [projectroot.tmva.pymva.test.PyMVA_Keras_Regression](https://lcgapp-services.cern.ch/root-jenkins/job/root-pullrequests-build/186975/testReport/projectroot.tmva.pymva/test/PyMVA_Keras_Regression/),MatchSource.ISSUE_COMMENT,root-project,root,v6-32-06,https://github.com/root-project/root/pull/13827#issuecomment-1755390048:260,test,tests,260,https://root.cern,https://github.com/root-project/root/pull/13827#issuecomment-1755390048,4,['test'],"['test', 'testReport', 'tests']"
Testability,Build failed on ROOT-ubuntu2004/python3.; Running on root-ubuntu-2004-1.cern.ch:/home/sftnight/build/workspace/root-pullrequests-build; [See console output](https://lcgapp-services.cern.ch/root-jenkins/job/root-pullrequests-build/186981/console).; ### Failing tests:; - [projectroot.roottest.python.distrdf.dask.roottest_python_distrdf_dask_test_all](https://lcgapp-services.cern.ch/root-jenkins/job/root-pullrequests-build/186981/testReport/projectroot.roottest.python.distrdf/dask/roottest_python_distrdf_dask_test_all/),MatchSource.ISSUE_COMMENT,root-project,root,v6-32-06,https://github.com/root-project/root/pull/13786#issuecomment-1755571122:260,test,tests,260,https://root.cern,https://github.com/root-project/root/pull/13786#issuecomment-1755571122,2,['test'],"['testReport', 'tests']"
Testability,Build failed on ROOT-ubuntu2004/python3.; Running on root-ubuntu-2004-1.cern.ch:/home/sftnight/build/workspace/root-pullrequests-build; [See console output](https://lcgapp-services.cern.ch/root-jenkins/job/root-pullrequests-build/187029/console).; ### Failing tests:; - [projectroot.tmva.pymva.test.PyMVA_Keras_Regression](https://lcgapp-services.cern.ch/root-jenkins/job/root-pullrequests-build/187029/testReport/projectroot.tmva.pymva/test/PyMVA_Keras_Regression/),MatchSource.ISSUE_COMMENT,root-project,root,v6-32-06,https://github.com/root-project/root/pull/13835#issuecomment-1756482716:260,test,tests,260,https://root.cern,https://github.com/root-project/root/pull/13835#issuecomment-1756482716,4,['test'],"['test', 'testReport', 'tests']"
Testability,Build failed on ROOT-ubuntu2004/python3.; Running on root-ubuntu-2004-1.cern.ch:/home/sftnight/build/workspace/root-pullrequests-build; [See console output](https://lcgapp-services.cern.ch/root-jenkins/job/root-pullrequests-build/187041/console).; ### Failing tests:; - [projectroot.tmva.pymva.test.PyMVA_Keras_Regression](https://lcgapp-services.cern.ch/root-jenkins/job/root-pullrequests-build/187041/testReport/projectroot.tmva.pymva/test/PyMVA_Keras_Regression/),MatchSource.ISSUE_COMMENT,root-project,root,v6-32-06,https://github.com/root-project/root/pull/13837#issuecomment-1756603996:260,test,tests,260,https://root.cern,https://github.com/root-project/root/pull/13837#issuecomment-1756603996,4,['test'],"['test', 'testReport', 'tests']"
Testability,Build failed on ROOT-ubuntu2004/python3.; Running on root-ubuntu-2004-1.cern.ch:/home/sftnight/build/workspace/root-pullrequests-build; [See console output](https://lcgapp-services.cern.ch/root-jenkins/job/root-pullrequests-build/187155/console).; ### Failing tests:; - [projectroot.tree.dataframe.test.pyunittests_dataframe_cache](https://lcgapp-services.cern.ch/root-jenkins/job/root-pullrequests-build/187155/testReport/projectroot.tree.dataframe/test/pyunittests_dataframe_cache/); - [projectroot.tree.dataframe.test.pyunittests_dataframe_datasetspec](https://lcgapp-services.cern.ch/root-jenkins/job/root-pullrequests-build/187155/testReport/projectroot.tree.dataframe/test/pyunittests_dataframe_datasetspec/),MatchSource.ISSUE_COMMENT,root-project,root,v6-32-06,https://github.com/root-project/root/pull/13856#issuecomment-1761656891:260,test,tests,260,https://root.cern,https://github.com/root-project/root/pull/13856#issuecomment-1761656891,7,['test'],"['test', 'testReport', 'tests']"
Testability,Build failed on ROOT-ubuntu2004/python3.; Running on root-ubuntu-2004-1.cern.ch:/home/sftnight/build/workspace/root-pullrequests-build; [See console output](https://lcgapp-services.cern.ch/root-jenkins/job/root-pullrequests-build/187300/console).; ### Failing tests:; - [projectroot.test.test_TFormulaTests](https://lcgapp-services.cern.ch/root-jenkins/job/root-pullrequests-build/187300/testReport/projectroot/test/test_TFormulaTests/),MatchSource.ISSUE_COMMENT,root-project,root,v6-32-06,https://github.com/root-project/root/pull/13844#issuecomment-1766158065:260,test,tests,260,https://root.cern,https://github.com/root-project/root/pull/13844#issuecomment-1766158065,4,['test'],"['test', 'testReport', 'tests']"
Testability,Build failed on ROOT-ubuntu2004/python3.; Running on root-ubuntu-2004-1.cern.ch:/home/sftnight/build/workspace/root-pullrequests-build; [See console output](https://lcgapp-services.cern.ch/root-jenkins/job/root-pullrequests-build/187447/console).; ### Failing tests:; - [projectroot.tmva.sofie.test.gtest_tmva_sofie_test_TestSofieModels](https://lcgapp-services.cern.ch/root-jenkins/job/root-pullrequests-build/187447/testReport/projectroot.tmva.sofie/test/gtest_tmva_sofie_test_TestSofieModels/),MatchSource.ISSUE_COMMENT,root-project,root,v6-32-06,https://github.com/root-project/root/pull/13889#issuecomment-1768476059:260,test,tests,260,https://root.cern,https://github.com/root-project/root/pull/13889#issuecomment-1768476059,4,['test'],"['test', 'testReport', 'tests']"
Testability,Build failed on ROOT-ubuntu2004/python3.; Running on root-ubuntu-2004-1.cern.ch:/home/sftnight/build/workspace/root-pullrequests-build; [See console output](https://lcgapp-services.cern.ch/root-jenkins/job/root-pullrequests-build/187527/console).; ### Failing tests:; - [projectroot.tmva.sofie.test.gtest_tmva_sofie_test_TestSofieModels](https://lcgapp-services.cern.ch/root-jenkins/job/root-pullrequests-build/187527/testReport/projectroot.tmva.sofie/test/gtest_tmva_sofie_test_TestSofieModels/),MatchSource.ISSUE_COMMENT,root-project,root,v6-32-06,https://github.com/root-project/root/pull/13876#issuecomment-1770535728:260,test,tests,260,https://root.cern,https://github.com/root-project/root/pull/13876#issuecomment-1770535728,4,['test'],"['test', 'testReport', 'tests']"
Testability,Build failed on ROOT-ubuntu2004/python3.; Running on root-ubuntu-2004-1.cern.ch:/home/sftnight/build/workspace/root-pullrequests-build; [See console output](https://lcgapp-services.cern.ch/root-jenkins/job/root-pullrequests-build/187537/console).; ### Failing tests:; - [projectroot.tmva.sofie.test.gtest_tmva_sofie_test_TestSofieModels](https://lcgapp-services.cern.ch/root-jenkins/job/root-pullrequests-build/187537/testReport/projectroot.tmva.sofie/test/gtest_tmva_sofie_test_TestSofieModels/),MatchSource.ISSUE_COMMENT,root-project,root,v6-32-06,https://github.com/root-project/root/pull/13899#issuecomment-1771064245:260,test,tests,260,https://root.cern,https://github.com/root-project/root/pull/13899#issuecomment-1771064245,4,['test'],"['test', 'testReport', 'tests']"
Testability,Build failed on ROOT-ubuntu2004/python3.; Running on root-ubuntu-2004-1.cern.ch:/home/sftnight/build/workspace/root-pullrequests-build; [See console output](https://lcgapp-services.cern.ch/root-jenkins/job/root-pullrequests-build/187562/console).; ### Failing tests:; - [projectroot.bindings.pyroot.pythonizations.test.pyunittests_pyroot_pyz_decorator](https://lcgapp-services.cern.ch/root-jenkins/job/root-pullrequests-build/187562/testReport/projectroot.bindings.pyroot.pythonizations/test/pyunittests_pyroot_pyz_decorator/); - [projectroot.core.metacling.test.gtest_core_metacling_test_TClingTest](https://lcgapp-services.cern.ch/root-jenkins/job/root-pullrequests-build/187562/testReport/projectroot.core.metacling/test/gtest_core_metacling_test_TClingTest/); - [projectroot.roottest.python.numba.roottest_python_numba_numba](https://lcgapp-services.cern.ch/root-jenkins/job/root-pullrequests-build/187562/testReport/projectroot.roottest.python/numba/roottest_python_numba_numba/); - [projectroot.roottest.root.meta.roottest_root_meta_runMemberComments](https://lcgapp-services.cern.ch/root-jenkins/job/root-pullrequests-build/187562/testReport/projectroot.roottest.root/meta/roottest_root_meta_runMemberComments/); - [projectroot.roottest.root.multicore.roottest_root_multicore_ttree_read_imt](https://lcgapp-services.cern.ch/root-jenkins/job/root-pullrequests-build/187562/testReport/projectroot.roottest.root/multicore/roottest_root_multicore_ttree_read_imt/),MatchSource.ISSUE_COMMENT,root-project,root,v6-32-06,https://github.com/root-project/root/pull/13900#issuecomment-1771942344:260,test,tests,260,https://root.cern,https://github.com/root-project/root/pull/13900#issuecomment-1771942344,10,['test'],"['test', 'testReport', 'tests']"
Testability,Build failed on ROOT-ubuntu2004/python3.; Running on root-ubuntu-2004-1.cern.ch:/home/sftnight/build/workspace/root-pullrequests-build; [See console output](https://lcgapp-services.cern.ch/root-jenkins/job/root-pullrequests-build/187607/console).; ### Failing tests:; - [projectroot.bindings.experimental.distrdf.test.pyunittests_distrdf_unit_test_headnode](https://lcgapp-services.cern.ch/root-jenkins/job/root-pullrequests-build/187607/testReport/projectroot.bindings.experimental.distrdf/test/pyunittests_distrdf_unit_test_headnode/); - [projectroot.bindings.experimental.distrdf.test.pyunittests_distrdf_unit_test_friendinfo](https://lcgapp-services.cern.ch/root-jenkins/job/root-pullrequests-build/187607/testReport/projectroot.bindings.experimental.distrdf/test/pyunittests_distrdf_unit_test_friendinfo/); - [projectroot.bindings.experimental.distrdf.test.pyunittests_distrdf_unit_test_ranges](https://lcgapp-services.cern.ch/root-jenkins/job/root-pullrequests-build/187607/testReport/projectroot.bindings.experimental.distrdf/test/pyunittests_distrdf_unit_test_ranges/); - [projectroot.bindings.experimental.distrdf.test.backend.pyunittests_distrdf_unit_backend_test_dist](https://lcgapp-services.cern.ch/root-jenkins/job/root-pullrequests-build/187607/testReport/projectroot.bindings.experimental.distrdf.test/backend/pyunittests_distrdf_unit_backend_test_dist/); - [projectroot.bindings.experimental.distrdf.test.backend.pyunittests_distrdf_unit_backend_test_graph_caching](https://lcgapp-services.cern.ch/root-jenkins/job/root-pullrequests-build/187607/testReport/projectroot.bindings.experimental.distrdf.test/backend/pyunittests_distrdf_unit_backend_test_graph_caching/); - [projectroot.bindings.pyroot.pythonizations.test.pyunittests_pyroot_pyz_tobject_comparisonops](https://lcgapp-services.cern.ch/root-jenkins/job/root-pullrequests-build/187607/testReport/projectroot.bindings.pyroot.pythonizations/test/pyunittests_pyroot_pyz_tobject_comparisonops/); - [projectroot.bindings.pyroot.py,MatchSource.ISSUE_COMMENT,root-project,root,v6-32-06,https://github.com/root-project/root/pull/13903#issuecomment-1772800668:260,test,tests,260,https://root.cern,https://github.com/root-project/root/pull/13903#issuecomment-1772800668,9,['test'],"['test', 'testReport', 'tests']"
Testability,Build failed on ROOT-ubuntu2004/python3.; Running on root-ubuntu-2004-1.cern.ch:/home/sftnight/build/workspace/root-pullrequests-build; [See console output](https://lcgapp-services.cern.ch/root-jenkins/job/root-pullrequests-build/187778/console).; ### Failing tests:; - [projectroot.test.test_stresshistofit_interpreted](https://lcgapp-services.cern.ch/root-jenkins/job/root-pullrequests-build/187778/testReport/projectroot/test/test_stresshistofit_interpreted/); - [projectroot.roottest.root.multicore.roottest_root_multicore_processExecutorH1Test](https://lcgapp-services.cern.ch/root-jenkins/job/root-pullrequests-build/187778/testReport/projectroot.roottest.root/multicore/roottest_root_multicore_processExecutorH1Test/),MatchSource.ISSUE_COMMENT,root-project,root,v6-32-06,https://github.com/root-project/root/pull/13918#issuecomment-1774931725:260,test,tests,260,https://root.cern,https://github.com/root-project/root/pull/13918#issuecomment-1774931725,5,['test'],"['test', 'testReport', 'tests']"
Testability,Build failed on ROOT-ubuntu2004/python3.; Running on root-ubuntu-2004-1.cern.ch:/home/sftnight/build/workspace/root-pullrequests-build; [See console output](https://lcgapp-services.cern.ch/root-jenkins/job/root-pullrequests-build/187828/console).; ### Failing tests:; - [projectroot.tree.ntuple.v7.test.gtest_tree_ntuple_v7_test_ntuple_show](https://lcgapp-services.cern.ch/root-jenkins/job/root-pullrequests-build/187828/testReport/projectroot.tree.ntuple.v7/test/gtest_tree_ntuple_v7_test_ntuple_show/),MatchSource.ISSUE_COMMENT,root-project,root,v6-32-06,https://github.com/root-project/root/pull/13923#issuecomment-1775555567:260,test,tests,260,https://root.cern,https://github.com/root-project/root/pull/13923#issuecomment-1775555567,4,['test'],"['test', 'testReport', 'tests']"
Testability,Build failed on ROOT-ubuntu2004/python3.; Running on root-ubuntu-2004-1.cern.ch:/home/sftnight/build/workspace/root-pullrequests-build; [See console output](https://lcgapp-services.cern.ch/root-jenkins/job/root-pullrequests-build/187848/console).; ### Failing tests:; - [projectroot.roottest.root.multicore.roottest_root_multicore_ttree_read_imt](https://lcgapp-services.cern.ch/root-jenkins/job/root-pullrequests-build/187848/testReport/projectroot.roottest.root/multicore/roottest_root_multicore_ttree_read_imt/),MatchSource.ISSUE_COMMENT,root-project,root,v6-32-06,https://github.com/root-project/root/pull/13900#issuecomment-1776035650:260,test,tests,260,https://root.cern,https://github.com/root-project/root/pull/13900#issuecomment-1776035650,2,['test'],"['testReport', 'tests']"
Testability,Build failed on ROOT-ubuntu2004/python3.; Running on root-ubuntu-2004-1.cern.ch:/home/sftnight/build/workspace/root-pullrequests-build; [See console output](https://lcgapp-services.cern.ch/root-jenkins/job/root-pullrequests-build/187933/console).; ### Failing tests:; - [projectroot.tmva.pymva.test.PyMVA_Keras_Regression](https://lcgapp-services.cern.ch/root-jenkins/job/root-pullrequests-build/187933/testReport/projectroot.tmva.pymva/test/PyMVA_Keras_Regression/),MatchSource.ISSUE_COMMENT,root-project,root,v6-32-06,https://github.com/root-project/root/pull/13925#issuecomment-1777397447:260,test,tests,260,https://root.cern,https://github.com/root-project/root/pull/13925#issuecomment-1777397447,4,['test'],"['test', 'testReport', 'tests']"
Testability,Build failed on ROOT-ubuntu2004/python3.; Running on root-ubuntu-2004-1.cern.ch:/home/sftnight/build/workspace/root-pullrequests-build; [See console output](https://lcgapp-services.cern.ch/root-jenkins/job/root-pullrequests-build/187953/console).; ### Failing tests:; - [projectroot.roottest.root.multicore.roottest_root_multicore_processExecutorH1Test](https://lcgapp-services.cern.ch/root-jenkins/job/root-pullrequests-build/187953/testReport/projectroot.roottest.root/multicore/roottest_root_multicore_processExecutorH1Test/),MatchSource.ISSUE_COMMENT,root-project,root,v6-32-06,https://github.com/root-project/root/pull/13918#issuecomment-1777593424:260,test,tests,260,https://root.cern,https://github.com/root-project/root/pull/13918#issuecomment-1777593424,2,['test'],"['testReport', 'tests']"
Testability,Build failed on ROOT-ubuntu2004/python3.; Running on root-ubuntu-2004-1.cern.ch:/home/sftnight/build/workspace/root-pullrequests-build; [See console output](https://lcgapp-services.cern.ch/root-jenkins/job/root-pullrequests-build/187983/console).; ### Failing tests:; - [projectroot.roottest.root.hist.roottest_root_hist_h2root](https://lcgapp-services.cern.ch/root-jenkins/job/root-pullrequests-build/187983/testReport/projectroot.roottest.root/hist/roottest_root_hist_h2root/),MatchSource.ISSUE_COMMENT,root-project,root,v6-32-06,https://github.com/root-project/root/pull/13926#issuecomment-1778001037:260,test,tests,260,https://root.cern,https://github.com/root-project/root/pull/13926#issuecomment-1778001037,2,['test'],"['testReport', 'tests']"
Testability,Build failed on ROOT-ubuntu2004/python3.; Running on root-ubuntu-2004-1.cern.ch:/home/sftnight/build/workspace/root-pullrequests-build; [See console output](https://lcgapp-services.cern.ch/root-jenkins/job/root-pullrequests-build/188028/console).; ### Failing tests:; - [projectroot.tmva.pymva.test.PyMVA_Keras_Regression](https://lcgapp-services.cern.ch/root-jenkins/job/root-pullrequests-build/188028/testReport/projectroot.tmva.pymva/test/PyMVA_Keras_Regression/),MatchSource.ISSUE_COMMENT,root-project,root,v6-32-06,https://github.com/root-project/root/pull/13935#issuecomment-1779462462:260,test,tests,260,https://root.cern,https://github.com/root-project/root/pull/13935#issuecomment-1779462462,4,['test'],"['test', 'testReport', 'tests']"
Testability,Build failed on ROOT-ubuntu2004/python3.; Running on root-ubuntu-2004-1.cern.ch:/home/sftnight/build/workspace/root-pullrequests-build; [See console output](https://lcgapp-services.cern.ch/root-jenkins/job/root-pullrequests-build/188169/console).; ### Failing tests:; - [projectroot.roottest.root.io.uniquePointer.roottest_root_io_uniquePointer_privacy_interp](https://lcgapp-services.cern.ch/root-jenkins/job/root-pullrequests-build/188169/testReport/projectroot.roottest.root.io/uniquePointer/roottest_root_io_uniquePointer_privacy_interp/),MatchSource.ISSUE_COMMENT,root-project,root,v6-32-06,https://github.com/root-project/root/pull/13900#issuecomment-1781801239:260,test,tests,260,https://root.cern,https://github.com/root-project/root/pull/13900#issuecomment-1781801239,2,['test'],"['testReport', 'tests']"
Testability,Build failed on ROOT-ubuntu2004/python3.; Running on root-ubuntu-2004-1.cern.ch:/home/sftnight/build/workspace/root-pullrequests-build; [See console output](https://lcgapp-services.cern.ch/root-jenkins/job/root-pullrequests-build/188215/console).; ### Failing tests:; - [projectroot.tmva.pymva.test.PyMVA_Keras_Regression](https://lcgapp-services.cern.ch/root-jenkins/job/root-pullrequests-build/188215/testReport/projectroot.tmva.pymva/test/PyMVA_Keras_Regression/),MatchSource.ISSUE_COMMENT,root-project,root,v6-32-06,https://github.com/root-project/root/pull/13956#issuecomment-1782842391:260,test,tests,260,https://root.cern,https://github.com/root-project/root/pull/13956#issuecomment-1782842391,4,['test'],"['test', 'testReport', 'tests']"
Testability,Build failed on ROOT-ubuntu2004/python3.; Running on root-ubuntu-2004-1.cern.ch:/home/sftnight/build/workspace/root-pullrequests-build; [See console output](https://lcgapp-services.cern.ch/root-jenkins/job/root-pullrequests-build/188235/console).; ### Failing tests:; - [projectroot.tree.ntuple.v7.test.gtest_tree_ntuple_v7_test_ntuple_show](https://lcgapp-services.cern.ch/root-jenkins/job/root-pullrequests-build/188235/testReport/projectroot.tree.ntuple.v7/test/gtest_tree_ntuple_v7_test_ntuple_show/),MatchSource.ISSUE_COMMENT,root-project,root,v6-32-06,https://github.com/root-project/root/pull/13904#issuecomment-1783050275:260,test,tests,260,https://root.cern,https://github.com/root-project/root/pull/13904#issuecomment-1783050275,4,['test'],"['test', 'testReport', 'tests']"
Testability,Build failed on ROOT-ubuntu2004/python3.; Running on root-ubuntu-2004-1.cern.ch:/home/sftnight/build/workspace/root-pullrequests-build; [See console output](https://lcgapp-services.cern.ch/root-jenkins/job/root-pullrequests-build/188430/console).; ### Failing tests:; - [projectroot.roofit.roofitcore.test.gtest_roofit_roofitcore_test_testRooDataSet](https://lcgapp-services.cern.ch/root-jenkins/job/root-pullrequests-build/188430/testReport/projectroot.roofit.roofitcore/test/gtest_roofit_roofitcore_test_testRooDataSet/); - [projectroot.roottest.root.io.filemerger.roottest_root_io_filemerger_execFileMerger](https://lcgapp-services.cern.ch/root-jenkins/job/root-pullrequests-build/188430/testReport/projectroot.roottest.root.io/filemerger/roottest_root_io_filemerger_execFileMerger/); - [projectroot.roottest.root.tree.array.roottest_root_tree_array_make](https://lcgapp-services.cern.ch/root-jenkins/job/root-pullrequests-build/188430/testReport/projectroot.roottest.root.tree/array/roottest_root_tree_array_make/); - [projectroot.roottest.root.tree.cloning.roottest_root_tree_cloning_treeCloneTest](https://lcgapp-services.cern.ch/root-jenkins/job/root-pullrequests-build/188430/testReport/projectroot.roottest.root.tree/cloning/roottest_root_tree_cloning_treeCloneTest/); - [projectroot.roottest.root.tree.fastcloning.roottest_root_tree_fastcloning_execmisstop](https://lcgapp-services.cern.ch/root-jenkins/job/root-pullrequests-build/188430/testReport/projectroot.roottest.root.tree/fastcloning/roottest_root_tree_fastcloning_execmisstop/); - [projectroot.roottest.root.tree.leaves.roottest_root_tree_leaves_make](https://lcgapp-services.cern.ch/root-jenkins/job/root-pullrequests-build/188430/testReport/projectroot.roottest.root.tree/leaves/roottest_root_tree_leaves_make/); - [projectroot.roottest.root.tree.query.roottest_root_tree_query_make](https://lcgapp-services.cern.ch/root-jenkins/job/root-pullrequests-build/188430/testReport/projectroot.roottest.root.tree/query/roottest_root_tree,MatchSource.ISSUE_COMMENT,root-project,root,v6-32-06,https://github.com/root-project/root/pull/13990#issuecomment-1787506464:260,test,tests,260,https://root.cern,https://github.com/root-project/root/pull/13990#issuecomment-1787506464,6,['test'],"['test', 'testReport', 'tests']"
Testability,Build failed on ROOT-ubuntu2004/python3.; Running on root-ubuntu-2004-1.cern.ch:/home/sftnight/build/workspace/root-pullrequests-build; [See console output](https://lcgapp-services.cern.ch/root-jenkins/job/root-pullrequests-build/188665/console).; ### Failing tests:; - [projectroot.tmva.pymva.test.PyMVA_Keras_Regression](https://lcgapp-services.cern.ch/root-jenkins/job/root-pullrequests-build/188665/testReport/projectroot.tmva.pymva/test/PyMVA_Keras_Regression/),MatchSource.ISSUE_COMMENT,root-project,root,v6-32-06,https://github.com/root-project/root/pull/13844#issuecomment-1792470724:260,test,tests,260,https://root.cern,https://github.com/root-project/root/pull/13844#issuecomment-1792470724,4,['test'],"['test', 'testReport', 'tests']"
Testability,Build failed on ROOT-ubuntu2004/python3.; Running on root-ubuntu-2004-1.cern.ch:/home/sftnight/build/workspace/root-pullrequests-build; [See console output](https://lcgapp-services.cern.ch/root-jenkins/job/root-pullrequests-build/190011/console).; ### Failing tests:; - [projectroot.tree.ntuple.v7.test.gtest_tree_ntuple_v7_test_ntuple_cluster](https://lcgapp-services.cern.ch/root-jenkins/job/root-pullrequests-build/190011/testReport/projectroot.tree.ntuple.v7/test/gtest_tree_ntuple_v7_test_ntuple_cluster/),MatchSource.ISSUE_COMMENT,root-project,root,v6-32-06,https://github.com/root-project/root/pull/13779#issuecomment-1823205393:260,test,tests,260,https://root.cern,https://github.com/root-project/root/pull/13779#issuecomment-1823205393,4,['test'],"['test', 'testReport', 'tests']"
Testability,Build failed on ROOT-ubuntu2004/python3.; Running on root-ubuntu-2004-1.cern.ch:/home/sftnight/build/workspace/root-pullrequests-build; [See console output](https://lcgapp-services.cern.ch/root-jenkins/job/root-pullrequests-build/190351/console).; ### Failing tests:; - [projectroot.roofit.roofitcore.test.gtest_roofit_roofitcore_test_testNaNPacker](https://lcgapp-services.cern.ch/root-jenkins/job/root-pullrequests-build/190351/testReport/projectroot.roofit.roofitcore/test/gtest_roofit_roofitcore_test_testNaNPacker/); - [projectroot.roofit.roofitcore.test.test_stressroofit_cpu](https://lcgapp-services.cern.ch/root-jenkins/job/root-pullrequests-build/190351/testReport/projectroot.roofit.roofitcore/test/test_stressroofit_cpu/),MatchSource.ISSUE_COMMENT,root-project,root,v6-32-06,https://github.com/root-project/root/pull/10470#issuecomment-1829713230:260,test,tests,260,https://root.cern,https://github.com/root-project/root/pull/10470#issuecomment-1829713230,7,['test'],"['test', 'testReport', 'tests']"
Testability,Build failed on ROOT-ubuntu2004/python3.; Running on root-ubuntu-2004-1.cern.ch:/home/sftnight/build/workspace/root-pullrequests-build; [See console output](https://lcgapp-services.cern.ch/root-jenkins/job/root-pullrequests-build/190366/console).; ### Failing tests:; - [projectroot.gui.webdisplay.test.test_webgui_ping](https://lcgapp-services.cern.ch/root-jenkins/job/root-pullrequests-build/190366/testReport/projectroot.gui.webdisplay/test/test_webgui_ping/),MatchSource.ISSUE_COMMENT,root-project,root,v6-32-06,https://github.com/root-project/root/pull/14136#issuecomment-1830226127:260,test,tests,260,https://root.cern,https://github.com/root-project/root/pull/14136#issuecomment-1830226127,4,['test'],"['test', 'testReport', 'tests']"
Testability,Build failed on ROOT-ubuntu2004/python3.; Running on root-ubuntu-2004-1.cern.ch:/home/sftnight/build/workspace/root-pullrequests-build; [See console output](https://lcgapp-services.cern.ch/root-jenkins/job/root-pullrequests-build/190396/console).; ### Failing tests:; - [projectroot.tmva.pymva.test.PyMVA_Keras_Regression](https://lcgapp-services.cern.ch/root-jenkins/job/root-pullrequests-build/190396/testReport/projectroot.tmva.pymva/test/PyMVA_Keras_Regression/),MatchSource.ISSUE_COMMENT,root-project,root,v6-32-06,https://github.com/root-project/root/pull/14136#issuecomment-1831880201:260,test,tests,260,https://root.cern,https://github.com/root-project/root/pull/14136#issuecomment-1831880201,4,['test'],"['test', 'testReport', 'tests']"
Testability,Build failed on ROOT-ubuntu2004/python3.; Running on root-ubuntu-2004-1.cern.ch:/home/sftnight/build/workspace/root-pullrequests-build; [See console output](https://lcgapp-services.cern.ch/root-jenkins/job/root-pullrequests-build/190521/console).; ### Failing tests:; - [projectroot.tmva.pymva.test.PyMVA_Keras_Regression](https://lcgapp-services.cern.ch/root-jenkins/job/root-pullrequests-build/190521/testReport/projectroot.tmva.pymva/test/PyMVA_Keras_Regression/),MatchSource.ISSUE_COMMENT,root-project,root,v6-32-06,https://github.com/root-project/root/pull/14148#issuecomment-1833788404:260,test,tests,260,https://root.cern,https://github.com/root-project/root/pull/14148#issuecomment-1833788404,4,['test'],"['test', 'testReport', 'tests']"
Testability,Build failed on ROOT-ubuntu2004/python3.; Running on root-ubuntu-2004-1.cern.ch:/home/sftnight/build/workspace/root-pullrequests-build; [See console output](https://lcgapp-services.cern.ch/root-jenkins/job/root-pullrequests-build/190562/console).; ### Failing tests:; - [projectroot.bindings.pyroot.pythonizations.test.pyunittests_pyroot_roofit_roodataset_numpy](https://lcgapp-services.cern.ch/root-jenkins/job/root-pullrequests-build/190562/testReport/projectroot.bindings.pyroot.pythonizations/test/pyunittests_pyroot_roofit_roodataset_numpy/),MatchSource.ISSUE_COMMENT,root-project,root,v6-32-06,https://github.com/root-project/root/pull/11623#issuecomment-1834367799:260,test,tests,260,https://root.cern,https://github.com/root-project/root/pull/11623#issuecomment-1834367799,4,['test'],"['test', 'testReport', 'tests']"
Testability,Build failed on ROOT-ubuntu2004/python3.; Running on root-ubuntu-2004-1.cern.ch:/home/sftnight/build/workspace/root-pullrequests-build; [See console output](https://lcgapp-services.cern.ch/root-jenkins/job/root-pullrequests-build/190658/console).; ### Failing tests:; - [projectroot.roofit.histfactory.test.gtest_roofit_histfactory_test_testHistFactory](https://lcgapp-services.cern.ch/root-jenkins/job/root-pullrequests-build/190658/testReport/projectroot.roofit.histfactory/test/gtest_roofit_histfactory_test_testHistFactory/); - [projectroot.roofit.roofitcore.test.gtest_roofit_roofitcore_test_testRooFuncWrapper](https://lcgapp-services.cern.ch/root-jenkins/job/root-pullrequests-build/190658/testReport/projectroot.roofit.roofitcore/test/gtest_roofit_roofitcore_test_testRooFuncWrapper/),MatchSource.ISSUE_COMMENT,root-project,root,v6-32-06,https://github.com/root-project/root/pull/14165#issuecomment-1837391503:260,test,tests,260,https://root.cern,https://github.com/root-project/root/pull/14165#issuecomment-1837391503,7,['test'],"['test', 'testReport', 'tests']"
Testability,Build failed on ROOT-ubuntu2004/python3.; Running on root-ubuntu-2004-1.cern.ch:/home/sftnight/build/workspace/root-pullrequests-build; [See console output](https://lcgapp-services.cern.ch/root-jenkins/job/root-pullrequests-build/190718/console).; ### Failing tests:; - [projectroot.tmva.pymva.test.PyMVA_Keras_Regression](https://lcgapp-services.cern.ch/root-jenkins/job/root-pullrequests-build/190718/testReport/projectroot.tmva.pymva/test/PyMVA_Keras_Regression/),MatchSource.ISSUE_COMMENT,root-project,root,v6-32-06,https://github.com/root-project/root/pull/14172#issuecomment-1838997133:260,test,tests,260,https://root.cern,https://github.com/root-project/root/pull/14172#issuecomment-1838997133,4,['test'],"['test', 'testReport', 'tests']"
Testability,Build failed on ROOT-ubuntu2004/python3.; Running on root-ubuntu-2004-1.cern.ch:/home/sftnight/build/workspace/root-pullrequests-build; [See console output](https://lcgapp-services.cern.ch/root-jenkins/job/root-pullrequests-build/190881/console).; ### Failing tests:; - [projectroot.roottest.python.distrdf.common.roottest_python_distrdf_common_test_all](https://lcgapp-services.cern.ch/root-jenkins/job/root-pullrequests-build/190881/testReport/projectroot.roottest.python.distrdf/common/roottest_python_distrdf_common_test_all/),MatchSource.ISSUE_COMMENT,root-project,root,v6-32-06,https://github.com/root-project/root/pull/13273#issuecomment-1842769170:260,test,tests,260,https://root.cern,https://github.com/root-project/root/pull/13273#issuecomment-1842769170,2,['test'],"['testReport', 'tests']"
Testability,Build failed on ROOT-ubuntu2004/python3.; Running on root-ubuntu-2004-1.cern.ch:/home/sftnight/build/workspace/root-pullrequests-build; [See console output](https://lcgapp-services.cern.ch/root-jenkins/job/root-pullrequests-build/191121/console).; ### Failing tests:; - [projectroot.test.test_stresshistofit_interpreted](https://lcgapp-services.cern.ch/root-jenkins/job/root-pullrequests-build/191121/testReport/projectroot/test/test_stresshistofit_interpreted/); - [projectroot.test.test_stressgraphics_interpreted](https://lcgapp-services.cern.ch/root-jenkins/job/root-pullrequests-build/191121/testReport/projectroot/test/test_stressgraphics_interpreted/); - [projectroot.test.test_TFormulaTests](https://lcgapp-services.cern.ch/root-jenkins/job/root-pullrequests-build/191121/testReport/projectroot/test/test_TFormulaTests/); - [projectroot.test.test_stresshistogram_interpreted](https://lcgapp-services.cern.ch/root-jenkins/job/root-pullrequests-build/191121/testReport/projectroot/test/test_stresshistogram_interpreted/); - [projectroot.bindings.pyroot.pythonizations.test.pyunittests_pyroot_pyz_tf_pycallables](https://lcgapp-services.cern.ch/root-jenkins/job/root-pullrequests-build/191121/testReport/projectroot.bindings.pyroot.pythonizations/test/pyunittests_pyroot_pyz_tf_pycallables/); - [projectroot.hist.hist.test.gtest_hist_hist_test_testTKDE](https://lcgapp-services.cern.ch/root-jenkins/job/root-pullrequests-build/191121/testReport/projectroot.hist.hist/test/gtest_hist_hist_test_testTKDE/); - [projectroot.math.genetic.test.genetic_GAMinTutorial](https://lcgapp-services.cern.ch/root-jenkins/job/root-pullrequests-build/191121/testReport/projectroot.math.genetic/test/genetic_GAMinTutorial/); - [projectroot.math.mathcore.test.mathcore_SparseFit3](https://lcgapp-services.cern.ch/root-jenkins/job/root-pullrequests-build/191121/testReport/projectroot.math.mathcore/test/mathcore_SparseFit3/); - [projectroot.math.mathcore.test.mathcore_SparseFit4](https://lcgapp-services.cern.ch/ro,MatchSource.ISSUE_COMMENT,root-project,root,v6-32-06,https://github.com/root-project/root/pull/7002#issuecomment-1848776567:260,test,tests,260,https://root.cern,https://github.com/root-project/root/pull/7002#issuecomment-1848776567,13,['test'],"['test', 'testReport', 'tests']"
Testability,Build failed on ROOT-ubuntu2004/python3.; Running on root-ubuntu-2004-1.cern.ch:/home/sftnight/build/workspace/root-pullrequests-build; [See console output](https://lcgapp-services.cern.ch/root-jenkins/job/root-pullrequests-build/191136/console).; ### Failing tests:; - [projectroot.roottest.python.distrdf.common.roottest_python_distrdf_common_test_all](https://lcgapp-services.cern.ch/root-jenkins/job/root-pullrequests-build/191136/testReport/projectroot.roottest.python.distrdf/common/roottest_python_distrdf_common_test_all/),MatchSource.ISSUE_COMMENT,root-project,root,v6-32-06,https://github.com/root-project/root/pull/13648#issuecomment-1849834005:260,test,tests,260,https://root.cern,https://github.com/root-project/root/pull/13648#issuecomment-1849834005,2,['test'],"['testReport', 'tests']"
Testability,Build failed on ROOT-ubuntu2004/python3.; Running on root-ubuntu-2004-1.cern.ch:/home/sftnight/build/workspace/root-pullrequests-build; [See console output](https://lcgapp-services.cern.ch/root-jenkins/job/root-pullrequests-build/191221/console).; ### Failing tests:; - [projectroot.roofit.histfactory.test.gtest_roofit_histfactory_test_testHistFactory](https://lcgapp-services.cern.ch/root-jenkins/job/root-pullrequests-build/191221/testReport/projectroot.roofit.histfactory/test/gtest_roofit_histfactory_test_testHistFactory/); - [projectroot.roofit.roofitcore.test.gtest_roofit_roofitcore_test_testRooFuncWrapper](https://lcgapp-services.cern.ch/root-jenkins/job/root-pullrequests-build/191221/testReport/projectroot.roofit.roofitcore/test/gtest_roofit_roofitcore_test_testRooFuncWrapper/),MatchSource.ISSUE_COMMENT,root-project,root,v6-32-06,https://github.com/root-project/root/pull/14165#issuecomment-1852223534:260,test,tests,260,https://root.cern,https://github.com/root-project/root/pull/14165#issuecomment-1852223534,7,['test'],"['test', 'testReport', 'tests']"
Testability,Build failed on ROOT-ubuntu2004/python3.; Running on root-ubuntu-2004-1.cern.ch:/home/sftnight/build/workspace/root-pullrequests-build; [See console output](https://lcgapp-services.cern.ch/root-jenkins/job/root-pullrequests-build/191476/console).; ### Failing tests:; - [projectroot.core.meta.test.gtest_core_meta_test_testHashRecursiveRemove](https://lcgapp-services.cern.ch/root-jenkins/job/root-pullrequests-build/191476/testReport/projectroot.core.meta/test/gtest_core_meta_test_testHashRecursiveRemove/); - [projectroot.hist.histdrawv7.test.gtest_hist_histdrawv7_test_ioUnit](https://lcgapp-services.cern.ch/root-jenkins/job/root-pullrequests-build/191476/testReport/projectroot.hist.histdrawv7/test/gtest_hist_histdrawv7_test_ioUnit/); - [projectroot.roofit.RDataFrameHelpers.test.gtest_roofit_RDataFrameHelpers_test_testActionHelpers](https://lcgapp-services.cern.ch/root-jenkins/job/root-pullrequests-build/191476/testReport/projectroot.roofit.RDataFrameHelpers/test/gtest_roofit_RDataFrameHelpers_test_testActionHelpers/); - [projectroot.roottest.root.dataframe.roottest_root_dataframe_test_inference](https://lcgapp-services.cern.ch/root-jenkins/job/root-pullrequests-build/191476/testReport/projectroot.roottest.root/dataframe/roottest_root_dataframe_test_inference/); - [projectroot.roottest.root.dataframe.roottest_root_dataframe_misc](https://lcgapp-services.cern.ch/root-jenkins/job/root-pullrequests-build/191476/testReport/projectroot.roottest.root/dataframe/roottest_root_dataframe_misc/); - [projectroot.roottest.root.dataframe.roottest_root_dataframe_testIMT](https://lcgapp-services.cern.ch/root-jenkins/job/root-pullrequests-build/191476/testReport/projectroot.roottest.root/dataframe/roottest_root_dataframe_testIMT/); - [projectroot.tmva.pymva.test.gtest_tmva_pymva_test_TestRModelParserPyTorch](https://lcgapp-services.cern.ch/root-jenkins/job/root-pullrequests-build/191476/testReport/projectroot.tmva.pymva/test/gtest_tmva_pymva_test_TestRModelParserPyTorch/); - [projectroo,MatchSource.ISSUE_COMMENT,root-project,root,v6-32-06,https://github.com/root-project/root/pull/14246#issuecomment-1857883064:260,test,tests,260,https://root.cern,https://github.com/root-project/root/pull/14246#issuecomment-1857883064,10,['test'],"['test', 'testReport', 'tests']"
Testability,Build failed on ROOT-ubuntu2004/python3.; Running on root-ubuntu-2004-1.cern.ch:/home/sftnight/build/workspace/root-pullrequests-build; [See console output](https://lcgapp-services.cern.ch/root-jenkins/job/root-pullrequests-build/191626/console).; ### Failing tests:; - [projectroot.tmva.pymva.test.gtest_tmva_pymva_test_TestRModelParserKeras](https://lcgapp-services.cern.ch/root-jenkins/job/root-pullrequests-build/191626/testReport/projectroot.tmva.pymva/test/gtest_tmva_pymva_test_TestRModelParserKeras/); - [projectroot.test.test_TFormulaTests](https://lcgapp-services.cern.ch/root-jenkins/job/root-pullrequests-build/191626/testReport/projectroot/test/test_TFormulaTests/); - [projectroot.test.test_stressgraphics_interpreted](https://lcgapp-services.cern.ch/root-jenkins/job/root-pullrequests-build/191626/testReport/projectroot/test/test_stressgraphics_interpreted/); - [projectroot.test.test_stressIOPlugins_http](https://lcgapp-services.cern.ch/root-jenkins/job/root-pullrequests-build/191626/testReport/projectroot/test/test_stressIOPlugins_http/); - [projectroot.test.test_stresshistogram_interpreted](https://lcgapp-services.cern.ch/root-jenkins/job/root-pullrequests-build/191626/testReport/projectroot/test/test_stresshistogram_interpreted/); - [projectroot.test.test_stressIOPlugins_xroot](https://lcgapp-services.cern.ch/root-jenkins/job/root-pullrequests-build/191626/testReport/projectroot/test/test_stressIOPlugins_xroot/); - [projectroot.bindings.pyroot.pythonizations.test.pyunittests_pyroot_pyz_th1_operators](https://lcgapp-services.cern.ch/root-jenkins/job/root-pullrequests-build/191626/testReport/projectroot.bindings.pyroot.pythonizations/test/pyunittests_pyroot_pyz_th1_operators/); - [projectroot.bindings.pyroot.pythonizations.test.pyunittests_pyroot_pyz_tf_pycallables](https://lcgapp-services.cern.ch/root-jenkins/job/root-pullrequests-build/191626/testReport/projectroot.bindings.pyroot.pythonizations/test/pyunittests_pyroot_pyz_tf_pycallables/); - [projectroot.bind,MatchSource.ISSUE_COMMENT,root-project,root,v6-32-06,https://github.com/root-project/root/pull/14267#issuecomment-1860835554:260,test,tests,260,https://root.cern,https://github.com/root-project/root/pull/14267#issuecomment-1860835554,11,['test'],"['test', 'testReport', 'tests']"
Testability,Build failed on ROOT-ubuntu2004/python3.; Running on root-ubuntu-2004-1.cern.ch:/home/sftnight/build/workspace/root-pullrequests-build; [See console output](https://lcgapp-services.cern.ch/root-jenkins/job/root-pullrequests-build/191661/console).; ### Failing tests:; - [projectroot.roottest.python.distrdf.common.roottest_python_distrdf_common_test_all](https://lcgapp-services.cern.ch/root-jenkins/job/root-pullrequests-build/191661/testReport/projectroot.roottest.python.distrdf/common/roottest_python_distrdf_common_test_all/),MatchSource.ISSUE_COMMENT,root-project,root,v6-32-06,https://github.com/root-project/root/pull/14056#issuecomment-1861391345:260,test,tests,260,https://root.cern,https://github.com/root-project/root/pull/14056#issuecomment-1861391345,2,['test'],"['testReport', 'tests']"
Testability,Build failed on ROOT-ubuntu2004/python3.; Running on root-ubuntu-2004-1.cern.ch:/home/sftnight/build/workspace/root-pullrequests-build; [See console output](https://lcgapp-services.cern.ch/root-jenkins/job/root-pullrequests-build/191717/console).; ### Failing tests:; - [projectroot.tmva.pymva.test.PyMVA_Keras_Regression](https://lcgapp-services.cern.ch/root-jenkins/job/root-pullrequests-build/191717/testReport/projectroot.tmva.pymva/test/PyMVA_Keras_Regression/),MatchSource.ISSUE_COMMENT,root-project,root,v6-32-06,https://github.com/root-project/root/pull/14271#issuecomment-1862720261:260,test,tests,260,https://root.cern,https://github.com/root-project/root/pull/14271#issuecomment-1862720261,4,['test'],"['test', 'testReport', 'tests']"
Testability,Build failed on ROOT-ubuntu2004/python3.; Running on root-ubuntu-2004-1.cern.ch:/home/sftnight/build/workspace/root-pullrequests-build; [See console output](https://lcgapp-services.cern.ch/root-jenkins/job/root-pullrequests-build/191809/console).; ### Failing tests:; - [projectroot.tmva.pymva.test.PyMVA_Keras_Regression](https://lcgapp-services.cern.ch/root-jenkins/job/root-pullrequests-build/191809/testReport/projectroot.tmva.pymva/test/PyMVA_Keras_Regression/),MatchSource.ISSUE_COMMENT,root-project,root,v6-32-06,https://github.com/root-project/root/pull/13508#issuecomment-1864457243:260,test,tests,260,https://root.cern,https://github.com/root-project/root/pull/13508#issuecomment-1864457243,4,['test'],"['test', 'testReport', 'tests']"
Testability,Build failed on ROOT-ubuntu2004/python3.; Running on root-ubuntu-2004-1.cern.ch:/home/sftnight/build/workspace/root-pullrequests-build; [See console output](https://lcgapp-services.cern.ch/root-jenkins/job/root-pullrequests-build/191834/console).; ### Failing tests:; - [projectroot.roottest.python.distrdf.common.roottest_python_distrdf_common_test_all](https://lcgapp-services.cern.ch/root-jenkins/job/root-pullrequests-build/191834/testReport/projectroot.roottest.python.distrdf/common/roottest_python_distrdf_common_test_all/); - [projectroot.roofit.roofit.test.gtest_roofit_roofit_test_testRooCrystalBall](https://lcgapp-services.cern.ch/root-jenkins/job/root-pullrequests-build/191834/testReport/projectroot.roofit.roofit/test/gtest_roofit_roofit_test_testRooCrystalBall/); - [projectroot.roofit.roofit.test.gtest_roofit_roofit_test_testRooJohnson](https://lcgapp-services.cern.ch/root-jenkins/job/root-pullrequests-build/191834/testReport/projectroot.roofit.roofit/test/gtest_roofit_roofit_test_testRooJohnson/); - [projectroot.roofit.roofit.test.gtest_roofit_roofit_test_testRooKeysPdf](https://lcgapp-services.cern.ch/root-jenkins/job/root-pullrequests-build/191834/testReport/projectroot.roofit.roofit/test/gtest_roofit_roofit_test_testRooKeysPdf/); - [projectroot.roofit.roofitcore.test.gtest_roofit_roofitcore_test_testRooAddPdf](https://lcgapp-services.cern.ch/root-jenkins/job/root-pullrequests-build/191834/testReport/projectroot.roofit.roofitcore/test/gtest_roofit_roofitcore_test_testRooAddPdf/); - [projectroot.roofit.roofitcore.test.gtest_roofit_roofitcore_test_testRooDataSet](https://lcgapp-services.cern.ch/root-jenkins/job/root-pullrequests-build/191834/testReport/projectroot.roofit.roofitcore/test/gtest_roofit_roofitcore_test_testRooDataSet/); - [projectroot.roofit.roofitcore.test.gtest_roofit_roofitcore_test_testRooHist](https://lcgapp-services.cern.ch/root-jenkins/job/root-pullrequests-build/191834/testReport/projectroot.roofit.roofitcore/test/gtest_roofit_roofitcore_,MatchSource.ISSUE_COMMENT,root-project,root,v6-32-06,https://github.com/root-project/root/pull/14271#issuecomment-1864739393:972,test,test,972,https://root.cern,https://github.com/root-project/root/pull/14271#issuecomment-1864739393,1,['test'],['test']
Testability,Build failed on ROOT-ubuntu2004/python3.; Running on root-ubuntu-2004-1.cern.ch:/home/sftnight/build/workspace/root-pullrequests-build; [See console output](https://lcgapp-services.cern.ch/root-jenkins/job/root-pullrequests-build/191834/console).; ### Failing tests:; - [projectroot.roottest.python.distrdf.common.roottest_python_distrdf_common_test_all](https://lcgapp-services.cern.ch/root-jenkins/job/root-pullrequests-build/191834/testReport/projectroot.roottest.python.distrdf/common/roottest_python_distrdf_common_test_all/); - [projectroot.roofit.roofit.test.gtest_roofit_roofit_test_testRooCrystalBall](https://lcgapp-services.cern.ch/root-jenkins/job/root-pullrequests-build/191834/testReport/projectroot.roofit.roofit/test/gtest_roofit_roofit_test_testRooCrystalBall/); - [projectroot.roofit.roofit.test.gtest_roofit_roofit_test_testRooJohnson](https://lcgapp-services.cern.ch/root-jenkins/job/root-pullrequests-build/191834/testReport/projectroot.roofit.roofit/test/gtest_roofit_roofit_test_testRooJohnson/); - [projectroot.roofit.roofit.test.gtest_roofit_roofit_test_testRooKeysPdf](https://lcgapp-services.cern.ch/root-jenkins/job/root-pullrequests-build/191834/testReport/projectroot.roofit.roofit/test/gtest_roofit_roofit_test_testRooKeysPdf/); - [projectroot.roofit.roofitcore.test.gtest_roofit_roofitcore_test_testRooAddPdf](https://lcgapp-services.cern.ch/root-jenkins/job/root-pullrequests-build/191834/testReport/projectroot.roofit.roofitcore/test/gtest_roofit_roofitcore_test_testRooAddPdf/); - [projectroot.roofit.roofitcore.test.gtest_roofit_roofitcore_test_testRooDataSet](https://lcgapp-services.cern.ch/root-jenkins/job/root-pullrequests-build/191834/testReport/projectroot.roofit.roofitcore/test/gtest_roofit_roofitcore_test_testRooDataSet/); - [projectroot.roofit.roofitcore.test.gtest_roofit_roofitcore_test_testRooHist](https://lcgapp-services.cern.ch/root-jenkins/job/root-pullrequests-build/191834/testReport/projectroot.roofit.roofitcore/test/gtest_roofit_roofitcore_t,MatchSource.ISSUE_COMMENT,root-project,root,v6-32-06,https://github.com/root-project/root/pull/14271#issuecomment-1864739393:260,test,tests,260,https://root.cern,https://github.com/root-project/root/pull/14271#issuecomment-1864739393,7,['test'],"['test', 'testReport', 'tests']"
Testability,Build failed on ROOT-ubuntu2004/python3.; Running on root-ubuntu-2004-1.cern.ch:/home/sftnight/build/workspace/root-pullrequests-build; [See console output](https://lcgapp-services.cern.ch/root-jenkins/job/root-pullrequests-build/191864/console).; ### Failing tests:; - [projectroot.bindings.pyroot.pythonizations.test.pyunittests_pyroot_pyz_pretty_printing](https://lcgapp-services.cern.ch/root-jenkins/job/root-pullrequests-build/191864/testReport/projectroot.bindings.pyroot.pythonizations/test/pyunittests_pyroot_pyz_pretty_printing/); - [projectroot.bindings.pyroot.pythonizations.test.pyunittests_pyroot_roofit_rooabscollection](https://lcgapp-services.cern.ch/root-jenkins/job/root-pullrequests-build/191864/testReport/projectroot.bindings.pyroot.pythonizations/test/pyunittests_pyroot_roofit_rooabscollection/); - [projectroot.bindings.pyroot.pythonizations.test.pyunittests_pyroot_roofit_roojsonfactorywstool](https://lcgapp-services.cern.ch/root-jenkins/job/root-pullrequests-build/191864/testReport/projectroot.bindings.pyroot.pythonizations/test/pyunittests_pyroot_roofit_roojsonfactorywstool/); - [projectroot.bindings.pyroot.pythonizations.test.pyunittests_pyroot_roofit_roodataset_numpy](https://lcgapp-services.cern.ch/root-jenkins/job/root-pullrequests-build/191864/testReport/projectroot.bindings.pyroot.pythonizations/test/pyunittests_pyroot_roofit_roodataset_numpy/); - [projectroot.roottest.python.stl.roottest_python_stl_stl](https://lcgapp-services.cern.ch/root-jenkins/job/root-pullrequests-build/191864/testReport/projectroot.roottest.python/stl/roottest_python_stl_stl/),MatchSource.ISSUE_COMMENT,root-project,root,v6-32-06,https://github.com/root-project/root/pull/14285#issuecomment-1864946863:260,test,tests,260,https://root.cern,https://github.com/root-project/root/pull/14285#issuecomment-1864946863,14,['test'],"['test', 'testReport', 'tests']"
Testability,Build failed on ROOT-ubuntu2004/python3.; Running on root-ubuntu-2004-1.cern.ch:/home/sftnight/build/workspace/root-pullrequests-build; [See console output](https://lcgapp-services.cern.ch/root-jenkins/job/root-pullrequests-build/191927/console).; ### Failing tests:; - [projectroot.roottest.root.io.issue-9899.roottest_root_io_issue_9899_write_cmssw_class_v2](https://lcgapp-services.cern.ch/root-jenkins/job/root-pullrequests-build/191927/testReport/projectroot.roottest.root.io/issue-9899/roottest_root_io_issue_9899_write_cmssw_class_v2/); - [projectroot.roottest.root.io.issue-9899.roottest_root_io_issue_9899_read_cmssw_class_v3](https://lcgapp-services.cern.ch/root-jenkins/job/root-pullrequests-build/191927/testReport/projectroot.roottest.root.io/issue-9899/roottest_root_io_issue_9899_read_cmssw_class_v3/); - [projectroot.roottest.root.io.uniquePointer.roottest_root_io_uniquePointer_privacy_interp](https://lcgapp-services.cern.ch/root-jenkins/job/root-pullrequests-build/191927/testReport/projectroot.roottest.root.io/uniquePointer/roottest_root_io_uniquePointer_privacy_interp/),MatchSource.ISSUE_COMMENT,root-project,root,v6-32-06,https://github.com/root-project/root/pull/13900#issuecomment-1866624706:260,test,tests,260,https://root.cern,https://github.com/root-project/root/pull/13900#issuecomment-1866624706,4,['test'],"['testReport', 'tests']"
Testability,"Build failed on ROOT-ubuntu2004/python3.; Running on root-ubuntu-2004-1.cern.ch:/home/sftnight/build/workspace/root-pullrequests-build; [See console output](https://lcgapp-services.cern.ch/root-jenkins/job/root-pullrequests-build/191930/console).; ### Errors:; - [2023-12-21T16:48:28.007Z] FAILED: tmva/sofie/test/CMakeFiles/TestCustomModelsFromONNX.dir/TestCustomModelsFromONNX.cxx.o ; - [2023-12-21T16:48:28.936Z] /home/sftnight/build/workspace/root-pullrequests-build/root/tmva/sofie/test/input_models/references/Split.ref.hxx:2:10: error: declaration of ‘output’ as multidimensional array must have bounds for all dimensions except the first ; - [2023-12-21T16:48:28.936Z] /home/sftnight/build/workspace/root-pullrequests-build/root/tmva/sofie/test/TestCustomModelsFromONNX.cxx:591:53: error: no matching function for call to ‘TMVA_SOFIE_Split::Session::infer(float*, long int*)’ ; - [2023-12-21T16:48:28.936Z] /home/sftnight/build/workspace/root-pullrequests-build/root/tmva/sofie/test/TestCustomModelsFromONNX.cxx:595:64: error: ‘output’ is not a member of ‘Split_ExpectedOutput’ ; - [2023-12-21T16:48:31.965Z] /home/sftnight/build/workspace/root-pullrequests-build/root/tmva/sofie/test/TestCustomModelsFromONNX.cxx:599:44: error: ‘output’ is not a member of ‘Split_ExpectedOutput’ ; - [2023-12-21T16:48:34.998Z] /home/sftnight/build/workspace/root-pullrequests-build/root/tmva/sofie/test/TestCustomModelsFromONNX.cxx:600:44: error: ‘output’ is not a member of ‘Split_ExpectedOutput’",MatchSource.ISSUE_COMMENT,root-project,root,v6-32-06,https://github.com/root-project/root/pull/14282#issuecomment-1866633773:309,test,test,309,https://root.cern,https://github.com/root-project/root/pull/14282#issuecomment-1866633773,12,"['Test', 'test']","['TestCustomModelsFromONNX', 'test']"
Testability,Build failed on ROOT-ubuntu2004/python3.; Running on root-ubuntu-2004-1.cern.ch:/home/sftnight/build/workspace/root-pullrequests-build; [See console output](https://lcgapp-services.cern.ch/root-jenkins/job/root-pullrequests-build/191945/console).; ### Failing tests:; - [projectroot.tmva.pymva.test.PyMVA_Keras_Classification](https://lcgapp-services.cern.ch/root-jenkins/job/root-pullrequests-build/191945/testReport/projectroot.tmva.pymva/test/PyMVA_Keras_Classification/); - [projectroot.tmva.pymva.test.PyMVA_Keras_Regression](https://lcgapp-services.cern.ch/root-jenkins/job/root-pullrequests-build/191945/testReport/projectroot.tmva.pymva/test/PyMVA_Keras_Regression/); - [projectroot.tmva.pymva.test.PyMVA_Keras_Multiclass](https://lcgapp-services.cern.ch/root-jenkins/job/root-pullrequests-build/191945/testReport/projectroot.tmva.pymva/test/PyMVA_Keras_Multiclass/); - [projectroot.roofit.roofitcore.test.gtest_roofit_roofitcore_test_testRooDataSet](https://lcgapp-services.cern.ch/root-jenkins/job/root-pullrequests-build/191945/testReport/projectroot.roofit.roofitcore/test/gtest_roofit_roofitcore_test_testRooDataSet/); - [projectroot.roottest.root.meta.evolution.roottest_root_meta_evolution_runforeign](https://lcgapp-services.cern.ch/root-jenkins/job/root-pullrequests-build/191945/testReport/projectroot.roottest.root.meta/evolution/roottest_root_meta_evolution_runforeign/); - [projectroot.roottest.root.tree.array.roottest_root_tree_array_make](https://lcgapp-services.cern.ch/root-jenkins/job/root-pullrequests-build/191945/testReport/projectroot.roottest.root.tree/array/roottest_root_tree_array_make/); - [projectroot.roottest.root.tree.cloning.roottest_root_tree_cloning_treeCloneTest](https://lcgapp-services.cern.ch/root-jenkins/job/root-pullrequests-build/191945/testReport/projectroot.roottest.root.tree/cloning/roottest_root_tree_cloning_treeCloneTest/); - [projectroot.roottest.root.tree.fastcloning.roottest_root_tree_fastcloning_execmisstop](https://lcgapp-services.cern.,MatchSource.ISSUE_COMMENT,root-project,root,v6-32-06,https://github.com/root-project/root/pull/14294#issuecomment-1866771672:260,test,tests,260,https://root.cern,https://github.com/root-project/root/pull/14294#issuecomment-1866771672,11,['test'],"['test', 'testReport', 'tests']"
Testability,Build failed on ROOT-ubuntu2004/python3.; Running on root-ubuntu-2004-1.cern.ch:/home/sftnight/build/workspace/root-pullrequests-build; [See console output](https://lcgapp-services.cern.ch/root-jenkins/job/root-pullrequests-build/191948/console).; ### Failing tests:; - [projectroot.roottest.root.io.uniquePointer.roottest_root_io_uniquePointer_privacy_interp](https://lcgapp-services.cern.ch/root-jenkins/job/root-pullrequests-build/191948/testReport/projectroot.roottest.root.io/uniquePointer/roottest_root_io_uniquePointer_privacy_interp/),MatchSource.ISSUE_COMMENT,root-project,root,v6-32-06,https://github.com/root-project/root/pull/13900#issuecomment-1866898811:260,test,tests,260,https://root.cern,https://github.com/root-project/root/pull/13900#issuecomment-1866898811,2,['test'],"['testReport', 'tests']"
Testability,Build failed on ROOT-ubuntu2004/python3.; Running on root-ubuntu-2004-1.cern.ch:/home/sftnight/build/workspace/root-pullrequests-build; [See console output](https://lcgapp-services.cern.ch/root-jenkins/job/root-pullrequests-build/191961/console).; ### Failing tests:; - [projectroot.roottest.root.meta.unit.roottest_root_meta_unit_unittests](https://lcgapp-services.cern.ch/root-jenkins/job/root-pullrequests-build/191961/testReport/projectroot.roottest.root.meta/unit/roottest_root_meta_unit_unittests/),MatchSource.ISSUE_COMMENT,root-project,root,v6-32-06,https://github.com/root-project/root/pull/14287#issuecomment-1867001630:260,test,tests,260,https://root.cern,https://github.com/root-project/root/pull/14287#issuecomment-1867001630,2,['test'],"['testReport', 'tests']"
Testability,Build failed on ROOT-ubuntu2004/python3.; Running on root-ubuntu-2004-1.cern.ch:/home/sftnight/build/workspace/root-pullrequests-build; [See console output](https://lcgapp-services.cern.ch/root-jenkins/job/root-pullrequests-build/191991/console).; ### Failing tests:; - [projectroot.tmva.sofie.test.gtest_tmva_sofie_test_TestCustomModelsFromONNX](https://lcgapp-services.cern.ch/root-jenkins/job/root-pullrequests-build/191991/testReport/projectroot.tmva.sofie/test/gtest_tmva_sofie_test_TestCustomModelsFromONNX/),MatchSource.ISSUE_COMMENT,root-project,root,v6-32-06,https://github.com/root-project/root/pull/14282#issuecomment-1867673088:260,test,tests,260,https://root.cern,https://github.com/root-project/root/pull/14282#issuecomment-1867673088,4,['test'],"['test', 'testReport', 'tests']"
Testability,Build failed on ROOT-ubuntu2004/python3.; Running on root-ubuntu-2004-1.cern.ch:/home/sftnight/build/workspace/root-pullrequests-build; [See console output](https://lcgapp-services.cern.ch/root-jenkins/job/root-pullrequests-build/192046/console).; ### Failing tests:; - [projectroot.roottest.root.io.uniquePointer.roottest_root_io_uniquePointer_privacy_interp](https://lcgapp-services.cern.ch/root-jenkins/job/root-pullrequests-build/192046/testReport/projectroot.roottest.root.io/uniquePointer/roottest_root_io_uniquePointer_privacy_interp/),MatchSource.ISSUE_COMMENT,root-project,root,v6-32-06,https://github.com/root-project/root/pull/13900#issuecomment-1877807600:260,test,tests,260,https://root.cern,https://github.com/root-project/root/pull/13900#issuecomment-1877807600,2,['test'],"['testReport', 'tests']"
Testability,Build failed on ROOT-ubuntu2004/python3.; Running on root-ubuntu-2004-1.cern.ch:/home/sftnight/build/workspace/root-pullrequests-build; [See console output](https://lcgapp-services.cern.ch/root-jenkins/job/root-pullrequests-build/192047/console).; ### Failing tests:; - [projectroot.roottest.root.io.uniquePointer.roottest_root_io_uniquePointer_privacy_interp](https://lcgapp-services.cern.ch/root-jenkins/job/root-pullrequests-build/192047/testReport/projectroot.roottest.root.io/uniquePointer/roottest_root_io_uniquePointer_privacy_interp/),MatchSource.ISSUE_COMMENT,root-project,root,v6-32-06,https://github.com/root-project/root/pull/13900#issuecomment-1877919881:260,test,tests,260,https://root.cern,https://github.com/root-project/root/pull/13900#issuecomment-1877919881,2,['test'],"['testReport', 'tests']"
Testability,Build failed on ROOT-ubuntu2004/python3.; Running on root-ubuntu-2004-1.cern.ch:/home/sftnight/build/workspace/root-pullrequests-build; [See console output](https://lcgapp-services.cern.ch/root-jenkins/job/root-pullrequests-build/192048/console).; ### Failing tests:; - [projectroot.roottest.root.io.uniquePointer.roottest_root_io_uniquePointer_privacy_interp](https://lcgapp-services.cern.ch/root-jenkins/job/root-pullrequests-build/192048/testReport/projectroot.roottest.root.io/uniquePointer/roottest_root_io_uniquePointer_privacy_interp/),MatchSource.ISSUE_COMMENT,root-project,root,v6-32-06,https://github.com/root-project/root/pull/13900#issuecomment-1878007656:260,test,tests,260,https://root.cern,https://github.com/root-project/root/pull/13900#issuecomment-1878007656,2,['test'],"['testReport', 'tests']"
Testability,Build failed on ROOT-ubuntu2004/python3.; Running on root-ubuntu-2004-1.cern.ch:/home/sftnight/build/workspace/root-pullrequests-build; [See console output](https://lcgapp-services.cern.ch/root-jenkins/job/root-pullrequests-build/192049/console).; ### Failing tests:; - [projectroot.roottest.root.io.uniquePointer.roottest_root_io_uniquePointer_privacy_interp](https://lcgapp-services.cern.ch/root-jenkins/job/root-pullrequests-build/192049/testReport/projectroot.roottest.root.io/uniquePointer/roottest_root_io_uniquePointer_privacy_interp/),MatchSource.ISSUE_COMMENT,root-project,root,v6-32-06,https://github.com/root-project/root/pull/13900#issuecomment-1879070925:260,test,tests,260,https://root.cern,https://github.com/root-project/root/pull/13900#issuecomment-1879070925,2,['test'],"['testReport', 'tests']"
Testability,"Build failed on ROOT-ubuntu2004/python3.; Running on root-ubuntu-2004-1.cern.ch:/home/sftnight/build/workspace/root-pullrequests-build; [See console output](https://lcgapp-services.cern.ch/root-jenkins/job/root-pullrequests-build/192300/console).; ### Warnings:; - [2024-01-10T15:22:26.731Z] /home/sftnight/build/workspace/root-pullrequests-build/root/tree/ntuple/v7/test/ntuple_minifile.cxx:164:9: warning: ignoring return value of ‘size_t fread(void*, size_t, size_t, FILE*)’, declared with attribute warn_unused_result [-Wunused-result] ; - [2024-01-10T15:22:26.731Z] /home/sftnight/build/workspace/root-pullrequests-build/root/tree/ntuple/v7/test/ntuple_minifile.cxx:269:9: warning: ignoring return value of ‘size_t fread(void*, size_t, size_t, FILE*)’, declared with attribute warn_unused_result [-Wunused-result]",MatchSource.ISSUE_COMMENT,root-project,root,v6-32-06,https://github.com/root-project/root/pull/14190#issuecomment-1885118708:367,test,test,367,https://root.cern,https://github.com/root-project/root/pull/14190#issuecomment-1885118708,2,['test'],['test']
Testability,Build failed on ROOT-ubuntu2004/python3.; Running on root-ubuntu-2004-1.cern.ch:/home/sftnight/build/workspace/root-pullrequests-build; [See console output](https://lcgapp-services.cern.ch/root-jenkins/job/root-pullrequests-build/192376/console).; ### Failing tests:; - [projectroot.test.test_stressIOPlugins_xroot](https://lcgapp-services.cern.ch/root-jenkins/job/root-pullrequests-build/192376/testReport/projectroot/test/test_stressIOPlugins_xroot/); - [projectroot.io.io.test.gtest_io_io_test_TFile](https://lcgapp-services.cern.ch/root-jenkins/job/root-pullrequests-build/192376/testReport/projectroot.io.io/test/gtest_io_io_test_TFile/); - [projectroot.net.netxng.test.gtest_net_netxng_test_RRawFileNetXNG](https://lcgapp-services.cern.ch/root-jenkins/job/root-pullrequests-build/192376/testReport/projectroot.net.netxng/test/gtest_net_netxng_test_RRawFileNetXNG/); - [projectroot.net.netxng.test.gtest_net_netxng_test_TNetXNGFileTest](https://lcgapp-services.cern.ch/root-jenkins/job/root-pullrequests-build/192376/testReport/projectroot.net.netxng/test/gtest_net_netxng_test_TNetXNGFileTest/); - [projectroot.tree.tree.test.gtest_tree_tree_test_testTChainParsing](https://lcgapp-services.cern.ch/root-jenkins/job/root-pullrequests-build/192376/testReport/projectroot.tree.tree/test/gtest_tree_tree_test_testTChainParsing/); - [projectroot.tree.treeplayer.test.gtest_tree_treeplayer_test_treeprocessormt_remotefiles](https://lcgapp-services.cern.ch/root-jenkins/job/root-pullrequests-build/192376/testReport/projectroot.tree.treeplayer/test/gtest_tree_treeplayer_test_treeprocessormt_remotefiles/),MatchSource.ISSUE_COMMENT,root-project,root,v6-32-06,https://github.com/root-project/root/pull/14293#issuecomment-1887701466:260,test,tests,260,https://root.cern,https://github.com/root-project/root/pull/14293#issuecomment-1887701466,19,['test'],"['test', 'testReport', 'tests']"
Testability,Build failed on ROOT-ubuntu2004/python3.; Running on root-ubuntu-2004-1.cern.ch:/home/sftnight/build/workspace/root-pullrequests-build; [See console output](https://lcgapp-services.cern.ch/root-jenkins/job/root-pullrequests-build/192506/console).; ### Failing tests:; - [projectroot.test.test_stressgraphics_interpreted](https://lcgapp-services.cern.ch/root-jenkins/job/root-pullrequests-build/192506/testReport/projectroot/test/test_stressgraphics_interpreted/); - [projectroot.roottest.cling.controls.roottest_cling_controls_runLoopbreak](https://lcgapp-services.cern.ch/root-jenkins/job/root-pullrequests-build/192506/testReport/projectroot.roottest.cling/controls/roottest_cling_controls_runLoopbreak/),MatchSource.ISSUE_COMMENT,root-project,root,v6-32-06,https://github.com/root-project/root/pull/14267#issuecomment-1889530719:260,test,tests,260,https://root.cern,https://github.com/root-project/root/pull/14267#issuecomment-1889530719,5,['test'],"['test', 'testReport', 'tests']"
Testability,Build failed on ROOT-ubuntu2004/python3.; Running on root-ubuntu-2004-1.cern.ch:/home/sftnight/build/workspace/root-pullrequests-build; [See console output](https://lcgapp-services.cern.ch/root-jenkins/job/root-pullrequests-build/192542/console).; ### Failing tests:; - [projectroot.tree.dataframe.test.gtest_tree_dataframe_test_datasource_ntuple](https://lcgapp-services.cern.ch/root-jenkins/job/root-pullrequests-build/192542/testReport/projectroot.tree.dataframe/test/gtest_tree_dataframe_test_datasource_ntuple/),MatchSource.ISSUE_COMMENT,root-project,root,v6-32-06,https://github.com/root-project/root/pull/13040#issuecomment-1889736805:260,test,tests,260,https://root.cern,https://github.com/root-project/root/pull/13040#issuecomment-1889736805,4,['test'],"['test', 'testReport', 'tests']"
Testability,Build failed on ROOT-ubuntu2004/python3.; Running on root-ubuntu-2004-1.cern.ch:/home/sftnight/build/workspace/root-pullrequests-build; [See console output](https://lcgapp-services.cern.ch/root-jenkins/job/root-pullrequests-build/192587/console).; ### Failing tests:; - [projectroot.bindings.pyroot.pythonizations.test.pyunittests_pyroot_numbadeclare](https://lcgapp-services.cern.ch/root-jenkins/job/root-pullrequests-build/192587/testReport/projectroot.bindings.pyroot.pythonizations/test/pyunittests_pyroot_numbadeclare/); - [projectroot.bindings.pyroot.pythonizations.test.pyunittests_pyroot_rdf_filter_pyz](https://lcgapp-services.cern.ch/root-jenkins/job/root-pullrequests-build/192587/testReport/projectroot.bindings.pyroot.pythonizations/test/pyunittests_pyroot_rdf_filter_pyz/),MatchSource.ISSUE_COMMENT,root-project,root,v6-32-06,https://github.com/root-project/root/pull/14340#issuecomment-1890755755:260,test,tests,260,https://root.cern,https://github.com/root-project/root/pull/14340#issuecomment-1890755755,7,['test'],"['test', 'testReport', 'tests']"
Testability,Build failed on ROOT-ubuntu2004/python3.; Running on root-ubuntu-2004-1.cern.ch:/home/sftnight/build/workspace/root-pullrequests-build; [See console output](https://lcgapp-services.cern.ch/root-jenkins/job/root-pullrequests-build/192592/console).; ### Failing tests:; - [projectroot.bindings.pyroot.pythonizations.test.pyunittests_pyroot_rdf_define_pyz](https://lcgapp-services.cern.ch/root-jenkins/job/root-pullrequests-build/192592/testReport/projectroot.bindings.pyroot.pythonizations/test/pyunittests_pyroot_rdf_define_pyz/); - [projectroot.bindings.pyroot.pythonizations.test.pyunittests_pyroot_rdf_filter_pyz](https://lcgapp-services.cern.ch/root-jenkins/job/root-pullrequests-build/192592/testReport/projectroot.bindings.pyroot.pythonizations/test/pyunittests_pyroot_rdf_filter_pyz/); - [projectroot.bindings.pyroot.pythonizations.test.pyunittests_pyroot_numbadeclare](https://lcgapp-services.cern.ch/root-jenkins/job/root-pullrequests-build/192592/testReport/projectroot.bindings.pyroot.pythonizations/test/pyunittests_pyroot_numbadeclare/),MatchSource.ISSUE_COMMENT,root-project,root,v6-32-06,https://github.com/root-project/root/pull/14340#issuecomment-1890764201:260,test,tests,260,https://root.cern,https://github.com/root-project/root/pull/14340#issuecomment-1890764201,10,['test'],"['test', 'testReport', 'tests']"
Testability,Build failed on ROOT-ubuntu2004/python3.; Running on root-ubuntu-2004-1.cern.ch:/home/sftnight/build/workspace/root-pullrequests-build; [See console output](https://lcgapp-services.cern.ch/root-jenkins/job/root-pullrequests-build/192687/console).; ### Failing tests:; - [projectroot.tmva.pymva.test.PyMVA_Keras_Regression](https://lcgapp-services.cern.ch/root-jenkins/job/root-pullrequests-build/192687/testReport/projectroot.tmva.pymva/test/PyMVA_Keras_Regression/),MatchSource.ISSUE_COMMENT,root-project,root,v6-32-06,https://github.com/root-project/root/pull/14347#issuecomment-1892024574:260,test,tests,260,https://root.cern,https://github.com/root-project/root/pull/14347#issuecomment-1892024574,4,['test'],"['test', 'testReport', 'tests']"
Testability,Build failed on ROOT-ubuntu2004/python3.; Running on root-ubuntu-2004-1.cern.ch:/home/sftnight/build/workspace/root-pullrequests-build; [See console output](https://lcgapp-services.cern.ch/root-jenkins/job/root-pullrequests-build/192737/console).; ### Failing tests:; - [projectroot.roottest.root.dataframe.roottest_root_dataframe_test_readTotemNtuple](https://lcgapp-services.cern.ch/root-jenkins/job/root-pullrequests-build/192737/testReport/projectroot.roottest.root/dataframe/roottest_root_dataframe_test_readTotemNtuple/),MatchSource.ISSUE_COMMENT,root-project,root,v6-32-06,https://github.com/root-project/root/pull/14348#issuecomment-1892646595:260,test,tests,260,https://root.cern,https://github.com/root-project/root/pull/14348#issuecomment-1892646595,2,['test'],"['testReport', 'tests']"
Testability,Build failed on ROOT-ubuntu2004/python3.; Running on root-ubuntu-2004-1.cern.ch:/home/sftnight/build/workspace/root-pullrequests-build; [See console output](https://lcgapp-services.cern.ch/root-jenkins/job/root-pullrequests-build/192792/console).; ### Failing tests:; - [projectroot.roottest.python.distrdf.common.roottest_python_distrdf_common_test_all](https://lcgapp-services.cern.ch/root-jenkins/job/root-pullrequests-build/192792/testReport/projectroot.roottest.python.distrdf/common/roottest_python_distrdf_common_test_all/),MatchSource.ISSUE_COMMENT,root-project,root,v6-32-06,https://github.com/root-project/root/pull/14355#issuecomment-1893654137:260,test,tests,260,https://root.cern,https://github.com/root-project/root/pull/14355#issuecomment-1893654137,2,['test'],"['testReport', 'tests']"
Testability,Build failed on ROOT-ubuntu2004/python3.; Running on root-ubuntu-2004-1.cern.ch:/home/sftnight/build/workspace/root-pullrequests-build; [See console output](https://lcgapp-services.cern.ch/root-jenkins/job/root-pullrequests-build/192879/console).; ### Failing tests:; - [projectroot.roottest.cling.functionTemplate.roottest_cling_functionTemplate_testcint](https://lcgapp-services.cern.ch/root-jenkins/job/root-pullrequests-build/192879/testReport/projectroot.roottest.cling/functionTemplate/roottest_cling_functionTemplate_testcint/); - [projectroot.roottest.python.cling.roottest_python_cling_api](https://lcgapp-services.cern.ch/root-jenkins/job/root-pullrequests-build/192879/testReport/projectroot.roottest.python/cling/roottest_python_cling_api/); - [projectroot.roottest.python.cling.roottest_python_cling_cling](https://lcgapp-services.cern.ch/root-jenkins/job/root-pullrequests-build/192879/testReport/projectroot.roottest.python/cling/roottest_python_cling_cling/); - [projectroot.roottest.python.cling.roottest_python_cling_class](https://lcgapp-services.cern.ch/root-jenkins/job/root-pullrequests-build/192879/testReport/projectroot.roottest.python/cling/roottest_python_cling_class/); - [projectroot.roottest.python.cmdLineUtils.roottest_python_cmdLineUtils_SimpleRootrm1CheckOutput](https://lcgapp-services.cern.ch/root-jenkins/job/root-pullrequests-build/192879/testReport/projectroot.roottest.python/cmdLineUtils/roottest_python_cmdLineUtils_SimpleRootrm1CheckOutput/); - [projectroot.roottest.python.cmdLineUtils.roottest_python_cmdLineUtils_SimpleRootrm2CheckOutput](https://lcgapp-services.cern.ch/root-jenkins/job/root-pullrequests-build/192879/testReport/projectroot.roottest.python/cmdLineUtils/roottest_python_cmdLineUtils_SimpleRootrm2CheckOutput/); - [projectroot.roottest.python.cmdLineUtils.roottest_python_cmdLineUtils_SimpleRootrm3CheckOutput](https://lcgapp-services.cern.ch/root-jenkins/job/root-pullrequests-build/192879/testReport/projectroot.roottest.python/cmdLineUt,MatchSource.ISSUE_COMMENT,root-project,root,v6-32-06,https://github.com/root-project/root/pull/7234#issuecomment-1894681296:260,test,tests,260,https://root.cern,https://github.com/root-project/root/pull/7234#issuecomment-1894681296,4,['test'],"['testReport', 'tests']"
Testability,Build failed on ROOT-ubuntu2004/python3.; Running on root-ubuntu-2004-1.cern.ch:/home/sftnight/build/workspace/root-pullrequests-build; [See console output](https://lcgapp-services.cern.ch/root-jenkins/job/root-pullrequests-build/192894/console).; ### Failing tests:; - [projectroot.tmva.pymva.test.PyMVA_Keras_Regression](https://lcgapp-services.cern.ch/root-jenkins/job/root-pullrequests-build/192894/testReport/projectroot.tmva.pymva/test/PyMVA_Keras_Regression/),MatchSource.ISSUE_COMMENT,root-project,root,v6-32-06,https://github.com/root-project/root/pull/14366#issuecomment-1895512045:260,test,tests,260,https://root.cern,https://github.com/root-project/root/pull/14366#issuecomment-1895512045,4,['test'],"['test', 'testReport', 'tests']"
Testability,Build failed on ROOT-ubuntu2004/python3.; Running on root-ubuntu-2004-1.cern.ch:/home/sftnight/build/workspace/root-pullrequests-build; [See console output](https://lcgapp-services.cern.ch/root-jenkins/job/root-pullrequests-build/192953/console).; ### Failing tests:; - [projectroot.bindings.pyroot.pythonizations.test.pyunittests_pyroot_dependency_versions](https://lcgapp-services.cern.ch/root-jenkins/job/root-pullrequests-build/192953/testReport/projectroot.bindings.pyroot.pythonizations/test/pyunittests_pyroot_dependency_versions/),MatchSource.ISSUE_COMMENT,root-project,root,v6-32-06,https://github.com/root-project/root/pull/14371#issuecomment-1896517964:260,test,tests,260,https://root.cern,https://github.com/root-project/root/pull/14371#issuecomment-1896517964,4,['test'],"['test', 'testReport', 'tests']"
Testability,Build failed on ROOT-ubuntu2004/python3.; Running on root-ubuntu-2004-1.cern.ch:/home/sftnight/build/workspace/root-pullrequests-build; [See console output](https://lcgapp-services.cern.ch/root-jenkins/job/root-pullrequests-build/192968/console).; ### Failing tests:; - [projectroot.test.test_stressgraphics_interpreted](https://lcgapp-services.cern.ch/root-jenkins/job/root-pullrequests-build/192968/testReport/projectroot/test/test_stressgraphics_interpreted/); - [projectroot.roottest.cling.controls.roottest_cling_controls_runLoopbreak](https://lcgapp-services.cern.ch/root-jenkins/job/root-pullrequests-build/192968/testReport/projectroot.roottest.cling/controls/roottest_cling_controls_runLoopbreak/),MatchSource.ISSUE_COMMENT,root-project,root,v6-32-06,https://github.com/root-project/root/pull/14267#issuecomment-1896731521:260,test,tests,260,https://root.cern,https://github.com/root-project/root/pull/14267#issuecomment-1896731521,5,['test'],"['test', 'testReport', 'tests']"
Testability,Build failed on ROOT-ubuntu2004/python3.; Running on root-ubuntu-2004-1.cern.ch:/home/sftnight/build/workspace/root-pullrequests-build; [See console output](https://lcgapp-services.cern.ch/root-jenkins/job/root-pullrequests-build/193039/console).; ### Failing tests:; - [projectroot.tmva.pymva.test.PyMVA_Keras_Regression](https://lcgapp-services.cern.ch/root-jenkins/job/root-pullrequests-build/193039/testReport/projectroot.tmva.pymva/test/PyMVA_Keras_Regression/),MatchSource.ISSUE_COMMENT,root-project,root,v6-32-06,https://github.com/root-project/root/pull/14383#issuecomment-1898740374:260,test,tests,260,https://root.cern,https://github.com/root-project/root/pull/14383#issuecomment-1898740374,4,['test'],"['test', 'testReport', 'tests']"
Testability,Build failed on ROOT-ubuntu2004/python3.; Running on root-ubuntu-2004-1.cern.ch:/home/sftnight/build/workspace/root-pullrequests-build; [See console output](https://lcgapp-services.cern.ch/root-jenkins/job/root-pullrequests-build/193249/console).; ### Failing tests:; - [projectroot.roottest.python.distrdf.common.roottest_python_distrdf_common_test_all](https://lcgapp-services.cern.ch/root-jenkins/job/root-pullrequests-build/193249/testReport/projectroot.roottest.python.distrdf/common/roottest_python_distrdf_common_test_all/); - [projectroot.roofit.histfactory.test.gtest_roofit_histfactory_test_testHistFactory](https://lcgapp-services.cern.ch/root-jenkins/job/root-pullrequests-build/193249/testReport/projectroot.roofit.histfactory/test/gtest_roofit_histfactory_test_testHistFactory/); - [projectroot.roofit.roofitcore.test.gtest_roofit_roofitcore_test_testRooFuncWrapper](https://lcgapp-services.cern.ch/root-jenkins/job/root-pullrequests-build/193249/testReport/projectroot.roofit.roofitcore/test/gtest_roofit_roofitcore_test_testRooFuncWrapper/); - [projectroot.tmva.pymva.test.PyMVA_Keras_Regression](https://lcgapp-services.cern.ch/root-jenkins/job/root-pullrequests-build/193249/testReport/projectroot.tmva.pymva/test/PyMVA_Keras_Regression/),MatchSource.ISSUE_COMMENT,root-project,root,v6-32-06,https://github.com/root-project/root/pull/14165#issuecomment-1904075490:260,test,tests,260,https://root.cern,https://github.com/root-project/root/pull/14165#issuecomment-1904075490,11,['test'],"['test', 'testReport', 'tests']"
Testability,Build failed on ROOT-ubuntu2004/python3.; Running on root-ubuntu-2004-1.cern.ch:/home/sftnight/build/workspace/root-pullrequests-build; [See console output](https://lcgapp-services.cern.ch/root-jenkins/job/root-pullrequests-build/193254/console).; ### Failing tests:; - [projectroot.tmva.pymva.test.PyMVA_Keras_Regression](https://lcgapp-services.cern.ch/root-jenkins/job/root-pullrequests-build/193254/testReport/projectroot.tmva.pymva/test/PyMVA_Keras_Regression/),MatchSource.ISSUE_COMMENT,root-project,root,v6-32-06,https://github.com/root-project/root/pull/14403#issuecomment-1904153113:260,test,tests,260,https://root.cern,https://github.com/root-project/root/pull/14403#issuecomment-1904153113,4,['test'],"['test', 'testReport', 'tests']"
Testability,Build failed on ROOT-ubuntu2004/python3.; Running on root-ubuntu-2004-1.cern.ch:/home/sftnight/build/workspace/root-pullrequests-build; [See console output](https://lcgapp-services.cern.ch/root-jenkins/job/root-pullrequests-build/193369/console).; ### Failing tests:; - [projectroot.tree.ntupleutil.v7.test.gtest_tree_ntupleutil_v7_test_ntuple_importer](https://lcgapp-services.cern.ch/root-jenkins/job/root-pullrequests-build/193369/testReport/projectroot.tree.ntupleutil.v7/test/gtest_tree_ntupleutil_v7_test_ntuple_importer/),MatchSource.ISSUE_COMMENT,root-project,root,v6-32-06,https://github.com/root-project/root/pull/14412#issuecomment-1906559915:260,test,tests,260,https://root.cern,https://github.com/root-project/root/pull/14412#issuecomment-1906559915,4,['test'],"['test', 'testReport', 'tests']"
Testability,Build failed on ROOT-ubuntu2004/python3.; Running on root-ubuntu-2004-1.cern.ch:/home/sftnight/build/workspace/root-pullrequests-build; [See console output](https://lcgapp-services.cern.ch/root-jenkins/job/root-pullrequests-build/193394/console).; ### Errors:; - [2024-01-23T21:37:15.968Z] FAILED: tmva/sofie/test/CMakeFiles/SofieCompileModels_ONNX.util,MatchSource.ISSUE_COMMENT,root-project,root,v6-32-06,https://github.com/root-project/root/pull/14413#issuecomment-1906960925:309,test,test,309,https://root.cern,https://github.com/root-project/root/pull/14413#issuecomment-1906960925,1,['test'],['test']
Testability,Build failed on ROOT-ubuntu2004/python3.; Running on root-ubuntu-2004-1.cern.ch:/home/sftnight/build/workspace/root-pullrequests-build; [See console output](https://lcgapp-services.cern.ch/root-jenkins/job/root-pullrequests-build/193584/console).; ### Warnings:; - [2024-01-25T17:14:38.836Z] /home/sftnight/build/workspace/root-pullrequests-build/root/math/matrix/test/testMatrixT.cxx:35:28: warning: comparison of integer expressions of different signedness: ‘size_t’ {aka ‘long unsigned int’} and ‘Int_t’ {aka ‘int’} [-Wsign-compare] ; - [2024-01-25T17:14:38.836Z] /home/sftnight/build/workspace/root-pullrequests-build/root/math/matrix/test/testMatrixT.cxx:36:31: warning: comparison of integer expressions of different signedness: ‘size_t’ {aka ‘long unsigned int’} and ‘Int_t’ {aka ‘int’} [-Wsign-compare] ; - [2024-01-25T17:14:38.836Z] /home/sftnight/build/workspace/root-pullrequests-build/root/math/matrix/test/testMatrixT.cxx:26:28: warning: comparison of integer expressions of different signedness: ‘size_t’ {aka ‘long unsigned int’} and ‘Int_t’ {aka ‘int’} [-Wsign-compare] ; - [2024-01-25T17:14:38.837Z] /home/sftnight/build/workspace/root-pullrequests-build/root/math/matrix/test/testMatrixT.cxx:27:31: warning: comparison of integer expressions of different signedness: ‘size_t’ {aka ‘long unsigned int’} and ‘Int_t’ {aka ‘int’} [-Wsign-compare],MatchSource.ISSUE_COMMENT,root-project,root,v6-32-06,https://github.com/root-project/root/pull/14420#issuecomment-1910695173:364,test,test,364,https://root.cern,https://github.com/root-project/root/pull/14420#issuecomment-1910695173,8,['test'],"['test', 'testMatrixT']"
Testability,Build failed on ROOT-ubuntu2004/python3.; Running on root-ubuntu-2004-1.cern.ch:/home/sftnight/build/workspace/root-pullrequests-build; [See console output](https://lcgapp-services.cern.ch/root-jenkins/job/root-pullrequests-build/193694/console).; ### Failing tests:; - [projectroot.roottest.python.cpp.roottest_python_cpp_cpp](https://lcgapp-services.cern.ch/root-jenkins/job/root-pullrequests-build/193694/testReport/projectroot.roottest.python/cpp/roottest_python_cpp_cpp/),MatchSource.ISSUE_COMMENT,root-project,root,v6-32-06,https://github.com/root-project/root/pull/14450#issuecomment-1911966143:260,test,tests,260,https://root.cern,https://github.com/root-project/root/pull/14450#issuecomment-1911966143,2,['test'],"['testReport', 'tests']"
Testability,Build failed on ROOT-ubuntu2004/python3.; Running on root-ubuntu-2004-1.cern.ch:/home/sftnight/build/workspace/root-pullrequests-build; [See console output](https://lcgapp-services.cern.ch/root-jenkins/job/root-pullrequests-build/193779/console).; ### Failing tests:; - [projectroot.roofit.histfactory.test.gtest_roofit_histfactory_test_testHistFactory](https://lcgapp-services.cern.ch/root-jenkins/job/root-pullrequests-build/193779/testReport/projectroot.roofit.histfactory/test/gtest_roofit_histfactory_test_testHistFactory/),MatchSource.ISSUE_COMMENT,root-project,root,v6-32-06,https://github.com/root-project/root/pull/14165#issuecomment-1912601101:260,test,tests,260,https://root.cern,https://github.com/root-project/root/pull/14165#issuecomment-1912601101,4,['test'],"['test', 'testReport', 'tests']"
Testability,Build failed on ROOT-ubuntu2004/python3.; Running on root-ubuntu-2004-1.cern.ch:/home/sftnight/build/workspace/root-pullrequests-build; [See console output](https://lcgapp-services.cern.ch/root-jenkins/job/root-pullrequests-build/193794/console).; ### Failing tests:; - [projectroot.tmva.sofie.test.gtest_tmva_sofie_test_TestSofieModels](https://lcgapp-services.cern.ch/root-jenkins/job/root-pullrequests-build/193794/testReport/projectroot.tmva.sofie/test/gtest_tmva_sofie_test_TestSofieModels/),MatchSource.ISSUE_COMMENT,root-project,root,v6-32-06,https://github.com/root-project/root/pull/14463#issuecomment-1912765825:260,test,tests,260,https://root.cern,https://github.com/root-project/root/pull/14463#issuecomment-1912765825,4,['test'],"['test', 'testReport', 'tests']"
Testability,Build failed on ROOT-ubuntu2004/python3.; Running on root-ubuntu-2004-1.cern.ch:/home/sftnight/build/workspace/root-pullrequests-build; [See console output](https://lcgapp-services.cern.ch/root-jenkins/job/root-pullrequests-build/193989/console).; ### Errors:; - [2024-01-29T18:46:33.259Z] FAILED: tree/ntuple/v7/test/CMakeFiles/ntuple_limits.dir/ntuple_limits.cxx.o ; - [2024-01-29T18:46:33.821Z] /home/sftnight/build/workspace/root-pullrequests-build/root/tree/ntuple/v7/test/ntuple_limits.cxx:144:44: error: use of deleted function ‘ROOT::Experimental::RNTupleDescriptor::RNTupleDescriptor(const ROOT::Experimental::RNTupleDescriptor&)’ ; - [2024-01-29T18:46:33.821Z] /home/sftnight/build/workspace/root-pullrequests-build/root/tree/ntuple/v7/test/ntuple_limits.cxx:145:34: error: use of deleted function ‘ROOT::Experimental::RNTupleModel::RNTupleModel(const ROOT::Experimental::RNTupleModel&)’ ; - [2024-01-29T18:46:33.821Z] /home/sftnight/build/workspace/root-pullrequests-build/root/tree/ntuple/v7/test/ntuple_limits.cxx:146:29: error: base operand of ‘-&gt;’ has non-pointer type ‘ROOT::Experimental::RNTupleDescriptor’ ; - [2024-01-29T18:46:33.821Z] /home/sftnight/build/workspace/root-pullrequests-build/root/tree/ntuple/v7/test/ntuple_limits.cxx:147:30: error: base operand of ‘-&gt;’ has non-pointer type ‘ROOT::Experimental::RNTupleDescriptor’ ; - [2024-01-29T18:46:33.821Z] /home/sftnight/build/workspace/root-pullrequests-build/root/tree/ntuple/v7/test/ntuple_limits.cxx:150:24: error: base operand of ‘-&gt;’ has non-pointer type ‘ROOT::Experimental::RNTupleDescriptor’ ; - [2024-01-29T18:46:33.821Z] /home/sftnight/build/workspace/root-pullrequests-build/root/tree/ntuple/v7/test/ntuple_limits.cxx:151:24: error: base operand of ‘-&gt;’ has non-pointer type ‘ROOT::Experimental::RNTupleDescriptor’ ; - [2024-01-29T18:46:33.821Z] /home/sftnight/build/workspace/root-pullrequests-build/root/tree/ntuple/v7/test/ntuple_limits.cxx:153:20: error: base operand of ‘-&gt;’ has non-pointer typ,MatchSource.ISSUE_COMMENT,root-project,root,v6-32-06,https://github.com/root-project/root/pull/14136#issuecomment-1915350193:313,test,test,313,https://root.cern,https://github.com/root-project/root/pull/14136#issuecomment-1915350193,4,['test'],['test']
Testability,Build failed on ROOT-ubuntu2004/python3.; Running on root-ubuntu-2004-1.cern.ch:/home/sftnight/build/workspace/root-pullrequests-build; [See console output](https://lcgapp-services.cern.ch/root-jenkins/job/root-pullrequests-build/194164/console).; ### Failing tests:; - [projectroot.tmva.pymva.test.PyMVA_Keras_Regression](https://lcgapp-services.cern.ch/root-jenkins/job/root-pullrequests-build/194164/testReport/projectroot.tmva.pymva/test/PyMVA_Keras_Regression/),MatchSource.ISSUE_COMMENT,root-project,root,v6-32-06,https://github.com/root-project/root/pull/14445#issuecomment-1918862742:260,test,tests,260,https://root.cern,https://github.com/root-project/root/pull/14445#issuecomment-1918862742,4,['test'],"['test', 'testReport', 'tests']"
Testability,Build failed on ROOT-ubuntu2004/python3.; Running on root-ubuntu-2004-1.cern.ch:/home/sftnight/build/workspace/root-pullrequests-build; [See console output](https://lcgapp-services.cern.ch/root-jenkins/job/root-pullrequests-build/194169/console).; ### Failing tests:; - [projectroot.bindings.pyroot.pythonizations.test.pyunittests_pyroot_pyz_pretty_printing](https://lcgapp-services.cern.ch/root-jenkins/job/root-pullrequests-build/194169/testReport/projectroot.bindings.pyroot.pythonizations/test/pyunittests_pyroot_pyz_pretty_printing/),MatchSource.ISSUE_COMMENT,root-project,root,v6-32-06,https://github.com/root-project/root/pull/14495#issuecomment-1918987810:260,test,tests,260,https://root.cern,https://github.com/root-project/root/pull/14495#issuecomment-1918987810,4,['test'],"['test', 'testReport', 'tests']"
Testability,Build failed on ROOT-ubuntu2004/python3.; Running on root-ubuntu-2004-1.cern.ch:/home/sftnight/build/workspace/root-pullrequests-build; [See console output](https://lcgapp-services.cern.ch/root-jenkins/job/root-pullrequests-build/194239/console).; ### Failing tests:; - [projectroot.bindings.pyroot.pythonizations.test.pyunittests_pyroot_pyz_pretty_printing](https://lcgapp-services.cern.ch/root-jenkins/job/root-pullrequests-build/194239/testReport/projectroot.bindings.pyroot.pythonizations/test/pyunittests_pyroot_pyz_pretty_printing/),MatchSource.ISSUE_COMMENT,root-project,root,v6-32-06,https://github.com/root-project/root/pull/14495#issuecomment-1919432616:260,test,tests,260,https://root.cern,https://github.com/root-project/root/pull/14495#issuecomment-1919432616,4,['test'],"['test', 'testReport', 'tests']"
Testability,Build failed on ROOT-ubuntu2004/python3.; Running on root-ubuntu-2004-1.cern.ch:/home/sftnight/build/workspace/root-pullrequests-build; [See console output](https://lcgapp-services.cern.ch/root-jenkins/job/root-pullrequests-build/194379/console).; ### Failing tests:; - [projectroot.bindings.pyroot.pythonizations.test.pyunittests_pyroot_pyz_pretty_printing](https://lcgapp-services.cern.ch/root-jenkins/job/root-pullrequests-build/194379/testReport/projectroot.bindings.pyroot.pythonizations/test/pyunittests_pyroot_pyz_pretty_printing/),MatchSource.ISSUE_COMMENT,root-project,root,v6-32-06,https://github.com/root-project/root/pull/14495#issuecomment-1921706545:260,test,tests,260,https://root.cern,https://github.com/root-project/root/pull/14495#issuecomment-1921706545,4,['test'],"['test', 'testReport', 'tests']"
Testability,Build failed on ROOT-ubuntu2004/python3.; Running on root-ubuntu-2004-1.cern.ch:/home/sftnight/build/workspace/root-pullrequests-build; [See console output](https://lcgapp-services.cern.ch/root-jenkins/job/root-pullrequests-build/194439/console).; ### Failing tests:; - [projectroot.tmva.sofie.test.gtest_tmva_sofie_test_TestSofieModels](https://lcgapp-services.cern.ch/root-jenkins/job/root-pullrequests-build/194439/testReport/projectroot.tmva.sofie/test/gtest_tmva_sofie_test_TestSofieModels/),MatchSource.ISSUE_COMMENT,root-project,root,v6-32-06,https://github.com/root-project/root/pull/14521#issuecomment-1923626966:260,test,tests,260,https://root.cern,https://github.com/root-project/root/pull/14521#issuecomment-1923626966,4,['test'],"['test', 'testReport', 'tests']"
Testability,Build failed on ROOT-ubuntu2004/python3.; Running on root-ubuntu-2004-1.cern.ch:/home/sftnight/build/workspace/root-pullrequests-build; [See console output](https://lcgapp-services.cern.ch/root-jenkins/job/root-pullrequests-build/194509/console).; ### Failing tests:; - [projectroot.bindings.pyroot.pythonizations.test.pyunittests_pyroot_pyz_pretty_printing](https://lcgapp-services.cern.ch/root-jenkins/job/root-pullrequests-build/194509/testReport/projectroot.bindings.pyroot.pythonizations/test/pyunittests_pyroot_pyz_pretty_printing/),MatchSource.ISSUE_COMMENT,root-project,root,v6-32-06,https://github.com/root-project/root/pull/14495#issuecomment-1925308228:260,test,tests,260,https://root.cern,https://github.com/root-project/root/pull/14495#issuecomment-1925308228,4,['test'],"['test', 'testReport', 'tests']"
Testability,Build failed on ROOT-ubuntu2004/python3.; Running on root-ubuntu-2004-1.cern.ch:/home/sftnight/build/workspace/root-pullrequests-build; [See console output](https://lcgapp-services.cern.ch/root-jenkins/job/root-pullrequests-build/194534/console).; ### Errors:; - [2024-02-03T15:32:42.548Z] FAILED: core/G__Core.cxx lib/Core.pcm ; - [2024-02-03T15:32:43.929Z] /home/sftnight/build/workspace/root-pullrequests-build/build/include/TStorage.h:85:4: error: static assertion failed due to requirement 'std::is_integral&lt;int&gt;::value': ClassDef(Inline) macro: the specified class version number is not an integer. ; - [2024-02-03T15:32:43.929Z] /home/sftnight/build/workspace/root-pullrequests-build/build/include/TStorage.h:85:4: error: cannot increment value of type 'std::atomic&lt;UChar_t&gt;' (aka 'atomic&lt;unsigned char&gt;') ; - [2024-02-03T15:32:43.929Z] /home/sftnight/build/workspace/root-pullrequests-build/build/include/TStorage.h:85:4: error: cannot increment value of type 'std::atomic&lt;UChar_t&gt;' (aka 'atomic&lt;unsigned char&gt;') ; - [2024-02-03T15:32:43.929Z] /home/sftnight/build/workspace/root-pullrequests-build/build/include/TObject.h:245:4: error: static assertion failed due to requirement 'std::is_integral&lt;int&gt;::value': ClassDef(Inline) macro: the specified class version number is not an integer. ; - [2024-02-03T15:32:43.929Z] /home/sftnight/build/workspace/root-pullrequests-build/build/include/TObject.h:245:4: error: cannot increment value of type 'std::atomic&lt;UChar_t&gt;' (aka 'atomic&lt;unsigned char&gt;') ; - [2024-02-03T15:32:43.929Z] /home/sftnight/build/workspace/root-pullrequests-build/build/include/TObject.h:245:4: error: cannot increment value of type 'std::atomic&lt;UChar_t&gt;' (aka 'atomic&lt;unsigned char&gt;'),MatchSource.ISSUE_COMMENT,root-project,root,v6-32-06,https://github.com/root-project/root/pull/14495#issuecomment-1925360233:459,assert,assertion,459,https://root.cern,https://github.com/root-project/root/pull/14495#issuecomment-1925360233,2,['assert'],['assertion']
Testability,Build failed on ROOT-ubuntu2004/python3.; Running on root-ubuntu-2004-1.cern.ch:/home/sftnight/build/workspace/root-pullrequests-build; [See console output](https://lcgapp-services.cern.ch/root-jenkins/job/root-pullrequests-build/194564/console).; ### Failing tests:; - [projectroot.tmva.sofie.test.gtest_tmva_sofie_test_TestSofieModels](https://lcgapp-services.cern.ch/root-jenkins/job/root-pullrequests-build/194564/testReport/projectroot.tmva.sofie/test/gtest_tmva_sofie_test_TestSofieModels/),MatchSource.ISSUE_COMMENT,root-project,root,v6-32-06,https://github.com/root-project/root/pull/14533#issuecomment-1925758964:260,test,tests,260,https://root.cern,https://github.com/root-project/root/pull/14533#issuecomment-1925758964,4,['test'],"['test', 'testReport', 'tests']"
Testability,Build failed on ROOT-ubuntu2004/python3.; Running on root-ubuntu-2004-1.cern.ch:/home/sftnight/build/workspace/root-pullrequests-build; [See console output](https://lcgapp-services.cern.ch/root-jenkins/job/root-pullrequests-build/194719/console).; ### Failing tests:; - [projectroot.tmva.pymva.test.PyMVA_Keras_Regression](https://lcgapp-services.cern.ch/root-jenkins/job/root-pullrequests-build/194719/testReport/projectroot.tmva.pymva/test/PyMVA_Keras_Regression/),MatchSource.ISSUE_COMMENT,root-project,root,v6-32-06,https://github.com/root-project/root/pull/14621#issuecomment-1932441259:260,test,tests,260,https://root.cern,https://github.com/root-project/root/pull/14621#issuecomment-1932441259,4,['test'],"['test', 'testReport', 'tests']"
Testability,Build failed on ROOT-ubuntu2004/python3.; Running on root-ubuntu-2004-1.cern.ch:/home/sftnight/build/workspace/root-pullrequests-build; [See console output](https://lcgapp-services.cern.ch/root-jenkins/job/root-pullrequests-build/194761/console).; ### Failing tests:; - [projectroot.roottest.root.treeformula.schemaEvolution.roottest_root_treeformula_schemaEvolution_make](https://lcgapp-services.cern.ch/root-jenkins/job/root-pullrequests-build/194761/testReport/projectroot.roottest.root.treeformula/schemaEvolution/roottest_root_treeformula_schemaEvolution_make/),MatchSource.ISSUE_COMMENT,root-project,root,v6-32-06,https://github.com/root-project/root/pull/14626#issuecomment-1933816156:260,test,tests,260,https://root.cern,https://github.com/root-project/root/pull/14626#issuecomment-1933816156,2,['test'],"['testReport', 'tests']"
Testability,Build failed on ROOT-ubuntu2004/python3.; Running on root-ubuntu-2004-1.cern.ch:/home/sftnight/build/workspace/root-pullrequests-build; [See console output](https://lcgapp-services.cern.ch/root-jenkins/job/root-pullrequests-build/194811/console).; ### Failing tests:; - [projectroot.tmva.pymva.test.PyMVA_Keras_Regression](https://lcgapp-services.cern.ch/root-jenkins/job/root-pullrequests-build/194811/testReport/projectroot.tmva.pymva/test/PyMVA_Keras_Regression/),MatchSource.ISSUE_COMMENT,root-project,root,v6-32-06,https://github.com/root-project/root/pull/14531#issuecomment-1934195888:260,test,tests,260,https://root.cern,https://github.com/root-project/root/pull/14531#issuecomment-1934195888,4,['test'],"['test', 'testReport', 'tests']"
Testability,Build failed on ROOT-ubuntu2004/python3.; Running on root-ubuntu-2004-1.cern.ch:/home/sftnight/build/workspace/root-pullrequests-build; [See console output](https://lcgapp-services.cern.ch/root-jenkins/job/root-pullrequests-build/194946/console).; ### Failing tests:; - [projectroot.tmva.pymva.test.PyMVA_Keras_Regression](https://lcgapp-services.cern.ch/root-jenkins/job/root-pullrequests-build/194946/testReport/projectroot.tmva.pymva/test/PyMVA_Keras_Regression/),MatchSource.ISSUE_COMMENT,root-project,root,v6-32-06,https://github.com/root-project/root/pull/14618#issuecomment-1935904030:260,test,tests,260,https://root.cern,https://github.com/root-project/root/pull/14618#issuecomment-1935904030,4,['test'],"['test', 'testReport', 'tests']"
Testability,Build failed on ROOT-ubuntu2004/python3.; Running on root-ubuntu-2004-1.cern.ch:/home/sftnight/build/workspace/root-pullrequests-build; [See console output](https://lcgapp-services.cern.ch/root-jenkins/job/root-pullrequests-build/194951/console).; ### Failing tests:; - [projectroot.roottest.root.collection.roottest_root_collection_execTClonesArrayAbsorb_auto](https://lcgapp-services.cern.ch/root-jenkins/job/root-pullrequests-build/194951/testReport/projectroot.roottest.root/collection/roottest_root_collection_execTClonesArrayAbsorb_auto/); - [projectroot.roottest.root.hist.profile.roottest_root_hist_profile_runcopy](https://lcgapp-services.cern.ch/root-jenkins/job/root-pullrequests-build/194951/testReport/projectroot.roottest.root.hist/profile/roottest_root_hist_profile_runcopy/); - [projectroot.roottest.root.io.TFile.roottest_root_io_TFile_make](https://lcgapp-services.cern.ch/root-jenkins/job/root-pullrequests-build/194951/testReport/projectroot.roottest.root.io/TFile/roottest_root_io_TFile_make/); - [projectroot.roottest.root.io.directory.roottest_root_io_directory_make](https://lcgapp-services.cern.ch/root-jenkins/job/root-pullrequests-build/194951/testReport/projectroot.roottest.root.io/directory/roottest_root_io_directory_make/); - [projectroot.roottest.root.meta.ROOT-7181.roottest_root_meta_ROOT_7181_make](https://lcgapp-services.cern.ch/root-jenkins/job/root-pullrequests-build/194951/testReport/projectroot.roottest.root.meta/ROOT-7181/roottest_root_meta_ROOT_7181_make/); - [projectroot.roottest.root.tree.cache.roottest_root_tree_cache_cachedChain](https://lcgapp-services.cern.ch/root-jenkins/job/root-pullrequests-build/194951/testReport/projectroot.roottest.root.tree/cache/roottest_root_tree_cache_cachedChain/); - [projectroot.roottest.root.tree.entrylist.roottest_root_tree_entrylist_make](https://lcgapp-services.cern.ch/root-jenkins/job/root-pullrequests-build/194951/testReport/projectroot.roottest.root.tree/entrylist/roottest_root_tree_entrylist_make/); - [,MatchSource.ISSUE_COMMENT,root-project,root,v6-32-06,https://github.com/root-project/root/pull/14645#issuecomment-1935957259:260,test,tests,260,https://root.cern,https://github.com/root-project/root/pull/14645#issuecomment-1935957259,4,['test'],"['testReport', 'tests']"
Testability,Build failed on ROOT-ubuntu2004/python3.; Running on root-ubuntu-2004-1.cern.ch:/home/sftnight/build/workspace/root-pullrequests-build; [See console output](https://lcgapp-services.cern.ch/root-jenkins/job/root-pullrequests-build/194961/console).; ### Failing tests:; - [projectroot.roottest.python.distrdf.common.roottest_python_distrdf_common_test_all](https://lcgapp-services.cern.ch/root-jenkins/job/root-pullrequests-build/194961/testReport/projectroot.roottest.python.distrdf/common/roottest_python_distrdf_common_test_all/),MatchSource.ISSUE_COMMENT,root-project,root,v6-32-06,https://github.com/root-project/root/pull/14628#issuecomment-1936039928:260,test,tests,260,https://root.cern,https://github.com/root-project/root/pull/14628#issuecomment-1936039928,2,['test'],"['testReport', 'tests']"
Testability,Build failed on ROOT-ubuntu2004/python3.; Running on root-ubuntu-2004-1.cern.ch:/home/sftnight/build/workspace/root-pullrequests-build; [See console output](https://lcgapp-services.cern.ch/root-jenkins/job/root-pullrequests-build/195071/console).; ### Failing tests:; - [projectroot.roottest.python.basic.roottest_python_basic_overload](https://lcgapp-services.cern.ch/root-jenkins/job/root-pullrequests-build/195071/testReport/projectroot.roottest.python/basic/roottest_python_basic_overload/); - [projectroot.roottest.python.basic.roottest_python_basic_datatype](https://lcgapp-services.cern.ch/root-jenkins/job/root-pullrequests-build/195071/testReport/projectroot.roottest.python/basic/roottest_python_basic_datatype/),MatchSource.ISSUE_COMMENT,root-project,root,v6-32-06,https://github.com/root-project/root/pull/14655#issuecomment-1938133171:260,test,tests,260,https://root.cern,https://github.com/root-project/root/pull/14655#issuecomment-1938133171,3,['test'],"['testReport', 'tests']"
Testability,Build failed on ROOT-ubuntu2004/python3.; Running on root-ubuntu-2004-1.cern.ch:/home/sftnight/build/workspace/root-pullrequests-build; [See console output](https://lcgapp-services.cern.ch/root-jenkins/job/root-pullrequests-build/195186/console).; ### Failing tests:; - [projectroot.roottest.python.JupyROOT.roottest_python_JupyROOT_importROOT_notebook](https://lcgapp-services.cern.ch/root-jenkins/job/root-pullrequests-build/195186/testReport/projectroot.roottest.python/JupyROOT/roottest_python_JupyROOT_importROOT_notebook/); - [projectroot.roottest.python.JupyROOT.roottest_python_JupyROOT_simpleCppMagic_notebook](https://lcgapp-services.cern.ch/root-jenkins/job/root-pullrequests-build/195186/testReport/projectroot.roottest.python/JupyROOT/roottest_python_JupyROOT_simpleCppMagic_notebook/),MatchSource.ISSUE_COMMENT,root-project,root,v6-32-06,https://github.com/root-project/root/pull/14661#issuecomment-1939585409:260,test,tests,260,https://root.cern,https://github.com/root-project/root/pull/14661#issuecomment-1939585409,3,['test'],"['testReport', 'tests']"
Testability,Build failed on ROOT-ubuntu2004/python3.; Running on root-ubuntu-2004-1.cern.ch:/home/sftnight/build/workspace/root-pullrequests-build; [See console output](https://lcgapp-services.cern.ch/root-jenkins/job/root-pullrequests-build/195196/console).; ### Failing tests:; - [projectroot.tree.ntuple.v7.test.gtest_tree_ntuple_v7_test_rfield_vector](https://lcgapp-services.cern.ch/root-jenkins/job/root-pullrequests-build/195196/testReport/projectroot.tree.ntuple.v7/test/gtest_tree_ntuple_v7_test_rfield_vector/),MatchSource.ISSUE_COMMENT,root-project,root,v6-32-06,https://github.com/root-project/root/pull/14662#issuecomment-1940984233:260,test,tests,260,https://root.cern,https://github.com/root-project/root/pull/14662#issuecomment-1940984233,4,['test'],"['test', 'testReport', 'tests']"
Testability,Build failed on ROOT-ubuntu2004/python3.; Running on root-ubuntu-2004-1.cern.ch:/home/sftnight/build/workspace/root-pullrequests-build; [See console output](https://lcgapp-services.cern.ch/root-jenkins/job/root-pullrequests-build/195221/console).; ### Failing tests:; - [projectroot.roottest.root.dataframe.roottest_root_dataframe_test_stringfiltercolumn](https://lcgapp-services.cern.ch/root-jenkins/job/root-pullrequests-build/195221/testReport/projectroot.roottest.root/dataframe/roottest_root_dataframe_test_stringfiltercolumn/),MatchSource.ISSUE_COMMENT,root-project,root,v6-32-06,https://github.com/root-project/root/pull/14668#issuecomment-1941368110:260,test,tests,260,https://root.cern,https://github.com/root-project/root/pull/14668#issuecomment-1941368110,2,['test'],"['testReport', 'tests']"
Testability,Build failed on ROOT-ubuntu2004/python3.; Running on root-ubuntu-2004-1.cern.ch:/home/sftnight/build/workspace/root-pullrequests-build; [See console output](https://lcgapp-services.cern.ch/root-jenkins/job/root-pullrequests-build/195261/console).; ### Failing tests:; - [projectroot.tmva.pymva.test.PyMVA_Keras_Regression](https://lcgapp-services.cern.ch/root-jenkins/job/root-pullrequests-build/195261/testReport/projectroot.tmva.pymva/test/PyMVA_Keras_Regression/),MatchSource.ISSUE_COMMENT,root-project,root,v6-32-06,https://github.com/root-project/root/pull/14684#issuecomment-1941682911:260,test,tests,260,https://root.cern,https://github.com/root-project/root/pull/14684#issuecomment-1941682911,4,['test'],"['test', 'testReport', 'tests']"
Testability,Build failed on ROOT-ubuntu2004/python3.; Running on root-ubuntu-2004-1.cern.ch:/home/sftnight/build/workspace/root-pullrequests-build; [See console output](https://lcgapp-services.cern.ch/root-jenkins/job/root-pullrequests-build/195271/console).; ### Failing tests:; - [projectroot.bindings.pyroot.pythonizations.test.pyunittests_pyroot_dependency_versions](https://lcgapp-services.cern.ch/root-jenkins/job/root-pullrequests-build/195271/testReport/projectroot.bindings.pyroot.pythonizations/test/pyunittests_pyroot_dependency_versions/),MatchSource.ISSUE_COMMENT,root-project,root,v6-32-06,https://github.com/root-project/root/pull/14685#issuecomment-1941766539:260,test,tests,260,https://root.cern,https://github.com/root-project/root/pull/14685#issuecomment-1941766539,4,['test'],"['test', 'testReport', 'tests']"
Testability,Build failed on ROOT-ubuntu2004/python3.; Running on root-ubuntu-2004-1.cern.ch:/home/sftnight/build/workspace/root-pullrequests-build; [See console output](https://lcgapp-services.cern.ch/root-jenkins/job/root-pullrequests-build/195301/console).; ### Failing tests:; - [projectroot.roofit.roofitcore.test.gtest_roofit_roofitcore_test_testTestStatisticsPlot](https://lcgapp-services.cern.ch/root-jenkins/job/root-pullrequests-build/195301/testReport/projectroot.roofit.roofitcore/test/gtest_roofit_roofitcore_test_testTestStatisticsPlot/); - [projectroot.roofit.roofitcore.test.test_stressroofit_cpu](https://lcgapp-services.cern.ch/root-jenkins/job/root-pullrequests-build/195301/testReport/projectroot.roofit.roofitcore/test/test_stressroofit_cpu/); - [projectroot.roottest.root.io.issue-7754.roottest_root_io_issue_7754_read_mwe_1](https://lcgapp-services.cern.ch/root-jenkins/job/root-pullrequests-build/195301/testReport/projectroot.roottest.root.io/issue-7754/roottest_root_io_issue_7754_read_mwe_1/),MatchSource.ISSUE_COMMENT,root-project,root,v6-32-06,https://github.com/root-project/root/pull/14686#issuecomment-1942028427:260,test,tests,260,https://root.cern,https://github.com/root-project/root/pull/14686#issuecomment-1942028427,8,['test'],"['test', 'testReport', 'tests']"
Testability,Build failed on ROOT-ubuntu2004/python3.; Running on root-ubuntu-2004-1.cern.ch:/home/sftnight/build/workspace/root-pullrequests-build; [See console output](https://lcgapp-services.cern.ch/root-jenkins/job/root-pullrequests-build/195341/console).; ### Failing tests:; - [projectroot.tree.dataframe.test.gtest_tree_dataframe_test_dataframe_interface](https://lcgapp-services.cern.ch/root-jenkins/job/root-pullrequests-build/195341/testReport/projectroot.tree.dataframe/test/gtest_tree_dataframe_test_dataframe_interface/),MatchSource.ISSUE_COMMENT,root-project,root,v6-32-06,https://github.com/root-project/root/pull/14676#issuecomment-1942351236:260,test,tests,260,https://root.cern,https://github.com/root-project/root/pull/14676#issuecomment-1942351236,4,['test'],"['test', 'testReport', 'tests']"
Testability,Build failed on ROOT-ubuntu2004/python3.; Running on root-ubuntu-2004-1.cern.ch:/home/sftnight/build/workspace/root-pullrequests-build; [See console output](https://lcgapp-services.cern.ch/root-jenkins/job/root-pullrequests-build/195351/console).; ### Failing tests:; - [projectroot.tree.dataframe.test.gtest_tree_dataframe_test_dataframe_display](https://lcgapp-services.cern.ch/root-jenkins/job/root-pullrequests-build/195351/testReport/projectroot.tree.dataframe/test/gtest_tree_dataframe_test_dataframe_display/); - [projectroot.tree.dataframe.test.gtest_tree_dataframe_test_datasource_csv](https://lcgapp-services.cern.ch/root-jenkins/job/root-pullrequests-build/195351/testReport/projectroot.tree.dataframe/test/gtest_tree_dataframe_test_datasource_csv/); - [projectroot.tree.ntuple.v7.test.gtest_tree_ntuple_v7_test_rfield_vector](https://lcgapp-services.cern.ch/root-jenkins/job/root-pullrequests-build/195351/testReport/projectroot.tree.ntuple.v7/test/gtest_tree_ntuple_v7_test_rfield_vector/),MatchSource.ISSUE_COMMENT,root-project,root,v6-32-06,https://github.com/root-project/root/pull/14692#issuecomment-1942456237:260,test,tests,260,https://root.cern,https://github.com/root-project/root/pull/14692#issuecomment-1942456237,10,['test'],"['test', 'testReport', 'tests']"
Testability,Build failed on ROOT-ubuntu2004/python3.; Running on root-ubuntu-2004-1.cern.ch:/home/sftnight/build/workspace/root-pullrequests-build; [See console output](https://lcgapp-services.cern.ch/root-jenkins/job/root-pullrequests-build/195371/console).; ### Failing tests:; - [projectroot.roottest.python.distrdf.common.roottest_python_distrdf_common_test_all](https://lcgapp-services.cern.ch/root-jenkins/job/root-pullrequests-build/195371/testReport/projectroot.roottest.python.distrdf/common/roottest_python_distrdf_common_test_all/),MatchSource.ISSUE_COMMENT,root-project,root,v6-32-06,https://github.com/root-project/root/pull/14701#issuecomment-1942718204:260,test,tests,260,https://root.cern,https://github.com/root-project/root/pull/14701#issuecomment-1942718204,2,['test'],"['testReport', 'tests']"
Testability,Build failed on ROOT-ubuntu2004/python3.; Running on root-ubuntu-2004-1.cern.ch:/home/sftnight/build/workspace/root-pullrequests-build; [See console output](https://lcgapp-services.cern.ch/root-jenkins/job/root-pullrequests-build/195476/console).; ### Failing tests:; - [projectroot.tree.dataframe.test.gtest_tree_dataframe_test_dataframe_display](https://lcgapp-services.cern.ch/root-jenkins/job/root-pullrequests-build/195476/testReport/projectroot.tree.dataframe/test/gtest_tree_dataframe_test_dataframe_display/); - [projectroot.tree.dataframe.test.gtest_tree_dataframe_test_datasource_csv](https://lcgapp-services.cern.ch/root-jenkins/job/root-pullrequests-build/195476/testReport/projectroot.tree.dataframe/test/gtest_tree_dataframe_test_datasource_csv/),MatchSource.ISSUE_COMMENT,root-project,root,v6-32-06,https://github.com/root-project/root/pull/14692#issuecomment-1943659276:260,test,tests,260,https://root.cern,https://github.com/root-project/root/pull/14692#issuecomment-1943659276,7,['test'],"['test', 'testReport', 'tests']"
Testability,Build failed on ROOT-ubuntu2004/python3.; Running on root-ubuntu-2004-1.cern.ch:/home/sftnight/build/workspace/root-pullrequests-build; [See console output](https://lcgapp-services.cern.ch/root-jenkins/job/root-pullrequests-build/195577/console).; ### Failing tests:; - [projectroot.bindings.pyroot.pythonizations.test.pyunittests_pyroot_rdf_define_pyz](https://lcgapp-services.cern.ch/root-jenkins/job/root-pullrequests-build/195577/testReport/projectroot.bindings.pyroot.pythonizations/test/pyunittests_pyroot_rdf_define_pyz/); - [projectroot.bindings.pyroot.pythonizations.test.pyunittests_pyroot_pyz_rdataframe_asnumpy](https://lcgapp-services.cern.ch/root-jenkins/job/root-pullrequests-build/195577/testReport/projectroot.bindings.pyroot.pythonizations/test/pyunittests_pyroot_pyz_rdataframe_asnumpy/),MatchSource.ISSUE_COMMENT,root-project,root,v6-32-06,https://github.com/root-project/root/pull/14717#issuecomment-1944225933:260,test,tests,260,https://root.cern,https://github.com/root-project/root/pull/14717#issuecomment-1944225933,7,['test'],"['test', 'testReport', 'tests']"
Testability,Build failed on ROOT-ubuntu2004/python3.; Running on root-ubuntu-2004-1.cern.ch:/home/sftnight/build/workspace/root-pullrequests-build; [See console output](https://lcgapp-services.cern.ch/root-jenkins/job/root-pullrequests-build/195592/console).; ### Failing tests:; - [projectroot.roottest.root.collection.roottest_root_collection_runtbits_auto](https://lcgapp-services.cern.ch/root-jenkins/job/root-pullrequests-build/195592/testReport/projectroot.roottest.root/collection/roottest_root_collection_runtbits_auto/); - [projectroot.roottest.root.roofitstats.roottest_root_roofitstats_RooDataSet_ASCII_in](https://lcgapp-services.cern.ch/root-jenkins/job/root-pullrequests-build/195592/testReport/projectroot.roottest.root/roofitstats/roottest_root_roofitstats_RooDataSet_ASCII_in/); - [projectroot.roottest.root.roofitstats.roottest_root_roofitstats_RooDataSet_ASCII_out](https://lcgapp-services.cern.ch/root-jenkins/job/root-pullrequests-build/195592/testReport/projectroot.roottest.root/roofitstats/roottest_root_roofitstats_RooDataSet_ASCII_out/); - [projectroot.roottest.root.io.complex.roottest_root_io_complex_readcomplex](https://lcgapp-services.cern.ch/root-jenkins/job/root-pullrequests-build/195592/testReport/projectroot.roottest.root.io/complex/roottest_root_io_complex_readcomplex/); - [projectroot.roottest.root.io.filemerger.roottest_root_io_filemerger_simple_lzma_compr_level9](https://lcgapp-services.cern.ch/root-jenkins/job/root-pullrequests-build/195592/testReport/projectroot.roottest.root.io/filemerger/roottest_root_io_filemerger_simple_lzma_compr_level9/); - [projectroot.roottest.root.io.filemerger.roottest_root_io_filemerger_simplek_default_compr_deflevel](https://lcgapp-services.cern.ch/root-jenkins/job/root-pullrequests-build/195592/testReport/projectroot.roottest.root.io/filemerger/roottest_root_io_filemerger_simplek_default_compr_deflevel/); - [projectroot.roottest.root.io.filemerger.roottest_root_io_filemerger_simplek_lzma_compr_level9](https://lcgapp-services.c,MatchSource.ISSUE_COMMENT,root-project,root,v6-32-06,https://github.com/root-project/root/pull/14702#issuecomment-1944390298:260,test,tests,260,https://root.cern,https://github.com/root-project/root/pull/14702#issuecomment-1944390298,4,['test'],"['testReport', 'tests']"
Testability,Build failed on ROOT-ubuntu2004/python3.; Running on root-ubuntu-2004-1.cern.ch:/home/sftnight/build/workspace/root-pullrequests-build; [See console output](https://lcgapp-services.cern.ch/root-jenkins/job/root-pullrequests-build/195624/console).; ### Failing tests:; - [projectroot.roottest.python.numba.roottest_python_numba_numba](https://lcgapp-services.cern.ch/root-jenkins/job/root-pullrequests-build/195624/testReport/projectroot.roottest.python/numba/roottest_python_numba_numba/),MatchSource.ISSUE_COMMENT,root-project,root,v6-32-06,https://github.com/root-project/root/pull/14735#issuecomment-1945632154:260,test,tests,260,https://root.cern,https://github.com/root-project/root/pull/14735#issuecomment-1945632154,2,['test'],"['testReport', 'tests']"
Testability,Build failed on ROOT-ubuntu2004/python3.; Running on root-ubuntu-2004-1.cern.ch:/home/sftnight/build/workspace/root-pullrequests-build; [See console output](https://lcgapp-services.cern.ch/root-jenkins/job/root-pullrequests-build/195649/console).; ### Failing tests:; - [projectroot.tmva.sofie.test.gtest_tmva_sofie_test_TestSofieModels](https://lcgapp-services.cern.ch/root-jenkins/job/root-pullrequests-build/195649/testReport/projectroot.tmva.sofie/test/gtest_tmva_sofie_test_TestSofieModels/),MatchSource.ISSUE_COMMENT,root-project,root,v6-32-06,https://github.com/root-project/root/pull/14666#issuecomment-1945913994:260,test,tests,260,https://root.cern,https://github.com/root-project/root/pull/14666#issuecomment-1945913994,4,['test'],"['test', 'testReport', 'tests']"
Testability,Build failed on ROOT-ubuntu2004/python3.; Running on root-ubuntu-2004-1.cern.ch:/home/sftnight/build/workspace/root-pullrequests-build; [See console output](https://lcgapp-services.cern.ch/root-jenkins/job/root-pullrequests-build/195749/console).; ### Failing tests:; - [projectroot.tmva.pymva.test.PyMVA_Torch_Regression](https://lcgapp-services.cern.ch/root-jenkins/job/root-pullrequests-build/195749/testReport/projectroot.tmva.pymva/test/PyMVA_Torch_Regression/); - [projectroot.tmva.pymva.test.PyMVA_Torch_Classification](https://lcgapp-services.cern.ch/root-jenkins/job/root-pullrequests-build/195749/testReport/projectroot.tmva.pymva/test/PyMVA_Torch_Classification/); - [projectroot.tmva.pymva.test.PyMVA_Torch_Multiclass](https://lcgapp-services.cern.ch/root-jenkins/job/root-pullrequests-build/195749/testReport/projectroot.tmva.pymva/test/PyMVA_Torch_Multiclass/); - [projectroot.tmva.pymva.test.gtest_tmva_pymva_test_TestRModelParserPyTorch](https://lcgapp-services.cern.ch/root-jenkins/job/root-pullrequests-build/195749/testReport/projectroot.tmva.pymva/test/gtest_tmva_pymva_test_TestRModelParserPyTorch/),MatchSource.ISSUE_COMMENT,root-project,root,v6-32-06,https://github.com/root-project/root/pull/14742#issuecomment-1947841028:260,test,tests,260,https://root.cern,https://github.com/root-project/root/pull/14742#issuecomment-1947841028,13,['test'],"['test', 'testReport', 'tests']"
Testability,Build failed on ROOT-ubuntu2004/python3.; Running on root-ubuntu-2004-1.cern.ch:/home/sftnight/build/workspace/root-pullrequests-build; [See console output](https://lcgapp-services.cern.ch/root-jenkins/job/root-pullrequests-build/195759/console).; ### Failing tests:; - [projectroot.tmva.pymva.test.PyMVA_Torch_Classification](https://lcgapp-services.cern.ch/root-jenkins/job/root-pullrequests-build/195759/testReport/projectroot.tmva.pymva/test/PyMVA_Torch_Classification/); - [projectroot.tmva.pymva.test.PyMVA_Torch_Regression](https://lcgapp-services.cern.ch/root-jenkins/job/root-pullrequests-build/195759/testReport/projectroot.tmva.pymva/test/PyMVA_Torch_Regression/); - [projectroot.tmva.pymva.test.PyMVA_Torch_Multiclass](https://lcgapp-services.cern.ch/root-jenkins/job/root-pullrequests-build/195759/testReport/projectroot.tmva.pymva/test/PyMVA_Torch_Multiclass/); - [projectroot.tmva.pymva.test.gtest_tmva_pymva_test_TestRModelParserPyTorch](https://lcgapp-services.cern.ch/root-jenkins/job/root-pullrequests-build/195759/testReport/projectroot.tmva.pymva/test/gtest_tmva_pymva_test_TestRModelParserPyTorch/),MatchSource.ISSUE_COMMENT,root-project,root,v6-32-06,https://github.com/root-project/root/pull/14707#issuecomment-1947975474:260,test,tests,260,https://root.cern,https://github.com/root-project/root/pull/14707#issuecomment-1947975474,13,['test'],"['test', 'testReport', 'tests']"
Testability,Build failed on ROOT-ubuntu2004/python3.; Running on root-ubuntu-2004-1.cern.ch:/home/sftnight/build/workspace/root-pullrequests-build; [See console output](https://lcgapp-services.cern.ch/root-jenkins/job/root-pullrequests-build/195769/console).; ### Failing tests:; - [projectroot.tmva.pymva.test.PyMVA_Torch_Regression](https://lcgapp-services.cern.ch/root-jenkins/job/root-pullrequests-build/195769/testReport/projectroot.tmva.pymva/test/PyMVA_Torch_Regression/); - [projectroot.tmva.pymva.test.PyMVA_Torch_Classification](https://lcgapp-services.cern.ch/root-jenkins/job/root-pullrequests-build/195769/testReport/projectroot.tmva.pymva/test/PyMVA_Torch_Classification/); - [projectroot.tmva.pymva.test.PyMVA_Torch_Multiclass](https://lcgapp-services.cern.ch/root-jenkins/job/root-pullrequests-build/195769/testReport/projectroot.tmva.pymva/test/PyMVA_Torch_Multiclass/); - [projectroot.tmva.pymva.test.gtest_tmva_pymva_test_TestRModelParserPyTorch](https://lcgapp-services.cern.ch/root-jenkins/job/root-pullrequests-build/195769/testReport/projectroot.tmva.pymva/test/gtest_tmva_pymva_test_TestRModelParserPyTorch/),MatchSource.ISSUE_COMMENT,root-project,root,v6-32-06,https://github.com/root-project/root/pull/14726#issuecomment-1948144830:260,test,tests,260,https://root.cern,https://github.com/root-project/root/pull/14726#issuecomment-1948144830,13,['test'],"['test', 'testReport', 'tests']"
Testability,Build failed on ROOT-ubuntu2004/python3.; Running on root-ubuntu-2004-1.cern.ch:/home/sftnight/build/workspace/root-pullrequests-build; [See console output](https://lcgapp-services.cern.ch/root-jenkins/job/root-pullrequests-build/195774/console).; ### Failing tests:; - [projectroot.tmva.pymva.test.PyMVA_Torch_Classification](https://lcgapp-services.cern.ch/root-jenkins/job/root-pullrequests-build/195774/testReport/projectroot.tmva.pymva/test/PyMVA_Torch_Classification/); - [projectroot.tmva.pymva.test.PyMVA_Torch_Regression](https://lcgapp-services.cern.ch/root-jenkins/job/root-pullrequests-build/195774/testReport/projectroot.tmva.pymva/test/PyMVA_Torch_Regression/); - [projectroot.tmva.pymva.test.PyMVA_Torch_Multiclass](https://lcgapp-services.cern.ch/root-jenkins/job/root-pullrequests-build/195774/testReport/projectroot.tmva.pymva/test/PyMVA_Torch_Multiclass/); - [projectroot.tmva.pymva.test.gtest_tmva_pymva_test_TestRModelParserPyTorch](https://lcgapp-services.cern.ch/root-jenkins/job/root-pullrequests-build/195774/testReport/projectroot.tmva.pymva/test/gtest_tmva_pymva_test_TestRModelParserPyTorch/),MatchSource.ISSUE_COMMENT,root-project,root,v6-32-06,https://github.com/root-project/root/pull/14413#issuecomment-1948204020:260,test,tests,260,https://root.cern,https://github.com/root-project/root/pull/14413#issuecomment-1948204020,13,['test'],"['test', 'testReport', 'tests']"
Testability,Build failed on ROOT-ubuntu2004/python3.; Running on root-ubuntu-2004-1.cern.ch:/home/sftnight/build/workspace/root-pullrequests-build; [See console output](https://lcgapp-services.cern.ch/root-jenkins/job/root-pullrequests-build/195784/console).; ### Failing tests:; - [projectroot.tmva.pymva.test.PyMVA_Torch_Classification](https://lcgapp-services.cern.ch/root-jenkins/job/root-pullrequests-build/195784/testReport/projectroot.tmva.pymva/test/PyMVA_Torch_Classification/); - [projectroot.tmva.pymva.test.PyMVA_Torch_Regression](https://lcgapp-services.cern.ch/root-jenkins/job/root-pullrequests-build/195784/testReport/projectroot.tmva.pymva/test/PyMVA_Torch_Regression/); - [projectroot.tmva.pymva.test.PyMVA_Torch_Multiclass](https://lcgapp-services.cern.ch/root-jenkins/job/root-pullrequests-build/195784/testReport/projectroot.tmva.pymva/test/PyMVA_Torch_Multiclass/); - [projectroot.tmva.pymva.test.gtest_tmva_pymva_test_TestRModelParserPyTorch](https://lcgapp-services.cern.ch/root-jenkins/job/root-pullrequests-build/195784/testReport/projectroot.tmva.pymva/test/gtest_tmva_pymva_test_TestRModelParserPyTorch/),MatchSource.ISSUE_COMMENT,root-project,root,v6-32-06,https://github.com/root-project/root/pull/14731#issuecomment-1948244664:260,test,tests,260,https://root.cern,https://github.com/root-project/root/pull/14731#issuecomment-1948244664,13,['test'],"['test', 'testReport', 'tests']"
Testability,Build failed on ROOT-ubuntu2004/python3.; Running on root-ubuntu-2004-1.cern.ch:/home/sftnight/build/workspace/root-pullrequests-build; [See console output](https://lcgapp-services.cern.ch/root-jenkins/job/root-pullrequests-build/195789/console).; ### Failing tests:; - [projectroot.tmva.pymva.test.PyMVA_Torch_Classification](https://lcgapp-services.cern.ch/root-jenkins/job/root-pullrequests-build/195789/testReport/projectroot.tmva.pymva/test/PyMVA_Torch_Classification/); - [projectroot.tmva.pymva.test.PyMVA_Torch_Regression](https://lcgapp-services.cern.ch/root-jenkins/job/root-pullrequests-build/195789/testReport/projectroot.tmva.pymva/test/PyMVA_Torch_Regression/); - [projectroot.tmva.pymva.test.PyMVA_Torch_Multiclass](https://lcgapp-services.cern.ch/root-jenkins/job/root-pullrequests-build/195789/testReport/projectroot.tmva.pymva/test/PyMVA_Torch_Multiclass/); - [projectroot.tmva.pymva.test.gtest_tmva_pymva_test_TestRModelParserPyTorch](https://lcgapp-services.cern.ch/root-jenkins/job/root-pullrequests-build/195789/testReport/projectroot.tmva.pymva/test/gtest_tmva_pymva_test_TestRModelParserPyTorch/),MatchSource.ISSUE_COMMENT,root-project,root,v6-32-06,https://github.com/root-project/root/pull/14666#issuecomment-1948287201:260,test,tests,260,https://root.cern,https://github.com/root-project/root/pull/14666#issuecomment-1948287201,13,['test'],"['test', 'testReport', 'tests']"
Testability,Build failed on ROOT-ubuntu2004/python3.; Running on root-ubuntu-2004-1.cern.ch:/home/sftnight/build/workspace/root-pullrequests-build; [See console output](https://lcgapp-services.cern.ch/root-jenkins/job/root-pullrequests-build/195809/console).; ### Failing tests:; - [projectroot.roottest.root.tree.fastcloning.roottest_root_tree_fastcloning_execCheckClusterRange](https://lcgapp-services.cern.ch/root-jenkins/job/root-pullrequests-build/195809/testReport/projectroot.roottest.root.tree/fastcloning/roottest_root_tree_fastcloning_execCheckClusterRange/); - [projectroot.tmva.pymva.test.PyMVA_Torch_Classification](https://lcgapp-services.cern.ch/root-jenkins/job/root-pullrequests-build/195809/testReport/projectroot.tmva.pymva/test/PyMVA_Torch_Classification/); - [projectroot.tmva.pymva.test.PyMVA_Torch_Regression](https://lcgapp-services.cern.ch/root-jenkins/job/root-pullrequests-build/195809/testReport/projectroot.tmva.pymva/test/PyMVA_Torch_Regression/); - [projectroot.tmva.pymva.test.PyMVA_Torch_Multiclass](https://lcgapp-services.cern.ch/root-jenkins/job/root-pullrequests-build/195809/testReport/projectroot.tmva.pymva/test/PyMVA_Torch_Multiclass/); - [projectroot.tmva.pymva.test.gtest_tmva_pymva_test_TestRModelParserPyTorch](https://lcgapp-services.cern.ch/root-jenkins/job/root-pullrequests-build/195809/testReport/projectroot.tmva.pymva/test/gtest_tmva_pymva_test_TestRModelParserPyTorch/),MatchSource.ISSUE_COMMENT,root-project,root,v6-32-06,https://github.com/root-project/root/pull/14747#issuecomment-1948544949:260,test,tests,260,https://root.cern,https://github.com/root-project/root/pull/14747#issuecomment-1948544949,14,['test'],"['test', 'testReport', 'tests']"
Testability,Build failed on ROOT-ubuntu2004/python3.; Running on root-ubuntu-2004-1.cern.ch:/home/sftnight/build/workspace/root-pullrequests-build; [See console output](https://lcgapp-services.cern.ch/root-jenkins/job/root-pullrequests-build/195814/console).; ### Failing tests:; - [projectroot.tmva.pymva.test.PyMVA_Torch_Regression](https://lcgapp-services.cern.ch/root-jenkins/job/root-pullrequests-build/195814/testReport/projectroot.tmva.pymva/test/PyMVA_Torch_Regression/); - [projectroot.tmva.pymva.test.PyMVA_Torch_Classification](https://lcgapp-services.cern.ch/root-jenkins/job/root-pullrequests-build/195814/testReport/projectroot.tmva.pymva/test/PyMVA_Torch_Classification/); - [projectroot.tmva.pymva.test.PyMVA_Torch_Multiclass](https://lcgapp-services.cern.ch/root-jenkins/job/root-pullrequests-build/195814/testReport/projectroot.tmva.pymva/test/PyMVA_Torch_Multiclass/); - [projectroot.tmva.pymva.test.gtest_tmva_pymva_test_TestRModelParserPyTorch](https://lcgapp-services.cern.ch/root-jenkins/job/root-pullrequests-build/195814/testReport/projectroot.tmva.pymva/test/gtest_tmva_pymva_test_TestRModelParserPyTorch/),MatchSource.ISSUE_COMMENT,root-project,root,v6-32-06,https://github.com/root-project/root/pull/14749#issuecomment-1948640769:260,test,tests,260,https://root.cern,https://github.com/root-project/root/pull/14749#issuecomment-1948640769,13,['test'],"['test', 'testReport', 'tests']"
Testability,Build failed on ROOT-ubuntu2004/python3.; Running on root-ubuntu-2004-1.cern.ch:/home/sftnight/build/workspace/root-pullrequests-build; [See console output](https://lcgapp-services.cern.ch/root-jenkins/job/root-pullrequests-build/195819/console).; ### Failing tests:; - [projectroot.tmva.pymva.test.PyMVA_Torch_Classification](https://lcgapp-services.cern.ch/root-jenkins/job/root-pullrequests-build/195819/testReport/projectroot.tmva.pymva/test/PyMVA_Torch_Classification/); - [projectroot.tmva.pymva.test.PyMVA_Torch_Regression](https://lcgapp-services.cern.ch/root-jenkins/job/root-pullrequests-build/195819/testReport/projectroot.tmva.pymva/test/PyMVA_Torch_Regression/); - [projectroot.tmva.pymva.test.PyMVA_Torch_Multiclass](https://lcgapp-services.cern.ch/root-jenkins/job/root-pullrequests-build/195819/testReport/projectroot.tmva.pymva/test/PyMVA_Torch_Multiclass/); - [projectroot.tmva.pymva.test.gtest_tmva_pymva_test_TestRModelParserPyTorch](https://lcgapp-services.cern.ch/root-jenkins/job/root-pullrequests-build/195819/testReport/projectroot.tmva.pymva/test/gtest_tmva_pymva_test_TestRModelParserPyTorch/),MatchSource.ISSUE_COMMENT,root-project,root,v6-32-06,https://github.com/root-project/root/pull/14750#issuecomment-1948749809:260,test,tests,260,https://root.cern,https://github.com/root-project/root/pull/14750#issuecomment-1948749809,13,['test'],"['test', 'testReport', 'tests']"
Testability,Build failed on ROOT-ubuntu2004/python3.; Running on root-ubuntu-2004-1.cern.ch:/home/sftnight/build/workspace/root-pullrequests-build; [See console output](https://lcgapp-services.cern.ch/root-jenkins/job/root-pullrequests-build/195824/console).; ### Failing tests:; - [projectroot.tmva.pymva.test.PyMVA_Torch_Regression](https://lcgapp-services.cern.ch/root-jenkins/job/root-pullrequests-build/195824/testReport/projectroot.tmva.pymva/test/PyMVA_Torch_Regression/); - [projectroot.tmva.pymva.test.PyMVA_Torch_Classification](https://lcgapp-services.cern.ch/root-jenkins/job/root-pullrequests-build/195824/testReport/projectroot.tmva.pymva/test/PyMVA_Torch_Classification/); - [projectroot.tmva.pymva.test.PyMVA_Torch_Multiclass](https://lcgapp-services.cern.ch/root-jenkins/job/root-pullrequests-build/195824/testReport/projectroot.tmva.pymva/test/PyMVA_Torch_Multiclass/); - [projectroot.tmva.pymva.test.gtest_tmva_pymva_test_TestRModelParserPyTorch](https://lcgapp-services.cern.ch/root-jenkins/job/root-pullrequests-build/195824/testReport/projectroot.tmva.pymva/test/gtest_tmva_pymva_test_TestRModelParserPyTorch/),MatchSource.ISSUE_COMMENT,root-project,root,v6-32-06,https://github.com/root-project/root/pull/14618#issuecomment-1948853148:260,test,tests,260,https://root.cern,https://github.com/root-project/root/pull/14618#issuecomment-1948853148,13,['test'],"['test', 'testReport', 'tests']"
Testability,Build failed on ROOT-ubuntu2004/python3.; Running on root-ubuntu-2004-1.cern.ch:/home/sftnight/build/workspace/root-pullrequests-build; [See console output](https://lcgapp-services.cern.ch/root-jenkins/job/root-pullrequests-build/195829/console).; ### Failing tests:; - [projectroot.tmva.pymva.test.PyMVA_Torch_Classification](https://lcgapp-services.cern.ch/root-jenkins/job/root-pullrequests-build/195829/testReport/projectroot.tmva.pymva/test/PyMVA_Torch_Classification/); - [projectroot.tmva.pymva.test.PyMVA_Torch_Regression](https://lcgapp-services.cern.ch/root-jenkins/job/root-pullrequests-build/195829/testReport/projectroot.tmva.pymva/test/PyMVA_Torch_Regression/); - [projectroot.tmva.pymva.test.PyMVA_Torch_Multiclass](https://lcgapp-services.cern.ch/root-jenkins/job/root-pullrequests-build/195829/testReport/projectroot.tmva.pymva/test/PyMVA_Torch_Multiclass/); - [projectroot.tmva.pymva.test.gtest_tmva_pymva_test_TestRModelParserPyTorch](https://lcgapp-services.cern.ch/root-jenkins/job/root-pullrequests-build/195829/testReport/projectroot.tmva.pymva/test/gtest_tmva_pymva_test_TestRModelParserPyTorch/),MatchSource.ISSUE_COMMENT,root-project,root,v6-32-06,https://github.com/root-project/root/pull/14736#issuecomment-1948926041:260,test,tests,260,https://root.cern,https://github.com/root-project/root/pull/14736#issuecomment-1948926041,13,['test'],"['test', 'testReport', 'tests']"
Testability,Build failed on ROOT-ubuntu2004/python3.; Running on root-ubuntu-2004-1.cern.ch:/home/sftnight/build/workspace/root-pullrequests-build; [See console output](https://lcgapp-services.cern.ch/root-jenkins/job/root-pullrequests-build/195834/console).; ### Failing tests:; - [projectroot.tmva.pymva.test.PyMVA_Torch_Regression](https://lcgapp-services.cern.ch/root-jenkins/job/root-pullrequests-build/195834/testReport/projectroot.tmva.pymva/test/PyMVA_Torch_Regression/); - [projectroot.tmva.pymva.test.PyMVA_Torch_Classification](https://lcgapp-services.cern.ch/root-jenkins/job/root-pullrequests-build/195834/testReport/projectroot.tmva.pymva/test/PyMVA_Torch_Classification/); - [projectroot.tmva.pymva.test.PyMVA_Torch_Multiclass](https://lcgapp-services.cern.ch/root-jenkins/job/root-pullrequests-build/195834/testReport/projectroot.tmva.pymva/test/PyMVA_Torch_Multiclass/); - [projectroot.tmva.pymva.test.gtest_tmva_pymva_test_TestRModelParserPyTorch](https://lcgapp-services.cern.ch/root-jenkins/job/root-pullrequests-build/195834/testReport/projectroot.tmva.pymva/test/gtest_tmva_pymva_test_TestRModelParserPyTorch/),MatchSource.ISSUE_COMMENT,root-project,root,v6-32-06,https://github.com/root-project/root/pull/14751#issuecomment-1948974534:260,test,tests,260,https://root.cern,https://github.com/root-project/root/pull/14751#issuecomment-1948974534,13,['test'],"['test', 'testReport', 'tests']"
Testability,Build failed on ROOT-ubuntu2004/python3.; Running on root-ubuntu-2004-1.cern.ch:/home/sftnight/build/workspace/root-pullrequests-build; [See console output](https://lcgapp-services.cern.ch/root-jenkins/job/root-pullrequests-build/195839/console).; ### Failing tests:; - [projectroot.tmva.pymva.test.PyMVA_Torch_Classification](https://lcgapp-services.cern.ch/root-jenkins/job/root-pullrequests-build/195839/testReport/projectroot.tmva.pymva/test/PyMVA_Torch_Classification/); - [projectroot.tmva.pymva.test.PyMVA_Torch_Regression](https://lcgapp-services.cern.ch/root-jenkins/job/root-pullrequests-build/195839/testReport/projectroot.tmva.pymva/test/PyMVA_Torch_Regression/); - [projectroot.tmva.pymva.test.PyMVA_Torch_Multiclass](https://lcgapp-services.cern.ch/root-jenkins/job/root-pullrequests-build/195839/testReport/projectroot.tmva.pymva/test/PyMVA_Torch_Multiclass/); - [projectroot.tmva.pymva.test.gtest_tmva_pymva_test_TestRModelParserPyTorch](https://lcgapp-services.cern.ch/root-jenkins/job/root-pullrequests-build/195839/testReport/projectroot.tmva.pymva/test/gtest_tmva_pymva_test_TestRModelParserPyTorch/),MatchSource.ISSUE_COMMENT,root-project,root,v6-32-06,https://github.com/root-project/root/pull/14752#issuecomment-1949037991:260,test,tests,260,https://root.cern,https://github.com/root-project/root/pull/14752#issuecomment-1949037991,13,['test'],"['test', 'testReport', 'tests']"
Testability,Build failed on ROOT-ubuntu2004/python3.; Running on root-ubuntu-2004-1.cern.ch:/home/sftnight/build/workspace/root-pullrequests-build; [See console output](https://lcgapp-services.cern.ch/root-jenkins/job/root-pullrequests-build/195849/console).; ### Failing tests:; - [projectroot.tmva.pymva.test.PyMVA_Torch_Classification](https://lcgapp-services.cern.ch/root-jenkins/job/root-pullrequests-build/195849/testReport/projectroot.tmva.pymva/test/PyMVA_Torch_Classification/); - [projectroot.tmva.pymva.test.PyMVA_Torch_Regression](https://lcgapp-services.cern.ch/root-jenkins/job/root-pullrequests-build/195849/testReport/projectroot.tmva.pymva/test/PyMVA_Torch_Regression/); - [projectroot.tmva.pymva.test.PyMVA_Torch_Multiclass](https://lcgapp-services.cern.ch/root-jenkins/job/root-pullrequests-build/195849/testReport/projectroot.tmva.pymva/test/PyMVA_Torch_Multiclass/); - [projectroot.tmva.pymva.test.gtest_tmva_pymva_test_TestRModelParserPyTorch](https://lcgapp-services.cern.ch/root-jenkins/job/root-pullrequests-build/195849/testReport/projectroot.tmva.pymva/test/gtest_tmva_pymva_test_TestRModelParserPyTorch/),MatchSource.ISSUE_COMMENT,root-project,root,v6-32-06,https://github.com/root-project/root/pull/14753#issuecomment-1949107432:260,test,tests,260,https://root.cern,https://github.com/root-project/root/pull/14753#issuecomment-1949107432,13,['test'],"['test', 'testReport', 'tests']"
Testability,Build failed on ROOT-ubuntu2004/python3.; Running on root-ubuntu-2004-1.cern.ch:/home/sftnight/build/workspace/root-pullrequests-build; [See console output](https://lcgapp-services.cern.ch/root-jenkins/job/root-pullrequests-build/195854/console).; ### Failing tests:; - [projectroot.tmva.pymva.test.PyMVA_Torch_Classification](https://lcgapp-services.cern.ch/root-jenkins/job/root-pullrequests-build/195854/testReport/projectroot.tmva.pymva/test/PyMVA_Torch_Classification/); - [projectroot.tmva.pymva.test.PyMVA_Torch_Regression](https://lcgapp-services.cern.ch/root-jenkins/job/root-pullrequests-build/195854/testReport/projectroot.tmva.pymva/test/PyMVA_Torch_Regression/); - [projectroot.tmva.pymva.test.PyMVA_Torch_Multiclass](https://lcgapp-services.cern.ch/root-jenkins/job/root-pullrequests-build/195854/testReport/projectroot.tmva.pymva/test/PyMVA_Torch_Multiclass/); - [projectroot.tmva.pymva.test.gtest_tmva_pymva_test_TestRModelParserPyTorch](https://lcgapp-services.cern.ch/root-jenkins/job/root-pullrequests-build/195854/testReport/projectroot.tmva.pymva/test/gtest_tmva_pymva_test_TestRModelParserPyTorch/),MatchSource.ISSUE_COMMENT,root-project,root,v6-32-06,https://github.com/root-project/root/pull/14754#issuecomment-1949174444:260,test,tests,260,https://root.cern,https://github.com/root-project/root/pull/14754#issuecomment-1949174444,13,['test'],"['test', 'testReport', 'tests']"
Testability,Build failed on ROOT-ubuntu2004/python3.; Running on root-ubuntu-2004-1.cern.ch:/home/sftnight/build/workspace/root-pullrequests-build; [See console output](https://lcgapp-services.cern.ch/root-jenkins/job/root-pullrequests-build/195859/console).; ### Failing tests:; - [projectroot.tmva.pymva.test.PyMVA_Torch_Regression](https://lcgapp-services.cern.ch/root-jenkins/job/root-pullrequests-build/195859/testReport/projectroot.tmva.pymva/test/PyMVA_Torch_Regression/); - [projectroot.tmva.pymva.test.PyMVA_Torch_Classification](https://lcgapp-services.cern.ch/root-jenkins/job/root-pullrequests-build/195859/testReport/projectroot.tmva.pymva/test/PyMVA_Torch_Classification/); - [projectroot.tmva.pymva.test.PyMVA_Torch_Multiclass](https://lcgapp-services.cern.ch/root-jenkins/job/root-pullrequests-build/195859/testReport/projectroot.tmva.pymva/test/PyMVA_Torch_Multiclass/); - [projectroot.tmva.pymva.test.gtest_tmva_pymva_test_TestRModelParserPyTorch](https://lcgapp-services.cern.ch/root-jenkins/job/root-pullrequests-build/195859/testReport/projectroot.tmva.pymva/test/gtest_tmva_pymva_test_TestRModelParserPyTorch/),MatchSource.ISSUE_COMMENT,root-project,root,v6-32-06,https://github.com/root-project/root/pull/14618#issuecomment-1949232653:260,test,tests,260,https://root.cern,https://github.com/root-project/root/pull/14618#issuecomment-1949232653,13,['test'],"['test', 'testReport', 'tests']"
Testability,Build failed on ROOT-ubuntu2004/python3.; Running on root-ubuntu-2004-1.cern.ch:/home/sftnight/build/workspace/root-pullrequests-build; [See console output](https://lcgapp-services.cern.ch/root-jenkins/job/root-pullrequests-build/195864/console).; ### Failing tests:; - [projectroot.tmva.pymva.test.PyMVA_Torch_Classification](https://lcgapp-services.cern.ch/root-jenkins/job/root-pullrequests-build/195864/testReport/projectroot.tmva.pymva/test/PyMVA_Torch_Classification/); - [projectroot.tmva.pymva.test.PyMVA_Torch_Regression](https://lcgapp-services.cern.ch/root-jenkins/job/root-pullrequests-build/195864/testReport/projectroot.tmva.pymva/test/PyMVA_Torch_Regression/); - [projectroot.tmva.pymva.test.PyMVA_Torch_Multiclass](https://lcgapp-services.cern.ch/root-jenkins/job/root-pullrequests-build/195864/testReport/projectroot.tmva.pymva/test/PyMVA_Torch_Multiclass/); - [projectroot.tmva.pymva.test.gtest_tmva_pymva_test_TestRModelParserPyTorch](https://lcgapp-services.cern.ch/root-jenkins/job/root-pullrequests-build/195864/testReport/projectroot.tmva.pymva/test/gtest_tmva_pymva_test_TestRModelParserPyTorch/),MatchSource.ISSUE_COMMENT,root-project,root,v6-32-06,https://github.com/root-project/root/pull/14755#issuecomment-1949282165:260,test,tests,260,https://root.cern,https://github.com/root-project/root/pull/14755#issuecomment-1949282165,13,['test'],"['test', 'testReport', 'tests']"
Testability,Build failed on ROOT-ubuntu2004/python3.; Running on root-ubuntu-2004-1.cern.ch:/home/sftnight/build/workspace/root-pullrequests-build; [See console output](https://lcgapp-services.cern.ch/root-jenkins/job/root-pullrequests-build/195869/console).; ### Errors:; - [2024-02-16T20:30:16.039Z] FAILED: tmva/sofie/test/CMakeFiles/TestCustomModelsFromONNX.dir/TestCustomModelsFromONNX.cxx.o ; - [2024-02-16T20:30:16.319Z] tmva/sofie/test/RangeFloat_FromONNX.hxx:23:13: error: ‘other’ was not declared in this scope ; - [2024-02-16T20:30:16.319Z] tmva/sofie/test/RangeFloat_FromONNX.hxx:23:18: error: template argument 1 is invalid ; - [2024-02-16T20:30:16.319Z] tmva/sofie/test/RangeFloat_FromONNX.hxx:23:18: error: template argument 2 is invalid ; - [2024-02-16T20:30:16.319Z] tmva/sofie/test/RangeFloat_FromONNX.hxx:18:7: error: ‘fTensor_Y’ was not declared in this scope ; - [2024-02-16T20:30:16.319Z] tmva/sofie/test/RangeFloat_FromONNX.hxx:19:7: error: ‘tensor_Y’ was not declared in this scope ; - [2024-02-16T20:30:16.319Z] tmva/sofie/test/RangeFloat_FromONNX.hxx:27:21: error: ‘fTensor_Y’ was not declared in this scope ; - [2024-02-16T20:30:16.319Z] tmva/sofie/test/RangeFloat_FromONNX.hxx:29:7: error: ‘tensor_Y’ was not declared in this scope ; - [2024-02-16T20:30:16.319Z] tmva/sofie/test/RangeFloat_FromONNX.hxx:32:7: error: ‘fTensor_Y’ was not declared in this scope ; - [2024-02-16T20:30:16.319Z] tmva/sofie/test/RangeFloat_FromONNX.hxx:34:16: error: ‘other’ was not declared in this scope . And 17 more. ### Warnings:; - [2024-02-16T20:30:16.318Z] tmva/sofie/test/Linear_16_FromONNX.hxx:420:9: warning: unused variable ‘op_0_transA’ [-Wunused-variable] ; - [2024-02-16T20:30:16.318Z] tmva/sofie/test/Linear_16_FromONNX.hxx:421:9: warning: unused variable ‘op_0_transB’ [-Wunused-variable] ; - [2024-02-16T20:30:16.318Z] tmva/sofie/test/Linear_16_FromONNX.hxx:422:8: warning: unused variable ‘op_0_m’ [-Wunused-variable] ; - [2024-02-16T20:30:16.318Z] tmva/sofie/test/Linear_16_FromONNX.hxx:4,MatchSource.ISSUE_COMMENT,root-project,root,v6-32-06,https://github.com/root-project/root/pull/14413#issuecomment-1949290178:309,test,test,309,https://root.cern,https://github.com/root-project/root/pull/14413#issuecomment-1949290178,8,"['Test', 'test']","['TestCustomModelsFromONNX', 'test']"
Testability,Build failed on ROOT-ubuntu2004/python3.; Running on root-ubuntu-2004-1.cern.ch:/home/sftnight/build/workspace/root-pullrequests-build; [See console output](https://lcgapp-services.cern.ch/root-jenkins/job/root-pullrequests-build/195874/console).; ### Failing tests:; - [projectroot.roottest.root.tree.fastcloning.roottest_root_tree_fastcloning_execCheckClusterRange](https://lcgapp-services.cern.ch/root-jenkins/job/root-pullrequests-build/195874/testReport/projectroot.roottest.root.tree/fastcloning/roottest_root_tree_fastcloning_execCheckClusterRange/); - [projectroot.tmva.pymva.test.PyMVA_Torch_Classification](https://lcgapp-services.cern.ch/root-jenkins/job/root-pullrequests-build/195874/testReport/projectroot.tmva.pymva/test/PyMVA_Torch_Classification/); - [projectroot.tmva.pymva.test.PyMVA_Torch_Regression](https://lcgapp-services.cern.ch/root-jenkins/job/root-pullrequests-build/195874/testReport/projectroot.tmva.pymva/test/PyMVA_Torch_Regression/); - [projectroot.tmva.pymva.test.PyMVA_Torch_Multiclass](https://lcgapp-services.cern.ch/root-jenkins/job/root-pullrequests-build/195874/testReport/projectroot.tmva.pymva/test/PyMVA_Torch_Multiclass/); - [projectroot.tmva.pymva.test.gtest_tmva_pymva_test_TestRModelParserPyTorch](https://lcgapp-services.cern.ch/root-jenkins/job/root-pullrequests-build/195874/testReport/projectroot.tmva.pymva/test/gtest_tmva_pymva_test_TestRModelParserPyTorch/),MatchSource.ISSUE_COMMENT,root-project,root,v6-32-06,https://github.com/root-project/root/pull/14747#issuecomment-1949330262:260,test,tests,260,https://root.cern,https://github.com/root-project/root/pull/14747#issuecomment-1949330262,14,['test'],"['test', 'testReport', 'tests']"
Testability,Build failed on ROOT-ubuntu2004/python3.; Running on root-ubuntu-2004-1.cern.ch:/home/sftnight/build/workspace/root-pullrequests-build; [See console output](https://lcgapp-services.cern.ch/root-jenkins/job/root-pullrequests-build/195879/console).; ### Failing tests:; - [projectroot.tmva.pymva.test.PyMVA_Torch_Classification](https://lcgapp-services.cern.ch/root-jenkins/job/root-pullrequests-build/195879/testReport/projectroot.tmva.pymva/test/PyMVA_Torch_Classification/); - [projectroot.tmva.pymva.test.PyMVA_Torch_Regression](https://lcgapp-services.cern.ch/root-jenkins/job/root-pullrequests-build/195879/testReport/projectroot.tmva.pymva/test/PyMVA_Torch_Regression/); - [projectroot.tmva.pymva.test.PyMVA_Torch_Multiclass](https://lcgapp-services.cern.ch/root-jenkins/job/root-pullrequests-build/195879/testReport/projectroot.tmva.pymva/test/PyMVA_Torch_Multiclass/); - [projectroot.tmva.pymva.test.gtest_tmva_pymva_test_TestRModelParserPyTorch](https://lcgapp-services.cern.ch/root-jenkins/job/root-pullrequests-build/195879/testReport/projectroot.tmva.pymva/test/gtest_tmva_pymva_test_TestRModelParserPyTorch/),MatchSource.ISSUE_COMMENT,root-project,root,v6-32-06,https://github.com/root-project/root/pull/14731#issuecomment-1949364863:260,test,tests,260,https://root.cern,https://github.com/root-project/root/pull/14731#issuecomment-1949364863,13,['test'],"['test', 'testReport', 'tests']"
Testability,Build failed on ROOT-ubuntu2004/python3.; Running on root-ubuntu-2004-1.cern.ch:/home/sftnight/build/workspace/root-pullrequests-build; [See console output](https://lcgapp-services.cern.ch/root-jenkins/job/root-pullrequests-build/195919/console).; ### Failing tests:; - [projectroot.tmva.pymva.test.PyMVA_Torch_Classification](https://lcgapp-services.cern.ch/root-jenkins/job/root-pullrequests-build/195919/testReport/projectroot.tmva.pymva/test/PyMVA_Torch_Classification/); - [projectroot.tmva.pymva.test.PyMVA_Torch_Regression](https://lcgapp-services.cern.ch/root-jenkins/job/root-pullrequests-build/195919/testReport/projectroot.tmva.pymva/test/PyMVA_Torch_Regression/); - [projectroot.tmva.pymva.test.PyMVA_Torch_Multiclass](https://lcgapp-services.cern.ch/root-jenkins/job/root-pullrequests-build/195919/testReport/projectroot.tmva.pymva/test/PyMVA_Torch_Multiclass/); - [projectroot.tmva.pymva.test.gtest_tmva_pymva_test_TestRModelParserPyTorch](https://lcgapp-services.cern.ch/root-jenkins/job/root-pullrequests-build/195919/testReport/projectroot.tmva.pymva/test/gtest_tmva_pymva_test_TestRModelParserPyTorch/),MatchSource.ISSUE_COMMENT,root-project,root,v6-32-06,https://github.com/root-project/root/pull/14627#issuecomment-1950194466:260,test,tests,260,https://root.cern,https://github.com/root-project/root/pull/14627#issuecomment-1950194466,13,['test'],"['test', 'testReport', 'tests']"
Testability,Build failed on ROOT-ubuntu2004/python3.; Running on root-ubuntu-2004-1.cern.ch:/home/sftnight/build/workspace/root-pullrequests-build; [See console output](https://lcgapp-services.cern.ch/root-jenkins/job/root-pullrequests-build/195929/console).; ### Failing tests:; - [projectroot.tmva.pymva.test.PyMVA_Torch_Regression](https://lcgapp-services.cern.ch/root-jenkins/job/root-pullrequests-build/195929/testReport/projectroot.tmva.pymva/test/PyMVA_Torch_Regression/); - [projectroot.tmva.pymva.test.PyMVA_Torch_Classification](https://lcgapp-services.cern.ch/root-jenkins/job/root-pullrequests-build/195929/testReport/projectroot.tmva.pymva/test/PyMVA_Torch_Classification/); - [projectroot.tmva.pymva.test.PyMVA_Torch_Multiclass](https://lcgapp-services.cern.ch/root-jenkins/job/root-pullrequests-build/195929/testReport/projectroot.tmva.pymva/test/PyMVA_Torch_Multiclass/); - [projectroot.tmva.pymva.test.gtest_tmva_pymva_test_TestRModelParserPyTorch](https://lcgapp-services.cern.ch/root-jenkins/job/root-pullrequests-build/195929/testReport/projectroot.tmva.pymva/test/gtest_tmva_pymva_test_TestRModelParserPyTorch/),MatchSource.ISSUE_COMMENT,root-project,root,v6-32-06,https://github.com/root-project/root/pull/14756#issuecomment-1950220731:260,test,tests,260,https://root.cern,https://github.com/root-project/root/pull/14756#issuecomment-1950220731,13,['test'],"['test', 'testReport', 'tests']"
Testability,Build failed on ROOT-ubuntu2004/python3.; Running on root-ubuntu-2004-1.cern.ch:/home/sftnight/build/workspace/root-pullrequests-build; [See console output](https://lcgapp-services.cern.ch/root-jenkins/job/root-pullrequests-build/195934/console).; ### Failing tests:; - [projectroot.tmva.pymva.test.PyMVA_Torch_Classification](https://lcgapp-services.cern.ch/root-jenkins/job/root-pullrequests-build/195934/testReport/projectroot.tmva.pymva/test/PyMVA_Torch_Classification/); - [projectroot.tmva.pymva.test.PyMVA_Torch_Regression](https://lcgapp-services.cern.ch/root-jenkins/job/root-pullrequests-build/195934/testReport/projectroot.tmva.pymva/test/PyMVA_Torch_Regression/); - [projectroot.tmva.pymva.test.PyMVA_Torch_Multiclass](https://lcgapp-services.cern.ch/root-jenkins/job/root-pullrequests-build/195934/testReport/projectroot.tmva.pymva/test/PyMVA_Torch_Multiclass/); - [projectroot.tmva.pymva.test.gtest_tmva_pymva_test_TestRModelParserPyTorch](https://lcgapp-services.cern.ch/root-jenkins/job/root-pullrequests-build/195934/testReport/projectroot.tmva.pymva/test/gtest_tmva_pymva_test_TestRModelParserPyTorch/),MatchSource.ISSUE_COMMENT,root-project,root,v6-32-06,https://github.com/root-project/root/pull/14757#issuecomment-1950227340:260,test,tests,260,https://root.cern,https://github.com/root-project/root/pull/14757#issuecomment-1950227340,13,['test'],"['test', 'testReport', 'tests']"
Testability,Build failed on ROOT-ubuntu2004/python3.; Running on root-ubuntu-2004-1.cern.ch:/home/sftnight/build/workspace/root-pullrequests-build; [See console output](https://lcgapp-services.cern.ch/root-jenkins/job/root-pullrequests-build/195939/console).; ### Failing tests:; - [projectroot.tmva.pymva.test.PyMVA_Torch_Regression](https://lcgapp-services.cern.ch/root-jenkins/job/root-pullrequests-build/195939/testReport/projectroot.tmva.pymva/test/PyMVA_Torch_Regression/); - [projectroot.tmva.pymva.test.PyMVA_Torch_Classification](https://lcgapp-services.cern.ch/root-jenkins/job/root-pullrequests-build/195939/testReport/projectroot.tmva.pymva/test/PyMVA_Torch_Classification/); - [projectroot.tmva.pymva.test.PyMVA_Torch_Multiclass](https://lcgapp-services.cern.ch/root-jenkins/job/root-pullrequests-build/195939/testReport/projectroot.tmva.pymva/test/PyMVA_Torch_Multiclass/); - [projectroot.tmva.pymva.test.gtest_tmva_pymva_test_TestRModelParserPyTorch](https://lcgapp-services.cern.ch/root-jenkins/job/root-pullrequests-build/195939/testReport/projectroot.tmva.pymva/test/gtest_tmva_pymva_test_TestRModelParserPyTorch/),MatchSource.ISSUE_COMMENT,root-project,root,v6-32-06,https://github.com/root-project/root/pull/14755#issuecomment-1951738641:260,test,tests,260,https://root.cern,https://github.com/root-project/root/pull/14755#issuecomment-1951738641,13,['test'],"['test', 'testReport', 'tests']"
Testability,Build failed on ROOT-ubuntu2004/python3.; Running on root-ubuntu-2004-1.cern.ch:/home/sftnight/build/workspace/root-pullrequests-build; [See console output](https://lcgapp-services.cern.ch/root-jenkins/job/root-pullrequests-build/195944/console).; ### Failing tests:; - [projectroot.tmva.pymva.test.PyMVA_Torch_Regression](https://lcgapp-services.cern.ch/root-jenkins/job/root-pullrequests-build/195944/testReport/projectroot.tmva.pymva/test/PyMVA_Torch_Regression/); - [projectroot.tmva.pymva.test.PyMVA_Torch_Classification](https://lcgapp-services.cern.ch/root-jenkins/job/root-pullrequests-build/195944/testReport/projectroot.tmva.pymva/test/PyMVA_Torch_Classification/); - [projectroot.tmva.pymva.test.PyMVA_Torch_Multiclass](https://lcgapp-services.cern.ch/root-jenkins/job/root-pullrequests-build/195944/testReport/projectroot.tmva.pymva/test/PyMVA_Torch_Multiclass/); - [projectroot.tmva.pymva.test.gtest_tmva_pymva_test_TestRModelParserPyTorch](https://lcgapp-services.cern.ch/root-jenkins/job/root-pullrequests-build/195944/testReport/projectroot.tmva.pymva/test/gtest_tmva_pymva_test_TestRModelParserPyTorch/),MatchSource.ISSUE_COMMENT,root-project,root,v6-32-06,https://github.com/root-project/root/pull/14758#issuecomment-1952164027:260,test,tests,260,https://root.cern,https://github.com/root-project/root/pull/14758#issuecomment-1952164027,13,['test'],"['test', 'testReport', 'tests']"
Testability,Build failed on ROOT-ubuntu2004/python3.; Running on root-ubuntu-2004-1.cern.ch:/home/sftnight/build/workspace/root-pullrequests-build; [See console output](https://lcgapp-services.cern.ch/root-jenkins/job/root-pullrequests-build/195949/console).; ### Failing tests:; - [projectroot.tmva.pymva.test.PyMVA_Torch_Classification](https://lcgapp-services.cern.ch/root-jenkins/job/root-pullrequests-build/195949/testReport/projectroot.tmva.pymva/test/PyMVA_Torch_Classification/); - [projectroot.tmva.pymva.test.PyMVA_Torch_Regression](https://lcgapp-services.cern.ch/root-jenkins/job/root-pullrequests-build/195949/testReport/projectroot.tmva.pymva/test/PyMVA_Torch_Regression/); - [projectroot.tmva.pymva.test.PyMVA_Torch_Multiclass](https://lcgapp-services.cern.ch/root-jenkins/job/root-pullrequests-build/195949/testReport/projectroot.tmva.pymva/test/PyMVA_Torch_Multiclass/); - [projectroot.tmva.pymva.test.gtest_tmva_pymva_test_TestRModelParserPyTorch](https://lcgapp-services.cern.ch/root-jenkins/job/root-pullrequests-build/195949/testReport/projectroot.tmva.pymva/test/gtest_tmva_pymva_test_TestRModelParserPyTorch/),MatchSource.ISSUE_COMMENT,root-project,root,v6-32-06,https://github.com/root-project/root/pull/14628#issuecomment-1952221323:260,test,tests,260,https://root.cern,https://github.com/root-project/root/pull/14628#issuecomment-1952221323,13,['test'],"['test', 'testReport', 'tests']"
Testability,Build failed on ROOT-ubuntu2004/python3.; Running on root-ubuntu-2004-1.cern.ch:/home/sftnight/build/workspace/root-pullrequests-build; [See console output](https://lcgapp-services.cern.ch/root-jenkins/job/root-pullrequests-build/195954/console).; ### Failing tests:; - [projectroot.tmva.pymva.test.PyMVA_Torch_Regression](https://lcgapp-services.cern.ch/root-jenkins/job/root-pullrequests-build/195954/testReport/projectroot.tmva.pymva/test/PyMVA_Torch_Regression/); - [projectroot.tmva.pymva.test.PyMVA_Torch_Classification](https://lcgapp-services.cern.ch/root-jenkins/job/root-pullrequests-build/195954/testReport/projectroot.tmva.pymva/test/PyMVA_Torch_Classification/); - [projectroot.tmva.pymva.test.PyMVA_Torch_Multiclass](https://lcgapp-services.cern.ch/root-jenkins/job/root-pullrequests-build/195954/testReport/projectroot.tmva.pymva/test/PyMVA_Torch_Multiclass/); - [projectroot.tmva.pymva.test.gtest_tmva_pymva_test_TestRModelParserPyTorch](https://lcgapp-services.cern.ch/root-jenkins/job/root-pullrequests-build/195954/testReport/projectroot.tmva.pymva/test/gtest_tmva_pymva_test_TestRModelParserPyTorch/),MatchSource.ISSUE_COMMENT,root-project,root,v6-32-06,https://github.com/root-project/root/pull/14413#issuecomment-1952272586:260,test,tests,260,https://root.cern,https://github.com/root-project/root/pull/14413#issuecomment-1952272586,13,['test'],"['test', 'testReport', 'tests']"
Testability,Build failed on ROOT-ubuntu2004/python3.; Running on root-ubuntu-2004-1.cern.ch:/home/sftnight/build/workspace/root-pullrequests-build; [See console output](https://lcgapp-services.cern.ch/root-jenkins/job/root-pullrequests-build/195969/console).; ### Failing tests:; - [projectroot.tmva.pymva.test.PyMVA_Torch_Classification](https://lcgapp-services.cern.ch/root-jenkins/job/root-pullrequests-build/195969/testReport/projectroot.tmva.pymva/test/PyMVA_Torch_Classification/); - [projectroot.tmva.pymva.test.PyMVA_Torch_Regression](https://lcgapp-services.cern.ch/root-jenkins/job/root-pullrequests-build/195969/testReport/projectroot.tmva.pymva/test/PyMVA_Torch_Regression/); - [projectroot.tmva.pymva.test.PyMVA_Torch_Multiclass](https://lcgapp-services.cern.ch/root-jenkins/job/root-pullrequests-build/195969/testReport/projectroot.tmva.pymva/test/PyMVA_Torch_Multiclass/); - [projectroot.tmva.pymva.test.gtest_tmva_pymva_test_TestRModelParserPyTorch](https://lcgapp-services.cern.ch/root-jenkins/job/root-pullrequests-build/195969/testReport/projectroot.tmva.pymva/test/gtest_tmva_pymva_test_TestRModelParserPyTorch/),MatchSource.ISSUE_COMMENT,root-project,root,v6-32-06,https://github.com/root-project/root/pull/14758#issuecomment-1952449141:260,test,tests,260,https://root.cern,https://github.com/root-project/root/pull/14758#issuecomment-1952449141,13,['test'],"['test', 'testReport', 'tests']"
Testability,Build failed on ROOT-ubuntu2004/python3.; Running on root-ubuntu-2004-1.cern.ch:/home/sftnight/build/workspace/root-pullrequests-build; [See console output](https://lcgapp-services.cern.ch/root-jenkins/job/root-pullrequests-build/195974/console).; ### Errors:; - [2024-02-19T13:36:33.562Z] FAILED: tmva/sofie/test/CMakeFiles/SofieCompileModels_ROOT.util,MatchSource.ISSUE_COMMENT,root-project,root,v6-32-06,https://github.com/root-project/root/pull/14760#issuecomment-1952471080:309,test,test,309,https://root.cern,https://github.com/root-project/root/pull/14760#issuecomment-1952471080,1,['test'],['test']
Testability,Build failed on ROOT-ubuntu2004/python3.; Running on root-ubuntu-2004-1.cern.ch:/home/sftnight/build/workspace/root-pullrequests-build; [See console output](https://lcgapp-services.cern.ch/root-jenkins/job/root-pullrequests-build/195979/console).; ### Failing tests:; - [projectroot.tmva.pymva.test.PyMVA_Torch_Classification](https://lcgapp-services.cern.ch/root-jenkins/job/root-pullrequests-build/195979/testReport/projectroot.tmva.pymva/test/PyMVA_Torch_Classification/); - [projectroot.tmva.pymva.test.PyMVA_Torch_Regression](https://lcgapp-services.cern.ch/root-jenkins/job/root-pullrequests-build/195979/testReport/projectroot.tmva.pymva/test/PyMVA_Torch_Regression/); - [projectroot.tmva.pymva.test.PyMVA_Torch_Multiclass](https://lcgapp-services.cern.ch/root-jenkins/job/root-pullrequests-build/195979/testReport/projectroot.tmva.pymva/test/PyMVA_Torch_Multiclass/); - [projectroot.tmva.pymva.test.gtest_tmva_pymva_test_TestRModelParserPyTorch](https://lcgapp-services.cern.ch/root-jenkins/job/root-pullrequests-build/195979/testReport/projectroot.tmva.pymva/test/gtest_tmva_pymva_test_TestRModelParserPyTorch/),MatchSource.ISSUE_COMMENT,root-project,root,v6-32-06,https://github.com/root-project/root/pull/14759#issuecomment-1952528002:260,test,tests,260,https://root.cern,https://github.com/root-project/root/pull/14759#issuecomment-1952528002,13,['test'],"['test', 'testReport', 'tests']"
Testability,Build failed on ROOT-ubuntu2004/python3.; Running on root-ubuntu-2004-1.cern.ch:/home/sftnight/build/workspace/root-pullrequests-build; [See console output](https://lcgapp-services.cern.ch/root-jenkins/job/root-pullrequests-build/195984/console).; ### Failing tests:; - [projectroot.tmva.pymva.test.PyMVA_Torch_Classification](https://lcgapp-services.cern.ch/root-jenkins/job/root-pullrequests-build/195984/testReport/projectroot.tmva.pymva/test/PyMVA_Torch_Classification/); - [projectroot.tmva.pymva.test.PyMVA_Torch_Regression](https://lcgapp-services.cern.ch/root-jenkins/job/root-pullrequests-build/195984/testReport/projectroot.tmva.pymva/test/PyMVA_Torch_Regression/); - [projectroot.tmva.pymva.test.PyMVA_Torch_Multiclass](https://lcgapp-services.cern.ch/root-jenkins/job/root-pullrequests-build/195984/testReport/projectroot.tmva.pymva/test/PyMVA_Torch_Multiclass/); - [projectroot.tmva.pymva.test.gtest_tmva_pymva_test_TestRModelParserPyTorch](https://lcgapp-services.cern.ch/root-jenkins/job/root-pullrequests-build/195984/testReport/projectroot.tmva.pymva/test/gtest_tmva_pymva_test_TestRModelParserPyTorch/),MatchSource.ISSUE_COMMENT,root-project,root,v6-32-06,https://github.com/root-project/root/pull/14761#issuecomment-1952587475:260,test,tests,260,https://root.cern,https://github.com/root-project/root/pull/14761#issuecomment-1952587475,13,['test'],"['test', 'testReport', 'tests']"
Testability,Build failed on ROOT-ubuntu2004/python3.; Running on root-ubuntu-2004-1.cern.ch:/home/sftnight/build/workspace/root-pullrequests-build; [See console output](https://lcgapp-services.cern.ch/root-jenkins/job/root-pullrequests-build/195989/console).; ### Failing tests:; - [projectroot.tmva.pymva.test.PyMVA_Torch_Classification](https://lcgapp-services.cern.ch/root-jenkins/job/root-pullrequests-build/195989/testReport/projectroot.tmva.pymva/test/PyMVA_Torch_Classification/); - [projectroot.tmva.pymva.test.PyMVA_Torch_Regression](https://lcgapp-services.cern.ch/root-jenkins/job/root-pullrequests-build/195989/testReport/projectroot.tmva.pymva/test/PyMVA_Torch_Regression/); - [projectroot.tmva.pymva.test.PyMVA_Torch_Multiclass](https://lcgapp-services.cern.ch/root-jenkins/job/root-pullrequests-build/195989/testReport/projectroot.tmva.pymva/test/PyMVA_Torch_Multiclass/); - [projectroot.tmva.pymva.test.gtest_tmva_pymva_test_TestRModelParserPyTorch](https://lcgapp-services.cern.ch/root-jenkins/job/root-pullrequests-build/195989/testReport/projectroot.tmva.pymva/test/gtest_tmva_pymva_test_TestRModelParserPyTorch/),MatchSource.ISSUE_COMMENT,root-project,root,v6-32-06,https://github.com/root-project/root/pull/14749#issuecomment-1952654756:260,test,tests,260,https://root.cern,https://github.com/root-project/root/pull/14749#issuecomment-1952654756,13,['test'],"['test', 'testReport', 'tests']"
Testability,Build failed on ROOT-ubuntu2004/python3.; Running on root-ubuntu-2004-1.cern.ch:/home/sftnight/build/workspace/root-pullrequests-build; [See console output](https://lcgapp-services.cern.ch/root-jenkins/job/root-pullrequests-build/195999/console).; ### Failing tests:; - [projectroot.tmva.pymva.test.PyMVA_Torch_Regression](https://lcgapp-services.cern.ch/root-jenkins/job/root-pullrequests-build/195999/testReport/projectroot.tmva.pymva/test/PyMVA_Torch_Regression/); - [projectroot.tmva.pymva.test.PyMVA_Torch_Classification](https://lcgapp-services.cern.ch/root-jenkins/job/root-pullrequests-build/195999/testReport/projectroot.tmva.pymva/test/PyMVA_Torch_Classification/); - [projectroot.tmva.pymva.test.PyMVA_Torch_Multiclass](https://lcgapp-services.cern.ch/root-jenkins/job/root-pullrequests-build/195999/testReport/projectroot.tmva.pymva/test/PyMVA_Torch_Multiclass/); - [projectroot.tmva.pymva.test.gtest_tmva_pymva_test_TestRModelParserPyTorch](https://lcgapp-services.cern.ch/root-jenkins/job/root-pullrequests-build/195999/testReport/projectroot.tmva.pymva/test/gtest_tmva_pymva_test_TestRModelParserPyTorch/),MatchSource.ISSUE_COMMENT,root-project,root,v6-32-06,https://github.com/root-project/root/pull/14762#issuecomment-1952803814:260,test,tests,260,https://root.cern,https://github.com/root-project/root/pull/14762#issuecomment-1952803814,13,['test'],"['test', 'testReport', 'tests']"
Testability,Build failed on ROOT-ubuntu2004/python3.; Running on root-ubuntu-2004-1.cern.ch:/home/sftnight/build/workspace/root-pullrequests-build; [See console output](https://lcgapp-services.cern.ch/root-jenkins/job/root-pullrequests-build/196004/console).; ### Failing tests:; - [projectroot.tmva.pymva.test.PyMVA_Torch_Classification](https://lcgapp-services.cern.ch/root-jenkins/job/root-pullrequests-build/196004/testReport/projectroot.tmva.pymva/test/PyMVA_Torch_Classification/); - [projectroot.tmva.pymva.test.PyMVA_Torch_Regression](https://lcgapp-services.cern.ch/root-jenkins/job/root-pullrequests-build/196004/testReport/projectroot.tmva.pymva/test/PyMVA_Torch_Regression/); - [projectroot.tmva.pymva.test.PyMVA_Torch_Multiclass](https://lcgapp-services.cern.ch/root-jenkins/job/root-pullrequests-build/196004/testReport/projectroot.tmva.pymva/test/PyMVA_Torch_Multiclass/); - [projectroot.tmva.pymva.test.gtest_tmva_pymva_test_TestRModelParserPyTorch](https://lcgapp-services.cern.ch/root-jenkins/job/root-pullrequests-build/196004/testReport/projectroot.tmva.pymva/test/gtest_tmva_pymva_test_TestRModelParserPyTorch/),MatchSource.ISSUE_COMMENT,root-project,root,v6-32-06,https://github.com/root-project/root/pull/14763#issuecomment-1952875368:260,test,tests,260,https://root.cern,https://github.com/root-project/root/pull/14763#issuecomment-1952875368,13,['test'],"['test', 'testReport', 'tests']"
Testability,Build failed on ROOT-ubuntu2004/python3.; Running on root-ubuntu-2004-1.cern.ch:/home/sftnight/build/workspace/root-pullrequests-build; [See console output](https://lcgapp-services.cern.ch/root-jenkins/job/root-pullrequests-build/196009/console).; ### Failing tests:; - [projectroot.tmva.pymva.test.PyMVA_Torch_Classification](https://lcgapp-services.cern.ch/root-jenkins/job/root-pullrequests-build/196009/testReport/projectroot.tmva.pymva/test/PyMVA_Torch_Classification/); - [projectroot.tmva.pymva.test.PyMVA_Torch_Regression](https://lcgapp-services.cern.ch/root-jenkins/job/root-pullrequests-build/196009/testReport/projectroot.tmva.pymva/test/PyMVA_Torch_Regression/); - [projectroot.tmva.pymva.test.PyMVA_Torch_Multiclass](https://lcgapp-services.cern.ch/root-jenkins/job/root-pullrequests-build/196009/testReport/projectroot.tmva.pymva/test/PyMVA_Torch_Multiclass/); - [projectroot.tmva.pymva.test.gtest_tmva_pymva_test_TestRModelParserPyTorch](https://lcgapp-services.cern.ch/root-jenkins/job/root-pullrequests-build/196009/testReport/projectroot.tmva.pymva/test/gtest_tmva_pymva_test_TestRModelParserPyTorch/),MatchSource.ISSUE_COMMENT,root-project,root,v6-32-06,https://github.com/root-project/root/pull/14764#issuecomment-1952922438:260,test,tests,260,https://root.cern,https://github.com/root-project/root/pull/14764#issuecomment-1952922438,13,['test'],"['test', 'testReport', 'tests']"
Testability,Build failed on ROOT-ubuntu2004/python3.; Running on root-ubuntu-2004-1.cern.ch:/home/sftnight/build/workspace/root-pullrequests-build; [See console output](https://lcgapp-services.cern.ch/root-jenkins/job/root-pullrequests-build/196014/console).; ### Failing tests:; - [projectroot.tmva.pymva.test.PyMVA_Torch_Classification](https://lcgapp-services.cern.ch/root-jenkins/job/root-pullrequests-build/196014/testReport/projectroot.tmva.pymva/test/PyMVA_Torch_Classification/); - [projectroot.tmva.pymva.test.PyMVA_Torch_Regression](https://lcgapp-services.cern.ch/root-jenkins/job/root-pullrequests-build/196014/testReport/projectroot.tmva.pymva/test/PyMVA_Torch_Regression/); - [projectroot.tmva.pymva.test.PyMVA_Torch_Multiclass](https://lcgapp-services.cern.ch/root-jenkins/job/root-pullrequests-build/196014/testReport/projectroot.tmva.pymva/test/PyMVA_Torch_Multiclass/); - [projectroot.tmva.pymva.test.gtest_tmva_pymva_test_TestRModelParserPyTorch](https://lcgapp-services.cern.ch/root-jenkins/job/root-pullrequests-build/196014/testReport/projectroot.tmva.pymva/test/gtest_tmva_pymva_test_TestRModelParserPyTorch/),MatchSource.ISSUE_COMMENT,root-project,root,v6-32-06,https://github.com/root-project/root/pull/14712#issuecomment-1952960157:260,test,tests,260,https://root.cern,https://github.com/root-project/root/pull/14712#issuecomment-1952960157,13,['test'],"['test', 'testReport', 'tests']"
Testability,Build failed on ROOT-ubuntu2004/python3.; Running on root-ubuntu-2004-1.cern.ch:/home/sftnight/build/workspace/root-pullrequests-build; [See console output](https://lcgapp-services.cern.ch/root-jenkins/job/root-pullrequests-build/196019/console).; ### Failing tests:; - [projectroot.tmva.pymva.test.PyMVA_Torch_Classification](https://lcgapp-services.cern.ch/root-jenkins/job/root-pullrequests-build/196019/testReport/projectroot.tmva.pymva/test/PyMVA_Torch_Classification/); - [projectroot.tmva.pymva.test.PyMVA_Torch_Regression](https://lcgapp-services.cern.ch/root-jenkins/job/root-pullrequests-build/196019/testReport/projectroot.tmva.pymva/test/PyMVA_Torch_Regression/); - [projectroot.tmva.pymva.test.PyMVA_Torch_Multiclass](https://lcgapp-services.cern.ch/root-jenkins/job/root-pullrequests-build/196019/testReport/projectroot.tmva.pymva/test/PyMVA_Torch_Multiclass/); - [projectroot.tmva.pymva.test.gtest_tmva_pymva_test_TestRModelParserPyTorch](https://lcgapp-services.cern.ch/root-jenkins/job/root-pullrequests-build/196019/testReport/projectroot.tmva.pymva/test/gtest_tmva_pymva_test_TestRModelParserPyTorch/),MatchSource.ISSUE_COMMENT,root-project,root,v6-32-06,https://github.com/root-project/root/pull/14628#issuecomment-1952996487:260,test,tests,260,https://root.cern,https://github.com/root-project/root/pull/14628#issuecomment-1952996487,13,['test'],"['test', 'testReport', 'tests']"
Testability,Build failed on ROOT-ubuntu2004/python3.; Running on root-ubuntu-2004-1.cern.ch:/home/sftnight/build/workspace/root-pullrequests-build; [See console output](https://lcgapp-services.cern.ch/root-jenkins/job/root-pullrequests-build/196039/console).; ### Failing tests:; - [projectroot.roottest.root.meta.roottest_root_meta_execTypedefList_auto](https://lcgapp-services.cern.ch/root-jenkins/job/root-pullrequests-build/196039/testReport/projectroot.roottest.root/meta/roottest_root_meta_execTypedefList_auto/); - [projectroot.tmva.pymva.test.PyMVA_Torch_Classification](https://lcgapp-services.cern.ch/root-jenkins/job/root-pullrequests-build/196039/testReport/projectroot.tmva.pymva/test/PyMVA_Torch_Classification/); - [projectroot.tmva.pymva.test.PyMVA_Torch_Regression](https://lcgapp-services.cern.ch/root-jenkins/job/root-pullrequests-build/196039/testReport/projectroot.tmva.pymva/test/PyMVA_Torch_Regression/); - [projectroot.tmva.pymva.test.PyMVA_Torch_Multiclass](https://lcgapp-services.cern.ch/root-jenkins/job/root-pullrequests-build/196039/testReport/projectroot.tmva.pymva/test/PyMVA_Torch_Multiclass/); - [projectroot.tmva.pymva.test.gtest_tmva_pymva_test_TestRModelParserPyTorch](https://lcgapp-services.cern.ch/root-jenkins/job/root-pullrequests-build/196039/testReport/projectroot.tmva.pymva/test/gtest_tmva_pymva_test_TestRModelParserPyTorch/),MatchSource.ISSUE_COMMENT,root-project,root,v6-32-06,https://github.com/root-project/root/pull/8546#issuecomment-1953041403:260,test,tests,260,https://root.cern,https://github.com/root-project/root/pull/8546#issuecomment-1953041403,14,['test'],"['test', 'testReport', 'tests']"
Testability,Build failed on ROOT-ubuntu2004/python3.; Running on root-ubuntu-2004-1.cern.ch:/home/sftnight/build/workspace/root-pullrequests-build; [See console output](https://lcgapp-services.cern.ch/root-jenkins/job/root-pullrequests-build/196059/console).; ### Failing tests:; - [projectroot.tmva.pymva.test.PyMVA_Torch_Classification](https://lcgapp-services.cern.ch/root-jenkins/job/root-pullrequests-build/196059/testReport/projectroot.tmva.pymva/test/PyMVA_Torch_Classification/); - [projectroot.tmva.pymva.test.PyMVA_Torch_Regression](https://lcgapp-services.cern.ch/root-jenkins/job/root-pullrequests-build/196059/testReport/projectroot.tmva.pymva/test/PyMVA_Torch_Regression/); - [projectroot.tmva.pymva.test.PyMVA_Torch_Multiclass](https://lcgapp-services.cern.ch/root-jenkins/job/root-pullrequests-build/196059/testReport/projectroot.tmva.pymva/test/PyMVA_Torch_Multiclass/); - [projectroot.tmva.pymva.test.gtest_tmva_pymva_test_TestRModelParserPyTorch](https://lcgapp-services.cern.ch/root-jenkins/job/root-pullrequests-build/196059/testReport/projectroot.tmva.pymva/test/gtest_tmva_pymva_test_TestRModelParserPyTorch/),MatchSource.ISSUE_COMMENT,root-project,root,v6-32-06,https://github.com/root-project/root/pull/14627#issuecomment-1953093971:260,test,tests,260,https://root.cern,https://github.com/root-project/root/pull/14627#issuecomment-1953093971,13,['test'],"['test', 'testReport', 'tests']"
Testability,Build failed on ROOT-ubuntu2004/python3.; Running on root-ubuntu-2004-1.cern.ch:/home/sftnight/build/workspace/root-pullrequests-build; [See console output](https://lcgapp-services.cern.ch/root-jenkins/job/root-pullrequests-build/196079/console).; ### Failing tests:; - [projectroot.tmva.pymva.test.PyMVA_Torch_Regression](https://lcgapp-services.cern.ch/root-jenkins/job/root-pullrequests-build/196079/testReport/projectroot.tmva.pymva/test/PyMVA_Torch_Regression/); - [projectroot.tmva.pymva.test.PyMVA_Torch_Classification](https://lcgapp-services.cern.ch/root-jenkins/job/root-pullrequests-build/196079/testReport/projectroot.tmva.pymva/test/PyMVA_Torch_Classification/); - [projectroot.tmva.pymva.test.PyMVA_Torch_Multiclass](https://lcgapp-services.cern.ch/root-jenkins/job/root-pullrequests-build/196079/testReport/projectroot.tmva.pymva/test/PyMVA_Torch_Multiclass/); - [projectroot.tmva.pymva.test.gtest_tmva_pymva_test_TestRModelParserPyTorch](https://lcgapp-services.cern.ch/root-jenkins/job/root-pullrequests-build/196079/testReport/projectroot.tmva.pymva/test/gtest_tmva_pymva_test_TestRModelParserPyTorch/),MatchSource.ISSUE_COMMENT,root-project,root,v6-32-06,https://github.com/root-project/root/pull/14758#issuecomment-1953225586:260,test,tests,260,https://root.cern,https://github.com/root-project/root/pull/14758#issuecomment-1953225586,13,['test'],"['test', 'testReport', 'tests']"
Testability,Build failed on ROOT-ubuntu2004/python3.; Running on root-ubuntu-2004-1.cern.ch:/home/sftnight/build/workspace/root-pullrequests-build; [See console output](https://lcgapp-services.cern.ch/root-jenkins/job/root-pullrequests-build/196084/console).; ### Failing tests:; - [projectroot.roottest.root.meta.roottest_root_meta_execTypedefList_auto](https://lcgapp-services.cern.ch/root-jenkins/job/root-pullrequests-build/196084/testReport/projectroot.roottest.root/meta/roottest_root_meta_execTypedefList_auto/); - [projectroot.tmva.pymva.test.PyMVA_Torch_Regression](https://lcgapp-services.cern.ch/root-jenkins/job/root-pullrequests-build/196084/testReport/projectroot.tmva.pymva/test/PyMVA_Torch_Regression/); - [projectroot.tmva.pymva.test.PyMVA_Torch_Classification](https://lcgapp-services.cern.ch/root-jenkins/job/root-pullrequests-build/196084/testReport/projectroot.tmva.pymva/test/PyMVA_Torch_Classification/); - [projectroot.tmva.pymva.test.PyMVA_Torch_Multiclass](https://lcgapp-services.cern.ch/root-jenkins/job/root-pullrequests-build/196084/testReport/projectroot.tmva.pymva/test/PyMVA_Torch_Multiclass/); - [projectroot.tmva.pymva.test.gtest_tmva_pymva_test_TestRModelParserPyTorch](https://lcgapp-services.cern.ch/root-jenkins/job/root-pullrequests-build/196084/testReport/projectroot.tmva.pymva/test/gtest_tmva_pymva_test_TestRModelParserPyTorch/),MatchSource.ISSUE_COMMENT,root-project,root,v6-32-06,https://github.com/root-project/root/pull/8546#issuecomment-1953253263:260,test,tests,260,https://root.cern,https://github.com/root-project/root/pull/8546#issuecomment-1953253263,14,['test'],"['test', 'testReport', 'tests']"
Testability,Build failed on ROOT-ubuntu2004/python3.; Running on root-ubuntu-2004-1.cern.ch:/home/sftnight/build/workspace/root-pullrequests-build; [See console output](https://lcgapp-services.cern.ch/root-jenkins/job/root-pullrequests-build/196099/console).; ### Failing tests:; - [projectroot.tmva.pymva.test.PyMVA_Torch_Regression](https://lcgapp-services.cern.ch/root-jenkins/job/root-pullrequests-build/196099/testReport/projectroot.tmva.pymva/test/PyMVA_Torch_Regression/); - [projectroot.tmva.pymva.test.PyMVA_Torch_Classification](https://lcgapp-services.cern.ch/root-jenkins/job/root-pullrequests-build/196099/testReport/projectroot.tmva.pymva/test/PyMVA_Torch_Classification/); - [projectroot.tmva.pymva.test.PyMVA_Torch_Multiclass](https://lcgapp-services.cern.ch/root-jenkins/job/root-pullrequests-build/196099/testReport/projectroot.tmva.pymva/test/PyMVA_Torch_Multiclass/); - [projectroot.tmva.pymva.test.gtest_tmva_pymva_test_TestRModelParserPyTorch](https://lcgapp-services.cern.ch/root-jenkins/job/root-pullrequests-build/196099/testReport/projectroot.tmva.pymva/test/gtest_tmva_pymva_test_TestRModelParserPyTorch/),MatchSource.ISSUE_COMMENT,root-project,root,v6-32-06,https://github.com/root-project/root/pull/8546#issuecomment-1953679498:260,test,tests,260,https://root.cern,https://github.com/root-project/root/pull/8546#issuecomment-1953679498,13,['test'],"['test', 'testReport', 'tests']"
Testability,Build failed on ROOT-ubuntu2004/python3.; Running on root-ubuntu-2004-1.cern.ch:/home/sftnight/build/workspace/root-pullrequests-build; [See console output](https://lcgapp-services.cern.ch/root-jenkins/job/root-pullrequests-build/196104/console).; ### Failing tests:; - [projectroot.tmva.pymva.test.PyMVA_Torch_Classification](https://lcgapp-services.cern.ch/root-jenkins/job/root-pullrequests-build/196104/testReport/projectroot.tmva.pymva/test/PyMVA_Torch_Classification/); - [projectroot.tmva.pymva.test.PyMVA_Torch_Regression](https://lcgapp-services.cern.ch/root-jenkins/job/root-pullrequests-build/196104/testReport/projectroot.tmva.pymva/test/PyMVA_Torch_Regression/); - [projectroot.tmva.pymva.test.PyMVA_Torch_Multiclass](https://lcgapp-services.cern.ch/root-jenkins/job/root-pullrequests-build/196104/testReport/projectroot.tmva.pymva/test/PyMVA_Torch_Multiclass/); - [projectroot.tmva.pymva.test.gtest_tmva_pymva_test_TestRModelParserPyTorch](https://lcgapp-services.cern.ch/root-jenkins/job/root-pullrequests-build/196104/testReport/projectroot.tmva.pymva/test/gtest_tmva_pymva_test_TestRModelParserPyTorch/),MatchSource.ISSUE_COMMENT,root-project,root,v6-32-06,https://github.com/root-project/root/pull/14628#issuecomment-1953728680:260,test,tests,260,https://root.cern,https://github.com/root-project/root/pull/14628#issuecomment-1953728680,13,['test'],"['test', 'testReport', 'tests']"
Testability,Build failed on ROOT-ubuntu2004/python3.; Running on root-ubuntu-2004-1.cern.ch:/home/sftnight/build/workspace/root-pullrequests-build; [See console output](https://lcgapp-services.cern.ch/root-jenkins/job/root-pullrequests-build/196109/console).; ### Failing tests:; - [projectroot.tmva.pymva.test.PyMVA_Torch_Classification](https://lcgapp-services.cern.ch/root-jenkins/job/root-pullrequests-build/196109/testReport/projectroot.tmva.pymva/test/PyMVA_Torch_Classification/); - [projectroot.tmva.pymva.test.PyMVA_Torch_Regression](https://lcgapp-services.cern.ch/root-jenkins/job/root-pullrequests-build/196109/testReport/projectroot.tmva.pymva/test/PyMVA_Torch_Regression/); - [projectroot.tmva.pymva.test.PyMVA_Torch_Multiclass](https://lcgapp-services.cern.ch/root-jenkins/job/root-pullrequests-build/196109/testReport/projectroot.tmva.pymva/test/PyMVA_Torch_Multiclass/); - [projectroot.tmva.pymva.test.gtest_tmva_pymva_test_TestRModelParserPyTorch](https://lcgapp-services.cern.ch/root-jenkins/job/root-pullrequests-build/196109/testReport/projectroot.tmva.pymva/test/gtest_tmva_pymva_test_TestRModelParserPyTorch/),MatchSource.ISSUE_COMMENT,root-project,root,v6-32-06,https://github.com/root-project/root/pull/8546#issuecomment-1953801167:260,test,tests,260,https://root.cern,https://github.com/root-project/root/pull/8546#issuecomment-1953801167,13,['test'],"['test', 'testReport', 'tests']"
Testability,Build failed on ROOT-ubuntu2004/python3.; Running on root-ubuntu-2004-1.cern.ch:/home/sftnight/build/workspace/root-pullrequests-build; [See console output](https://lcgapp-services.cern.ch/root-jenkins/job/root-pullrequests-build/196129/console).; ### Failing tests:; - [projectroot.tmva.pymva.test.PyMVA_Torch_Regression](https://lcgapp-services.cern.ch/root-jenkins/job/root-pullrequests-build/196129/testReport/projectroot.tmva.pymva/test/PyMVA_Torch_Regression/); - [projectroot.tmva.pymva.test.PyMVA_Torch_Classification](https://lcgapp-services.cern.ch/root-jenkins/job/root-pullrequests-build/196129/testReport/projectroot.tmva.pymva/test/PyMVA_Torch_Classification/); - [projectroot.tmva.pymva.test.PyMVA_Torch_Multiclass](https://lcgapp-services.cern.ch/root-jenkins/job/root-pullrequests-build/196129/testReport/projectroot.tmva.pymva/test/PyMVA_Torch_Multiclass/); - [projectroot.tmva.pymva.test.gtest_tmva_pymva_test_TestRModelParserPyTorch](https://lcgapp-services.cern.ch/root-jenkins/job/root-pullrequests-build/196129/testReport/projectroot.tmva.pymva/test/gtest_tmva_pymva_test_TestRModelParserPyTorch/),MatchSource.ISSUE_COMMENT,root-project,root,v6-32-06,https://github.com/root-project/root/pull/8546#issuecomment-1953913907:260,test,tests,260,https://root.cern,https://github.com/root-project/root/pull/8546#issuecomment-1953913907,13,['test'],"['test', 'testReport', 'tests']"
Testability,Build failed on ROOT-ubuntu2004/python3.; Running on root-ubuntu-2004-1.cern.ch:/home/sftnight/build/workspace/root-pullrequests-build; [See console output](https://lcgapp-services.cern.ch/root-jenkins/job/root-pullrequests-build/196134/console).; ### Failing tests:; - [projectroot.tmva.pymva.test.PyMVA_Torch_Classification](https://lcgapp-services.cern.ch/root-jenkins/job/root-pullrequests-build/196134/testReport/projectroot.tmva.pymva/test/PyMVA_Torch_Classification/); - [projectroot.tmva.pymva.test.PyMVA_Torch_Regression](https://lcgapp-services.cern.ch/root-jenkins/job/root-pullrequests-build/196134/testReport/projectroot.tmva.pymva/test/PyMVA_Torch_Regression/); - [projectroot.tmva.pymva.test.PyMVA_Torch_Multiclass](https://lcgapp-services.cern.ch/root-jenkins/job/root-pullrequests-build/196134/testReport/projectroot.tmva.pymva/test/PyMVA_Torch_Multiclass/); - [projectroot.tmva.pymva.test.gtest_tmva_pymva_test_TestRModelParserPyTorch](https://lcgapp-services.cern.ch/root-jenkins/job/root-pullrequests-build/196134/testReport/projectroot.tmva.pymva/test/gtest_tmva_pymva_test_TestRModelParserPyTorch/),MatchSource.ISSUE_COMMENT,root-project,root,v6-32-06,https://github.com/root-project/root/pull/14758#issuecomment-1954005735:260,test,tests,260,https://root.cern,https://github.com/root-project/root/pull/14758#issuecomment-1954005735,13,['test'],"['test', 'testReport', 'tests']"
Testability,Build failed on ROOT-ubuntu2004/python3.; Running on root-ubuntu-2004-1.cern.ch:/home/sftnight/build/workspace/root-pullrequests-build; [See console output](https://lcgapp-services.cern.ch/root-jenkins/job/root-pullrequests-build/196139/console).; ### Failing tests:; - [projectroot.tmva.pymva.test.PyMVA_Torch_Classification](https://lcgapp-services.cern.ch/root-jenkins/job/root-pullrequests-build/196139/testReport/projectroot.tmva.pymva/test/PyMVA_Torch_Classification/); - [projectroot.tmva.pymva.test.PyMVA_Torch_Regression](https://lcgapp-services.cern.ch/root-jenkins/job/root-pullrequests-build/196139/testReport/projectroot.tmva.pymva/test/PyMVA_Torch_Regression/); - [projectroot.tmva.pymva.test.PyMVA_Torch_Multiclass](https://lcgapp-services.cern.ch/root-jenkins/job/root-pullrequests-build/196139/testReport/projectroot.tmva.pymva/test/PyMVA_Torch_Multiclass/); - [projectroot.tmva.pymva.test.gtest_tmva_pymva_test_TestRModelParserPyTorch](https://lcgapp-services.cern.ch/root-jenkins/job/root-pullrequests-build/196139/testReport/projectroot.tmva.pymva/test/gtest_tmva_pymva_test_TestRModelParserPyTorch/),MatchSource.ISSUE_COMMENT,root-project,root,v6-32-06,https://github.com/root-project/root/pull/14627#issuecomment-1954084653:260,test,tests,260,https://root.cern,https://github.com/root-project/root/pull/14627#issuecomment-1954084653,13,['test'],"['test', 'testReport', 'tests']"
Testability,Build failed on ROOT-ubuntu2004/python3.; Running on root-ubuntu-2004-1.cern.ch:/home/sftnight/build/workspace/root-pullrequests-build; [See console output](https://lcgapp-services.cern.ch/root-jenkins/job/root-pullrequests-build/196149/console).; ### Failing tests:; - [projectroot.tmva.pymva.test.PyMVA_Torch_Classification](https://lcgapp-services.cern.ch/root-jenkins/job/root-pullrequests-build/196149/testReport/projectroot.tmva.pymva/test/PyMVA_Torch_Classification/); - [projectroot.tmva.pymva.test.PyMVA_Torch_Regression](https://lcgapp-services.cern.ch/root-jenkins/job/root-pullrequests-build/196149/testReport/projectroot.tmva.pymva/test/PyMVA_Torch_Regression/); - [projectroot.tmva.pymva.test.PyMVA_Torch_Multiclass](https://lcgapp-services.cern.ch/root-jenkins/job/root-pullrequests-build/196149/testReport/projectroot.tmva.pymva/test/PyMVA_Torch_Multiclass/); - [projectroot.tmva.pymva.test.gtest_tmva_pymva_test_TestRModelParserPyTorch](https://lcgapp-services.cern.ch/root-jenkins/job/root-pullrequests-build/196149/testReport/projectroot.tmva.pymva/test/gtest_tmva_pymva_test_TestRModelParserPyTorch/),MatchSource.ISSUE_COMMENT,root-project,root,v6-32-06,https://github.com/root-project/root/pull/14763#issuecomment-1954202094:260,test,tests,260,https://root.cern,https://github.com/root-project/root/pull/14763#issuecomment-1954202094,13,['test'],"['test', 'testReport', 'tests']"
Testability,Build failed on ROOT-ubuntu2004/python3.; Running on root-ubuntu-2004-1.cern.ch:/home/sftnight/build/workspace/root-pullrequests-build; [See console output](https://lcgapp-services.cern.ch/root-jenkins/job/root-pullrequests-build/196159/console).; ### Failing tests:; - [projectroot.roottest.python.distrdf.common.roottest_python_distrdf_common_test_all](https://lcgapp-services.cern.ch/root-jenkins/job/root-pullrequests-build/196159/testReport/projectroot.roottest.python.distrdf/common/roottest_python_distrdf_common_test_all/); - [projectroot.tmva.pymva.test.PyMVA_Torch_Classification](https://lcgapp-services.cern.ch/root-jenkins/job/root-pullrequests-build/196159/testReport/projectroot.tmva.pymva/test/PyMVA_Torch_Classification/); - [projectroot.tmva.pymva.test.PyMVA_Torch_Regression](https://lcgapp-services.cern.ch/root-jenkins/job/root-pullrequests-build/196159/testReport/projectroot.tmva.pymva/test/PyMVA_Torch_Regression/); - [projectroot.tmva.pymva.test.PyMVA_Torch_Multiclass](https://lcgapp-services.cern.ch/root-jenkins/job/root-pullrequests-build/196159/testReport/projectroot.tmva.pymva/test/PyMVA_Torch_Multiclass/); - [projectroot.tmva.pymva.test.gtest_tmva_pymva_test_TestRModelParserPyTorch](https://lcgapp-services.cern.ch/root-jenkins/job/root-pullrequests-build/196159/testReport/projectroot.tmva.pymva/test/gtest_tmva_pymva_test_TestRModelParserPyTorch/),MatchSource.ISSUE_COMMENT,root-project,root,v6-32-06,https://github.com/root-project/root/pull/8546#issuecomment-1954302492:260,test,tests,260,https://root.cern,https://github.com/root-project/root/pull/8546#issuecomment-1954302492,14,['test'],"['test', 'testReport', 'tests']"
Testability,Build failed on ROOT-ubuntu2004/python3.; Running on root-ubuntu-2004-1.cern.ch:/home/sftnight/build/workspace/root-pullrequests-build; [See console output](https://lcgapp-services.cern.ch/root-jenkins/job/root-pullrequests-build/196174/console).; ### Failing tests:; - [projectroot.tmva.pymva.test.PyMVA_Torch_Regression](https://lcgapp-services.cern.ch/root-jenkins/job/root-pullrequests-build/196174/testReport/projectroot.tmva.pymva/test/PyMVA_Torch_Regression/); - [projectroot.tmva.pymva.test.PyMVA_Torch_Classification](https://lcgapp-services.cern.ch/root-jenkins/job/root-pullrequests-build/196174/testReport/projectroot.tmva.pymva/test/PyMVA_Torch_Classification/); - [projectroot.tmva.pymva.test.PyMVA_Torch_Multiclass](https://lcgapp-services.cern.ch/root-jenkins/job/root-pullrequests-build/196174/testReport/projectroot.tmva.pymva/test/PyMVA_Torch_Multiclass/); - [projectroot.tmva.pymva.test.gtest_tmva_pymva_test_TestRModelParserPyTorch](https://lcgapp-services.cern.ch/root-jenkins/job/root-pullrequests-build/196174/testReport/projectroot.tmva.pymva/test/gtest_tmva_pymva_test_TestRModelParserPyTorch/),MatchSource.ISSUE_COMMENT,root-project,root,v6-32-06,https://github.com/root-project/root/pull/14775#issuecomment-1954365382:260,test,tests,260,https://root.cern,https://github.com/root-project/root/pull/14775#issuecomment-1954365382,13,['test'],"['test', 'testReport', 'tests']"
Testability,Build failed on ROOT-ubuntu2004/python3.; Running on root-ubuntu-2004-1.cern.ch:/home/sftnight/build/workspace/root-pullrequests-build; [See console output](https://lcgapp-services.cern.ch/root-jenkins/job/root-pullrequests-build/196179/console).; ### Failing tests:; - [projectroot.roottest.root.meta.ROOT-7181.roottest_root_meta_ROOT_7181_make](https://lcgapp-services.cern.ch/root-jenkins/job/root-pullrequests-build/196179/testReport/projectroot.roottest.root.meta/ROOT-7181/roottest_root_meta_ROOT_7181_make/); - [projectroot.tmva.pymva.test.PyMVA_Torch_Classification](https://lcgapp-services.cern.ch/root-jenkins/job/root-pullrequests-build/196179/testReport/projectroot.tmva.pymva/test/PyMVA_Torch_Classification/); - [projectroot.tmva.pymva.test.PyMVA_Torch_Regression](https://lcgapp-services.cern.ch/root-jenkins/job/root-pullrequests-build/196179/testReport/projectroot.tmva.pymva/test/PyMVA_Torch_Regression/); - [projectroot.tmva.pymva.test.PyMVA_Torch_Multiclass](https://lcgapp-services.cern.ch/root-jenkins/job/root-pullrequests-build/196179/testReport/projectroot.tmva.pymva/test/PyMVA_Torch_Multiclass/); - [projectroot.tmva.pymva.test.gtest_tmva_pymva_test_TestRModelParserPyTorch](https://lcgapp-services.cern.ch/root-jenkins/job/root-pullrequests-build/196179/testReport/projectroot.tmva.pymva/test/gtest_tmva_pymva_test_TestRModelParserPyTorch/),MatchSource.ISSUE_COMMENT,root-project,root,v6-32-06,https://github.com/root-project/root/pull/14645#issuecomment-1954436543:260,test,tests,260,https://root.cern,https://github.com/root-project/root/pull/14645#issuecomment-1954436543,14,['test'],"['test', 'testReport', 'tests']"
Testability,Build failed on ROOT-ubuntu2004/python3.; Running on root-ubuntu-2004-1.cern.ch:/home/sftnight/build/workspace/root-pullrequests-build; [See console output](https://lcgapp-services.cern.ch/root-jenkins/job/root-pullrequests-build/196184/console).; ### Failing tests:; - [projectroot.tmva.pymva.test.PyMVA_Torch_Classification](https://lcgapp-services.cern.ch/root-jenkins/job/root-pullrequests-build/196184/testReport/projectroot.tmva.pymva/test/PyMVA_Torch_Classification/); - [projectroot.tmva.pymva.test.PyMVA_Torch_Regression](https://lcgapp-services.cern.ch/root-jenkins/job/root-pullrequests-build/196184/testReport/projectroot.tmva.pymva/test/PyMVA_Torch_Regression/); - [projectroot.tmva.pymva.test.PyMVA_Torch_Multiclass](https://lcgapp-services.cern.ch/root-jenkins/job/root-pullrequests-build/196184/testReport/projectroot.tmva.pymva/test/PyMVA_Torch_Multiclass/); - [projectroot.tmva.pymva.test.gtest_tmva_pymva_test_TestRModelParserPyTorch](https://lcgapp-services.cern.ch/root-jenkins/job/root-pullrequests-build/196184/testReport/projectroot.tmva.pymva/test/gtest_tmva_pymva_test_TestRModelParserPyTorch/),MatchSource.ISSUE_COMMENT,root-project,root,v6-32-06,https://github.com/root-project/root/pull/14776#issuecomment-1954514808:260,test,tests,260,https://root.cern,https://github.com/root-project/root/pull/14776#issuecomment-1954514808,13,['test'],"['test', 'testReport', 'tests']"
Testability,Build failed on ROOT-ubuntu2004/python3.; Running on root-ubuntu-2004-1.cern.ch:/home/sftnight/build/workspace/root-pullrequests-build; [See console output](https://lcgapp-services.cern.ch/root-jenkins/job/root-pullrequests-build/196189/console).; ### Failing tests:; - [projectroot.tmva.pymva.test.PyMVA_Torch_Classification](https://lcgapp-services.cern.ch/root-jenkins/job/root-pullrequests-build/196189/testReport/projectroot.tmva.pymva/test/PyMVA_Torch_Classification/); - [projectroot.tmva.pymva.test.PyMVA_Torch_Regression](https://lcgapp-services.cern.ch/root-jenkins/job/root-pullrequests-build/196189/testReport/projectroot.tmva.pymva/test/PyMVA_Torch_Regression/); - [projectroot.tmva.pymva.test.PyMVA_Torch_Multiclass](https://lcgapp-services.cern.ch/root-jenkins/job/root-pullrequests-build/196189/testReport/projectroot.tmva.pymva/test/PyMVA_Torch_Multiclass/); - [projectroot.tmva.pymva.test.gtest_tmva_pymva_test_TestRModelParserPyTorch](https://lcgapp-services.cern.ch/root-jenkins/job/root-pullrequests-build/196189/testReport/projectroot.tmva.pymva/test/gtest_tmva_pymva_test_TestRModelParserPyTorch/),MatchSource.ISSUE_COMMENT,root-project,root,v6-32-06,https://github.com/root-project/root/pull/14774#issuecomment-1954580598:260,test,tests,260,https://root.cern,https://github.com/root-project/root/pull/14774#issuecomment-1954580598,13,['test'],"['test', 'testReport', 'tests']"
Testability,Build failed on ROOT-ubuntu2004/python3.; Running on root-ubuntu-2004-1.cern.ch:/home/sftnight/build/workspace/root-pullrequests-build; [See console output](https://lcgapp-services.cern.ch/root-jenkins/job/root-pullrequests-build/196194/console).; ### Failing tests:; - [projectroot.tmva.pymva.test.PyMVA_Torch_Regression](https://lcgapp-services.cern.ch/root-jenkins/job/root-pullrequests-build/196194/testReport/projectroot.tmva.pymva/test/PyMVA_Torch_Regression/); - [projectroot.tmva.pymva.test.PyMVA_Torch_Classification](https://lcgapp-services.cern.ch/root-jenkins/job/root-pullrequests-build/196194/testReport/projectroot.tmva.pymva/test/PyMVA_Torch_Classification/); - [projectroot.tmva.pymva.test.PyMVA_Torch_Multiclass](https://lcgapp-services.cern.ch/root-jenkins/job/root-pullrequests-build/196194/testReport/projectroot.tmva.pymva/test/PyMVA_Torch_Multiclass/); - [projectroot.tmva.pymva.test.gtest_tmva_pymva_test_TestRModelParserPyTorch](https://lcgapp-services.cern.ch/root-jenkins/job/root-pullrequests-build/196194/testReport/projectroot.tmva.pymva/test/gtest_tmva_pymva_test_TestRModelParserPyTorch/),MatchSource.ISSUE_COMMENT,root-project,root,v6-32-06,https://github.com/root-project/root/pull/14777#issuecomment-1954640959:260,test,tests,260,https://root.cern,https://github.com/root-project/root/pull/14777#issuecomment-1954640959,13,['test'],"['test', 'testReport', 'tests']"
Testability,Build failed on ROOT-ubuntu2004/python3.; Running on root-ubuntu-2004-1.cern.ch:/home/sftnight/build/workspace/root-pullrequests-build; [See console output](https://lcgapp-services.cern.ch/root-jenkins/job/root-pullrequests-build/196199/console).; ### Failing tests:; - [projectroot.tmva.pymva.test.PyMVA_Torch_Regression](https://lcgapp-services.cern.ch/root-jenkins/job/root-pullrequests-build/196199/testReport/projectroot.tmva.pymva/test/PyMVA_Torch_Regression/); - [projectroot.tmva.pymva.test.PyMVA_Torch_Classification](https://lcgapp-services.cern.ch/root-jenkins/job/root-pullrequests-build/196199/testReport/projectroot.tmva.pymva/test/PyMVA_Torch_Classification/); - [projectroot.tmva.pymva.test.PyMVA_Torch_Multiclass](https://lcgapp-services.cern.ch/root-jenkins/job/root-pullrequests-build/196199/testReport/projectroot.tmva.pymva/test/PyMVA_Torch_Multiclass/); - [projectroot.tmva.pymva.test.gtest_tmva_pymva_test_TestRModelParserPyTorch](https://lcgapp-services.cern.ch/root-jenkins/job/root-pullrequests-build/196199/testReport/projectroot.tmva.pymva/test/gtest_tmva_pymva_test_TestRModelParserPyTorch/),MatchSource.ISSUE_COMMENT,root-project,root,v6-32-06,https://github.com/root-project/root/pull/14774#issuecomment-1954890223:260,test,tests,260,https://root.cern,https://github.com/root-project/root/pull/14774#issuecomment-1954890223,13,['test'],"['test', 'testReport', 'tests']"
Testability,Build failed on ROOT-ubuntu2004/python3.; Running on root-ubuntu-2004-1.cern.ch:/home/sftnight/build/workspace/root-pullrequests-build; [See console output](https://lcgapp-services.cern.ch/root-jenkins/job/root-pullrequests-build/196204/console).; ### Failing tests:; - [projectroot.tmva.pymva.test.PyMVA_Torch_Classification](https://lcgapp-services.cern.ch/root-jenkins/job/root-pullrequests-build/196204/testReport/projectroot.tmva.pymva/test/PyMVA_Torch_Classification/); - [projectroot.tmva.pymva.test.PyMVA_Torch_Regression](https://lcgapp-services.cern.ch/root-jenkins/job/root-pullrequests-build/196204/testReport/projectroot.tmva.pymva/test/PyMVA_Torch_Regression/); - [projectroot.tmva.pymva.test.PyMVA_Torch_Multiclass](https://lcgapp-services.cern.ch/root-jenkins/job/root-pullrequests-build/196204/testReport/projectroot.tmva.pymva/test/PyMVA_Torch_Multiclass/); - [projectroot.tmva.pymva.test.gtest_tmva_pymva_test_TestRModelParserPyTorch](https://lcgapp-services.cern.ch/root-jenkins/job/root-pullrequests-build/196204/testReport/projectroot.tmva.pymva/test/gtest_tmva_pymva_test_TestRModelParserPyTorch/),MatchSource.ISSUE_COMMENT,root-project,root,v6-32-06,https://github.com/root-project/root/pull/14645#issuecomment-1954982877:260,test,tests,260,https://root.cern,https://github.com/root-project/root/pull/14645#issuecomment-1954982877,13,['test'],"['test', 'testReport', 'tests']"
Testability,Build failed on ROOT-ubuntu2004/python3.; Running on root-ubuntu-2004-1.cern.ch:/home/sftnight/build/workspace/root-pullrequests-build; [See console output](https://lcgapp-services.cern.ch/root-jenkins/job/root-pullrequests-build/196209/console).; ### Failing tests:; - [projectroot.tmva.pymva.test.PyMVA_Torch_Regression](https://lcgapp-services.cern.ch/root-jenkins/job/root-pullrequests-build/196209/testReport/projectroot.tmva.pymva/test/PyMVA_Torch_Regression/); - [projectroot.tmva.pymva.test.PyMVA_Torch_Classification](https://lcgapp-services.cern.ch/root-jenkins/job/root-pullrequests-build/196209/testReport/projectroot.tmva.pymva/test/PyMVA_Torch_Classification/); - [projectroot.tmva.pymva.test.PyMVA_Torch_Multiclass](https://lcgapp-services.cern.ch/root-jenkins/job/root-pullrequests-build/196209/testReport/projectroot.tmva.pymva/test/PyMVA_Torch_Multiclass/); - [projectroot.tmva.pymva.test.gtest_tmva_pymva_test_TestRModelParserPyTorch](https://lcgapp-services.cern.ch/root-jenkins/job/root-pullrequests-build/196209/testReport/projectroot.tmva.pymva/test/gtest_tmva_pymva_test_TestRModelParserPyTorch/),MatchSource.ISSUE_COMMENT,root-project,root,v6-32-06,https://github.com/root-project/root/pull/14780#issuecomment-1955057743:260,test,tests,260,https://root.cern,https://github.com/root-project/root/pull/14780#issuecomment-1955057743,13,['test'],"['test', 'testReport', 'tests']"
Testability,Build failed on ROOT-ubuntu2004/python3.; Running on root-ubuntu-2004-1.cern.ch:/home/sftnight/build/workspace/root-pullrequests-build; [See console output](https://lcgapp-services.cern.ch/root-jenkins/job/root-pullrequests-build/196219/console).; ### Failing tests:; - [projectroot.tmva.pymva.test.PyMVA_Torch_Classification](https://lcgapp-services.cern.ch/root-jenkins/job/root-pullrequests-build/196219/testReport/projectroot.tmva.pymva/test/PyMVA_Torch_Classification/); - [projectroot.tmva.pymva.test.PyMVA_Torch_Regression](https://lcgapp-services.cern.ch/root-jenkins/job/root-pullrequests-build/196219/testReport/projectroot.tmva.pymva/test/PyMVA_Torch_Regression/); - [projectroot.tmva.pymva.test.PyMVA_Torch_Multiclass](https://lcgapp-services.cern.ch/root-jenkins/job/root-pullrequests-build/196219/testReport/projectroot.tmva.pymva/test/PyMVA_Torch_Multiclass/); - [projectroot.tmva.pymva.test.gtest_tmva_pymva_test_TestRModelParserPyTorch](https://lcgapp-services.cern.ch/root-jenkins/job/root-pullrequests-build/196219/testReport/projectroot.tmva.pymva/test/gtest_tmva_pymva_test_TestRModelParserPyTorch/),MatchSource.ISSUE_COMMENT,root-project,root,v6-32-06,https://github.com/root-project/root/pull/14398#issuecomment-1955118447:260,test,tests,260,https://root.cern,https://github.com/root-project/root/pull/14398#issuecomment-1955118447,13,['test'],"['test', 'testReport', 'tests']"
Testability,Build failed on ROOT-ubuntu2004/python3.; Running on root-ubuntu-2004-1.cern.ch:/home/sftnight/build/workspace/root-pullrequests-build; [See console output](https://lcgapp-services.cern.ch/root-jenkins/job/root-pullrequests-build/196230/console).; ### Failing tests:; - [projectroot.tmva.pymva.test.PyMVA_Torch_Regression](https://lcgapp-services.cern.ch/root-jenkins/job/root-pullrequests-build/196230/testReport/projectroot.tmva.pymva/test/PyMVA_Torch_Regression/); - [projectroot.tmva.pymva.test.PyMVA_Torch_Classification](https://lcgapp-services.cern.ch/root-jenkins/job/root-pullrequests-build/196230/testReport/projectroot.tmva.pymva/test/PyMVA_Torch_Classification/); - [projectroot.tmva.pymva.test.PyMVA_Torch_Multiclass](https://lcgapp-services.cern.ch/root-jenkins/job/root-pullrequests-build/196230/testReport/projectroot.tmva.pymva/test/PyMVA_Torch_Multiclass/); - [projectroot.tmva.pymva.test.gtest_tmva_pymva_test_TestRModelParserPyTorch](https://lcgapp-services.cern.ch/root-jenkins/job/root-pullrequests-build/196230/testReport/projectroot.tmva.pymva/test/gtest_tmva_pymva_test_TestRModelParserPyTorch/),MatchSource.ISSUE_COMMENT,root-project,root,v6-32-06,https://github.com/root-project/root/pull/14776#issuecomment-1956267051:260,test,tests,260,https://root.cern,https://github.com/root-project/root/pull/14776#issuecomment-1956267051,13,['test'],"['test', 'testReport', 'tests']"
Testability,Build failed on ROOT-ubuntu2004/python3.; Running on root-ubuntu-2004-1.cern.ch:/home/sftnight/build/workspace/root-pullrequests-build; [See console output](https://lcgapp-services.cern.ch/root-jenkins/job/root-pullrequests-build/196235/console).; ### Failing tests:; - [projectroot.tmva.pymva.test.PyMVA_Torch_Classification](https://lcgapp-services.cern.ch/root-jenkins/job/root-pullrequests-build/196235/testReport/projectroot.tmva.pymva/test/PyMVA_Torch_Classification/); - [projectroot.tmva.pymva.test.PyMVA_Torch_Regression](https://lcgapp-services.cern.ch/root-jenkins/job/root-pullrequests-build/196235/testReport/projectroot.tmva.pymva/test/PyMVA_Torch_Regression/); - [projectroot.tmva.pymva.test.PyMVA_Torch_Multiclass](https://lcgapp-services.cern.ch/root-jenkins/job/root-pullrequests-build/196235/testReport/projectroot.tmva.pymva/test/PyMVA_Torch_Multiclass/); - [projectroot.tmva.pymva.test.gtest_tmva_pymva_test_TestRModelParserPyTorch](https://lcgapp-services.cern.ch/root-jenkins/job/root-pullrequests-build/196235/testReport/projectroot.tmva.pymva/test/gtest_tmva_pymva_test_TestRModelParserPyTorch/),MatchSource.ISSUE_COMMENT,root-project,root,v6-32-06,https://github.com/root-project/root/pull/14783#issuecomment-1956337905:260,test,tests,260,https://root.cern,https://github.com/root-project/root/pull/14783#issuecomment-1956337905,13,['test'],"['test', 'testReport', 'tests']"
Testability,Build failed on ROOT-ubuntu2004/python3.; Running on root-ubuntu-2004-1.cern.ch:/home/sftnight/build/workspace/root-pullrequests-build; [See console output](https://lcgapp-services.cern.ch/root-jenkins/job/root-pullrequests-build/196255/console).; ### Failing tests:; - [projectroot.tmva.pymva.test.PyMVA_Torch_Classification](https://lcgapp-services.cern.ch/root-jenkins/job/root-pullrequests-build/196255/testReport/projectroot.tmva.pymva/test/PyMVA_Torch_Classification/); - [projectroot.tmva.pymva.test.PyMVA_Torch_Regression](https://lcgapp-services.cern.ch/root-jenkins/job/root-pullrequests-build/196255/testReport/projectroot.tmva.pymva/test/PyMVA_Torch_Regression/); - [projectroot.tmva.pymva.test.PyMVA_Torch_Multiclass](https://lcgapp-services.cern.ch/root-jenkins/job/root-pullrequests-build/196255/testReport/projectroot.tmva.pymva/test/PyMVA_Torch_Multiclass/); - [projectroot.tmva.pymva.test.gtest_tmva_pymva_test_TestRModelParserPyTorch](https://lcgapp-services.cern.ch/root-jenkins/job/root-pullrequests-build/196255/testReport/projectroot.tmva.pymva/test/gtest_tmva_pymva_test_TestRModelParserPyTorch/),MatchSource.ISSUE_COMMENT,root-project,root,v6-32-06,https://github.com/root-project/root/pull/14774#issuecomment-1956583335:260,test,tests,260,https://root.cern,https://github.com/root-project/root/pull/14774#issuecomment-1956583335,13,['test'],"['test', 'testReport', 'tests']"
Testability,Build failed on ROOT-ubuntu2004/python3.; Running on root-ubuntu-2004-1.cern.ch:/home/sftnight/build/workspace/root-pullrequests-build; [See console output](https://lcgapp-services.cern.ch/root-jenkins/job/root-pullrequests-build/196265/console).; ### Failing tests:; - [projectroot.hist.histdrawv7.test.gtest_hist_histdrawv7_test_ioUnit](https://lcgapp-services.cern.ch/root-jenkins/job/root-pullrequests-build/196265/testReport/projectroot.hist.histdrawv7/test/gtest_hist_histdrawv7_test_ioUnit/),MatchSource.ISSUE_COMMENT,root-project,root,v6-32-06,https://github.com/root-project/root/pull/14782#issuecomment-1956690067:260,test,tests,260,https://root.cern,https://github.com/root-project/root/pull/14782#issuecomment-1956690067,4,['test'],"['test', 'testReport', 'tests']"
Testability,Build failed on ROOT-ubuntu2004/python3.; Running on root-ubuntu-2004-1.cern.ch:/home/sftnight/build/workspace/root-pullrequests-build; [See console output](https://lcgapp-services.cern.ch/root-jenkins/job/root-pullrequests-build/196270/console).; ### Failing tests:; - [projectroot.tmva.pymva.test.PyMVA_Torch_Classification](https://lcgapp-services.cern.ch/root-jenkins/job/root-pullrequests-build/196270/testReport/projectroot.tmva.pymva/test/PyMVA_Torch_Classification/); - [projectroot.tmva.pymva.test.PyMVA_Torch_Regression](https://lcgapp-services.cern.ch/root-jenkins/job/root-pullrequests-build/196270/testReport/projectroot.tmva.pymva/test/PyMVA_Torch_Regression/); - [projectroot.tmva.pymva.test.PyMVA_Torch_Multiclass](https://lcgapp-services.cern.ch/root-jenkins/job/root-pullrequests-build/196270/testReport/projectroot.tmva.pymva/test/PyMVA_Torch_Multiclass/); - [projectroot.tmva.pymva.test.gtest_tmva_pymva_test_TestRModelParserPyTorch](https://lcgapp-services.cern.ch/root-jenkins/job/root-pullrequests-build/196270/testReport/projectroot.tmva.pymva/test/gtest_tmva_pymva_test_TestRModelParserPyTorch/),MatchSource.ISSUE_COMMENT,root-project,root,v6-32-06,https://github.com/root-project/root/pull/14784#issuecomment-1956820994:260,test,tests,260,https://root.cern,https://github.com/root-project/root/pull/14784#issuecomment-1956820994,13,['test'],"['test', 'testReport', 'tests']"
Testability,Build failed on ROOT-ubuntu2004/python3.; Running on root-ubuntu-2004-1.cern.ch:/home/sftnight/build/workspace/root-pullrequests-build; [See console output](https://lcgapp-services.cern.ch/root-jenkins/job/root-pullrequests-build/196280/console).; ### Failing tests:; - [projectroot.tmva.pymva.test.PyMVA_Torch_Regression](https://lcgapp-services.cern.ch/root-jenkins/job/root-pullrequests-build/196280/testReport/projectroot.tmva.pymva/test/PyMVA_Torch_Regression/); - [projectroot.tmva.pymva.test.PyMVA_Torch_Classification](https://lcgapp-services.cern.ch/root-jenkins/job/root-pullrequests-build/196280/testReport/projectroot.tmva.pymva/test/PyMVA_Torch_Classification/); - [projectroot.tmva.pymva.test.PyMVA_Torch_Multiclass](https://lcgapp-services.cern.ch/root-jenkins/job/root-pullrequests-build/196280/testReport/projectroot.tmva.pymva/test/PyMVA_Torch_Multiclass/); - [projectroot.tmva.pymva.test.gtest_tmva_pymva_test_TestRModelParserPyTorch](https://lcgapp-services.cern.ch/root-jenkins/job/root-pullrequests-build/196280/testReport/projectroot.tmva.pymva/test/gtest_tmva_pymva_test_TestRModelParserPyTorch/),MatchSource.ISSUE_COMMENT,root-project,root,v6-32-06,https://github.com/root-project/root/pull/14776#issuecomment-1956943818:260,test,tests,260,https://root.cern,https://github.com/root-project/root/pull/14776#issuecomment-1956943818,13,['test'],"['test', 'testReport', 'tests']"
Testability,Build failed on ROOT-ubuntu2004/python3.; Running on root-ubuntu-2004-1.cern.ch:/home/sftnight/build/workspace/root-pullrequests-build; [See console output](https://lcgapp-services.cern.ch/root-jenkins/job/root-pullrequests-build/196285/console).; ### Failing tests:; - [projectroot.tmva.pymva.test.PyMVA_Torch_Classification](https://lcgapp-services.cern.ch/root-jenkins/job/root-pullrequests-build/196285/testReport/projectroot.tmva.pymva/test/PyMVA_Torch_Classification/); - [projectroot.tmva.pymva.test.PyMVA_Torch_Regression](https://lcgapp-services.cern.ch/root-jenkins/job/root-pullrequests-build/196285/testReport/projectroot.tmva.pymva/test/PyMVA_Torch_Regression/); - [projectroot.tmva.pymva.test.PyMVA_Torch_Multiclass](https://lcgapp-services.cern.ch/root-jenkins/job/root-pullrequests-build/196285/testReport/projectroot.tmva.pymva/test/PyMVA_Torch_Multiclass/); - [projectroot.tmva.pymva.test.gtest_tmva_pymva_test_TestRModelParserPyTorch](https://lcgapp-services.cern.ch/root-jenkins/job/root-pullrequests-build/196285/testReport/projectroot.tmva.pymva/test/gtest_tmva_pymva_test_TestRModelParserPyTorch/),MatchSource.ISSUE_COMMENT,root-project,root,v6-32-06,https://github.com/root-project/root/pull/14645#issuecomment-1957072916:260,test,tests,260,https://root.cern,https://github.com/root-project/root/pull/14645#issuecomment-1957072916,13,['test'],"['test', 'testReport', 'tests']"
Testability,Build failed on ROOT-ubuntu2004/python3.; Running on root-ubuntu-2004-1.cern.ch:/home/sftnight/build/workspace/root-pullrequests-build; [See console output](https://lcgapp-services.cern.ch/root-jenkins/job/root-pullrequests-build/196290/console).; ### Failing tests:; - [projectroot.tmva.pymva.test.PyMVA_Torch_Classification](https://lcgapp-services.cern.ch/root-jenkins/job/root-pullrequests-build/196290/testReport/projectroot.tmva.pymva/test/PyMVA_Torch_Classification/); - [projectroot.tmva.pymva.test.PyMVA_Torch_Regression](https://lcgapp-services.cern.ch/root-jenkins/job/root-pullrequests-build/196290/testReport/projectroot.tmva.pymva/test/PyMVA_Torch_Regression/); - [projectroot.tmva.pymva.test.PyMVA_Torch_Multiclass](https://lcgapp-services.cern.ch/root-jenkins/job/root-pullrequests-build/196290/testReport/projectroot.tmva.pymva/test/PyMVA_Torch_Multiclass/); - [projectroot.tmva.pymva.test.gtest_tmva_pymva_test_TestRModelParserPyTorch](https://lcgapp-services.cern.ch/root-jenkins/job/root-pullrequests-build/196290/testReport/projectroot.tmva.pymva/test/gtest_tmva_pymva_test_TestRModelParserPyTorch/),MatchSource.ISSUE_COMMENT,root-project,root,v6-32-06,https://github.com/root-project/root/pull/14786#issuecomment-1957206554:260,test,tests,260,https://root.cern,https://github.com/root-project/root/pull/14786#issuecomment-1957206554,13,['test'],"['test', 'testReport', 'tests']"
Testability,Build failed on ROOT-ubuntu2004/python3.; Running on root-ubuntu-2004-1.cern.ch:/home/sftnight/build/workspace/root-pullrequests-build; [See console output](https://lcgapp-services.cern.ch/root-jenkins/job/root-pullrequests-build/196295/console).; ### Failing tests:; - [projectroot.tmva.pymva.test.PyMVA_Torch_Regression](https://lcgapp-services.cern.ch/root-jenkins/job/root-pullrequests-build/196295/testReport/projectroot.tmva.pymva/test/PyMVA_Torch_Regression/); - [projectroot.tmva.pymva.test.PyMVA_Torch_Classification](https://lcgapp-services.cern.ch/root-jenkins/job/root-pullrequests-build/196295/testReport/projectroot.tmva.pymva/test/PyMVA_Torch_Classification/); - [projectroot.tmva.pymva.test.PyMVA_Torch_Multiclass](https://lcgapp-services.cern.ch/root-jenkins/job/root-pullrequests-build/196295/testReport/projectroot.tmva.pymva/test/PyMVA_Torch_Multiclass/); - [projectroot.tmva.pymva.test.gtest_tmva_pymva_test_TestRModelParserPyTorch](https://lcgapp-services.cern.ch/root-jenkins/job/root-pullrequests-build/196295/testReport/projectroot.tmva.pymva/test/gtest_tmva_pymva_test_TestRModelParserPyTorch/),MatchSource.ISSUE_COMMENT,root-project,root,v6-32-06,https://github.com/root-project/root/pull/14787#issuecomment-1957311586:260,test,tests,260,https://root.cern,https://github.com/root-project/root/pull/14787#issuecomment-1957311586,13,['test'],"['test', 'testReport', 'tests']"
Testability,Build failed on ROOT-ubuntu2004/python3.; Running on root-ubuntu-2004-1.cern.ch:/home/sftnight/build/workspace/root-pullrequests-build; [See console output](https://lcgapp-services.cern.ch/root-jenkins/job/root-pullrequests-build/196300/console).; ### Failing tests:; - [projectroot.tree.dataframe.test.gtest_tree_dataframe_test_dataframe_display](https://lcgapp-services.cern.ch/root-jenkins/job/root-pullrequests-build/196300/testReport/projectroot.tree.dataframe/test/gtest_tree_dataframe_test_dataframe_display/); - [projectroot.tree.dataframe.test.gtest_tree_dataframe_test_datasource_csv](https://lcgapp-services.cern.ch/root-jenkins/job/root-pullrequests-build/196300/testReport/projectroot.tree.dataframe/test/gtest_tree_dataframe_test_datasource_csv/); - [projectroot.tmva.pymva.test.PyMVA_Torch_Regression](https://lcgapp-services.cern.ch/root-jenkins/job/root-pullrequests-build/196300/testReport/projectroot.tmva.pymva/test/PyMVA_Torch_Regression/); - [projectroot.tmva.pymva.test.PyMVA_Torch_Classification](https://lcgapp-services.cern.ch/root-jenkins/job/root-pullrequests-build/196300/testReport/projectroot.tmva.pymva/test/PyMVA_Torch_Classification/); - [projectroot.tmva.pymva.test.PyMVA_Torch_Multiclass](https://lcgapp-services.cern.ch/root-jenkins/job/root-pullrequests-build/196300/testReport/projectroot.tmva.pymva/test/PyMVA_Torch_Multiclass/); - [projectroot.tmva.pymva.test.gtest_tmva_pymva_test_TestRModelParserPyTorch](https://lcgapp-services.cern.ch/root-jenkins/job/root-pullrequests-build/196300/testReport/projectroot.tmva.pymva/test/gtest_tmva_pymva_test_TestRModelParserPyTorch/),MatchSource.ISSUE_COMMENT,root-project,root,v6-32-06,https://github.com/root-project/root/pull/14692#issuecomment-1957462480:260,test,tests,260,https://root.cern,https://github.com/root-project/root/pull/14692#issuecomment-1957462480,19,['test'],"['test', 'testReport', 'tests']"
Testability,Build failed on ROOT-ubuntu2004/python3.; Running on root-ubuntu-2004-1.cern.ch:/home/sftnight/build/workspace/root-pullrequests-build; [See console output](https://lcgapp-services.cern.ch/root-jenkins/job/root-pullrequests-build/196305/console).; ### Errors:; - [2024-02-21T18:55:24.151Z] FAILED: tmva/sofie/test/CMakeFiles/SofieCompileModels_ROOT.util,MatchSource.ISSUE_COMMENT,root-project,root,v6-32-06,https://github.com/root-project/root/pull/14760#issuecomment-1957702018:309,test,test,309,https://root.cern,https://github.com/root-project/root/pull/14760#issuecomment-1957702018,1,['test'],['test']
Testability,Build failed on ROOT-ubuntu2004/python3.; Running on root-ubuntu-2004-1.cern.ch:/home/sftnight/build/workspace/root-pullrequests-build; [See console output](https://lcgapp-services.cern.ch/root-jenkins/job/root-pullrequests-build/196330/console).; ### Failing tests:; - [projectroot.roottest.cling.typedef_global.roottest_cling_typedef_global_scopeTest](https://lcgapp-services.cern.ch/root-jenkins/job/root-pullrequests-build/196330/testReport/projectroot.roottest.cling/typedef_global/roottest_cling_typedef_global_scopeTest/),MatchSource.ISSUE_COMMENT,root-project,root,v6-32-06,https://github.com/root-project/root/pull/14728#issuecomment-1958409995:260,test,tests,260,https://root.cern,https://github.com/root-project/root/pull/14728#issuecomment-1958409995,2,['test'],"['testReport', 'tests']"
Testability,Build failed on ROOT-ubuntu2004/python3.; Running on root-ubuntu-2004-1.cern.ch:/home/sftnight/build/workspace/root-pullrequests-build; [See console output](https://lcgapp-services.cern.ch/root-jenkins/job/root-pullrequests-build/196355/console).; ### Failing tests:; - [projectroot.roottest.root.tree.readrules.gh-14462.gtesttest_root_tree_readrules_gh_14462_gh14462regression](https://lcgapp-services.cern.ch/root-jenkins/job/root-pullrequests-build/196355/testReport/projectroot.roottest.root.tree.readrules/gh-14462/gtesttest_root_tree_readrules_gh_14462_gh14462regression/); - [projectroot.tmva.pymva.test.PyMVA_Torch_Classification](https://lcgapp-services.cern.ch/root-jenkins/job/root-pullrequests-build/196355/testReport/projectroot.tmva.pymva/test/PyMVA_Torch_Classification/); - [projectroot.tmva.pymva.test.PyMVA_Torch_Regression](https://lcgapp-services.cern.ch/root-jenkins/job/root-pullrequests-build/196355/testReport/projectroot.tmva.pymva/test/PyMVA_Torch_Regression/); - [projectroot.tmva.pymva.test.PyMVA_Torch_Multiclass](https://lcgapp-services.cern.ch/root-jenkins/job/root-pullrequests-build/196355/testReport/projectroot.tmva.pymva/test/PyMVA_Torch_Multiclass/); - [projectroot.tmva.pymva.test.gtest_tmva_pymva_test_TestRModelParserPyTorch](https://lcgapp-services.cern.ch/root-jenkins/job/root-pullrequests-build/196355/testReport/projectroot.tmva.pymva/test/gtest_tmva_pymva_test_TestRModelParserPyTorch/),MatchSource.ISSUE_COMMENT,root-project,root,v6-32-06,https://github.com/root-project/root/pull/14796#issuecomment-1959211426:260,test,tests,260,https://root.cern,https://github.com/root-project/root/pull/14796#issuecomment-1959211426,14,['test'],"['test', 'testReport', 'tests']"
Testability,Build failed on ROOT-ubuntu2004/python3.; Running on root-ubuntu-2004-1.cern.ch:/home/sftnight/build/workspace/root-pullrequests-build; [See console output](https://lcgapp-services.cern.ch/root-jenkins/job/root-pullrequests-build/196370/console).; ### Failing tests:; - [projectroot.tree.ntuple.v7.test.gtest_tree_ntuple_v7_test_ntuple_basics](https://lcgapp-services.cern.ch/root-jenkins/job/root-pullrequests-build/196370/testReport/projectroot.tree.ntuple.v7/test/gtest_tree_ntuple_v7_test_ntuple_basics/); - [projectroot.tree.ntuple.v7.test.gtest_tree_ntuple_v7_test_ntuple_minifile](https://lcgapp-services.cern.ch/root-jenkins/job/root-pullrequests-build/196370/testReport/projectroot.tree.ntuple.v7/test/gtest_tree_ntuple_v7_test_ntuple_minifile/); - [projectroot.tree.ntuple.v7.test.gtest_tree_ntuple_v7_test_ntuple_parallel_writer](https://lcgapp-services.cern.ch/root-jenkins/job/root-pullrequests-build/196370/testReport/projectroot.tree.ntuple.v7/test/gtest_tree_ntuple_v7_test_ntuple_parallel_writer/); - [projectroot.tree.ntuple.v7.test.gtest_tree_ntuple_v7_test_ntuple_extended](https://lcgapp-services.cern.ch/root-jenkins/job/root-pullrequests-build/196370/testReport/projectroot.tree.ntuple.v7/test/gtest_tree_ntuple_v7_test_ntuple_extended/); - [projectroot.tree.ntupleutil.v7.test.gtest_tree_ntupleutil_v7_test_ntuple_importer](https://lcgapp-services.cern.ch/root-jenkins/job/root-pullrequests-build/196370/testReport/projectroot.tree.ntupleutil.v7/test/gtest_tree_ntupleutil_v7_test_ntuple_importer/),MatchSource.ISSUE_COMMENT,root-project,root,v6-32-06,https://github.com/root-project/root/pull/14677#issuecomment-1959323933:260,test,tests,260,https://root.cern,https://github.com/root-project/root/pull/14677#issuecomment-1959323933,16,['test'],"['test', 'testReport', 'tests']"
Testability,Build failed on ROOT-ubuntu2004/python3.; Running on root-ubuntu-2004-1.cern.ch:/home/sftnight/build/workspace/root-pullrequests-build; [See console output](https://lcgapp-services.cern.ch/root-jenkins/job/root-pullrequests-build/196375/console).; ### Failing tests:; - [projectroot.tmva.pymva.test.PyMVA_Keras_Regression](https://lcgapp-services.cern.ch/root-jenkins/job/root-pullrequests-build/196375/testReport/projectroot.tmva.pymva/test/PyMVA_Keras_Regression/),MatchSource.ISSUE_COMMENT,root-project,root,v6-32-06,https://github.com/root-project/root/pull/14798#issuecomment-1959377859:260,test,tests,260,https://root.cern,https://github.com/root-project/root/pull/14798#issuecomment-1959377859,4,['test'],"['test', 'testReport', 'tests']"
Testability,Build failed on ROOT-ubuntu2004/python3.; Running on root-ubuntu-2004-1.cern.ch:/home/sftnight/build/workspace/root-pullrequests-build; [See console output](https://lcgapp-services.cern.ch/root-jenkins/job/root-pullrequests-build/196476/console).; ### Failing tests:; - [projectroot.roottest.python.distrdf.common.roottest_python_distrdf_common_test_all](https://lcgapp-services.cern.ch/root-jenkins/job/root-pullrequests-build/196476/testReport/projectroot.roottest.python.distrdf/common/roottest_python_distrdf_common_test_all/),MatchSource.ISSUE_COMMENT,root-project,root,v6-32-06,https://github.com/root-project/root/pull/14806#issuecomment-1961566649:260,test,tests,260,https://root.cern,https://github.com/root-project/root/pull/14806#issuecomment-1961566649,2,['test'],"['testReport', 'tests']"
Testability,Build failed on ROOT-ubuntu2004/python3.; Running on root-ubuntu-2004-1.cern.ch:/home/sftnight/build/workspace/root-pullrequests-build; [See console output](https://lcgapp-services.cern.ch/root-jenkins/job/root-pullrequests-build/196521/console).; ### Errors:; - [2024-02-23T18:09:57.597Z] FAILED: tmva/sofie/test/CMakeFiles/SofieCompileModels_ROOT.util,MatchSource.ISSUE_COMMENT,root-project,root,v6-32-06,https://github.com/root-project/root/pull/14760#issuecomment-1961777359:309,test,test,309,https://root.cern,https://github.com/root-project/root/pull/14760#issuecomment-1961777359,1,['test'],['test']
Testability,Build failed on ROOT-ubuntu2004/python3.; Running on root-ubuntu-2004-1.cern.ch:/home/sftnight/build/workspace/root-pullrequests-build; [See console output](https://lcgapp-services.cern.ch/root-jenkins/job/root-pullrequests-build/196561/console).; ### Errors:; - [2024-02-24T10:08:15.566Z] FAILED: tmva/sofie/test/CMakeFiles/SofieCompileModels_ROOT.util,MatchSource.ISSUE_COMMENT,root-project,root,v6-32-06,https://github.com/root-project/root/pull/14760#issuecomment-1962318370:309,test,test,309,https://root.cern,https://github.com/root-project/root/pull/14760#issuecomment-1962318370,1,['test'],['test']
Testability,Build failed on ROOT-ubuntu2004/python3.; Running on root-ubuntu-2004-1.cern.ch:/home/sftnight/build/workspace/root-pullrequests-build; [See console output](https://lcgapp-services.cern.ch/root-jenkins/job/root-pullrequests-build/196566/console).; ### Failing tests:; - [projectroot.tree.dataframe.test.gtest_tree_dataframe_test_dataframe_interface](https://lcgapp-services.cern.ch/root-jenkins/job/root-pullrequests-build/196566/testReport/projectroot.tree.dataframe/test/gtest_tree_dataframe_test_dataframe_interface/),MatchSource.ISSUE_COMMENT,root-project,root,v6-32-06,https://github.com/root-project/root/pull/14676#issuecomment-1962332373:260,test,tests,260,https://root.cern,https://github.com/root-project/root/pull/14676#issuecomment-1962332373,4,['test'],"['test', 'testReport', 'tests']"
Testability,Build failed on ROOT-ubuntu2004/python3.; Running on root-ubuntu-2004-1.cern.ch:/home/sftnight/build/workspace/root-pullrequests-build; [See console output](https://lcgapp-services.cern.ch/root-jenkins/job/root-pullrequests-build/196591/console).; ### Failing tests:; - [projectroot.roottest.root.meta.ROOT-7181.roottest_root_meta_ROOT_7181_make](https://lcgapp-services.cern.ch/root-jenkins/job/root-pullrequests-build/196591/testReport/projectroot.roottest.root.meta/ROOT-7181/roottest_root_meta_ROOT_7181_make/),MatchSource.ISSUE_COMMENT,root-project,root,v6-32-06,https://github.com/root-project/root/pull/14813#issuecomment-1962624321:260,test,tests,260,https://root.cern,https://github.com/root-project/root/pull/14813#issuecomment-1962624321,2,['test'],"['testReport', 'tests']"
Testability,Build failed on ROOT-ubuntu2004/python3.; Running on root-ubuntu-2004-1.cern.ch:/home/sftnight/build/workspace/root-pullrequests-build; [See console output](https://lcgapp-services.cern.ch/root-jenkins/job/root-pullrequests-build/196626/console).; ### Failing tests:; - [projectroot.roottest.root.tree.cache.roottest_root_tree_cache_LastCluster](https://lcgapp-services.cern.ch/root-jenkins/job/root-pullrequests-build/196626/testReport/projectroot.roottest.root.tree/cache/roottest_root_tree_cache_LastCluster/),MatchSource.ISSUE_COMMENT,root-project,root,v6-32-06,https://github.com/root-project/root/pull/14818#issuecomment-1962962369:260,test,tests,260,https://root.cern,https://github.com/root-project/root/pull/14818#issuecomment-1962962369,2,['test'],"['testReport', 'tests']"
Testability,Build failed on ROOT-ubuntu2004/python3.; Running on root-ubuntu-2004-1.cern.ch:/home/sftnight/build/workspace/root-pullrequests-build; [See console output](https://lcgapp-services.cern.ch/root-jenkins/job/root-pullrequests-build/196676/console).; ### Failing tests:; - [projectroot.tree.ntuple.v7.test.gtest_tree_ntuple_v7_test_ntuple_cluster](https://lcgapp-services.cern.ch/root-jenkins/job/root-pullrequests-build/196676/testReport/projectroot.tree.ntuple.v7/test/gtest_tree_ntuple_v7_test_ntuple_cluster/),MatchSource.ISSUE_COMMENT,root-project,root,v6-32-06,https://github.com/root-project/root/pull/14807#issuecomment-1964106236:260,test,tests,260,https://root.cern,https://github.com/root-project/root/pull/14807#issuecomment-1964106236,4,['test'],"['test', 'testReport', 'tests']"
Testability,Build failed on ROOT-ubuntu2004/python3.; Running on root-ubuntu-2004-1.cern.ch:/home/sftnight/build/workspace/root-pullrequests-build; [See console output](https://lcgapp-services.cern.ch/root-jenkins/job/root-pullrequests-build/196856/console).; ### Failing tests:; - [projectroot.test.test_stressgraphics_interpreted](https://lcgapp-services.cern.ch/root-jenkins/job/root-pullrequests-build/196856/testReport/projectroot/test/test_stressgraphics_interpreted/),MatchSource.ISSUE_COMMENT,root-project,root,v6-32-06,https://github.com/root-project/root/pull/14841#issuecomment-1967103406:260,test,tests,260,https://root.cern,https://github.com/root-project/root/pull/14841#issuecomment-1967103406,4,['test'],"['test', 'testReport', 'tests']"
Testability,Build failed on ROOT-ubuntu2004/python3.; Running on root-ubuntu-2004-1.cern.ch:/home/sftnight/build/workspace/root-pullrequests-build; [See console output](https://lcgapp-services.cern.ch/root-jenkins/job/root-pullrequests-build/196866/console).; ### Failing tests:; - [projectroot.roottest.root.meta.ROOT-7181.roottest_root_meta_ROOT_7181_make](https://lcgapp-services.cern.ch/root-jenkins/job/root-pullrequests-build/196866/testReport/projectroot.roottest.root.meta/ROOT-7181/roottest_root_meta_ROOT_7181_make/),MatchSource.ISSUE_COMMENT,root-project,root,v6-32-06,https://github.com/root-project/root/pull/14813#issuecomment-1967302893:260,test,tests,260,https://root.cern,https://github.com/root-project/root/pull/14813#issuecomment-1967302893,2,['test'],"['testReport', 'tests']"
Testability,Build failed on ROOT-ubuntu2004/python3.; Running on root-ubuntu-2004-1.cern.ch:/home/sftnight/build/workspace/root-pullrequests-build; [See console output](https://lcgapp-services.cern.ch/root-jenkins/job/root-pullrequests-build/196871/console).; ### Failing tests:; - [projectroot.roottest.root.tree.fastcloning.roottest_root_tree_fastcloning_execCheckClusterRange](https://lcgapp-services.cern.ch/root-jenkins/job/root-pullrequests-build/196871/testReport/projectroot.roottest.root.tree/fastcloning/roottest_root_tree_fastcloning_execCheckClusterRange/); - [projectroot.tmva.pymva.test.PyMVA_Torch_Classification](https://lcgapp-services.cern.ch/root-jenkins/job/root-pullrequests-build/196871/testReport/projectroot.tmva.pymva/test/PyMVA_Torch_Classification/); - [projectroot.tmva.pymva.test.PyMVA_Torch_Regression](https://lcgapp-services.cern.ch/root-jenkins/job/root-pullrequests-build/196871/testReport/projectroot.tmva.pymva/test/PyMVA_Torch_Regression/); - [projectroot.tmva.pymva.test.PyMVA_Torch_Multiclass](https://lcgapp-services.cern.ch/root-jenkins/job/root-pullrequests-build/196871/testReport/projectroot.tmva.pymva/test/PyMVA_Torch_Multiclass/),MatchSource.ISSUE_COMMENT,root-project,root,v6-32-06,https://github.com/root-project/root/pull/14747#issuecomment-1967458604:260,test,tests,260,https://root.cern,https://github.com/root-project/root/pull/14747#issuecomment-1967458604,11,['test'],"['test', 'testReport', 'tests']"
Testability,Build failed on ROOT-ubuntu2004/python3.; Running on root-ubuntu-2004-1.cern.ch:/home/sftnight/build/workspace/root-pullrequests-build; [See console output](https://lcgapp-services.cern.ch/root-jenkins/job/root-pullrequests-build/196911/console).; ### Failing tests:; - [projectroot.test.test_stressgraphics_interpreted](https://lcgapp-services.cern.ch/root-jenkins/job/root-pullrequests-build/196911/testReport/projectroot/test/test_stressgraphics_interpreted/),MatchSource.ISSUE_COMMENT,root-project,root,v6-32-06,https://github.com/root-project/root/pull/14841#issuecomment-1968615612:260,test,tests,260,https://root.cern,https://github.com/root-project/root/pull/14841#issuecomment-1968615612,4,['test'],"['test', 'testReport', 'tests']"
Testability,Build failed on ROOT-ubuntu2004/python3.; Running on root-ubuntu-2004-1.cern.ch:/home/sftnight/build/workspace/root-pullrequests-build; [See console output](https://lcgapp-services.cern.ch/root-jenkins/job/root-pullrequests-build/196926/console).; ### Failing tests:; - [projectroot.roottest.cling.typedef_global.roottest_cling_typedef_global_scopeTest2](https://lcgapp-services.cern.ch/root-jenkins/job/root-pullrequests-build/196926/testReport/projectroot.roottest.cling/typedef_global/roottest_cling_typedef_global_scopeTest2/),MatchSource.ISSUE_COMMENT,root-project,root,v6-32-06,https://github.com/root-project/root/pull/14847#issuecomment-1968758461:260,test,tests,260,https://root.cern,https://github.com/root-project/root/pull/14847#issuecomment-1968758461,2,['test'],"['testReport', 'tests']"
Testability,Build failed on ROOT-ubuntu2004/python3.; Running on root-ubuntu-2004-1.cern.ch:/home/sftnight/build/workspace/root-pullrequests-build; [See console output](https://lcgapp-services.cern.ch/root-jenkins/job/root-pullrequests-build/196946/console).; ### Failing tests:; - [projectroot.roottest.python.distrdf.dask.roottest_python_distrdf_dask_test_all](https://lcgapp-services.cern.ch/root-jenkins/job/root-pullrequests-build/196946/testReport/projectroot.roottest.python.distrdf/dask/roottest_python_distrdf_dask_test_all/); - [projectroot.bindings.experimental.distrdf.test.pyunittests_distrdf_unit_test_friendinfo](https://lcgapp-services.cern.ch/root-jenkins/job/root-pullrequests-build/196946/testReport/projectroot.bindings.experimental.distrdf/test/pyunittests_distrdf_unit_test_friendinfo/); - [projectroot.bindings.experimental.distrdf.test.pyunittests_distrdf_unit_test_headnode](https://lcgapp-services.cern.ch/root-jenkins/job/root-pullrequests-build/196946/testReport/projectroot.bindings.experimental.distrdf/test/pyunittests_distrdf_unit_test_headnode/); - [projectroot.bindings.experimental.distrdf.test.pyunittests_distrdf_unit_test_ranges](https://lcgapp-services.cern.ch/root-jenkins/job/root-pullrequests-build/196946/testReport/projectroot.bindings.experimental.distrdf/test/pyunittests_distrdf_unit_test_ranges/); - [projectroot.bindings.experimental.distrdf.test.backend.pyunittests_distrdf_unit_backend_test_graph_caching](https://lcgapp-services.cern.ch/root-jenkins/job/root-pullrequests-build/196946/testReport/projectroot.bindings.experimental.distrdf.test/backend/pyunittests_distrdf_unit_backend_test_graph_caching/); - [projectroot.roottest.python.distrdf.spark.roottest_python_distrdf_spark_test_all](https://lcgapp-services.cern.ch/root-jenkins/job/root-pullrequests-build/196946/testReport/projectroot.roottest.python.distrdf/spark/roottest_python_distrdf_spark_test_all/),MatchSource.ISSUE_COMMENT,root-project,root,v6-32-06,https://github.com/root-project/root/pull/14846#issuecomment-1968963895:260,test,tests,260,https://root.cern,https://github.com/root-project/root/pull/14846#issuecomment-1968963895,15,['test'],"['test', 'testReport', 'tests']"
Testability,Build failed on ROOT-ubuntu2004/python3.; Running on root-ubuntu-2004-1.cern.ch:/home/sftnight/build/workspace/root-pullrequests-build; [See console output](https://lcgapp-services.cern.ch/root-jenkins/job/root-pullrequests-build/196966/console).; ### Failing tests:; - [projectroot.tmva.pymva.test.PyMVA_Keras_Regression](https://lcgapp-services.cern.ch/root-jenkins/job/root-pullrequests-build/196966/testReport/projectroot.tmva.pymva/test/PyMVA_Keras_Regression/),MatchSource.ISSUE_COMMENT,root-project,root,v6-32-06,https://github.com/root-project/root/pull/14849#issuecomment-1969316695:260,test,tests,260,https://root.cern,https://github.com/root-project/root/pull/14849#issuecomment-1969316695,4,['test'],"['test', 'testReport', 'tests']"
Testability,Build failed on ROOT-ubuntu2004/python3.; Running on root-ubuntu-2004-1.cern.ch:/home/sftnight/build/workspace/root-pullrequests-build; [See console output](https://lcgapp-services.cern.ch/root-jenkins/job/root-pullrequests-build/196996/console).; ### Failing tests:; - [projectroot.roottest.root.meta.roottest_root_meta_runMemberComments](https://lcgapp-services.cern.ch/root-jenkins/job/root-pullrequests-build/196996/testReport/projectroot.roottest.root/meta/roottest_root_meta_runMemberComments/),MatchSource.ISSUE_COMMENT,root-project,root,v6-32-06,https://github.com/root-project/root/pull/14792#issuecomment-1970026996:260,test,tests,260,https://root.cern,https://github.com/root-project/root/pull/14792#issuecomment-1970026996,2,['test'],"['testReport', 'tests']"
Testability,Build failed on ROOT-ubuntu2004/python3.; Running on root-ubuntu-2004-1.cern.ch:/home/sftnight/build/workspace/root-pullrequests-build; [See console output](https://lcgapp-services.cern.ch/root-jenkins/job/root-pullrequests-build/197011/console).; ### Failing tests:; - [projectroot.tmva.tmva.test.DNN.TMVA_DNN_Regression_Cpu](https://lcgapp-services.cern.ch/root-jenkins/job/root-pullrequests-build/197011/testReport/projectroot.tmva.tmva.test/DNN/TMVA_DNN_Regression_Cpu/),MatchSource.ISSUE_COMMENT,root-project,root,v6-32-06,https://github.com/root-project/root/pull/14807#issuecomment-1970786567:260,test,tests,260,https://root.cern,https://github.com/root-project/root/pull/14807#issuecomment-1970786567,4,['test'],"['test', 'testReport', 'tests']"
Testability,Build failed on ROOT-ubuntu2004/python3.; Running on root-ubuntu-2004-1.cern.ch:/home/sftnight/build/workspace/root-pullrequests-build; [See console output](https://lcgapp-services.cern.ch/root-jenkins/job/root-pullrequests-build/197171/console).; ### Failing tests:; - [projectroot.roottest.root.meta.roottest_root_meta_runMemberComments](https://lcgapp-services.cern.ch/root-jenkins/job/root-pullrequests-build/197171/testReport/projectroot.roottest.root/meta/roottest_root_meta_runMemberComments/),MatchSource.ISSUE_COMMENT,root-project,root,v6-32-06,https://github.com/root-project/root/pull/14792#issuecomment-1972155929:260,test,tests,260,https://root.cern,https://github.com/root-project/root/pull/14792#issuecomment-1972155929,2,['test'],"['testReport', 'tests']"
Testability,"Build failed on ROOT-ubuntu2004/python3.; Running on root-ubuntu-2004-1.cern.ch:/home/sftnight/build/workspace/root-pullrequests-build; [See console output](https://lcgapp-services.cern.ch/root-jenkins/job/root-pullrequests-build/197186/console).; ### Errors:; - [2024-03-01T07:52:31.945Z] FAILED: core/G__Core.cxx lib/Core.pcm ; - [2024-03-01T07:52:32.874Z] /usr/include/c++/9/bits/stl_vector.h:398:7: error: static assertion failed due to requirement 'is_same&lt;ROOT::Internal::TSchemaHelper, ROOT::Internal::TSchemaHelper&gt;::value': std::vector must have a non-const, non-volatile value_type ; - [2024-03-01T07:52:32.874Z] /usr/include/c++/9/bits/stl_vector.h:398:7: error: static assertion failed due to requirement 'is_same&lt;ROOT::TClassAlt *, ROOT::TClassAlt *&gt;::value': std::vector must have a non-const, non-volatile value_type ; - [2024-03-01T07:52:32.874Z] /home/sftnight/build/workspace/root-pullrequests-build/build/include/TStorage.h:85:4: error: static assertion failed due to requirement 'std::is_integral&lt;int&gt;::value': ClassDef(Inline) macro: the specified class version number is not an integer. ; - [2024-03-01T07:52:32.874Z] /home/sftnight/build/workspace/root-pullrequests-build/build/include/TStorage.h:85:4: error: cannot increment value of type 'std::atomic&lt;UChar_t&gt;' (aka 'atomic&lt;unsigned char&gt;') ; - [2024-03-01T07:52:32.874Z] /home/sftnight/build/workspace/root-pullrequests-build/build/include/TStorage.h:85:4: error: cannot increment value of type 'std::atomic&lt;UChar_t&gt;' (aka 'atomic&lt;unsigned char&gt;') ; - [2024-03-01T07:52:32.874Z] /home/sftnight/build/workspace/root-pullrequests-build/build/include/TObject.h:245:4: error: static assertion failed due to requirement 'std::is_integral&lt;int&gt;::value': ClassDef(Inline) macro: the specified class version number is not an integer. ; - [2024-03-01T07:52:32.874Z] /home/sftnight/build/workspace/root-pullrequests-build/build/include/TObject.h:245:4: error: cannot increment value of t",MatchSource.ISSUE_COMMENT,root-project,root,v6-32-06,https://github.com/root-project/root/pull/14495#issuecomment-1972691345:417,assert,assertion,417,https://root.cern,https://github.com/root-project/root/pull/14495#issuecomment-1972691345,2,['assert'],['assertion']
Testability,Build failed on ROOT-ubuntu2004/python3.; Running on root-ubuntu-2004-1.cern.ch:/home/sftnight/build/workspace/root-pullrequests-build; [See console output](https://lcgapp-services.cern.ch/root-jenkins/job/root-pullrequests-build/197311/console).; ### Failing tests:; - [projectroot.roottest.root.io.transient.base.roottest_root_io_transient_base_hadd_autoload](https://lcgapp-services.cern.ch/root-jenkins/job/root-pullrequests-build/197311/testReport/projectroot.roottest.root.io.transient/base/roottest_root_io_transient_base_hadd_autoload/),MatchSource.ISSUE_COMMENT,root-project,root,v6-32-06,https://github.com/root-project/root/pull/14873#issuecomment-1973742220:260,test,tests,260,https://root.cern,https://github.com/root-project/root/pull/14873#issuecomment-1973742220,2,['test'],"['testReport', 'tests']"
Testability,Build failed on ROOT-ubuntu2004/python3.; Running on root-ubuntu-2004-1.cern.ch:/home/sftnight/build/workspace/root-pullrequests-build; [See console output](https://lcgapp-services.cern.ch/root-jenkins/job/root-pullrequests-build/197533/console).; ### Failing tests:; - [projectroot.roottest.root.tree.fastcloning.roottest_root_tree_fastcloning_execCheckClusterRange](https://lcgapp-services.cern.ch/root-jenkins/job/root-pullrequests-build/197533/testReport/projectroot.roottest.root.tree/fastcloning/roottest_root_tree_fastcloning_execCheckClusterRange/); - [projectroot.tmva.pymva.test.PyMVA_Torch_Classification](https://lcgapp-services.cern.ch/root-jenkins/job/root-pullrequests-build/197533/testReport/projectroot.tmva.pymva/test/PyMVA_Torch_Classification/); - [projectroot.tmva.pymva.test.PyMVA_Torch_Regression](https://lcgapp-services.cern.ch/root-jenkins/job/root-pullrequests-build/197533/testReport/projectroot.tmva.pymva/test/PyMVA_Torch_Regression/); - [projectroot.tmva.pymva.test.PyMVA_Torch_Multiclass](https://lcgapp-services.cern.ch/root-jenkins/job/root-pullrequests-build/197533/testReport/projectroot.tmva.pymva/test/PyMVA_Torch_Multiclass/),MatchSource.ISSUE_COMMENT,root-project,root,v6-32-06,https://github.com/root-project/root/pull/14747#issuecomment-1980481488:260,test,tests,260,https://root.cern,https://github.com/root-project/root/pull/14747#issuecomment-1980481488,11,['test'],"['test', 'testReport', 'tests']"
Testability,Build failed on ROOT-ubuntu2004/python3.; Running on root-ubuntu-2004-1.cern.ch:/home/sftnight/build/workspace/root-pullrequests-build; [See console output](https://lcgapp-services.cern.ch/root-jenkins/job/root-pullrequests-build/197573/console).; ### Failing tests:; - [projectroot.tmva.pymva.test.PyMVA_Keras_Regression](https://lcgapp-services.cern.ch/root-jenkins/job/root-pullrequests-build/197573/testReport/projectroot.tmva.pymva/test/PyMVA_Keras_Regression/),MatchSource.ISSUE_COMMENT,root-project,root,v6-32-06,https://github.com/root-project/root/pull/14834#issuecomment-1980967901:260,test,tests,260,https://root.cern,https://github.com/root-project/root/pull/14834#issuecomment-1980967901,4,['test'],"['test', 'testReport', 'tests']"
Testability,Build failed on ROOT-ubuntu2004/python3.; Running on root-ubuntu-2004-1.cern.ch:/home/sftnight/build/workspace/root-pullrequests-build; [See console output](https://lcgapp-services.cern.ch/root-jenkins/job/root-pullrequests-build/197608/console).; ### Failing tests:; - [projectroot.roottest.python.numba.roottest_python_numba_numba](https://lcgapp-services.cern.ch/root-jenkins/job/root-pullrequests-build/197608/testReport/projectroot.roottest.python/numba/roottest_python_numba_numba/); - [projectroot.roottest.python.basic.roottest_python_basic_basic](https://lcgapp-services.cern.ch/root-jenkins/job/root-pullrequests-build/197608/testReport/projectroot.roottest.python/basic/roottest_python_basic_basic/); - [projectroot.roottest.python.cpp.roottest_python_cpp_advanced](https://lcgapp-services.cern.ch/root-jenkins/job/root-pullrequests-build/197608/testReport/projectroot.roottest.python/cpp/roottest_python_cpp_advanced/),MatchSource.ISSUE_COMMENT,root-project,root,v6-32-06,https://github.com/root-project/root/pull/14898#issuecomment-1981537935:260,test,tests,260,https://root.cern,https://github.com/root-project/root/pull/14898#issuecomment-1981537935,4,['test'],"['testReport', 'tests']"
Testability,Build failed on ROOT-ubuntu2004/python3.; Running on root-ubuntu-2004-1.cern.ch:/home/sftnight/build/workspace/root-pullrequests-build; [See console output](https://lcgapp-services.cern.ch/root-jenkins/job/root-pullrequests-build/197948/console).; ### Failing tests:; - [projectroot.tmva.pymva.test.PyMVA_Keras_Regression](https://lcgapp-services.cern.ch/root-jenkins/job/root-pullrequests-build/197948/testReport/projectroot.tmva.pymva/test/PyMVA_Keras_Regression/),MatchSource.ISSUE_COMMENT,root-project,root,v6-32-06,https://github.com/root-project/root/pull/14922#issuecomment-1986844587:260,test,tests,260,https://root.cern,https://github.com/root-project/root/pull/14922#issuecomment-1986844587,4,['test'],"['test', 'testReport', 'tests']"
Testability,Build failed on ROOT-ubuntu2004/python3.; Running on root-ubuntu-2004-1.cern.ch:/home/sftnight/build/workspace/root-pullrequests-build; [See console output](https://lcgapp-services.cern.ch/root-jenkins/job/root-pullrequests-build/197953/console).; ### Failing tests:; - [projectroot.tmva.pymva.test.PyMVA_Keras_Multiclass](https://lcgapp-services.cern.ch/root-jenkins/job/root-pullrequests-build/197953/testReport/projectroot.tmva.pymva/test/PyMVA_Keras_Multiclass/); - [projectroot.roottest.root.treeformula.schemaEvolution.roottest_root_treeformula_schemaEvolution_make](https://lcgapp-services.cern.ch/root-jenkins/job/root-pullrequests-build/197953/testReport/projectroot.roottest.root.treeformula/schemaEvolution/roottest_root_treeformula_schemaEvolution_make/),MatchSource.ISSUE_COMMENT,root-project,root,v6-32-06,https://github.com/root-project/root/pull/14923#issuecomment-1986888838:260,test,tests,260,https://root.cern,https://github.com/root-project/root/pull/14923#issuecomment-1986888838,5,['test'],"['test', 'testReport', 'tests']"
Testability,Build failed on ROOT-ubuntu2004/python3.; Running on root-ubuntu-2004-1.cern.ch:/home/sftnight/build/workspace/root-pullrequests-build; [See console output](https://lcgapp-services.cern.ch/root-jenkins/job/root-pullrequests-build/198033/console).; ### Failing tests:; - [projectroot.roofit.roofitcore.test.gtest_roofit_roofitcore_test_testTestStatisticsPlot](https://lcgapp-services.cern.ch/root-jenkins/job/root-pullrequests-build/198033/testReport/projectroot.roofit.roofitcore/test/gtest_roofit_roofitcore_test_testTestStatisticsPlot/); - [projectroot.roottest.root.multicore.roottest_root_multicore_ttree_read_imt](https://lcgapp-services.cern.ch/root-jenkins/job/root-pullrequests-build/198033/testReport/projectroot.roottest.root/multicore/roottest_root_multicore_ttree_read_imt/); - [projectroot.roottest.root.io.customCollection.roottest_root_io_customCollection_make](https://lcgapp-services.cern.ch/root-jenkins/job/root-pullrequests-build/198033/testReport/projectroot.roottest.root.io/customCollection/roottest_root_io_customCollection_make/); - [projectroot.roottest.root.io.emulated.roottest_root_io_emulated_make](https://lcgapp-services.cern.ch/root-jenkins/job/root-pullrequests-build/198033/testReport/projectroot.roottest.root.io/emulated/roottest_root_io_emulated_make/); - [projectroot.roottest.root.io.stdpair.roottest_root_io_stdpair_pairEnumEvo_2_0_1_0](https://lcgapp-services.cern.ch/root-jenkins/job/root-pullrequests-build/198033/testReport/projectroot.roottest.root.io/stdpair/roottest_root_io_stdpair_pairEnumEvo_2_0_1_0/); - [projectroot.roottest.root.io.stdpair.roottest_root_io_stdpair_pairEnumEvo_2_0_1_1](https://lcgapp-services.cern.ch/root-jenkins/job/root-pullrequests-build/198033/testReport/projectroot.roottest.root.io/stdpair/roottest_root_io_stdpair_pairEnumEvo_2_0_1_1/); - [projectroot.roottest.root.io.stdpair.roottest_root_io_stdpair_pairEnumEvo_2_1_1_1](https://lcgapp-services.cern.ch/root-jenkins/job/root-pullrequests-build/198033/testReport/projectr,MatchSource.ISSUE_COMMENT,root-project,root,v6-32-06,https://github.com/root-project/root/pull/14930#issuecomment-1988160523:260,test,tests,260,https://root.cern,https://github.com/root-project/root/pull/14930#issuecomment-1988160523,6,['test'],"['test', 'testReport', 'tests']"
Testability,Build failed on ROOT-ubuntu2004/python3.; Running on root-ubuntu-2004-1.cern.ch:/home/sftnight/build/workspace/root-pullrequests-build; [See console output](https://lcgapp-services.cern.ch/root-jenkins/job/root-pullrequests-build/198058/console).; ### Failing tests:; - [projectroot.roofit.roofitcore.test.gtest_roofit_roofitcore_test_testTestStatisticsPlot](https://lcgapp-services.cern.ch/root-jenkins/job/root-pullrequests-build/198058/testReport/projectroot.roofit.roofitcore/test/gtest_roofit_roofitcore_test_testTestStatisticsPlot/); - [projectroot.roottest.root.multicore.roottest_root_multicore_ttree_read_imt](https://lcgapp-services.cern.ch/root-jenkins/job/root-pullrequests-build/198058/testReport/projectroot.roottest.root/multicore/roottest_root_multicore_ttree_read_imt/); - [projectroot.roottest.root.io.customCollection.roottest_root_io_customCollection_make](https://lcgapp-services.cern.ch/root-jenkins/job/root-pullrequests-build/198058/testReport/projectroot.roottest.root.io/customCollection/roottest_root_io_customCollection_make/); - [projectroot.roottest.root.io.emulated.roottest_root_io_emulated_make](https://lcgapp-services.cern.ch/root-jenkins/job/root-pullrequests-build/198058/testReport/projectroot.roottest.root.io/emulated/roottest_root_io_emulated_make/); - [projectroot.roottest.root.io.stdpair.roottest_root_io_stdpair_pairEnumEvo_2_0_1_0](https://lcgapp-services.cern.ch/root-jenkins/job/root-pullrequests-build/198058/testReport/projectroot.roottest.root.io/stdpair/roottest_root_io_stdpair_pairEnumEvo_2_0_1_0/); - [projectroot.roottest.root.io.stdpair.roottest_root_io_stdpair_pairEnumEvo_2_0_1_1](https://lcgapp-services.cern.ch/root-jenkins/job/root-pullrequests-build/198058/testReport/projectroot.roottest.root.io/stdpair/roottest_root_io_stdpair_pairEnumEvo_2_0_1_1/); - [projectroot.roottest.root.io.stdpair.roottest_root_io_stdpair_pairEnumEvo_2_1_1_0](https://lcgapp-services.cern.ch/root-jenkins/job/root-pullrequests-build/198058/testReport/projectr,MatchSource.ISSUE_COMMENT,root-project,root,v6-32-06,https://github.com/root-project/root/pull/14930#issuecomment-1988354584:260,test,tests,260,https://root.cern,https://github.com/root-project/root/pull/14930#issuecomment-1988354584,6,['test'],"['test', 'testReport', 'tests']"
Testability,Build failed on ROOT-ubuntu2004/python3.; Running on root-ubuntu-2004-1.cern.ch:/home/sftnight/build/workspace/root-pullrequests-build; [See console output](https://lcgapp-services.cern.ch/root-jenkins/job/root-pullrequests-build/198073/console).; ### Failing tests:; - [projectroot.roofit.roofitcore.test.gtest_roofit_roofitcore_test_testTestStatisticsPlot](https://lcgapp-services.cern.ch/root-jenkins/job/root-pullrequests-build/198073/testReport/projectroot.roofit.roofitcore/test/gtest_roofit_roofitcore_test_testTestStatisticsPlot/); - [projectroot.roottest.root.multicore.roottest_root_multicore_ttree_read_imt](https://lcgapp-services.cern.ch/root-jenkins/job/root-pullrequests-build/198073/testReport/projectroot.roottest.root/multicore/roottest_root_multicore_ttree_read_imt/); - [projectroot.roottest.root.io.customCollection.roottest_root_io_customCollection_make](https://lcgapp-services.cern.ch/root-jenkins/job/root-pullrequests-build/198073/testReport/projectroot.roottest.root.io/customCollection/roottest_root_io_customCollection_make/); - [projectroot.roottest.root.io.emulated.roottest_root_io_emulated_make](https://lcgapp-services.cern.ch/root-jenkins/job/root-pullrequests-build/198073/testReport/projectroot.roottest.root.io/emulated/roottest_root_io_emulated_make/); - [projectroot.roottest.root.io.stdpair.roottest_root_io_stdpair_pairEnumEvo_2_0_1_0](https://lcgapp-services.cern.ch/root-jenkins/job/root-pullrequests-build/198073/testReport/projectroot.roottest.root.io/stdpair/roottest_root_io_stdpair_pairEnumEvo_2_0_1_0/); - [projectroot.roottest.root.io.stdpair.roottest_root_io_stdpair_pairEnumEvo_2_0_1_1](https://lcgapp-services.cern.ch/root-jenkins/job/root-pullrequests-build/198073/testReport/projectroot.roottest.root.io/stdpair/roottest_root_io_stdpair_pairEnumEvo_2_0_1_1/); - [projectroot.roottest.root.io.stdpair.roottest_root_io_stdpair_pairEnumEvo_2_1_1_0](https://lcgapp-services.cern.ch/root-jenkins/job/root-pullrequests-build/198073/testReport/projectr,MatchSource.ISSUE_COMMENT,root-project,root,v6-32-06,https://github.com/root-project/root/pull/14930#issuecomment-1988632031:260,test,tests,260,https://root.cern,https://github.com/root-project/root/pull/14930#issuecomment-1988632031,6,['test'],"['test', 'testReport', 'tests']"
Testability,Build failed on ROOT-ubuntu2004/python3.; Running on root-ubuntu-2004-1.cern.ch:/home/sftnight/build/workspace/root-pullrequests-build; [See console output](https://lcgapp-services.cern.ch/root-jenkins/job/root-pullrequests-build/198108/console).; ### Failing tests:; - [projectroot.roofit.roofitcore.test.gtest_roofit_roofitcore_test_testTestStatisticsPlot](https://lcgapp-services.cern.ch/root-jenkins/job/root-pullrequests-build/198108/testReport/projectroot.roofit.roofitcore/test/gtest_roofit_roofitcore_test_testTestStatisticsPlot/); - [projectroot.roottest.root.multicore.roottest_root_multicore_ttree_read_imt](https://lcgapp-services.cern.ch/root-jenkins/job/root-pullrequests-build/198108/testReport/projectroot.roottest.root/multicore/roottest_root_multicore_ttree_read_imt/); - [projectroot.roottest.root.io.customCollection.roottest_root_io_customCollection_make](https://lcgapp-services.cern.ch/root-jenkins/job/root-pullrequests-build/198108/testReport/projectroot.roottest.root.io/customCollection/roottest_root_io_customCollection_make/); - [projectroot.roottest.root.io.emulated.roottest_root_io_emulated_make](https://lcgapp-services.cern.ch/root-jenkins/job/root-pullrequests-build/198108/testReport/projectroot.roottest.root.io/emulated/roottest_root_io_emulated_make/); - [projectroot.roottest.root.io.stdpair.roottest_root_io_stdpair_pairEnumEvo_2_0_1_0](https://lcgapp-services.cern.ch/root-jenkins/job/root-pullrequests-build/198108/testReport/projectroot.roottest.root.io/stdpair/roottest_root_io_stdpair_pairEnumEvo_2_0_1_0/); - [projectroot.roottest.root.io.stdpair.roottest_root_io_stdpair_pairEnumEvo_2_0_1_1](https://lcgapp-services.cern.ch/root-jenkins/job/root-pullrequests-build/198108/testReport/projectroot.roottest.root.io/stdpair/roottest_root_io_stdpair_pairEnumEvo_2_0_1_1/); - [projectroot.roottest.root.io.stdpair.roottest_root_io_stdpair_pairEnumEvo_2_1_1_1](https://lcgapp-services.cern.ch/root-jenkins/job/root-pullrequests-build/198108/testReport/projectr,MatchSource.ISSUE_COMMENT,root-project,root,v6-32-06,https://github.com/root-project/root/pull/14930#issuecomment-1989081382:260,test,tests,260,https://root.cern,https://github.com/root-project/root/pull/14930#issuecomment-1989081382,6,['test'],"['test', 'testReport', 'tests']"
Testability,Build failed on ROOT-ubuntu2004/python3.; Running on root-ubuntu-2004-1.cern.ch:/home/sftnight/build/workspace/root-pullrequests-build; [See console output](https://lcgapp-services.cern.ch/root-jenkins/job/root-pullrequests-build/198118/console).; ### Failing tests:; - [projectroot.roofit.roofitcore.test.gtest_roofit_roofitcore_test_testTestStatisticsPlot](https://lcgapp-services.cern.ch/root-jenkins/job/root-pullrequests-build/198118/testReport/projectroot.roofit.roofitcore/test/gtest_roofit_roofitcore_test_testTestStatisticsPlot/); - [projectroot.roottest.root.multicore.roottest_root_multicore_ttree_read_imt](https://lcgapp-services.cern.ch/root-jenkins/job/root-pullrequests-build/198118/testReport/projectroot.roottest.root/multicore/roottest_root_multicore_ttree_read_imt/); - [projectroot.roottest.root.io.customCollection.roottest_root_io_customCollection_make](https://lcgapp-services.cern.ch/root-jenkins/job/root-pullrequests-build/198118/testReport/projectroot.roottest.root.io/customCollection/roottest_root_io_customCollection_make/); - [projectroot.roottest.root.io.emulated.roottest_root_io_emulated_make](https://lcgapp-services.cern.ch/root-jenkins/job/root-pullrequests-build/198118/testReport/projectroot.roottest.root.io/emulated/roottest_root_io_emulated_make/); - [projectroot.roottest.root.io.stdpair.roottest_root_io_stdpair_pairEnumEvo_2_0_1_0](https://lcgapp-services.cern.ch/root-jenkins/job/root-pullrequests-build/198118/testReport/projectroot.roottest.root.io/stdpair/roottest_root_io_stdpair_pairEnumEvo_2_0_1_0/); - [projectroot.roottest.root.io.stdpair.roottest_root_io_stdpair_pairEnumEvo_2_0_1_1](https://lcgapp-services.cern.ch/root-jenkins/job/root-pullrequests-build/198118/testReport/projectroot.roottest.root.io/stdpair/roottest_root_io_stdpair_pairEnumEvo_2_0_1_1/); - [projectroot.roottest.root.io.stdpair.roottest_root_io_stdpair_pairEnumEvo_2_1_1_0](https://lcgapp-services.cern.ch/root-jenkins/job/root-pullrequests-build/198118/testReport/projectr,MatchSource.ISSUE_COMMENT,root-project,root,v6-32-06,https://github.com/root-project/root/pull/14930#issuecomment-1989218240:260,test,tests,260,https://root.cern,https://github.com/root-project/root/pull/14930#issuecomment-1989218240,6,['test'],"['test', 'testReport', 'tests']"
Testability,Build failed on ROOT-ubuntu2004/python3.; Running on root-ubuntu-2004-1.cern.ch:/home/sftnight/build/workspace/root-pullrequests-build; [See console output](https://lcgapp-services.cern.ch/root-jenkins/job/root-pullrequests-build/198158/console).; ### Failing tests:; - [projectroot.roottest.root.io.stdpair.roottest_root_io_stdpair_pairEnumEvo_3_1_1_1](https://lcgapp-services.cern.ch/root-jenkins/job/root-pullrequests-build/198158/testReport/projectroot.roottest.root.io/stdpair/roottest_root_io_stdpair_pairEnumEvo_3_1_1_1/); - [projectroot.roofit.roofitcore.test.gtest_roofit_roofitcore_test_testTestStatisticsPlot](https://lcgapp-services.cern.ch/root-jenkins/job/root-pullrequests-build/198158/testReport/projectroot.roofit.roofitcore/test/gtest_roofit_roofitcore_test_testTestStatisticsPlot/); - [projectroot.roottest.root.multicore.roottest_root_multicore_ttree_read_imt](https://lcgapp-services.cern.ch/root-jenkins/job/root-pullrequests-build/198158/testReport/projectroot.roottest.root/multicore/roottest_root_multicore_ttree_read_imt/); - [projectroot.roottest.root.io.customCollection.roottest_root_io_customCollection_make](https://lcgapp-services.cern.ch/root-jenkins/job/root-pullrequests-build/198158/testReport/projectroot.roottest.root.io/customCollection/roottest_root_io_customCollection_make/); - [projectroot.roottest.root.io.emulated.roottest_root_io_emulated_make](https://lcgapp-services.cern.ch/root-jenkins/job/root-pullrequests-build/198158/testReport/projectroot.roottest.root.io/emulated/roottest_root_io_emulated_make/); - [projectroot.roottest.root.io.stdpair.roottest_root_io_stdpair_pairEnumEvo_2_0_1_0](https://lcgapp-services.cern.ch/root-jenkins/job/root-pullrequests-build/198158/testReport/projectroot.roottest.root.io/stdpair/roottest_root_io_stdpair_pairEnumEvo_2_0_1_0/); - [projectroot.roottest.root.io.stdpair.roottest_root_io_stdpair_pairEnumEvo_2_0_1_1](https://lcgapp-services.cern.ch/root-jenkins/job/root-pullrequests-build/198158/testReport/projectr,MatchSource.ISSUE_COMMENT,root-project,root,v6-32-06,https://github.com/root-project/root/pull/14930#issuecomment-1989638629:260,test,tests,260,https://root.cern,https://github.com/root-project/root/pull/14930#issuecomment-1989638629,6,['test'],"['test', 'testReport', 'tests']"
Testability,Build failed on ROOT-ubuntu2004/python3.; Running on root-ubuntu-2004-1.cern.ch:/home/sftnight/build/workspace/root-pullrequests-build; [See console output](https://lcgapp-services.cern.ch/root-jenkins/job/root-pullrequests-build/198250/console).; ### Failing tests:; - [projectroot.roottest.root.treeformula.retobj.roottest_root_treeformula_retobj_make](https://lcgapp-services.cern.ch/root-jenkins/job/root-pullrequests-build/198250/testReport/projectroot.roottest.root.treeformula/retobj/roottest_root_treeformula_retobj_make/),MatchSource.ISSUE_COMMENT,root-project,root,v6-32-06,https://github.com/root-project/root/pull/14930#issuecomment-1991729023:260,test,tests,260,https://root.cern,https://github.com/root-project/root/pull/14930#issuecomment-1991729023,2,['test'],"['testReport', 'tests']"
Testability,Build failed on ROOT-ubuntu2004/python3.; Running on root-ubuntu-2004-1.cern.ch:/home/sftnight/build/workspace/root-pullrequests-build; [See console output](https://lcgapp-services.cern.ch/root-jenkins/job/root-pullrequests-build/198265/console).; ### Failing tests:; - [projectroot.roottest.root.treeformula.retobj.roottest_root_treeformula_retobj_make](https://lcgapp-services.cern.ch/root-jenkins/job/root-pullrequests-build/198265/testReport/projectroot.roottest.root.treeformula/retobj/roottest_root_treeformula_retobj_make/),MatchSource.ISSUE_COMMENT,root-project,root,v6-32-06,https://github.com/root-project/root/pull/14930#issuecomment-1992256961:260,test,tests,260,https://root.cern,https://github.com/root-project/root/pull/14930#issuecomment-1992256961,2,['test'],"['testReport', 'tests']"
Testability,Build failed on ROOT-ubuntu2004/python3.; Running on root-ubuntu-2004-1.cern.ch:/home/sftnight/build/workspace/root-pullrequests-build; [See console output](https://lcgapp-services.cern.ch/root-jenkins/job/root-pullrequests-build/198501/console).; ### Failing tests:; - [projectroot.roottest.python.distrdf.common.roottest_python_distrdf_common_test_all](https://lcgapp-services.cern.ch/root-jenkins/job/root-pullrequests-build/198501/testReport/projectroot.roottest.python.distrdf/common/roottest_python_distrdf_common_test_all/),MatchSource.ISSUE_COMMENT,root-project,root,v6-32-06,https://github.com/root-project/root/pull/14955#issuecomment-1997576435:260,test,tests,260,https://root.cern,https://github.com/root-project/root/pull/14955#issuecomment-1997576435,2,['test'],"['testReport', 'tests']"
Testability,Build failed on ROOT-ubuntu2004/python3.; Running on root-ubuntu-2004-1.cern.ch:/home/sftnight/build/workspace/root-pullrequests-build; [See console output](https://lcgapp-services.cern.ch/root-jenkins/job/root-pullrequests-build/198596/console).; ### Failing tests:; - [projectroot.roottest.root.multicore.roottest_root_multicore_TThreadedObjectAutoMemManagement](https://lcgapp-services.cern.ch/root-jenkins/job/root-pullrequests-build/198596/testReport/projectroot.roottest.root/multicore/roottest_root_multicore_TThreadedObjectAutoMemManagement/),MatchSource.ISSUE_COMMENT,root-project,root,v6-32-06,https://github.com/root-project/root/pull/14969#issuecomment-1998617184:260,test,tests,260,https://root.cern,https://github.com/root-project/root/pull/14969#issuecomment-1998617184,2,['test'],"['testReport', 'tests']"
Testability,Build failed on ROOT-ubuntu2004/python3.; Running on root-ubuntu-2004-1.cern.ch:/home/sftnight/build/workspace/root-pullrequests-build; [See console output](https://lcgapp-services.cern.ch/root-jenkins/job/root-pullrequests-build/198617/console).; ### Failing tests:; - [projectroot.roottest.python.distrdf.common.roottest_python_distrdf_common_test_all](https://lcgapp-services.cern.ch/root-jenkins/job/root-pullrequests-build/198617/testReport/projectroot.roottest.python.distrdf/common/roottest_python_distrdf_common_test_all/),MatchSource.ISSUE_COMMENT,root-project,root,v6-32-06,https://github.com/root-project/root/pull/14977#issuecomment-1999383768:260,test,tests,260,https://root.cern,https://github.com/root-project/root/pull/14977#issuecomment-1999383768,2,['test'],"['testReport', 'tests']"
Testability,Build failed on ROOT-ubuntu2004/python3.; Running on root-ubuntu-2004-1.cern.ch:/home/sftnight/build/workspace/root-pullrequests-build; [See console output](https://lcgapp-services.cern.ch/root-jenkins/job/root-pullrequests-build/198622/console).; ### Failing tests:; - [projectroot.roottest.python.distrdf.common.roottest_python_distrdf_common_test_all](https://lcgapp-services.cern.ch/root-jenkins/job/root-pullrequests-build/198622/testReport/projectroot.roottest.python.distrdf/common/roottest_python_distrdf_common_test_all/),MatchSource.ISSUE_COMMENT,root-project,root,v6-32-06,https://github.com/root-project/root/pull/14977#issuecomment-1999528881:260,test,tests,260,https://root.cern,https://github.com/root-project/root/pull/14977#issuecomment-1999528881,2,['test'],"['testReport', 'tests']"
Testability,Build failed on ROOT-ubuntu2004/python3.; Running on root-ubuntu-2004-1.cern.ch:/home/sftnight/build/workspace/root-pullrequests-build; [See console output](https://lcgapp-services.cern.ch/root-jenkins/job/root-pullrequests-build/198672/console).; ### Errors:; - [2024-03-15T23:22:34.127Z] FAILED: test/CMakeFiles/stressIterators.dir/stressIterators.cxx.o ; - [2024-03-15T23:22:34.383Z] /home/sftnight/build/workspace/root-pullrequests-build/root/test/stressIterators.cxx:200:19: error: ISO C++ forbids declaration of ‘exception’ with no type [-fpermissive] ; - [2024-03-15T23:22:34.383Z] /home/sftnight/build/workspace/root-pullrequests-build/root/test/stressIterators.cxx:200:28: error: expected ‘)’ before ‘&’ token ; - [2024-03-15T23:22:34.383Z] /home/sftnight/build/workspace/root-pullrequests-build/root/test/stressIterators.cxx:200:29: error: expected ‘{’ before ‘&’ token ; - [2024-03-15T23:22:34.383Z] /home/sftnight/build/workspace/root-pullrequests-build/root/test/stressIterators.cxx:200:30: error: ‘e’ was not declared in this scope ; - [2024-03-15T23:22:34.383Z] /home/sftnight/build/workspace/root-pullrequests-build/root/test/stressIterators.cxx:204:6: error: expected primary-expression before ‘catch’ ; - [2024-03-15T23:22:34.383Z] FAILED: test/CMakeFiles/stressInterpreter.dir/stressInterpreter.cxx.o ; - [2024-03-15T23:22:34.383Z] /home/sftnight/build/workspace/root-pullrequests-build/root/test/stressInterpreter.cxx:236:25: error: ‘endl’ was not declared in this scope; did you mean ‘std::endl’? ; - [2024-03-15T23:22:34.383Z] /home/sftnight/build/workspace/root-pullrequests-build/root/test/stressInterpreter.cxx:399:4: error: ‘cout’ was not declared in this scope; did you mean ‘std::cout’? ; - [2024-03-15T23:22:34.383Z] /home/sftnight/build/workspace/root-pullrequests-build/root/test/stressInterpreter.cxx:399:93: error: ‘endl’ was not declared in this scope; did you mean ‘std::endl’?,MatchSource.ISSUE_COMMENT,root-project,root,v6-32-06,https://github.com/root-project/root/pull/14986#issuecomment-2000620007:298,test,test,298,https://root.cern,https://github.com/root-project/root/pull/14986#issuecomment-2000620007,10,['test'],['test']
Testability,Build failed on ROOT-ubuntu2004/python3.; Running on root-ubuntu-2004-1.cern.ch:/home/sftnight/build/workspace/root-pullrequests-build; [See console output](https://lcgapp-services.cern.ch/root-jenkins/job/root-pullrequests-build/198872/console).; ### Failing tests:; - [projectroot.roottest.root.tree.index.roottest_root_tree_index_make](https://lcgapp-services.cern.ch/root-jenkins/job/root-pullrequests-build/198872/testReport/projectroot.roottest.root.tree/index/roottest_root_tree_index_make/),MatchSource.ISSUE_COMMENT,root-project,root,v6-32-06,https://github.com/root-project/root/pull/14967#issuecomment-2002501887:260,test,tests,260,https://root.cern,https://github.com/root-project/root/pull/14967#issuecomment-2002501887,2,['test'],"['testReport', 'tests']"
Testability,Build failed on ROOT-ubuntu2004/python3.; Running on root-ubuntu-2004-1.cern.ch:/home/sftnight/build/workspace/root-pullrequests-build; [See console output](https://lcgapp-services.cern.ch/root-jenkins/job/root-pullrequests-build/198962/console).; ### Errors:; - [2024-03-19T14:41:08.163Z] CMake Error at tree/ntuple/v7/test/CMakeLists.txt:49 (configure_file): ; - [2024-03-19T14:41:12.499Z] CMake Error at /home/sftnight/build/workspace/root-pullrequests-build/rootspi/jenkins/root-build.cmake:1204 (message):,MatchSource.ISSUE_COMMENT,root-project,root,v6-32-06,https://github.com/root-project/root/pull/14728#issuecomment-2007365674:320,test,test,320,https://root.cern,https://github.com/root-project/root/pull/14728#issuecomment-2007365674,1,['test'],['test']
Testability,Build failed on ROOT-ubuntu2004/python3.; Running on root-ubuntu-2004-1.cern.ch:/home/sftnight/build/workspace/root-pullrequests-build; [See console output](https://lcgapp-services.cern.ch/root-jenkins/job/root-pullrequests-build/198967/console).; ### Failing tests:; - [projectroot.roottest.python.distrdf.dask.roottest_python_distrdf_dask_test_all](https://lcgapp-services.cern.ch/root-jenkins/job/root-pullrequests-build/198967/testReport/projectroot.roottest.python.distrdf/dask/roottest_python_distrdf_dask_test_all/); - [projectroot.bindings.pyroot.pythonizations.test.pyunittests_pyroot_pyz_array_interface](https://lcgapp-services.cern.ch/root-jenkins/job/root-pullrequests-build/198967/testReport/projectroot.bindings.pyroot.pythonizations/test/pyunittests_pyroot_pyz_array_interface/); - [projectroot.bindings.pyroot.pythonizations.test.pyunittests_pyroot_pyz_rvec_asrvec](https://lcgapp-services.cern.ch/root-jenkins/job/root-pullrequests-build/198967/testReport/projectroot.bindings.pyroot.pythonizations/test/pyunittests_pyroot_pyz_rvec_asrvec/); - [projectroot.bindings.pyroot.pythonizations.test.pyunittests_pyroot_pyz_rtensor](https://lcgapp-services.cern.ch/root-jenkins/job/root-pullrequests-build/198967/testReport/projectroot.bindings.pyroot.pythonizations/test/pyunittests_pyroot_pyz_rtensor/); - [projectroot.bindings.pyroot.pythonizations.test.pyunittests_pyroot_pyz_rdataframe_asnumpy](https://lcgapp-services.cern.ch/root-jenkins/job/root-pullrequests-build/198967/testReport/projectroot.bindings.pyroot.pythonizations/test/pyunittests_pyroot_pyz_rdataframe_asnumpy/); - [projectroot.roottest.python.distrdf.spark.roottest_python_distrdf_spark_test_all](https://lcgapp-services.cern.ch/root-jenkins/job/root-pullrequests-build/198967/testReport/projectroot.roottest.python.distrdf/spark/roottest_python_distrdf_spark_test_all/),MatchSource.ISSUE_COMMENT,root-project,root,v6-32-06,https://github.com/root-project/root/pull/15013#issuecomment-2007570682:260,test,tests,260,https://root.cern,https://github.com/root-project/root/pull/15013#issuecomment-2007570682,15,['test'],"['test', 'testReport', 'tests']"
Testability,Build failed on ROOT-ubuntu2004/python3.; Running on root-ubuntu-2004-1.cern.ch:/home/sftnight/build/workspace/root-pullrequests-build; [See console output](https://lcgapp-services.cern.ch/root-jenkins/job/root-pullrequests-build/198972/console).; ### Failing tests:; - [projectroot.roottest.python.distrdf.dask.roottest_python_distrdf_dask_test_all](https://lcgapp-services.cern.ch/root-jenkins/job/root-pullrequests-build/198972/testReport/projectroot.roottest.python.distrdf/dask/roottest_python_distrdf_dask_test_all/); - [projectroot.bindings.pyroot.pythonizations.test.pyunittests_pyroot_pyz_array_interface](https://lcgapp-services.cern.ch/root-jenkins/job/root-pullrequests-build/198972/testReport/projectroot.bindings.pyroot.pythonizations/test/pyunittests_pyroot_pyz_array_interface/); - [projectroot.bindings.pyroot.pythonizations.test.pyunittests_pyroot_pyz_rvec_asrvec](https://lcgapp-services.cern.ch/root-jenkins/job/root-pullrequests-build/198972/testReport/projectroot.bindings.pyroot.pythonizations/test/pyunittests_pyroot_pyz_rvec_asrvec/); - [projectroot.bindings.pyroot.pythonizations.test.pyunittests_pyroot_pyz_rtensor](https://lcgapp-services.cern.ch/root-jenkins/job/root-pullrequests-build/198972/testReport/projectroot.bindings.pyroot.pythonizations/test/pyunittests_pyroot_pyz_rtensor/); - [projectroot.bindings.pyroot.pythonizations.test.pyunittests_pyroot_pyz_rdataframe_asnumpy](https://lcgapp-services.cern.ch/root-jenkins/job/root-pullrequests-build/198972/testReport/projectroot.bindings.pyroot.pythonizations/test/pyunittests_pyroot_pyz_rdataframe_asnumpy/); - [projectroot.roottest.python.distrdf.spark.roottest_python_distrdf_spark_test_all](https://lcgapp-services.cern.ch/root-jenkins/job/root-pullrequests-build/198972/testReport/projectroot.roottest.python.distrdf/spark/roottest_python_distrdf_spark_test_all/),MatchSource.ISSUE_COMMENT,root-project,root,v6-32-06,https://github.com/root-project/root/pull/15014#issuecomment-2007695255:260,test,tests,260,https://root.cern,https://github.com/root-project/root/pull/15014#issuecomment-2007695255,15,['test'],"['test', 'testReport', 'tests']"
Testability,Build failed on ROOT-ubuntu2004/python3.; Running on root-ubuntu-2004-1.cern.ch:/home/sftnight/build/workspace/root-pullrequests-build; [See console output](https://lcgapp-services.cern.ch/root-jenkins/job/root-pullrequests-build/199002/console).; ### Failing tests:; - [projectroot.bindings.pyroot.pythonizations.test.pyunittests_pyroot_pyz_rtensor](https://lcgapp-services.cern.ch/root-jenkins/job/root-pullrequests-build/199002/testReport/projectroot.bindings.pyroot.pythonizations/test/pyunittests_pyroot_pyz_rtensor/),MatchSource.ISSUE_COMMENT,root-project,root,v6-32-06,https://github.com/root-project/root/pull/15013#issuecomment-2007959434:260,test,tests,260,https://root.cern,https://github.com/root-project/root/pull/15013#issuecomment-2007959434,4,['test'],"['test', 'testReport', 'tests']"
Testability,Build failed on ROOT-ubuntu2004/python3.; Running on root-ubuntu-2004-1.cern.ch:/home/sftnight/build/workspace/root-pullrequests-build; [See console output](https://lcgapp-services.cern.ch/root-jenkins/job/root-pullrequests-build/199042/console).; ### Failing tests:; - [projectroot.roottest.root.io.filemerger.roottest_root_io_filemerger_simplef_default_compr_level9](https://lcgapp-services.cern.ch/root-jenkins/job/root-pullrequests-build/199042/testReport/projectroot.roottest.root.io/filemerger/roottest_root_io_filemerger_simplef_default_compr_level9/); - [projectroot.roottest.root.io.treeForeign.roottest_root_io_treeForeign_testForeignDraw](https://lcgapp-services.cern.ch/root-jenkins/job/root-pullrequests-build/199042/testReport/projectroot.roottest.root.io/treeForeign/roottest_root_io_treeForeign_testForeignDraw/); - [projectroot.roottest.root.io.xml.roottest_root_io_xml_make](https://lcgapp-services.cern.ch/root-jenkins/job/root-pullrequests-build/199042/testReport/projectroot.roottest.root.io/xml/roottest_root_io_xml_make/); - [projectroot.roottest.root.tree.cloning.roottest_root_tree_cloning_exectrim](https://lcgapp-services.cern.ch/root-jenkins/job/root-pullrequests-build/199042/testReport/projectroot.roottest.root.tree/cloning/roottest_root_tree_cloning_exectrim/); - [projectroot.roottest.root.tree.fastcloning.roottest_root_tree_fastcloning_execCheckClusterRange](https://lcgapp-services.cern.ch/root-jenkins/job/root-pullrequests-build/199042/testReport/projectroot.roottest.root.tree/fastcloning/roottest_root_tree_fastcloning_execCheckClusterRange/),MatchSource.ISSUE_COMMENT,root-project,root,v6-32-06,https://github.com/root-project/root/pull/15021#issuecomment-2009537456:260,test,tests,260,https://root.cern,https://github.com/root-project/root/pull/15021#issuecomment-2009537456,6,['test'],"['testReport', 'tests']"
Testability,Build failed on ROOT-ubuntu2004/python3.; Running on root-ubuntu-2004-1.cern.ch:/home/sftnight/build/workspace/root-pullrequests-build; [See console output](https://lcgapp-services.cern.ch/root-jenkins/job/root-pullrequests-build/199178/console).; ### Failing tests:; - [projectroot.roottest.root.tree.index.roottest_root_tree_index_make](https://lcgapp-services.cern.ch/root-jenkins/job/root-pullrequests-build/199178/testReport/projectroot.roottest.root.tree/index/roottest_root_tree_index_make/),MatchSource.ISSUE_COMMENT,root-project,root,v6-32-06,https://github.com/root-project/root/pull/14967#issuecomment-2013205749:260,test,tests,260,https://root.cern,https://github.com/root-project/root/pull/14967#issuecomment-2013205749,2,['test'],"['testReport', 'tests']"
Testability,Build failed on ROOT-ubuntu2004/python3.; Running on root-ubuntu-2004-1.cern.ch:/home/sftnight/build/workspace/root-pullrequests-build; [See console output](https://lcgapp-services.cern.ch/root-jenkins/job/root-pullrequests-build/199218/console).; ### Failing tests:; - [projectroot.roottest.python.distrdf.common.roottest_python_distrdf_common_test_all](https://lcgapp-services.cern.ch/root-jenkins/job/root-pullrequests-build/199218/testReport/projectroot.roottest.python.distrdf/common/roottest_python_distrdf_common_test_all/),MatchSource.ISSUE_COMMENT,root-project,root,v6-32-06,https://github.com/root-project/root/pull/15031#issuecomment-2015557721:260,test,tests,260,https://root.cern,https://github.com/root-project/root/pull/15031#issuecomment-2015557721,2,['test'],"['testReport', 'tests']"
Testability,Build failed on ROOT-ubuntu2004/python3.; Running on root-ubuntu-2004-1.cern.ch:/home/sftnight/build/workspace/root-pullrequests-build; [See console output](https://lcgapp-services.cern.ch/root-jenkins/job/root-pullrequests-build/199223/console).; ### Errors:; - [2024-03-22T17:23:57.813Z] CMake Error at tree/ntuple/v7/test/CMakeLists.txt:49 (configure_file): ; - [2024-03-22T17:24:03.447Z] CMake Error at /home/sftnight/build/workspace/root-pullrequests-build/rootspi/jenkins/root-build.cmake:1204 (message):,MatchSource.ISSUE_COMMENT,root-project,root,v6-32-06,https://github.com/root-project/root/pull/14728#issuecomment-2015559310:320,test,test,320,https://root.cern,https://github.com/root-project/root/pull/14728#issuecomment-2015559310,1,['test'],['test']
Testability,"Build failed on ROOT-ubuntu2004/python3.; Running on root-ubuntu-2004-1.cern.ch:/home/sftnight/build/workspace/root-pullrequests-build; [See console output](https://lcgapp-services.cern.ch/root-jenkins/job/root-pullrequests-build/199248/console).; ### Errors:; - [2024-03-22T20:42:05.651Z] ninja: error: 'bin/genreflex', needed by 'tree/ntuple/v7/test/UnsplitXMLDict.cxx', missing and no known rule to make it",MatchSource.ISSUE_COMMENT,root-project,root,v6-32-06,https://github.com/root-project/root/pull/14728#issuecomment-2015876564:347,test,test,347,https://root.cern,https://github.com/root-project/root/pull/14728#issuecomment-2015876564,1,['test'],['test']
Testability,Build failed on ROOT-ubuntu2004/python3.; Running on root-ubuntu-2004-1.cern.ch:/home/sftnight/build/workspace/root-pullrequests-build; [See console output](https://lcgapp-services.cern.ch/root-jenkins/job/root-pullrequests-build/199424/console).; ### Failing tests:; - [projectroot.tmva.pymva.test.PyMVA_Keras_Regression](https://lcgapp-services.cern.ch/root-jenkins/job/root-pullrequests-build/199424/testReport/projectroot.tmva.pymva/test/PyMVA_Keras_Regression/),MatchSource.ISSUE_COMMENT,root-project,root,v6-32-06,https://github.com/root-project/root/pull/15058#issuecomment-2019735839:260,test,tests,260,https://root.cern,https://github.com/root-project/root/pull/15058#issuecomment-2019735839,4,['test'],"['test', 'testReport', 'tests']"
Testability,Build failed on ROOT-ubuntu2004/python3.; Running on root-ubuntu-2004-1.cern.ch:/home/sftnight/build/workspace/root-pullrequests-build; [See console output](https://lcgapp-services.cern.ch/root-jenkins/job/root-pullrequests-build/199474/console).; ### Failing tests:; - [projectroot.roottest.root.meta.roottest_root_meta_runMemberComments](https://lcgapp-services.cern.ch/root-jenkins/job/root-pullrequests-build/199474/testReport/projectroot.roottest.root/meta/roottest_root_meta_runMemberComments/),MatchSource.ISSUE_COMMENT,root-project,root,v6-32-06,https://github.com/root-project/root/pull/14792#issuecomment-2021667377:260,test,tests,260,https://root.cern,https://github.com/root-project/root/pull/14792#issuecomment-2021667377,2,['test'],"['testReport', 'tests']"
Testability,Build failed on ROOT-ubuntu2004/python3.; Running on root-ubuntu-2004-1.cern.ch:/home/sftnight/build/workspace/root-pullrequests-build; [See console output](https://lcgapp-services.cern.ch/root-jenkins/job/root-pullrequests-build/199529/console).; ### Failing tests:; - [projectroot.tmva.pymva.test.PyMVA_Keras_Regression](https://lcgapp-services.cern.ch/root-jenkins/job/root-pullrequests-build/199529/testReport/projectroot.tmva.pymva/test/PyMVA_Keras_Regression/),MatchSource.ISSUE_COMMENT,root-project,root,v6-32-06,https://github.com/root-project/root/pull/15072#issuecomment-2022700269:260,test,tests,260,https://root.cern,https://github.com/root-project/root/pull/15072#issuecomment-2022700269,4,['test'],"['test', 'testReport', 'tests']"
Testability,Build failed on ROOT-ubuntu2004/python3.; Running on root-ubuntu-2004-1.cern.ch:/home/sftnight/build/workspace/root-pullrequests-build; [See console output](https://lcgapp-services.cern.ch/root-jenkins/job/root-pullrequests-build/199604/console).; ### Warnings:; - [2024-03-27T19:16:18.870Z] /home/sftnight/build/workspace/root-pullrequests-build/root/io/io/test/TMapFileTest.cxx:158:66: warning: declaration of ‘mfile’ shadows a previous local [-Wshadow] ; - [2024-03-27T19:16:18.871Z] /home/sftnight/build/workspace/root-pullrequests-build/root/io/io/test/TMapFileTest.cxx:173:13: warning: unused variable ‘oldentries’ [-Wunused-variable] . ### Failing tests:; - [projectroot.roottest.root.meta.roottest_root_meta_runMemberComments](https://lcgapp-services.cern.ch/root-jenkins/job/root-pullrequests-build/199604/testReport/projectroot.roottest.root/meta/roottest_root_meta_runMemberComments/),MatchSource.ISSUE_COMMENT,root-project,root,v6-32-06,https://github.com/root-project/root/pull/14792#issuecomment-2023852315:358,test,test,358,https://root.cern,https://github.com/root-project/root/pull/14792#issuecomment-2023852315,4,['test'],"['test', 'testReport', 'tests']"
Testability,Build failed on ROOT-ubuntu2004/python3.; Running on root-ubuntu-2004-1.cern.ch:/home/sftnight/build/workspace/root-pullrequests-build; [See console output](https://lcgapp-services.cern.ch/root-jenkins/job/root-pullrequests-build/199644/console).; ### Failing tests:; - [projectroot.io.io.test.gtest_io_io_test_TFileMerger](https://lcgapp-services.cern.ch/root-jenkins/job/root-pullrequests-build/199644/testReport/projectroot.io.io/test/gtest_io_io_test_TFileMerger/),MatchSource.ISSUE_COMMENT,root-project,root,v6-32-06,https://github.com/root-project/root/pull/15071#issuecomment-2025501595:260,test,tests,260,https://root.cern,https://github.com/root-project/root/pull/15071#issuecomment-2025501595,4,['test'],"['test', 'testReport', 'tests']"
Testability,Build failed on ROOT-ubuntu2004/python3.; Running on root-ubuntu-2004-1.cern.ch:/home/sftnight/build/workspace/root-pullrequests-build; [See console output](https://lcgapp-services.cern.ch/root-jenkins/job/root-pullrequests-build/199649/console).; ### Failing tests:; - [projectroot.tmva.pymva.test.PyMVA_Keras_Regression](https://lcgapp-services.cern.ch/root-jenkins/job/root-pullrequests-build/199649/testReport/projectroot.tmva.pymva/test/PyMVA_Keras_Regression/),MatchSource.ISSUE_COMMENT,root-project,root,v6-32-06,https://github.com/root-project/root/pull/15088#issuecomment-2025573525:260,test,tests,260,https://root.cern,https://github.com/root-project/root/pull/15088#issuecomment-2025573525,4,['test'],"['test', 'testReport', 'tests']"
Testability,Build failed on ROOT-ubuntu2004/python3.; Running on root-ubuntu-2004-1.cern.ch:/home/sftnight/build/workspace/root-pullrequests-build; [See console output](https://lcgapp-services.cern.ch/root-jenkins/job/root-pullrequests-build/199684/console).; ### Warnings:; - [2024-03-28T20:40:38.896Z] /home/sftnight/build/workspace/root-pullrequests-build/root/io/io/test/TMapFileTest.cxx:158:66: warning: declaration of ‘mfile’ shadows a previous local [-Wshadow],MatchSource.ISSUE_COMMENT,root-project,root,v6-32-06,https://github.com/root-project/root/pull/14792#issuecomment-2026152641:358,test,test,358,https://root.cern,https://github.com/root-project/root/pull/14792#issuecomment-2026152641,1,['test'],['test']
Testability,Build failed on ROOT-ubuntu2004/python3.; Running on root-ubuntu-2004-1.cern.ch:/home/sftnight/build/workspace/root-pullrequests-build; [See console output](https://lcgapp-services.cern.ch/root-jenkins/job/root-pullrequests-build/199844/console).; ### Failing tests:; - [projectroot.runtutorials.tutorial_tmva_pytorch_ClassificationPyTorch_py](https://lcgapp-services.cern.ch/root-jenkins/job/root-pullrequests-build/199844/testReport/projectroot/runtutorials/tutorial_tmva_pytorch_ClassificationPyTorch_py/); - [projectroot.runtutorials.tutorial_tmva_pytorch_ApplicationClassificationPyTorch_py](https://lcgapp-services.cern.ch/root-jenkins/job/root-pullrequests-build/199844/testReport/projectroot/runtutorials/tutorial_tmva_pytorch_ApplicationClassificationPyTorch_py/); - [projectroot.runtutorials.tutorial_tmva_pytorch_RegressionPyTorch_py](https://lcgapp-services.cern.ch/root-jenkins/job/root-pullrequests-build/199844/testReport/projectroot/runtutorials/tutorial_tmva_pytorch_RegressionPyTorch_py/); - [projectroot.runtutorials.tutorial_tmva_pytorch_ApplicationRegressionPyTorch_py](https://lcgapp-services.cern.ch/root-jenkins/job/root-pullrequests-build/199844/testReport/projectroot/runtutorials/tutorial_tmva_pytorch_ApplicationRegressionPyTorch_py/); - [projectroot.runtutorials.tutorial_tmva_pytorch_MulticlassPyTorch_py](https://lcgapp-services.cern.ch/root-jenkins/job/root-pullrequests-build/199844/testReport/projectroot/runtutorials/tutorial_tmva_pytorch_MulticlassPyTorch_py/); - [projectroot.runtutorials.tutorial_tmva_TMVA_CNN_Classification_py](https://lcgapp-services.cern.ch/root-jenkins/job/root-pullrequests-build/199844/testReport/projectroot/runtutorials/tutorial_tmva_TMVA_CNN_Classification_py/),MatchSource.ISSUE_COMMENT,root-project,root,v6-32-06,https://github.com/root-project/root/pull/14031#issuecomment-2034541022:260,test,tests,260,https://root.cern,https://github.com/root-project/root/pull/14031#issuecomment-2034541022,7,['test'],"['testReport', 'tests']"
Testability,Build failed on ROOT-ubuntu2004/python3.; Running on root-ubuntu-2004-1.cern.ch:/home/sftnight/build/workspace/root-pullrequests-build; [See console output](https://lcgapp-services.cern.ch/root-jenkins/job/root-pullrequests-build/199889/console).; ### Failing tests:; - [projectroot.roottest.python.basic.roottest_python_basic_datatype](https://lcgapp-services.cern.ch/root-jenkins/job/root-pullrequests-build/199889/testReport/projectroot.roottest.python/basic/roottest_python_basic_datatype/); - [projectroot.roottest.python.cpp.roottest_python_cpp_cpp11](https://lcgapp-services.cern.ch/root-jenkins/job/root-pullrequests-build/199889/testReport/projectroot.roottest.python/cpp/roottest_python_cpp_cpp11/),MatchSource.ISSUE_COMMENT,root-project,root,v6-32-06,https://github.com/root-project/root/pull/15122#issuecomment-2035427223:260,test,tests,260,https://root.cern,https://github.com/root-project/root/pull/15122#issuecomment-2035427223,3,['test'],"['testReport', 'tests']"
Testability,Build failed on ROOT-ubuntu2004/python3.; Running on root-ubuntu-2004-3.cern.ch:/home/sftnight/build/workspace/root-pullrequests-build; [See console output](https://lcgapp-services.cern.ch/root-jenkins/job/root-pullrequests-build/147557/console).; ### Failing tests:; - [projectroot.test.test_stressroofit_batchmode_cpu](https://lcgapp-services.cern.ch/root-jenkins/job/root-pullrequests-build/147557/testReport/projectroot/test/test_stressroofit_batchmode_cpu/),MatchSource.ISSUE_COMMENT,root-project,root,v6-32-06,https://github.com/root-project/root/pull/10754#issuecomment-1155614576:260,test,tests,260,https://root.cern,https://github.com/root-project/root/pull/10754#issuecomment-1155614576,4,['test'],"['test', 'testReport', 'tests']"
Testability,Build failed on ROOT-ubuntu2004/python3.; Running on root-ubuntu-2004-3.cern.ch:/home/sftnight/build/workspace/root-pullrequests-build; [See console output](https://lcgapp-services.cern.ch/root-jenkins/job/root-pullrequests-build/147571/console).; ### Failing tests:; - [projectroot.test.test_stressroofit_batchmode_cpu](https://lcgapp-services.cern.ch/root-jenkins/job/root-pullrequests-build/147571/testReport/projectroot/test/test_stressroofit_batchmode_cpu/),MatchSource.ISSUE_COMMENT,root-project,root,v6-32-06,https://github.com/root-project/root/pull/10754#issuecomment-1155775797:260,test,tests,260,https://root.cern,https://github.com/root-project/root/pull/10754#issuecomment-1155775797,4,['test'],"['test', 'testReport', 'tests']"
Testability,Build failed on ROOT-ubuntu2004/python3.; Running on root-ubuntu-2004-3.cern.ch:/home/sftnight/build/workspace/root-pullrequests-build; [See console output](https://lcgapp-services.cern.ch/root-jenkins/job/root-pullrequests-build/147592/console).; ### Failing tests:; - [projectroot.roofit.roofitcore.test.gtest_roofit_roofitcore_test_testTestStatisticsPlot](https://lcgapp-services.cern.ch/root-jenkins/job/root-pullrequests-build/147592/testReport/projectroot.roofit.roofitcore/test/gtest_roofit_roofitcore_test_testTestStatisticsPlot/); - [projectroot.roofit.roofitcore.test.gtest_roofit_roofitcore_test_testLikelihoodGradientJob](https://lcgapp-services.cern.ch/root-jenkins/job/root-pullrequests-build/147592/testReport/projectroot.roofit.roofitcore/test/gtest_roofit_roofitcore_test_testLikelihoodGradientJob/); - [projectroot.roofit.roofitcore.test.gtest_roofit_roofitcore_test_testRooGradMinimizerFcn](https://lcgapp-services.cern.ch/root-jenkins/job/root-pullrequests-build/147592/testReport/projectroot.roofit.roofitcore/test/gtest_roofit_roofitcore_test_testRooGradMinimizerFcn/),MatchSource.ISSUE_COMMENT,root-project,root,v6-32-06,https://github.com/root-project/root/pull/10757#issuecomment-1155796728:260,test,tests,260,https://root.cern,https://github.com/root-project/root/pull/10757#issuecomment-1155796728,10,['test'],"['test', 'testReport', 'tests']"
Testability,Build failed on ROOT-ubuntu2004/python3.; Running on root-ubuntu-2004-3.cern.ch:/home/sftnight/build/workspace/root-pullrequests-build; [See console output](https://lcgapp-services.cern.ch/root-jenkins/job/root-pullrequests-build/147620/console).; ### Failing tests:; - [projectroot.test.test_stressHistFactory_interpreted](https://lcgapp-services.cern.ch/root-jenkins/job/root-pullrequests-build/147620/testReport/projectroot/test/test_stressHistFactory_interpreted/),MatchSource.ISSUE_COMMENT,root-project,root,v6-32-06,https://github.com/root-project/root/pull/10761#issuecomment-1155873032:260,test,tests,260,https://root.cern,https://github.com/root-project/root/pull/10761#issuecomment-1155873032,4,['test'],"['test', 'testReport', 'tests']"
Testability,Build failed on ROOT-ubuntu2004/python3.; Running on root-ubuntu-2004-3.cern.ch:/home/sftnight/build/workspace/root-pullrequests-build; [See console output](https://lcgapp-services.cern.ch/root-jenkins/job/root-pullrequests-build/147662/console).; ### Failing tests:; - [projectroot.roottest.python.distrdf.common.roottest_python_distrdf_common_test_all](https://lcgapp-services.cern.ch/root-jenkins/job/root-pullrequests-build/147662/testReport/projectroot.roottest.python.distrdf/common/roottest_python_distrdf_common_test_all/); - [projectroot.roottest.python.distrdf.dask.roottest_python_distrdf_dask_test_all](https://lcgapp-services.cern.ch/root-jenkins/job/root-pullrequests-build/147662/testReport/projectroot.roottest.python.distrdf/dask/roottest_python_distrdf_dask_test_all/),MatchSource.ISSUE_COMMENT,root-project,root,v6-32-06,https://github.com/root-project/root/pull/10747#issuecomment-1156443656:260,test,tests,260,https://root.cern,https://github.com/root-project/root/pull/10747#issuecomment-1156443656,3,['test'],"['testReport', 'tests']"
Testability,Build failed on ROOT-ubuntu2004/python3.; Running on root-ubuntu-2004-3.cern.ch:/home/sftnight/build/workspace/root-pullrequests-build; [See console output](https://lcgapp-services.cern.ch/root-jenkins/job/root-pullrequests-build/147926/console).; ### Failing tests:; - [projectroot.roottest.root.dataframe.roottest_root_dataframe_misc](https://lcgapp-services.cern.ch/root-jenkins/job/root-pullrequests-build/147926/testReport/projectroot.roottest.root/dataframe/roottest_root_dataframe_misc/),MatchSource.ISSUE_COMMENT,root-project,root,v6-32-06,https://github.com/root-project/root/pull/10793#issuecomment-1161796609:260,test,tests,260,https://root.cern,https://github.com/root-project/root/pull/10793#issuecomment-1161796609,2,['test'],"['testReport', 'tests']"
Testability,Build failed on ROOT-ubuntu2004/python3.; Running on root-ubuntu-2004-3.cern.ch:/home/sftnight/build/workspace/root-pullrequests-build; [See console output](https://lcgapp-services.cern.ch/root-jenkins/job/root-pullrequests-build/148145/console).; ### Warnings:; - [2022-06-22T16:02:14.350Z] Warning in &lt;CheckModuleValid&gt;: warning: Couldn't find in the following specified headers in the module Core: ; - [2022-06-22T16:02:44.925Z] Warning in &lt;CheckModuleValid&gt;: warning: Couldn't find in the following specified headers in the module Thread: . ### Failing tests:; - [projectroot.test.test_stressinterpreter](https://lcgapp-services.cern.ch/root-jenkins/job/root-pullrequests-build/148145/testReport/projectroot/test/test_stressinterpreter/); - [projectroot.bindings.pyroot.pythonizations.test.pyunittests_pyroot_numbadeclare](https://lcgapp-services.cern.ch/root-jenkins/job/root-pullrequests-build/148145/testReport/projectroot.bindings.pyroot.pythonizations/test/pyunittests_pyroot_numbadeclare/); - [projectroot.roottest.cling.other.roottest_cling_other_checkMissingSymbolExitCode](https://lcgapp-services.cern.ch/root-jenkins/job/root-pullrequests-build/148145/testReport/projectroot.roottest.cling/other/roottest_cling_other_checkMissingSymbolExitCode/); - [projectroot.roottest.cling.staticinit.ROOT-10426.roottest_cling_staticinit_ROOT_10426_ROOT_10426](https://lcgapp-services.cern.ch/root-jenkins/job/root-pullrequests-build/148145/testReport/projectroot.roottest.cling.staticinit/ROOT-10426/roottest_cling_staticinit_ROOT_10426_ROOT_10426/); - [projectroot.roottest.python.cling.roottest_python_cling_api](https://lcgapp-services.cern.ch/root-jenkins/job/root-pullrequests-build/148145/testReport/projectroot.roottest.python/cling/roottest_python_cling_api/); - [projectroot.roottest.python.cling.roottest_python_cling_class](https://lcgapp-services.cern.ch/root-jenkins/job/root-pullrequests-build/148145/testReport/projectroot.roottest.python/cling/roottest_python_cling_class,MatchSource.ISSUE_COMMENT,root-project,root,v6-32-06,https://github.com/root-project/root/pull/10294#issuecomment-1163348824:569,test,tests,569,https://root.cern,https://github.com/root-project/root/pull/10294#issuecomment-1163348824,7,['test'],"['test', 'testReport', 'tests']"
Testability,Build failed on ROOT-ubuntu2004/python3.; Running on root-ubuntu-2004-3.cern.ch:/home/sftnight/build/workspace/root-pullrequests-build; [See console output](https://lcgapp-services.cern.ch/root-jenkins/job/root-pullrequests-build/149646/console).; ### Failing tests:; - [projectroot.test.test_stressIOPlugins_xroot](https://lcgapp-services.cern.ch/root-jenkins/job/root-pullrequests-build/149646/testReport/projectroot/test/test_stressIOPlugins_xroot/); - [projectroot.roottest.root.meta.roottest_root_meta_drawing](https://lcgapp-services.cern.ch/root-jenkins/job/root-pullrequests-build/149646/testReport/projectroot.roottest.root/meta/roottest_root_meta_drawing/); - [projectroot.roottest.root.multicore.roottest_root_multicore_processExecutorH1Test](https://lcgapp-services.cern.ch/root-jenkins/job/root-pullrequests-build/149646/testReport/projectroot.roottest.root/multicore/roottest_root_multicore_processExecutorH1Test/); - [projectroot.roottest.root.io.filemerger.roottest_root_io_filemerger_execFileMerger](https://lcgapp-services.cern.ch/root-jenkins/job/root-pullrequests-build/149646/testReport/projectroot.roottest.root.io/filemerger/roottest_root_io_filemerger_execFileMerger/); - [projectroot.roottest.root.io.multizip.roottest_root_io_multizip_make](https://lcgapp-services.cern.ch/root-jenkins/job/root-pullrequests-build/149646/testReport/projectroot.roottest.root.io/multizip/roottest_root_io_multizip_make/); - [projectroot.roottest.root.io.xml.roottest_root_io_xml_make](https://lcgapp-services.cern.ch/root-jenkins/job/root-pullrequests-build/149646/testReport/projectroot.roottest.root.io/xml/roottest_root_io_xml_make/),MatchSource.ISSUE_COMMENT,root-project,root,v6-32-06,https://github.com/root-project/root/pull/10850#issuecomment-1179734070:260,test,tests,260,https://root.cern,https://github.com/root-project/root/pull/10850#issuecomment-1179734070,9,['test'],"['test', 'testReport', 'tests']"
Testability,Build failed on ROOT-ubuntu2004/python3.; Running on root-ubuntu-2004-3.cern.ch:/home/sftnight/build/workspace/root-pullrequests-build; [See console output](https://lcgapp-services.cern.ch/root-jenkins/job/root-pullrequests-build/149794/console).; ### Failing tests:; - [projectroot.bindings.pyroot.pythonizations.test.pyunittests_pyroot_dependency_versions](https://lcgapp-services.cern.ch/root-jenkins/job/root-pullrequests-build/149794/testReport/projectroot.bindings.pyroot.pythonizations/test/pyunittests_pyroot_dependency_versions/),MatchSource.ISSUE_COMMENT,root-project,root,v6-32-06,https://github.com/root-project/root/pull/10949#issuecomment-1181750494:260,test,tests,260,https://root.cern,https://github.com/root-project/root/pull/10949#issuecomment-1181750494,4,['test'],"['test', 'testReport', 'tests']"
Testability,Build failed on ROOT-ubuntu2004/python3.; Running on root-ubuntu-2004-3.cern.ch:/home/sftnight/build/workspace/root-pullrequests-build; [See console output](https://lcgapp-services.cern.ch/root-jenkins/job/root-pullrequests-build/149927/console).; ### Failing tests:; - [projectroot.roofit.roofitcore.test.gtest_roofit_roofitcore_test_testRooAbsL](https://lcgapp-services.cern.ch/root-jenkins/job/root-pullrequests-build/149927/testReport/projectroot.roofit.roofitcore/test/gtest_roofit_roofitcore_test_testRooAbsL/); - [projectroot.roofit.roofitcore.test.gtest_roofit_roofitcore_test_testLikelihoodJob](https://lcgapp-services.cern.ch/root-jenkins/job/root-pullrequests-build/149927/testReport/projectroot.roofit.roofitcore/test/gtest_roofit_roofitcore_test_testLikelihoodJob/); - [projectroot.roofit.roofitcore.test.gtest_roofit_roofitcore_test_testLikelihoodGradientJob](https://lcgapp-services.cern.ch/root-jenkins/job/root-pullrequests-build/149927/testReport/projectroot.roofit.roofitcore/test/gtest_roofit_roofitcore_test_testLikelihoodGradientJob/),MatchSource.ISSUE_COMMENT,root-project,root,v6-32-06,https://github.com/root-project/root/pull/10966#issuecomment-1184806120:260,test,tests,260,https://root.cern,https://github.com/root-project/root/pull/10966#issuecomment-1184806120,10,['test'],"['test', 'testReport', 'tests']"
Testability,Build failed on ROOT-ubuntu2004/python3.; Running on root-ubuntu-2004-3.cern.ch:/home/sftnight/build/workspace/root-pullrequests-build; [See console output](https://lcgapp-services.cern.ch/root-jenkins/job/root-pullrequests-build/150193/console).; ### Failing tests:; - [projectroot.roottest.python.distrdf.dask.roottest_python_distrdf_dask_test_all](https://lcgapp-services.cern.ch/root-jenkins/job/root-pullrequests-build/150193/testReport/projectroot.roottest.python.distrdf/dask/roottest_python_distrdf_dask_test_all/); - [projectroot.roottest.python.distrdf.spark.roottest_python_distrdf_spark_test_all](https://lcgapp-services.cern.ch/root-jenkins/job/root-pullrequests-build/150193/testReport/projectroot.roottest.python.distrdf/spark/roottest_python_distrdf_spark_test_all/); - [projectroot.tmva.tmva.test.gtest_tmva_tmva_test_rstandardscaler](https://lcgapp-services.cern.ch/root-jenkins/job/root-pullrequests-build/150193/testReport/projectroot.tmva.tmva/test/gtest_tmva_tmva_test_rstandardscaler/); - [projectroot.tmva.tmva.test.gtest_tmva_tmva_test_rreader](https://lcgapp-services.cern.ch/root-jenkins/job/root-pullrequests-build/150193/testReport/projectroot.tmva.tmva/test/gtest_tmva_tmva_test_rreader/); - [projectroot.tree.dataframe.test.gtest_tree_dataframe_test_datasource_csv](https://lcgapp-services.cern.ch/root-jenkins/job/root-pullrequests-build/150193/testReport/projectroot.tree.dataframe/test/gtest_tree_dataframe_test_datasource_csv/); - [projectroot.tree.dataframe.test.gtest_tree_dataframe_test_datasource_sqlite](https://lcgapp-services.cern.ch/root-jenkins/job/root-pullrequests-build/150193/testReport/projectroot.tree.dataframe/test/gtest_tree_dataframe_test_datasource_sqlite/); - [projectroot.test.test_stressIOPlugins_http](https://lcgapp-services.cern.ch/root-jenkins/job/root-pullrequests-build/150193/testReport/projectroot/test/test_stressIOPlugins_http/); - [projectroot.test.test_stresshistogram_interpreted](https://lcgapp-services.cern.ch/root-jenkins/job/,MatchSource.ISSUE_COMMENT,root-project,root,v6-32-06,https://github.com/root-project/root/pull/11003#issuecomment-1190300214:260,test,tests,260,https://root.cern,https://github.com/root-project/root/pull/11003#issuecomment-1190300214,6,['test'],"['test', 'testReport', 'tests']"
Testability,Build failed on ROOT-ubuntu2004/python3.; Running on root-ubuntu-2004-3.cern.ch:/home/sftnight/build/workspace/root-pullrequests-build; [See console output](https://lcgapp-services.cern.ch/root-jenkins/job/root-pullrequests-build/150200/console).; ### Failing tests:; - [projectroot.roottest.python.distrdf.spark.roottest_python_distrdf_spark_test_all](https://lcgapp-services.cern.ch/root-jenkins/job/root-pullrequests-build/150200/testReport/projectroot.roottest.python.distrdf/spark/roottest_python_distrdf_spark_test_all/); - [projectroot.roottest.python.distrdf.dask.roottest_python_distrdf_dask_test_all](https://lcgapp-services.cern.ch/root-jenkins/job/root-pullrequests-build/150200/testReport/projectroot.roottest.python.distrdf/dask/roottest_python_distrdf_dask_test_all/); - [projectroot.tmva.tmva.test.gtest_tmva_tmva_test_rstandardscaler](https://lcgapp-services.cern.ch/root-jenkins/job/root-pullrequests-build/150200/testReport/projectroot.tmva.tmva/test/gtest_tmva_tmva_test_rstandardscaler/); - [projectroot.tmva.tmva.test.gtest_tmva_tmva_test_rreader](https://lcgapp-services.cern.ch/root-jenkins/job/root-pullrequests-build/150200/testReport/projectroot.tmva.tmva/test/gtest_tmva_tmva_test_rreader/); - [projectroot.tree.dataframe.test.gtest_tree_dataframe_test_datasource_csv](https://lcgapp-services.cern.ch/root-jenkins/job/root-pullrequests-build/150200/testReport/projectroot.tree.dataframe/test/gtest_tree_dataframe_test_datasource_csv/); - [projectroot.tree.dataframe.test.gtest_tree_dataframe_test_datasource_sqlite](https://lcgapp-services.cern.ch/root-jenkins/job/root-pullrequests-build/150200/testReport/projectroot.tree.dataframe/test/gtest_tree_dataframe_test_datasource_sqlite/); - [projectroot.io.io.test.gtest_io_io_test_RRawFile](https://lcgapp-services.cern.ch/root-jenkins/job/root-pullrequests-build/150200/testReport/projectroot.io.io/test/gtest_io_io_test_RRawFile/); - [projectroot.net.davix.test.gtest_net_davix_test_RRawFileDavix](https://lcgapp-services.c,MatchSource.ISSUE_COMMENT,root-project,root,v6-32-06,https://github.com/root-project/root/pull/10896#issuecomment-1190340359:260,test,tests,260,https://root.cern,https://github.com/root-project/root/pull/10896#issuecomment-1190340359,6,['test'],"['test', 'testReport', 'tests']"
Testability,Build failed on ROOT-ubuntu2004/python3.; Running on root-ubuntu-2004-3.cern.ch:/home/sftnight/build/workspace/root-pullrequests-build; [See console output](https://lcgapp-services.cern.ch/root-jenkins/job/root-pullrequests-build/150279/console).; ### Failing tests:; - [projectroot.test.test_stresshistogram_interpreted](https://lcgapp-services.cern.ch/root-jenkins/job/root-pullrequests-build/150279/testReport/projectroot/test/test_stresshistogram_interpreted/); - [projectroot.roottest.root.tree.reader.roottest_root_tree_reader_make](https://lcgapp-services.cern.ch/root-jenkins/job/root-pullrequests-build/150279/testReport/projectroot.roottest.root.tree/reader/roottest_root_tree_reader_make/); - [projectroot.roottest.root.multicore.roottest_root_multicore_ttree_read_imt](https://lcgapp-services.cern.ch/root-jenkins/job/root-pullrequests-build/150279/testReport/projectroot.roottest.root/multicore/roottest_root_multicore_ttree_read_imt/),MatchSource.ISSUE_COMMENT,root-project,root,v6-32-06,https://github.com/root-project/root/pull/10896#issuecomment-1191508528:260,test,tests,260,https://root.cern,https://github.com/root-project/root/pull/10896#issuecomment-1191508528,6,['test'],"['test', 'testReport', 'tests']"
Testability,Build failed on ROOT-ubuntu2004/python3.; Running on root-ubuntu-2004-3.cern.ch:/home/sftnight/build/workspace/root-pullrequests-build; [See console output](https://lcgapp-services.cern.ch/root-jenkins/job/root-pullrequests-build/150627/console).; ### Failing tests:; - [projectroot.bindings.experimental.distrdf.test.pyunittests_distrdf_unit_test_buildranges](https://lcgapp-services.cern.ch/root-jenkins/job/root-pullrequests-build/150627/testReport/projectroot.bindings.experimental.distrdf/test/pyunittests_distrdf_unit_test_buildranges/); - [projectroot.roottest.python.distrdf.common.roottest_python_distrdf_common_test_all](https://lcgapp-services.cern.ch/root-jenkins/job/root-pullrequests-build/150627/testReport/projectroot.roottest.python.distrdf/common/roottest_python_distrdf_common_test_all/); - [projectroot.roottest.python.distrdf.dask.roottest_python_distrdf_dask_test_all](https://lcgapp-services.cern.ch/root-jenkins/job/root-pullrequests-build/150627/testReport/projectroot.roottest.python.distrdf/dask/roottest_python_distrdf_dask_test_all/); - [projectroot.roottest.python.distrdf.spark.roottest_python_distrdf_spark_test_all](https://lcgapp-services.cern.ch/root-jenkins/job/root-pullrequests-build/150627/testReport/projectroot.roottest.python.distrdf/spark/roottest_python_distrdf_spark_test_all/),MatchSource.ISSUE_COMMENT,root-project,root,v6-32-06,https://github.com/root-project/root/pull/11056#issuecomment-1196029821:260,test,tests,260,https://root.cern,https://github.com/root-project/root/pull/11056#issuecomment-1196029821,7,['test'],"['test', 'testReport', 'tests']"
Testability,Build failed on ROOT-ubuntu2004/python3.; Running on root-ubuntu-2004-3.cern.ch:/home/sftnight/build/workspace/root-pullrequests-build; [See console output](https://lcgapp-services.cern.ch/root-jenkins/job/root-pullrequests-build/150833/console).; ### Failing tests:; - [projectroot.bindings.pyroot.pythonizations.test.pyunittests_pyroot_rdf_define_pyz](https://lcgapp-services.cern.ch/root-jenkins/job/root-pullrequests-build/150833/testReport/projectroot.bindings.pyroot.pythonizations/test/pyunittests_pyroot_rdf_define_pyz/),MatchSource.ISSUE_COMMENT,root-project,root,v6-32-06,https://github.com/root-project/root/pull/11078#issuecomment-1201234125:260,test,tests,260,https://root.cern,https://github.com/root-project/root/pull/11078#issuecomment-1201234125,4,['test'],"['test', 'testReport', 'tests']"
Testability,Build failed on ROOT-ubuntu2004/python3.; Running on root-ubuntu-2004-3.cern.ch:/home/sftnight/build/workspace/root-pullrequests-build; [See console output](https://lcgapp-services.cern.ch/root-jenkins/job/root-pullrequests-build/150922/console).; ### Failing tests:; - [projectroot.core.metacling.test.gtest_core_metacling_test_TClingTest](https://lcgapp-services.cern.ch/root-jenkins/job/root-pullrequests-build/150922/testReport/projectroot.core.metacling/test/gtest_core_metacling_test_TClingTest/); - [projectroot.roottest.root.hist.roottest_root_hist_h2root](https://lcgapp-services.cern.ch/root-jenkins/job/root-pullrequests-build/150922/testReport/projectroot.roottest.root/hist/roottest_root_hist_h2root/),MatchSource.ISSUE_COMMENT,root-project,root,v6-32-06,https://github.com/root-project/root/pull/10850#issuecomment-1201792936:260,test,tests,260,https://root.cern,https://github.com/root-project/root/pull/10850#issuecomment-1201792936,5,['test'],"['test', 'testReport', 'tests']"
Testability,Build failed on ROOT-ubuntu2004/python3.; Running on root-ubuntu-2004-3.cern.ch:/home/sftnight/build/workspace/root-pullrequests-build; [See console output](https://lcgapp-services.cern.ch/root-jenkins/job/root-pullrequests-build/151045/console).; ### Failing tests:; - [projectroot.roottest.root.io.filemerger.roottest_root_io_filemerger_execFileMerger](https://lcgapp-services.cern.ch/root-jenkins/job/root-pullrequests-build/151045/testReport/projectroot.roottest.root.io/filemerger/roottest_root_io_filemerger_execFileMerger/),MatchSource.ISSUE_COMMENT,root-project,root,v6-32-06,https://github.com/root-project/root/pull/11103#issuecomment-1204026420:260,test,tests,260,https://root.cern,https://github.com/root-project/root/pull/11103#issuecomment-1204026420,2,['test'],"['testReport', 'tests']"
Testability,Build failed on ROOT-ubuntu2004/python3.; Running on root-ubuntu-2004-3.cern.ch:/home/sftnight/build/workspace/root-pullrequests-build; [See console output](https://lcgapp-services.cern.ch/root-jenkins/job/root-pullrequests-build/151291/console).; ### Failing tests:; - [projectroot.roottest.root.io.filemerger.roottest_root_io_filemerger_execFileMerger](https://lcgapp-services.cern.ch/root-jenkins/job/root-pullrequests-build/151291/testReport/projectroot.roottest.root.io/filemerger/roottest_root_io_filemerger_execFileMerger/),MatchSource.ISSUE_COMMENT,root-project,root,v6-32-06,https://github.com/root-project/root/pull/11122#issuecomment-1206316866:260,test,tests,260,https://root.cern,https://github.com/root-project/root/pull/11122#issuecomment-1206316866,2,['test'],"['testReport', 'tests']"
Testability,Build failed on ROOT-ubuntu2004/python3.; Running on root-ubuntu-2004-3.cern.ch:/home/sftnight/build/workspace/root-pullrequests-build; [See console output](https://lcgapp-services.cern.ch/root-jenkins/job/root-pullrequests-build/151664/console).; ### Failing tests:; - [projectroot.hist.hist.test.gtest_hist_hist_test_TFormulaGradientTests](https://lcgapp-services.cern.ch/root-jenkins/job/root-pullrequests-build/151664/testReport/projectroot.hist.hist/test/gtest_hist_hist_test_TFormulaGradientTests/); - [projectroot.hist.hist.test.gtest_hist_hist_test_TFormulaHessianTests](https://lcgapp-services.cern.ch/root-jenkins/job/root-pullrequests-build/151664/testReport/projectroot.hist.hist/test/gtest_hist_hist_test_TFormulaHessianTests/),MatchSource.ISSUE_COMMENT,root-project,root,v6-32-06,https://github.com/root-project/root/pull/11166#issuecomment-1210559377:260,test,tests,260,https://root.cern,https://github.com/root-project/root/pull/11166#issuecomment-1210559377,7,['test'],"['test', 'testReport', 'tests']"
Testability,Build failed on ROOT-ubuntu2004/python3.; Running on root-ubuntu-2004-3.cern.ch:/home/sftnight/build/workspace/root-pullrequests-build; [See console output](https://lcgapp-services.cern.ch/root-jenkins/job/root-pullrequests-build/152294/console).; ### Failing tests:; - [projectroot.roottest.python.distrdf.common.roottest_python_distrdf_common_test_all](https://lcgapp-services.cern.ch/root-jenkins/job/root-pullrequests-build/152294/testReport/projectroot.roottest.python.distrdf/common/roottest_python_distrdf_common_test_all/),MatchSource.ISSUE_COMMENT,root-project,root,v6-32-06,https://github.com/root-project/root/pull/11217#issuecomment-1219806684:260,test,tests,260,https://root.cern,https://github.com/root-project/root/pull/11217#issuecomment-1219806684,2,['test'],"['testReport', 'tests']"
Testability,Build failed on ROOT-ubuntu2004/python3.; Running on root-ubuntu-2004-3.cern.ch:/home/sftnight/build/workspace/root-pullrequests-build; [See console output](https://lcgapp-services.cern.ch/root-jenkins/job/root-pullrequests-build/152308/console).; ### Failing tests:; - [projectroot.test.test_stressIOPlugins_xroot](https://lcgapp-services.cern.ch/root-jenkins/job/root-pullrequests-build/152308/testReport/projectroot/test/test_stressIOPlugins_xroot/); - [projectroot.roottest.root.meta.roottest_root_meta_drawing](https://lcgapp-services.cern.ch/root-jenkins/job/root-pullrequests-build/152308/testReport/projectroot.roottest.root/meta/roottest_root_meta_drawing/); - [projectroot.roottest.root.multicore.roottest_root_multicore_processExecutorH1Test](https://lcgapp-services.cern.ch/root-jenkins/job/root-pullrequests-build/152308/testReport/projectroot.roottest.root/multicore/roottest_root_multicore_processExecutorH1Test/); - [projectroot.roottest.root.io.filemerger.roottest_root_io_filemerger_execFileMerger](https://lcgapp-services.cern.ch/root-jenkins/job/root-pullrequests-build/152308/testReport/projectroot.roottest.root.io/filemerger/roottest_root_io_filemerger_execFileMerger/); - [projectroot.roottest.root.io.multizip.roottest_root_io_multizip_make](https://lcgapp-services.cern.ch/root-jenkins/job/root-pullrequests-build/152308/testReport/projectroot.roottest.root.io/multizip/roottest_root_io_multizip_make/); - [projectroot.roottest.root.io.xml.roottest_root_io_xml_make](https://lcgapp-services.cern.ch/root-jenkins/job/root-pullrequests-build/152308/testReport/projectroot.roottest.root.io/xml/roottest_root_io_xml_make/),MatchSource.ISSUE_COMMENT,root-project,root,v6-32-06,https://github.com/root-project/root/pull/11193#issuecomment-1219938243:260,test,tests,260,https://root.cern,https://github.com/root-project/root/pull/11193#issuecomment-1219938243,9,['test'],"['test', 'testReport', 'tests']"
Testability,Build failed on ROOT-ubuntu2004/python3.; Running on root-ubuntu-2004-3.cern.ch:/home/sftnight/build/workspace/root-pullrequests-build; [See console output](https://lcgapp-services.cern.ch/root-jenkins/job/root-pullrequests-build/152315/console).; ### Failing tests:; - [projectroot.roottest.root.meta.roottest_root_meta_drawing](https://lcgapp-services.cern.ch/root-jenkins/job/root-pullrequests-build/152315/testReport/projectroot.roottest.root/meta/roottest_root_meta_drawing/),MatchSource.ISSUE_COMMENT,root-project,root,v6-32-06,https://github.com/root-project/root/pull/11193#issuecomment-1219979404:260,test,tests,260,https://root.cern,https://github.com/root-project/root/pull/11193#issuecomment-1219979404,2,['test'],"['testReport', 'tests']"
Testability,Build failed on ROOT-ubuntu2004/python3.; Running on root-ubuntu-2004-3.cern.ch:/home/sftnight/build/workspace/root-pullrequests-build; [See console output](https://lcgapp-services.cern.ch/root-jenkins/job/root-pullrequests-build/152329/console).; ### Failing tests:; - [projectroot.roottest.root.meta.roottest_root_meta_drawing](https://lcgapp-services.cern.ch/root-jenkins/job/root-pullrequests-build/152329/testReport/projectroot.roottest.root/meta/roottest_root_meta_drawing/),MatchSource.ISSUE_COMMENT,root-project,root,v6-32-06,https://github.com/root-project/root/pull/11193#issuecomment-1220047784:260,test,tests,260,https://root.cern,https://github.com/root-project/root/pull/11193#issuecomment-1220047784,2,['test'],"['testReport', 'tests']"
Testability,Build failed on ROOT-ubuntu2004/python3.; Running on root-ubuntu-2004-3.cern.ch:/home/sftnight/build/workspace/root-pullrequests-build; [See console output](https://lcgapp-services.cern.ch/root-jenkins/job/root-pullrequests-build/152432/console).; ### Errors:; - [2022-08-19T13:08:39.141Z] FAILED: core/metacling/test/CMakeFiles/TClingTest.dir/TClingCallFuncTests.cxx.o ; - [2022-08-19T13:08:39.416Z] /home/sftnight/build/workspace/root-pullrequests-build/root/core/metacling/test/TClingCallFuncTests.cxx:24:5: error: ‘fGlobalNamespace’ was not declared in this scope ; - [2022-08-19T13:08:39.416Z] /home/sftnight/build/workspace/root-pullrequests-build/root/core/metacling/test/TClingCallFuncTests.cxx:24:56: error: ‘name’ was not declared in this scope ; - [2022-08-19T13:08:39.416Z] /home/sftnight/build/workspace/root-pullrequests-build/root/core/metacling/test/TClingCallFuncTests.cxx:30:36: error: ‘fGlobalNamespace’ was not declared in this scope ; - [2022-08-19T13:08:39.416Z] /home/sftnight/build/workspace/root-pullrequests-build/root/core/metacling/test/TClingCallFuncTests.cxx:35:46: error: ‘fGlobalNamespace’ was not declared in this scope . ### Warnings:; - [2022-08-19T13:08:39.416Z] /home/sftnight/build/workspace/root-pullrequests-build/root/core/metacling/test/TClingCallFuncTests.cxx:23:28: warning: unused parameter ‘scopeName’ [-Wunused-parameter],MatchSource.ISSUE_COMMENT,root-project,root,v6-32-06,https://github.com/root-project/root/pull/10850#issuecomment-1220659924:313,test,test,313,https://root.cern,https://github.com/root-project/root/pull/10850#issuecomment-1220659924,6,['test'],['test']
Testability,Build failed on ROOT-ubuntu2004/python3.; Running on root-ubuntu-2004-3.cern.ch:/home/sftnight/build/workspace/root-pullrequests-build; [See console output](https://lcgapp-services.cern.ch/root-jenkins/job/root-pullrequests-build/153162/console).; ### Failing tests:; - [projectroot.roottest.python.distrdf.dask.roottest_python_distrdf_dask_test_all](https://lcgapp-services.cern.ch/root-jenkins/job/root-pullrequests-build/153162/testReport/projectroot.roottest.python.distrdf/dask/roottest_python_distrdf_dask_test_all/),MatchSource.ISSUE_COMMENT,root-project,root,v6-32-06,https://github.com/root-project/root/pull/11281#issuecomment-1231572321:260,test,tests,260,https://root.cern,https://github.com/root-project/root/pull/11281#issuecomment-1231572321,2,['test'],"['testReport', 'tests']"
Testability,Build failed on ROOT-ubuntu2004/python3.; Running on root-ubuntu-2004-3.cern.ch:/home/sftnight/build/workspace/root-pullrequests-build; [See console output](https://lcgapp-services.cern.ch/root-jenkins/job/root-pullrequests-build/153176/console).; ### Failing tests:; - [projectroot.roottest.python.distrdf.dask.roottest_python_distrdf_dask_test_all](https://lcgapp-services.cern.ch/root-jenkins/job/root-pullrequests-build/153176/testReport/projectroot.roottest.python.distrdf/dask/roottest_python_distrdf_dask_test_all/),MatchSource.ISSUE_COMMENT,root-project,root,v6-32-06,https://github.com/root-project/root/pull/8265#issuecomment-1231608655:260,test,tests,260,https://root.cern,https://github.com/root-project/root/pull/8265#issuecomment-1231608655,2,['test'],"['testReport', 'tests']"
Testability,Build failed on ROOT-ubuntu2004/python3.; Running on root-ubuntu-2004-3.cern.ch:/home/sftnight/build/workspace/root-pullrequests-build; [See console output](https://lcgapp-services.cern.ch/root-jenkins/job/root-pullrequests-build/153218/console).; ### Failing tests:; - [projectroot.roottest.python.distrdf.dask.roottest_python_distrdf_dask_test_all](https://lcgapp-services.cern.ch/root-jenkins/job/root-pullrequests-build/153218/testReport/projectroot.roottest.python.distrdf/dask/roottest_python_distrdf_dask_test_all/),MatchSource.ISSUE_COMMENT,root-project,root,v6-32-06,https://github.com/root-project/root/pull/11283#issuecomment-1231821428:260,test,tests,260,https://root.cern,https://github.com/root-project/root/pull/11283#issuecomment-1231821428,2,['test'],"['testReport', 'tests']"
Testability,Build failed on ROOT-ubuntu2004/python3.; Running on root-ubuntu-2004-3.cern.ch:/home/sftnight/build/workspace/root-pullrequests-build; [See console output](https://lcgapp-services.cern.ch/root-jenkins/job/root-pullrequests-build/153260/console).; ### Failing tests:; - [projectroot.roottest.python.distrdf.dask.roottest_python_distrdf_dask_test_all](https://lcgapp-services.cern.ch/root-jenkins/job/root-pullrequests-build/153260/testReport/projectroot.roottest.python.distrdf/dask/roottest_python_distrdf_dask_test_all/),MatchSource.ISSUE_COMMENT,root-project,root,v6-32-06,https://github.com/root-project/root/pull/11282#issuecomment-1231893954:260,test,tests,260,https://root.cern,https://github.com/root-project/root/pull/11282#issuecomment-1231893954,2,['test'],"['testReport', 'tests']"
Testability,Build failed on ROOT-ubuntu2004/python3.; Running on root-ubuntu-2004-3.cern.ch:/home/sftnight/build/workspace/root-pullrequests-build; [See console output](https://lcgapp-services.cern.ch/root-jenkins/job/root-pullrequests-build/153333/console).; ### Failing tests:; - [projectroot.roottest.python.distrdf.dask.roottest_python_distrdf_dask_test_all](https://lcgapp-services.cern.ch/root-jenkins/job/root-pullrequests-build/153333/testReport/projectroot.roottest.python.distrdf/dask/roottest_python_distrdf_dask_test_all/),MatchSource.ISSUE_COMMENT,root-project,root,v6-32-06,https://github.com/root-project/root/pull/11293#issuecomment-1232237735:260,test,tests,260,https://root.cern,https://github.com/root-project/root/pull/11293#issuecomment-1232237735,2,['test'],"['testReport', 'tests']"
Testability,Build failed on ROOT-ubuntu2004/python3.; Running on root-ubuntu-2004-3.cern.ch:/home/sftnight/build/workspace/root-pullrequests-build; [See console output](https://lcgapp-services.cern.ch/root-jenkins/job/root-pullrequests-build/153364/console).; ### Failing tests:; - [projectroot.roottest.python.distrdf.dask.roottest_python_distrdf_dask_test_all](https://lcgapp-services.cern.ch/root-jenkins/job/root-pullrequests-build/153364/testReport/projectroot.roottest.python.distrdf/dask/roottest_python_distrdf_dask_test_all/),MatchSource.ISSUE_COMMENT,root-project,root,v6-32-06,https://github.com/root-project/root/pull/11073#issuecomment-1232830912:260,test,tests,260,https://root.cern,https://github.com/root-project/root/pull/11073#issuecomment-1232830912,2,['test'],"['testReport', 'tests']"
Testability,Build failed on ROOT-ubuntu2004/python3.; Running on root-ubuntu-2004-3.cern.ch:/home/sftnight/build/workspace/root-pullrequests-build; [See console output](https://lcgapp-services.cern.ch/root-jenkins/job/root-pullrequests-build/153429/console).; ### Failing tests:; - [projectroot.roottest.python.distrdf.dask.roottest_python_distrdf_dask_test_all](https://lcgapp-services.cern.ch/root-jenkins/job/root-pullrequests-build/153429/testReport/projectroot.roottest.python.distrdf/dask/roottest_python_distrdf_dask_test_all/),MatchSource.ISSUE_COMMENT,root-project,root,v6-32-06,https://github.com/root-project/root/pull/11298#issuecomment-1234107327:260,test,tests,260,https://root.cern,https://github.com/root-project/root/pull/11298#issuecomment-1234107327,2,['test'],"['testReport', 'tests']"
Testability,Build failed on ROOT-ubuntu2004/python3.; Running on root-ubuntu-2004-3.cern.ch:/home/sftnight/build/workspace/root-pullrequests-build; [See console output](https://lcgapp-services.cern.ch/root-jenkins/job/root-pullrequests-build/153450/console).; ### Failing tests:; - [projectroot.roottest.python.distrdf.dask.roottest_python_distrdf_dask_test_all](https://lcgapp-services.cern.ch/root-jenkins/job/root-pullrequests-build/153450/testReport/projectroot.roottest.python.distrdf/dask/roottest_python_distrdf_dask_test_all/),MatchSource.ISSUE_COMMENT,root-project,root,v6-32-06,https://github.com/root-project/root/pull/11149#issuecomment-1234158138:260,test,tests,260,https://root.cern,https://github.com/root-project/root/pull/11149#issuecomment-1234158138,2,['test'],"['testReport', 'tests']"
Testability,Build failed on ROOT-ubuntu2004/python3.; Running on root-ubuntu-2004-3.cern.ch:/home/sftnight/build/workspace/root-pullrequests-build; [See console output](https://lcgapp-services.cern.ch/root-jenkins/job/root-pullrequests-build/153471/console).; ### Failing tests:; - [projectroot.roottest.python.distrdf.dask.roottest_python_distrdf_dask_test_all](https://lcgapp-services.cern.ch/root-jenkins/job/root-pullrequests-build/153471/testReport/projectroot.roottest.python.distrdf/dask/roottest_python_distrdf_dask_test_all/),MatchSource.ISSUE_COMMENT,root-project,root,v6-32-06,https://github.com/root-project/root/pull/11301#issuecomment-1234369474:260,test,tests,260,https://root.cern,https://github.com/root-project/root/pull/11301#issuecomment-1234369474,2,['test'],"['testReport', 'tests']"
Testability,Build failed on ROOT-ubuntu2004/python3.; Running on root-ubuntu-2004-3.cern.ch:/home/sftnight/build/workspace/root-pullrequests-build; [See console output](https://lcgapp-services.cern.ch/root-jenkins/job/root-pullrequests-build/153520/console).; ### Failing tests:; - [projectroot.roottest.python.distrdf.dask.roottest_python_distrdf_dask_test_all](https://lcgapp-services.cern.ch/root-jenkins/job/root-pullrequests-build/153520/testReport/projectroot.roottest.python.distrdf/dask/roottest_python_distrdf_dask_test_all/); - [projectroot.tmva.tmva.test.gtest_tmva_tmva_test_rstandardscaler](https://lcgapp-services.cern.ch/root-jenkins/job/root-pullrequests-build/153520/testReport/projectroot.tmva.tmva/test/gtest_tmva_tmva_test_rstandardscaler/),MatchSource.ISSUE_COMMENT,root-project,root,v6-32-06,https://github.com/root-project/root/pull/10910#issuecomment-1235050236:260,test,tests,260,https://root.cern,https://github.com/root-project/root/pull/10910#issuecomment-1235050236,5,['test'],"['test', 'testReport', 'tests']"
Testability,Build failed on ROOT-ubuntu2004/python3.; Running on root-ubuntu-2004-3.cern.ch:/home/sftnight/build/workspace/root-pullrequests-build; [See console output](https://lcgapp-services.cern.ch/root-jenkins/job/root-pullrequests-build/153535/console).; ### Failing tests:; - [projectroot.roottest.python.distrdf.dask.roottest_python_distrdf_dask_test_all](https://lcgapp-services.cern.ch/root-jenkins/job/root-pullrequests-build/153535/testReport/projectroot.roottest.python.distrdf/dask/roottest_python_distrdf_dask_test_all/),MatchSource.ISSUE_COMMENT,root-project,root,v6-32-06,https://github.com/root-project/root/pull/11306#issuecomment-1235355826:260,test,tests,260,https://root.cern,https://github.com/root-project/root/pull/11306#issuecomment-1235355826,2,['test'],"['testReport', 'tests']"
Testability,Build failed on ROOT-ubuntu2004/python3.; Running on root-ubuntu-2004-3.cern.ch:/home/sftnight/build/workspace/root-pullrequests-build; [See console output](https://lcgapp-services.cern.ch/root-jenkins/job/root-pullrequests-build/153571/console).; ### Failing tests:; - [projectroot.roottest.python.distrdf.dask.roottest_python_distrdf_dask_test_all](https://lcgapp-services.cern.ch/root-jenkins/job/root-pullrequests-build/153571/testReport/projectroot.roottest.python.distrdf/dask/roottest_python_distrdf_dask_test_all/),MatchSource.ISSUE_COMMENT,root-project,root,v6-32-06,https://github.com/root-project/root/pull/11310#issuecomment-1236048715:260,test,tests,260,https://root.cern,https://github.com/root-project/root/pull/11310#issuecomment-1236048715,2,['test'],"['testReport', 'tests']"
Testability,Build failed on ROOT-ubuntu2004/python3.; Running on root-ubuntu-2004-3.cern.ch:/home/sftnight/build/workspace/root-pullrequests-build; [See console output](https://lcgapp-services.cern.ch/root-jenkins/job/root-pullrequests-build/153620/console).; ### Failing tests:; - [projectroot.roottest.python.distrdf.dask.roottest_python_distrdf_dask_test_all](https://lcgapp-services.cern.ch/root-jenkins/job/root-pullrequests-build/153620/testReport/projectroot.roottest.python.distrdf/dask/roottest_python_distrdf_dask_test_all/),MatchSource.ISSUE_COMMENT,root-project,root,v6-32-06,https://github.com/root-project/root/pull/11315#issuecomment-1236943855:260,test,tests,260,https://root.cern,https://github.com/root-project/root/pull/11315#issuecomment-1236943855,2,['test'],"['testReport', 'tests']"
Testability,Build failed on ROOT-ubuntu2004/python3.; Running on root-ubuntu-2004-3.cern.ch:/home/sftnight/build/workspace/root-pullrequests-build; [See console output](https://lcgapp-services.cern.ch/root-jenkins/job/root-pullrequests-build/153641/console).; ### Failing tests:; - [projectroot.roottest.python.distrdf.dask.roottest_python_distrdf_dask_test_all](https://lcgapp-services.cern.ch/root-jenkins/job/root-pullrequests-build/153641/testReport/projectroot.roottest.python.distrdf/dask/roottest_python_distrdf_dask_test_all/),MatchSource.ISSUE_COMMENT,root-project,root,v6-32-06,https://github.com/root-project/root/pull/11307#issuecomment-1237103300:260,test,tests,260,https://root.cern,https://github.com/root-project/root/pull/11307#issuecomment-1237103300,2,['test'],"['testReport', 'tests']"
Testability,Build failed on ROOT-ubuntu2004/python3.; Running on root-ubuntu-2004-3.cern.ch:/home/sftnight/build/workspace/root-pullrequests-build; [See console output](https://lcgapp-services.cern.ch/root-jenkins/job/root-pullrequests-build/153676/console).; ### Failing tests:; - [projectroot.roottest.python.distrdf.dask.roottest_python_distrdf_dask_test_all](https://lcgapp-services.cern.ch/root-jenkins/job/root-pullrequests-build/153676/testReport/projectroot.roottest.python.distrdf/dask/roottest_python_distrdf_dask_test_all/),MatchSource.ISSUE_COMMENT,root-project,root,v6-32-06,https://github.com/root-project/root/pull/11314#issuecomment-1237242843:260,test,tests,260,https://root.cern,https://github.com/root-project/root/pull/11314#issuecomment-1237242843,2,['test'],"['testReport', 'tests']"
Testability,Build failed on ROOT-ubuntu2004/python3.; Running on root-ubuntu-2004-3.cern.ch:/home/sftnight/build/workspace/root-pullrequests-build; [See console output](https://lcgapp-services.cern.ch/root-jenkins/job/root-pullrequests-build/153733/console).; ### Failing tests:; - [projectroot.roottest.python.distrdf.dask.roottest_python_distrdf_dask_test_all](https://lcgapp-services.cern.ch/root-jenkins/job/root-pullrequests-build/153733/testReport/projectroot.roottest.python.distrdf/dask/roottest_python_distrdf_dask_test_all/),MatchSource.ISSUE_COMMENT,root-project,root,v6-32-06,https://github.com/root-project/root/pull/11322#issuecomment-1238097614:260,test,tests,260,https://root.cern,https://github.com/root-project/root/pull/11322#issuecomment-1238097614,2,['test'],"['testReport', 'tests']"
Testability,Build failed on ROOT-ubuntu2004/python3.; Running on root-ubuntu-2004-3.cern.ch:/home/sftnight/build/workspace/root-pullrequests-build; [See console output](https://lcgapp-services.cern.ch/root-jenkins/job/root-pullrequests-build/153795/console).; ### Failing tests:; - [projectroot.roottest.python.distrdf.dask.roottest_python_distrdf_dask_test_all](https://lcgapp-services.cern.ch/root-jenkins/job/root-pullrequests-build/153795/testReport/projectroot.roottest.python.distrdf/dask/roottest_python_distrdf_dask_test_all/),MatchSource.ISSUE_COMMENT,root-project,root,v6-32-06,https://github.com/root-project/root/pull/11230#issuecomment-1239432846:260,test,tests,260,https://root.cern,https://github.com/root-project/root/pull/11230#issuecomment-1239432846,2,['test'],"['testReport', 'tests']"
Testability,Build failed on ROOT-ubuntu2004/python3.; Running on root-ubuntu-2004-3.cern.ch:/home/sftnight/build/workspace/root-pullrequests-build; [See console output](https://lcgapp-services.cern.ch/root-jenkins/job/root-pullrequests-build/153904/console).; ### Failing tests:; - [projectroot.roottest.python.distrdf.dask.roottest_python_distrdf_dask_test_all](https://lcgapp-services.cern.ch/root-jenkins/job/root-pullrequests-build/153904/testReport/projectroot.roottest.python.distrdf/dask/roottest_python_distrdf_dask_test_all/); - [projectroot.roottest.python.JupyROOT.roottest_python_JupyROOT_cppcompleter_doctest](https://lcgapp-services.cern.ch/root-jenkins/job/root-pullrequests-build/153904/testReport/projectroot.roottest.python/JupyROOT/roottest_python_JupyROOT_cppcompleter_doctest/); - [projectroot.roottest.root.collection.roottest_root_collection_runDeleteWarning](https://lcgapp-services.cern.ch/root-jenkins/job/root-pullrequests-build/153904/testReport/projectroot.roottest.root/collection/roottest_root_collection_runDeleteWarning/); - [projectroot.roottest.root.meta.roottest_root_meta_runMemberComments](https://lcgapp-services.cern.ch/root-jenkins/job/root-pullrequests-build/153904/testReport/projectroot.roottest.root/meta/roottest_root_meta_runMemberComments/),MatchSource.ISSUE_COMMENT,root-project,root,v6-32-06,https://github.com/root-project/root/pull/11334#issuecomment-1241410933:260,test,tests,260,https://root.cern,https://github.com/root-project/root/pull/11334#issuecomment-1241410933,5,['test'],"['testReport', 'tests']"
Testability,Build failed on ROOT-ubuntu2004/python3.; Running on root-ubuntu-2004-3.cern.ch:/home/sftnight/build/workspace/root-pullrequests-build; [See console output](https://lcgapp-services.cern.ch/root-jenkins/job/root-pullrequests-build/153971/console).; ### Failing tests:; - [projectroot.tree.dataframe.test.gtest_tree_dataframe_test_dataframe_helpers](https://lcgapp-services.cern.ch/root-jenkins/job/root-pullrequests-build/153971/testReport/projectroot.tree.dataframe/test/gtest_tree_dataframe_test_dataframe_helpers/); - [projectroot.roottest.python.distrdf.dask.roottest_python_distrdf_dask_test_all](https://lcgapp-services.cern.ch/root-jenkins/job/root-pullrequests-build/153971/testReport/projectroot.roottest.python.distrdf/dask/roottest_python_distrdf_dask_test_all/),MatchSource.ISSUE_COMMENT,root-project,root,v6-32-06,https://github.com/root-project/root/pull/11337#issuecomment-1241921595:260,test,tests,260,https://root.cern,https://github.com/root-project/root/pull/11337#issuecomment-1241921595,5,['test'],"['test', 'testReport', 'tests']"
Testability,Build failed on ROOT-ubuntu2004/python3.; Running on root-ubuntu-2004-3.cern.ch:/home/sftnight/build/workspace/root-pullrequests-build; [See console output](https://lcgapp-services.cern.ch/root-jenkins/job/root-pullrequests-build/153985/console).; ### Failing tests:; - [projectroot.roottest.python.distrdf.dask.roottest_python_distrdf_dask_test_all](https://lcgapp-services.cern.ch/root-jenkins/job/root-pullrequests-build/153985/testReport/projectroot.roottest.python.distrdf/dask/roottest_python_distrdf_dask_test_all/),MatchSource.ISSUE_COMMENT,root-project,root,v6-32-06,https://github.com/root-project/root/pull/11340#issuecomment-1241954512:260,test,tests,260,https://root.cern,https://github.com/root-project/root/pull/11340#issuecomment-1241954512,2,['test'],"['testReport', 'tests']"
Testability,Build failed on ROOT-ubuntu2004/python3.; Running on root-ubuntu-2004-3.cern.ch:/home/sftnight/build/workspace/root-pullrequests-build; [See console output](https://lcgapp-services.cern.ch/root-jenkins/job/root-pullrequests-build/153992/console).; ### Failing tests:; - [projectroot.roottest.python.distrdf.dask.roottest_python_distrdf_dask_test_all](https://lcgapp-services.cern.ch/root-jenkins/job/root-pullrequests-build/153992/testReport/projectroot.roottest.python.distrdf/dask/roottest_python_distrdf_dask_test_all/),MatchSource.ISSUE_COMMENT,root-project,root,v6-32-06,https://github.com/root-project/root/pull/11341#issuecomment-1241988621:260,test,tests,260,https://root.cern,https://github.com/root-project/root/pull/11341#issuecomment-1241988621,2,['test'],"['testReport', 'tests']"
Testability,Build failed on ROOT-ubuntu2004/python3.; Running on root-ubuntu-2004-3.cern.ch:/home/sftnight/build/workspace/root-pullrequests-build; [See console output](https://lcgapp-services.cern.ch/root-jenkins/job/root-pullrequests-build/154021/console).; ### Failing tests:; - [projectroot.roottest.python.JupyROOT.roottest_python_JupyROOT_cppcompleter_doctest](https://lcgapp-services.cern.ch/root-jenkins/job/root-pullrequests-build/154021/testReport/projectroot.roottest.python/JupyROOT/roottest_python_JupyROOT_cppcompleter_doctest/); - [projectroot.runtutorials.tutorial_tmva_TMVA_RNN_Classification_py](https://lcgapp-services.cern.ch/root-jenkins/job/root-pullrequests-build/154021/testReport/projectroot/runtutorials/tutorial_tmva_TMVA_RNN_Classification_py/); - [projectroot.roottest.root.collection.roottest_root_collection_runDeleteWarning](https://lcgapp-services.cern.ch/root-jenkins/job/root-pullrequests-build/154021/testReport/projectroot.roottest.root/collection/roottest_root_collection_runDeleteWarning/); - [projectroot.roottest.python.distrdf.dask.roottest_python_distrdf_dask_test_all](https://lcgapp-services.cern.ch/root-jenkins/job/root-pullrequests-build/154021/testReport/projectroot.roottest.python.distrdf/dask/roottest_python_distrdf_dask_test_all/),MatchSource.ISSUE_COMMENT,root-project,root,v6-32-06,https://github.com/root-project/root/pull/11334#issuecomment-1242241085:260,test,tests,260,https://root.cern,https://github.com/root-project/root/pull/11334#issuecomment-1242241085,5,['test'],"['testReport', 'tests']"
Testability,Build failed on ROOT-ubuntu2004/python3.; Running on root-ubuntu-2004-3.cern.ch:/home/sftnight/build/workspace/root-pullrequests-build; [See console output](https://lcgapp-services.cern.ch/root-jenkins/job/root-pullrequests-build/154049/console).; ### Failing tests:; - [projectroot.roottest.python.distrdf.dask.roottest_python_distrdf_dask_test_all](https://lcgapp-services.cern.ch/root-jenkins/job/root-pullrequests-build/154049/testReport/projectroot.roottest.python.distrdf/dask/roottest_python_distrdf_dask_test_all/),MatchSource.ISSUE_COMMENT,root-project,root,v6-32-06,https://github.com/root-project/root/pull/11334#issuecomment-1242735835:260,test,tests,260,https://root.cern,https://github.com/root-project/root/pull/11334#issuecomment-1242735835,2,['test'],"['testReport', 'tests']"
Testability,Build failed on ROOT-ubuntu2004/python3.; Running on root-ubuntu-2004-3.cern.ch:/home/sftnight/build/workspace/root-pullrequests-build; [See console output](https://lcgapp-services.cern.ch/root-jenkins/job/root-pullrequests-build/154084/console).; ### Failing tests:; - [projectroot.roottest.python.distrdf.dask.roottest_python_distrdf_dask_test_all](https://lcgapp-services.cern.ch/root-jenkins/job/root-pullrequests-build/154084/testReport/projectroot.roottest.python.distrdf/dask/roottest_python_distrdf_dask_test_all/),MatchSource.ISSUE_COMMENT,root-project,root,v6-32-06,https://github.com/root-project/root/pull/11345#issuecomment-1242953648:260,test,tests,260,https://root.cern,https://github.com/root-project/root/pull/11345#issuecomment-1242953648,2,['test'],"['testReport', 'tests']"
Testability,Build failed on ROOT-ubuntu2004/python3.; Running on root-ubuntu-2004-3.cern.ch:/home/sftnight/build/workspace/root-pullrequests-build; [See console output](https://lcgapp-services.cern.ch/root-jenkins/job/root-pullrequests-build/154240/console).; ### Failing tests:; - [projectroot.roottest.python.distrdf.dask.roottest_python_distrdf_dask_test_all](https://lcgapp-services.cern.ch/root-jenkins/job/root-pullrequests-build/154240/testReport/projectroot.roottest.python.distrdf/dask/roottest_python_distrdf_dask_test_all/),MatchSource.ISSUE_COMMENT,root-project,root,v6-32-06,https://github.com/root-project/root/pull/11230#issuecomment-1245668057:260,test,tests,260,https://root.cern,https://github.com/root-project/root/pull/11230#issuecomment-1245668057,2,['test'],"['testReport', 'tests']"
Testability,Build failed on ROOT-ubuntu2004/python3.; Running on root-ubuntu-2004-3.cern.ch:/home/sftnight/build/workspace/root-pullrequests-build; [See console output](https://lcgapp-services.cern.ch/root-jenkins/job/root-pullrequests-build/154296/console).; ### Failing tests:; - [projectroot.roottest.python.distrdf.common.roottest_python_distrdf_common_test_all](https://lcgapp-services.cern.ch/root-jenkins/job/root-pullrequests-build/154296/testReport/projectroot.roottest.python.distrdf/common/roottest_python_distrdf_common_test_all/),MatchSource.ISSUE_COMMENT,root-project,root,v6-32-06,https://github.com/root-project/root/pull/11361#issuecomment-1246629171:260,test,tests,260,https://root.cern,https://github.com/root-project/root/pull/11361#issuecomment-1246629171,2,['test'],"['testReport', 'tests']"
Testability,Build failed on ROOT-ubuntu2004/python3.; Running on root-ubuntu-2004-3.cern.ch:/home/sftnight/build/workspace/root-pullrequests-build; [See console output](https://lcgapp-services.cern.ch/root-jenkins/job/root-pullrequests-build/154317/console).; ### Failing tests:; - [projectroot.roottest.root.io.uniquePointer.roottest_root_io_uniquePointer_writeUniqPtrColls](https://lcgapp-services.cern.ch/root-jenkins/job/root-pullrequests-build/154317/testReport/projectroot.roottest.root.io/uniquePointer/roottest_root_io_uniquePointer_writeUniqPtrColls/); - [projectroot.roottest.root.io.stdarray.roottest_root_io_stdarray_aclicModelWrite](https://lcgapp-services.cern.ch/root-jenkins/job/root-pullrequests-build/154317/testReport/projectroot.roottest.root.io/stdarray/roottest_root_io_stdarray_aclicModelWrite/); - [projectroot.roottest.root.meta.evolution.roottest_root_meta_evolution_execMixedBaseClass_v1](https://lcgapp-services.cern.ch/root-jenkins/job/root-pullrequests-build/154317/testReport/projectroot.roottest.root.meta/evolution/roottest_root_meta_evolution_execMixedBaseClass_v1/); - [projectroot.roottest.root.meta.evolution.roottest_root_meta_evolution_execBaseClass_v1](https://lcgapp-services.cern.ch/root-jenkins/job/root-pullrequests-build/154317/testReport/projectroot.roottest.root.meta/evolution/roottest_root_meta_evolution_execBaseClass_v1/); - [projectroot.roottest.root.io.uniquePointer.roottest_root_io_uniquePointer_writePtrColls](https://lcgapp-services.cern.ch/root-jenkins/job/root-pullrequests-build/154317/testReport/projectroot.roottest.root.io/uniquePointer/roottest_root_io_uniquePointer_writePtrColls/); - [projectroot.roottest.cling.dict.ROOT-7879.roottest_cling_dict_ROOT_7879_skipLinkDefDict](https://lcgapp-services.cern.ch/root-jenkins/job/root-pullrequests-build/154317/testReport/projectroot.roottest.cling.dict/ROOT-7879/roottest_cling_dict_ROOT_7879_skipLinkDefDict/); - [projectroot.roottest.cling.dict.ROOT-8096.roottest_cling_dict_ROOT_8096_build](https://l,MatchSource.ISSUE_COMMENT,root-project,root,v6-32-06,https://github.com/root-project/root/pull/10910#issuecomment-1246697868:260,test,tests,260,https://root.cern,https://github.com/root-project/root/pull/10910#issuecomment-1246697868,4,['test'],"['testReport', 'tests']"
Testability,Build failed on ROOT-ubuntu2004/python3.; Running on root-ubuntu-2004-3.cern.ch:/home/sftnight/build/workspace/root-pullrequests-build; [See console output](https://lcgapp-services.cern.ch/root-jenkins/job/root-pullrequests-build/154331/console).; ### Failing tests:; - [projectroot.test.test_periodic_build](https://lcgapp-services.cern.ch/root-jenkins/job/root-pullrequests-build/154331/testReport/projectroot/test/test_periodic_build/); - [projectroot.core.dictgen.test.gtest_core_dictgen_test_dictgen_base](https://lcgapp-services.cern.ch/root-jenkins/job/root-pullrequests-build/154331/testReport/projectroot.core.dictgen/test/gtest_core_dictgen_test_dictgen_base/); - [projectroot.core.meta.test.gtest_core_meta_test_testTClass](https://lcgapp-services.cern.ch/root-jenkins/job/root-pullrequests-build/154331/testReport/projectroot.core.meta/test/gtest_core_meta_test_testTClass/); - [projectroot.core.metacling.test.gtest_core_metacling_test_TClingTest](https://lcgapp-services.cern.ch/root-jenkins/job/root-pullrequests-build/154331/testReport/projectroot.core.metacling/test/gtest_core_metacling_test_TClingTest/); - [projectroot.roottest.scripts.roottest_scripts_utils](https://lcgapp-services.cern.ch/root-jenkins/job/root-pullrequests-build/154331/testReport/projectroot.roottest/scripts/roottest_scripts_utils/); - [projectroot.roottest.cling.const.roottest_cling_const_run2](https://lcgapp-services.cern.ch/root-jenkins/job/root-pullrequests-build/154331/testReport/projectroot.roottest.cling/const/roottest_cling_const_run2/); - [projectroot.roottest.cling.dict.roottest_cling_dict_rundefaultargs_compiled](https://lcgapp-services.cern.ch/root-jenkins/job/root-pullrequests-build/154331/testReport/projectroot.roottest.cling/dict/roottest_cling_dict_rundefaultargs_compiled/); - [projectroot.roottest.cling.dict.roottest_cling_dict_runalgebra](https://lcgapp-services.cern.ch/root-jenkins/job/root-pullrequests-build/154331/testReport/projectroot.roottest.cling/dict/roottest_cling_dict,MatchSource.ISSUE_COMMENT,root-project,root,v6-32-06,https://github.com/root-project/root/pull/10910#issuecomment-1246843454:260,test,tests,260,https://root.cern,https://github.com/root-project/root/pull/10910#issuecomment-1246843454,11,['test'],"['test', 'testReport', 'tests']"
Testability,Build failed on ROOT-ubuntu2004/python3.; Running on root-ubuntu-2004-3.cern.ch:/home/sftnight/build/workspace/root-pullrequests-build; [See console output](https://lcgapp-services.cern.ch/root-jenkins/job/root-pullrequests-build/154443/console).; ### Failing tests:; - [projectroot.roottest.python.distrdf.common.roottest_python_distrdf_common_test_all](https://lcgapp-services.cern.ch/root-jenkins/job/root-pullrequests-build/154443/testReport/projectroot.roottest.python.distrdf/common/roottest_python_distrdf_common_test_all/),MatchSource.ISSUE_COMMENT,root-project,root,v6-32-06,https://github.com/root-project/root/pull/11374#issuecomment-1248045783:260,test,tests,260,https://root.cern,https://github.com/root-project/root/pull/11374#issuecomment-1248045783,2,['test'],"['testReport', 'tests']"
Testability,Build failed on ROOT-ubuntu2004/python3.; Running on root-ubuntu-2004-3.cern.ch:/home/sftnight/build/workspace/root-pullrequests-build; [See console output](https://lcgapp-services.cern.ch/root-jenkins/job/root-pullrequests-build/154471/console).; ### Errors:; - [2022-09-15T15:28:30.030Z] FAILED: math/vecops/test/CMakeFiles/vecops_rvec.dir/vecops_rvec.cxx.o ; - [2022-09-15T15:28:30.635Z] /home/sftnight/build/workspace/root-pullrequests-build/root/math/vecops/test/vecops_rvec.cxx:814:22: error: no matching function for call to ‘Range(std::size_t&)’ . ### Warnings:; - [2022-09-15T15:28:30.635Z] /home/sftnight/build/workspace/root-pullrequests-build/root/math/vecops/inc/ROOT/RVec.hxx:2285:1: warning: control reaches end of non-void function [-Wreturn-type],MatchSource.ISSUE_COMMENT,root-project,root,v6-32-06,https://github.com/root-project/root/pull/11339#issuecomment-1248263974:310,test,test,310,https://root.cern,https://github.com/root-project/root/pull/11339#issuecomment-1248263974,2,['test'],['test']
Testability,Build failed on ROOT-ubuntu2004/python3.; Running on root-ubuntu-2004-3.cern.ch:/home/sftnight/build/workspace/root-pullrequests-build; [See console output](https://lcgapp-services.cern.ch/root-jenkins/job/root-pullrequests-build/154562/console).; ### Failing tests:; - [projectroot.roottest.root.core.roottest_root_core_TEnv](https://lcgapp-services.cern.ch/root-jenkins/job/root-pullrequests-build/154562/testReport/projectroot.roottest.root/core/roottest_root_core_TEnv/); - [projectroot.roottest.root.core.roottest_root_core_stringView](https://lcgapp-services.cern.ch/root-jenkins/job/root-pullrequests-build/154562/testReport/projectroot.roottest.root/core/roottest_root_core_stringView/); - [projectroot.roottest.root.core.roottest_root_core_assertROOT7244](https://lcgapp-services.cern.ch/root-jenkins/job/root-pullrequests-build/154562/testReport/projectroot.roottest.root/core/roottest_root_core_assertROOT7244/); - [projectroot.roottest.root.core.roottest_root_core_base64](https://lcgapp-services.cern.ch/root-jenkins/job/root-pullrequests-build/154562/testReport/projectroot.roottest.root/core/roottest_root_core_base64/); - [projectroot.roottest.root.core.roottest_root_core_assertROOT8542](https://lcgapp-services.cern.ch/root-jenkins/job/root-pullrequests-build/154562/testReport/projectroot.roottest.root/core/roottest_root_core_assertROOT8542/); - [projectroot.roottest.root.core.roottest_root_core_execStatusBitsCheck](https://lcgapp-services.cern.ch/root-jenkins/job/root-pullrequests-build/154562/testReport/projectroot.roottest.root/core/roottest_root_core_execStatusBitsCheck/); - [projectroot.roottest.root.core.roottest_root_core_assertHumanReadable](https://lcgapp-services.cern.ch/root-jenkins/job/root-pullrequests-build/154562/testReport/projectroot.roottest.root/core/roottest_root_core_assertHumanReadable/),MatchSource.ISSUE_COMMENT,root-project,root,v6-32-06,https://github.com/root-project/root/pull/11384#issuecomment-1249897205:260,test,tests,260,https://root.cern,https://github.com/root-project/root/pull/11384#issuecomment-1249897205,8,['test'],"['testReport', 'tests']"
Testability,Build failed on ROOT-ubuntu2004/python3.; Running on root-ubuntu-2004-3.cern.ch:/home/sftnight/build/workspace/root-pullrequests-build; [See console output](https://lcgapp-services.cern.ch/root-jenkins/job/root-pullrequests-build/154726/console).; ### Warnings:; - [2022-09-20T14:35:51.878Z] Warning in &lt;CheckModuleValid&gt;: warning: Couldn't find in the following specified headers in the module Core: ; - [2022-09-20T14:36:20.493Z] Warning in &lt;CheckModuleValid&gt;: warning: Couldn't find in the following specified headers in the module Thread: . ### Failing tests:; - [projectroot.roottest.root.dataframe.roottest_root_dataframe_missingBranches](https://lcgapp-services.cern.ch/root-jenkins/job/root-pullrequests-build/154726/testReport/projectroot.roottest.root/dataframe/roottest_root_dataframe_missingBranches/),MatchSource.ISSUE_COMMENT,root-project,root,v6-32-06,https://github.com/root-project/root/pull/10294#issuecomment-1252502212:569,test,tests,569,https://root.cern,https://github.com/root-project/root/pull/10294#issuecomment-1252502212,2,['test'],"['testReport', 'tests']"
Testability,Build failed on ROOT-ubuntu2004/python3.; Running on root-ubuntu-2004-3.cern.ch:/home/sftnight/build/workspace/root-pullrequests-build; [See console output](https://lcgapp-services.cern.ch/root-jenkins/job/root-pullrequests-build/154771/console).; ### Failing tests:; - [projectroot.bindings.pyroot.pythonizations.test.pyunittests_pyroot_rdf_filter_pyz](https://lcgapp-services.cern.ch/root-jenkins/job/root-pullrequests-build/154771/testReport/projectroot.bindings.pyroot.pythonizations/test/pyunittests_pyroot_rdf_filter_pyz/),MatchSource.ISSUE_COMMENT,root-project,root,v6-32-06,https://github.com/root-project/root/pull/11393#issuecomment-1252599569:260,test,tests,260,https://root.cern,https://github.com/root-project/root/pull/11393#issuecomment-1252599569,4,['test'],"['test', 'testReport', 'tests']"
Testability,Build failed on ROOT-ubuntu2004/python3.; Running on root-ubuntu-2004-3.cern.ch:/home/sftnight/build/workspace/root-pullrequests-build; [See console output](https://lcgapp-services.cern.ch/root-jenkins/job/root-pullrequests-build/154848/console).; ### Failing tests:; - [projectroot.roofit.roofitcore.test.gtest_roofit_roofitcore_test_testRooSimultaneous](https://lcgapp-services.cern.ch/root-jenkins/job/root-pullrequests-build/154848/testReport/projectroot.roofit.roofitcore/test/gtest_roofit_roofitcore_test_testRooSimultaneous/),MatchSource.ISSUE_COMMENT,root-project,root,v6-32-06,https://github.com/root-project/root/pull/11402#issuecomment-1253590405:260,test,tests,260,https://root.cern,https://github.com/root-project/root/pull/11402#issuecomment-1253590405,4,['test'],"['test', 'testReport', 'tests']"
Testability,Build failed on ROOT-ubuntu2004/python3.; Running on root-ubuntu-2004-3.cern.ch:/home/sftnight/build/workspace/root-pullrequests-build; [See console output](https://lcgapp-services.cern.ch/root-jenkins/job/root-pullrequests-build/154901/console).; ### Failing tests:; - [projectroot.roofit.roofitcore.test.gtest_roofit_roofitcore_test_testLikelihoodSerial](https://lcgapp-services.cern.ch/root-jenkins/job/root-pullrequests-build/154901/testReport/projectroot.roofit.roofitcore/test/gtest_roofit_roofitcore_test_testLikelihoodSerial/); - [projectroot.roofit.roofitcore.test.gtest_roofit_roofitcore_test_testLikelihoodJob](https://lcgapp-services.cern.ch/root-jenkins/job/root-pullrequests-build/154901/testReport/projectroot.roofit.roofitcore/test/gtest_roofit_roofitcore_test_testLikelihoodJob/),MatchSource.ISSUE_COMMENT,root-project,root,v6-32-06,https://github.com/root-project/root/pull/11406#issuecomment-1253916306:260,test,tests,260,https://root.cern,https://github.com/root-project/root/pull/11406#issuecomment-1253916306,7,['test'],"['test', 'testReport', 'tests']"
Testability,Build failed on ROOT-ubuntu2004/python3.; Running on root-ubuntu-2004-3.cern.ch:/home/sftnight/build/workspace/root-pullrequests-build; [See console output](https://lcgapp-services.cern.ch/root-jenkins/job/root-pullrequests-build/154985/console).; ### Failing tests:; - [projectroot.roottest.python.distrdf.common.roottest_python_distrdf_common_test_all](https://lcgapp-services.cern.ch/root-jenkins/job/root-pullrequests-build/154985/testReport/projectroot.roottest.python.distrdf/common/roottest_python_distrdf_common_test_all/),MatchSource.ISSUE_COMMENT,root-project,root,v6-32-06,https://github.com/root-project/root/pull/11407#issuecomment-1254845416:260,test,tests,260,https://root.cern,https://github.com/root-project/root/pull/11407#issuecomment-1254845416,2,['test'],"['testReport', 'tests']"
Testability,Build failed on ROOT-ubuntu2004/python3.; Running on root-ubuntu-2004-3.cern.ch:/home/sftnight/build/workspace/root-pullrequests-build; [See console output](https://lcgapp-services.cern.ch/root-jenkins/job/root-pullrequests-build/155171/console).; ### Warnings:; - [2022-09-23T10:44:35.565Z] Warning in &lt;CheckModuleValid&gt;: warning: Couldn't find in the following specified headers in the module Core: ; - [2022-09-23T10:44:39.728Z] Warning in &lt;CheckModuleValid&gt;: warning: Couldn't find in the following specified headers in the module Thread: . ### Failing tests:; - [projectroot.roottest.root.dataframe.roottest_root_dataframe_missingBranches](https://lcgapp-services.cern.ch/root-jenkins/job/root-pullrequests-build/155171/testReport/projectroot.roottest.root/dataframe/roottest_root_dataframe_missingBranches/),MatchSource.ISSUE_COMMENT,root-project,root,v6-32-06,https://github.com/root-project/root/pull/10294#issuecomment-1256085338:569,test,tests,569,https://root.cern,https://github.com/root-project/root/pull/10294#issuecomment-1256085338,2,['test'],"['testReport', 'tests']"
Testability,Build failed on ROOT-ubuntu2004/python3.; Running on root-ubuntu-2004-3.cern.ch:/home/sftnight/build/workspace/root-pullrequests-build; [See console output](https://lcgapp-services.cern.ch/root-jenkins/job/root-pullrequests-build/155206/console).; ### Failing tests:; - [projectroot.roottest.python.distrdf.common.roottest_python_distrdf_common_test_all](https://lcgapp-services.cern.ch/root-jenkins/job/root-pullrequests-build/155206/testReport/projectroot.roottest.python.distrdf/common/roottest_python_distrdf_common_test_all/),MatchSource.ISSUE_COMMENT,root-project,root,v6-32-06,https://github.com/root-project/root/pull/10789#issuecomment-1256314784:260,test,tests,260,https://root.cern,https://github.com/root-project/root/pull/10789#issuecomment-1256314784,2,['test'],"['testReport', 'tests']"
Testability,Build failed on ROOT-ubuntu2004/python3.; Running on root-ubuntu-2004-3.cern.ch:/home/sftnight/build/workspace/root-pullrequests-build; [See console output](https://lcgapp-services.cern.ch/root-jenkins/job/root-pullrequests-build/155299/console).; ### Failing tests:; - [projectroot.roottest.python.distrdf.common.roottest_python_distrdf_common_test_all](https://lcgapp-services.cern.ch/root-jenkins/job/root-pullrequests-build/155299/testReport/projectroot.roottest.python.distrdf/common/roottest_python_distrdf_common_test_all/),MatchSource.ISSUE_COMMENT,root-project,root,v6-32-06,https://github.com/root-project/root/pull/11424#issuecomment-1256517185:260,test,tests,260,https://root.cern,https://github.com/root-project/root/pull/11424#issuecomment-1256517185,2,['test'],"['testReport', 'tests']"
Testability,Build failed on ROOT-ubuntu2004/python3.; Running on root-ubuntu-2004-3.cern.ch:/home/sftnight/build/workspace/root-pullrequests-build; [See console output](https://lcgapp-services.cern.ch/root-jenkins/job/root-pullrequests-build/155694/console).; ### Failing tests:; - [projectroot.roottest.python.distrdf.common.roottest_python_distrdf_common_test_all](https://lcgapp-services.cern.ch/root-jenkins/job/root-pullrequests-build/155694/testReport/projectroot.roottest.python.distrdf/common/roottest_python_distrdf_common_test_all/),MatchSource.ISSUE_COMMENT,root-project,root,v6-32-06,https://github.com/root-project/root/pull/11451#issuecomment-1260785991:260,test,tests,260,https://root.cern,https://github.com/root-project/root/pull/11451#issuecomment-1260785991,2,['test'],"['testReport', 'tests']"
Testability,Build failed on ROOT-ubuntu2004/python3.; Running on root-ubuntu-2004-3.cern.ch:/home/sftnight/build/workspace/root-pullrequests-build; [See console output](https://lcgapp-services.cern.ch/root-jenkins/job/root-pullrequests-build/155782/console).; ### Warnings:; - [2022-09-29T11:48:18.356Z] tmva/sofie/test/Shape_FromONNX.hxx:20:35: warning: unused parameter ‘tensor_X’ [-Wunused-parameter] . ### Failing tests:; - [projectroot.roottest.root.meta.genreflex.ROOT-5881.roottest_root_meta_genreflex_ROOT_5881_execStringInputFiles](https://lcgapp-services.cern.ch/root-jenkins/job/root-pullrequests-build/155782/testReport/projectroot.roottest.root.meta.genreflex/ROOT-5881/roottest_root_meta_genreflex_ROOT_5881_execStringInputFiles/),MatchSource.ISSUE_COMMENT,root-project,root,v6-32-06,https://github.com/root-project/root/pull/11446#issuecomment-1262187197:303,test,test,303,https://root.cern,https://github.com/root-project/root/pull/11446#issuecomment-1262187197,3,['test'],"['test', 'testReport', 'tests']"
Testability,Build failed on ROOT-ubuntu2004/python3.; Running on root-ubuntu-2004-3.cern.ch:/home/sftnight/build/workspace/root-pullrequests-build; [See console output](https://lcgapp-services.cern.ch/root-jenkins/job/root-pullrequests-build/155789/console).; ### Warnings:; - [2022-09-29T12:16:30.206Z] tmva/sofie/test/Shape_FromONNX.hxx:20:35: warning: unused parameter ‘tensor_X’ [-Wunused-parameter],MatchSource.ISSUE_COMMENT,root-project,root,v6-32-06,https://github.com/root-project/root/pull/11462#issuecomment-1262217753:303,test,test,303,https://root.cern,https://github.com/root-project/root/pull/11462#issuecomment-1262217753,1,['test'],['test']
Testability,Build failed on ROOT-ubuntu2004/python3.; Running on root-ubuntu-2004-3.cern.ch:/home/sftnight/build/workspace/root-pullrequests-build; [See console output](https://lcgapp-services.cern.ch/root-jenkins/job/root-pullrequests-build/155810/console).; ### Warnings:; - [2022-09-29T14:18:51.496Z] tmva/sofie/test/Shape_FromONNX.hxx:20:35: warning: unused parameter ‘tensor_X’ [-Wunused-parameter],MatchSource.ISSUE_COMMENT,root-project,root,v6-32-06,https://github.com/root-project/root/pull/11463#issuecomment-1262381340:303,test,test,303,https://root.cern,https://github.com/root-project/root/pull/11463#issuecomment-1262381340,1,['test'],['test']
Testability,Build failed on ROOT-ubuntu2004/python3.; Running on root-ubuntu-2004-3.cern.ch:/home/sftnight/build/workspace/root-pullrequests-build; [See console output](https://lcgapp-services.cern.ch/root-jenkins/job/root-pullrequests-build/155889/console).; ### Failing tests:; - [projectroot.roottest.python.distrdf.common.roottest_python_distrdf_common_test_all](https://lcgapp-services.cern.ch/root-jenkins/job/root-pullrequests-build/155889/testReport/projectroot.roottest.python.distrdf/common/roottest_python_distrdf_common_test_all/),MatchSource.ISSUE_COMMENT,root-project,root,v6-32-06,https://github.com/root-project/root/pull/11252#issuecomment-1262885364:260,test,tests,260,https://root.cern,https://github.com/root-project/root/pull/11252#issuecomment-1262885364,2,['test'],"['testReport', 'tests']"
Testability,Build failed on ROOT-ubuntu2004/python3.; Running on root-ubuntu-2004-3.cern.ch:/home/sftnight/build/workspace/root-pullrequests-build; [See console output](https://lcgapp-services.cern.ch/root-jenkins/job/root-pullrequests-build/155929/console).; ### Errors:; - [2022-09-30T13:32:51.550Z] stderr: error: branch 'vgvassilev-gcc12' not found. ; - [2022-09-30T13:39:50.012Z] FAILED: tmva/sofie/test/CMakeFiles/SofieCompileModels_ROOT.util,MatchSource.ISSUE_COMMENT,root-project,root,v6-32-06,https://github.com/root-project/root/pull/11468#issuecomment-1263590835:392,test,test,392,https://root.cern,https://github.com/root-project/root/pull/11468#issuecomment-1263590835,1,['test'],['test']
Testability,Build failed on ROOT-ubuntu2004/python3.; Running on root-ubuntu-2004-3.cern.ch:/home/sftnight/build/workspace/root-pullrequests-build; [See console output](https://lcgapp-services.cern.ch/root-jenkins/job/root-pullrequests-build/155936/console).; ### Errors:; - [2022-09-30T13:46:30.591Z] FAILED: tmva/sofie/test/CMakeFiles/SofieCompileModels_ROOT.util,MatchSource.ISSUE_COMMENT,root-project,root,v6-32-06,https://github.com/root-project/root/pull/11470#issuecomment-1263598580:309,test,test,309,https://root.cern,https://github.com/root-project/root/pull/11470#issuecomment-1263598580,1,['test'],['test']
Testability,Build failed on ROOT-ubuntu2004/python3.; Running on root-ubuntu-2004-3.cern.ch:/home/sftnight/build/workspace/root-pullrequests-build; [See console output](https://lcgapp-services.cern.ch/root-jenkins/job/root-pullrequests-build/156111/console).; ### Failing tests:; - [projectroot.roottest.python.distrdf.common.roottest_python_distrdf_common_test_all](https://lcgapp-services.cern.ch/root-jenkins/job/root-pullrequests-build/156111/testReport/projectroot.roottest.python.distrdf/common/roottest_python_distrdf_common_test_all/),MatchSource.ISSUE_COMMENT,root-project,root,v6-32-06,https://github.com/root-project/root/pull/11423#issuecomment-1264677738:260,test,tests,260,https://root.cern,https://github.com/root-project/root/pull/11423#issuecomment-1264677738,2,['test'],"['testReport', 'tests']"
Testability,Build failed on ROOT-ubuntu2004/python3.; Running on root-ubuntu-2004-3.cern.ch:/home/sftnight/build/workspace/root-pullrequests-build; [See console output](https://lcgapp-services.cern.ch/root-jenkins/job/root-pullrequests-build/156318/console).; ### Warnings:; - [2022-10-04T13:06:02.698Z] /home/sftnight/build/workspace/root-pullrequests-build/root/core/base/src/TSystem.cxx:722:1: warning: ‘noreturn’ function does return . ### Failing tests:; - [projectroot.bindings.experimental.distrdf.test.pyunittests_distrdf_unit_test_callable_generator](https://lcgapp-services.cern.ch/root-jenkins/job/root-pullrequests-build/156318/testReport/projectroot.bindings.experimental.distrdf/test/pyunittests_distrdf_unit_test_callable_generator/); - [projectroot.bindings.experimental.distrdf.test.pyunittests_distrdf_unit_test_friendinfo](https://lcgapp-services.cern.ch/root-jenkins/job/root-pullrequests-build/156318/testReport/projectroot.bindings.experimental.distrdf/test/pyunittests_distrdf_unit_test_friendinfo/); - [projectroot.bindings.experimental.distrdf.test.pyunittests_distrdf_unit_test_headnode](https://lcgapp-services.cern.ch/root-jenkins/job/root-pullrequests-build/156318/testReport/projectroot.bindings.experimental.distrdf/test/pyunittests_distrdf_unit_test_headnode/); - [projectroot.bindings.experimental.distrdf.test.pyunittests_distrdf_unit_test_operation](https://lcgapp-services.cern.ch/root-jenkins/job/root-pullrequests-build/156318/testReport/projectroot.bindings.experimental.distrdf/test/pyunittests_distrdf_unit_test_operation/); - [projectroot.bindings.experimental.distrdf.test.pyunittests_distrdf_unit_test_node](https://lcgapp-services.cern.ch/root-jenkins/job/root-pullrequests-build/156318/testReport/projectroot.bindings.experimental.distrdf/test/pyunittests_distrdf_unit_test_node/); - [projectroot.bindings.experimental.distrdf.test.pyunittests_distrdf_unit_test_proxy](https://lcgapp-services.cern.ch/root-jenkins/job/root-pullrequests-build/156318/testReport/project,MatchSource.ISSUE_COMMENT,root-project,root,v6-32-06,https://github.com/root-project/root/pull/11443#issuecomment-1267001496:440,test,tests,440,https://root.cern,https://github.com/root-project/root/pull/11443#issuecomment-1267001496,7,['test'],"['test', 'testReport', 'tests']"
Testability,"Build failed on ROOT-ubuntu2004/python3.; Running on root-ubuntu-2004-3.cern.ch:/home/sftnight/build/workspace/root-pullrequests-build; [See console output](https://lcgapp-services.cern.ch/root-jenkins/job/root-pullrequests-build/156487/console).; ### Errors:; - [2022-10-05T14:54:02.160Z] FAILED: tree/dataframe/test/CMakeFiles/dataframe_display.dir/dataframe_display.cxx.o ; - [2022-10-05T14:54:02.160Z] /home/sftnight/build/workspace/root-pullrequests-build/root/tree/dataframe/inc/ROOT/RDF/RInterface.hxx:3006:109: error: no matching function for call to ‘ROOT::RDF::RInterface&lt;ROOT::Detail::RDF::RLoopManager&gt;::CreateAction&lt;ROOT::Internal::RDF::ActionTags::Display, ULong64_t, int, std::vector&lt;int, std::allocator&lt;int&gt; &gt;, double&gt;(std::remove_reference&lt;std::vector&lt;std::__cxx11::basic_string&lt;char&gt; &gt;&&gt;::type, std::shared_ptr&lt;ROOT::RDF::RDisplay&gt;&, std::shared_ptr&lt;std::pair&lt;long unsigned int, std::shared_ptr&lt;ROOT::RDF::RDisplay&gt; &gt; &gt;, std::shared_ptr&lt;ROOT::Detail::RDF::RLoopManager&gt;&)’ ; - [2022-10-05T14:54:02.160Z] /home/sftnight/build/workspace/root-pullrequests-build/root/tree/dataframe/inc/ROOT/RDF/RInterface.hxx:3140:85: error: no type named ‘type’ in ‘struct std::enable_if&lt;false, int&gt;’ ; - [2022-10-05T14:54:02.160Z] /home/sftnight/build/workspace/root-pullrequests-build/root/tree/dataframe/inc/ROOT/RDF/RInterface.hxx:3006:109: error: no matching function for call to ‘ROOT::RDF::RInterface&lt;ROOT::Detail::RDF::RLoopManager&gt;::CreateAction&lt;ROOT::Internal::RDF::ActionTags::Display, ULong64_t, ROOT::VecOps::RVec&lt;bool&gt; &gt;(std::remove_reference&lt;std::vector&lt;std::__cxx11::basic_string&lt;char&gt; &gt;&&gt;::type, std::shared_ptr&lt;ROOT::RDF::RDisplay&gt;&, std::shared_ptr&lt;std::pair&lt;long unsigned int, std::shared_ptr&lt;ROOT::RDF::RDisplay&gt; &gt; &gt;, std::shared_ptr&lt;ROOT::Detail::RDF::RLoopManager&gt;&)’ ; - [2022-10-05T14:54:02.160Z] /home/sftnight/build/workspace/root",MatchSource.ISSUE_COMMENT,root-project,root,v6-32-06,https://github.com/root-project/root/pull/11498#issuecomment-1268554722:313,test,test,313,https://root.cern,https://github.com/root-project/root/pull/11498#issuecomment-1268554722,1,['test'],['test']
Testability,Build failed on ROOT-ubuntu2004/python3.; Running on root-ubuntu-2004-3.cern.ch:/home/sftnight/build/workspace/root-pullrequests-build; [See console output](https://lcgapp-services.cern.ch/root-jenkins/job/root-pullrequests-build/156691/console).; ### Errors:; - [2022-10-07T10:08:29.139Z] FAILED: tmva/sofie/test/CMakeFiles/SofieCompileModels_ROOT.util,MatchSource.ISSUE_COMMENT,root-project,root,v6-32-06,https://github.com/root-project/root/pull/11504#issuecomment-1271397324:309,test,test,309,https://root.cern,https://github.com/root-project/root/pull/11504#issuecomment-1271397324,1,['test'],['test']
Testability,Build failed on ROOT-ubuntu2004/python3.; Running on root-ubuntu-2004-3.cern.ch:/home/sftnight/build/workspace/root-pullrequests-build; [See console output](https://lcgapp-services.cern.ch/root-jenkins/job/root-pullrequests-build/156719/console).; ### Errors:; - [2022-10-07T12:43:17.610Z] FAILED: tmva/sofie/test/CMakeFiles/SofieCompileModels_ROOT.util,MatchSource.ISSUE_COMMENT,root-project,root,v6-32-06,https://github.com/root-project/root/pull/11503#issuecomment-1271543386:309,test,test,309,https://root.cern,https://github.com/root-project/root/pull/11503#issuecomment-1271543386,1,['test'],['test']
Testability,Build failed on ROOT-ubuntu2004/python3.; Running on root-ubuntu-2004-3.cern.ch:/home/sftnight/build/workspace/root-pullrequests-build; [See console output](https://lcgapp-services.cern.ch/root-jenkins/job/root-pullrequests-build/156836/console).; ### Errors:; - [2022-10-10T12:04:15.629Z] FAILED: tmva/sofie/test/CMakeFiles/SofieCompileModels_ROOT.util,MatchSource.ISSUE_COMMENT,root-project,root,v6-32-06,https://github.com/root-project/root/pull/11525#issuecomment-1273213433:309,test,test,309,https://root.cern,https://github.com/root-project/root/pull/11525#issuecomment-1273213433,1,['test'],['test']
Testability,Build failed on ROOT-ubuntu2004/python3.; Running on root-ubuntu-2004-3.cern.ch:/home/sftnight/build/workspace/root-pullrequests-build; [See console output](https://lcgapp-services.cern.ch/root-jenkins/job/root-pullrequests-build/156945/console).; ### Failing tests:; - [projectroot.roottest.python.distrdf.common.roottest_python_distrdf_common_test_all](https://lcgapp-services.cern.ch/root-jenkins/job/root-pullrequests-build/156945/testReport/projectroot.roottest.python.distrdf/common/roottest_python_distrdf_common_test_all/),MatchSource.ISSUE_COMMENT,root-project,root,v6-32-06,https://github.com/root-project/root/pull/11514#issuecomment-1274574474:260,test,tests,260,https://root.cern,https://github.com/root-project/root/pull/11514#issuecomment-1274574474,2,['test'],"['testReport', 'tests']"
Testability,Build failed on ROOT-ubuntu2004/python3.; Running on root-ubuntu-2004-3.cern.ch:/home/sftnight/build/workspace/root-pullrequests-build; [See console output](https://lcgapp-services.cern.ch/root-jenkins/job/root-pullrequests-build/157128/console).; ### Failing tests:; - [projectroot.roofit.roofitcore.test.gtest_roofit_roofitcore_test_testInterface](https://lcgapp-services.cern.ch/root-jenkins/job/root-pullrequests-build/157128/testReport/projectroot.roofit.roofitcore/test/gtest_roofit_roofitcore_test_testInterface/),MatchSource.ISSUE_COMMENT,root-project,root,v6-32-06,https://github.com/root-project/root/pull/11549#issuecomment-1276269929:260,test,tests,260,https://root.cern,https://github.com/root-project/root/pull/11549#issuecomment-1276269929,4,['test'],"['test', 'testReport', 'tests']"
Testability,Build failed on ROOT-ubuntu2004/python3.; Running on root-ubuntu-2004-3.cern.ch:/home/sftnight/build/workspace/root-pullrequests-build; [See console output](https://lcgapp-services.cern.ch/root-jenkins/job/root-pullrequests-build/157396/console).; ### Failing tests:; - [projectroot.tree.dataframe.test.gtest_tree_dataframe_test_dataframe_simple](https://lcgapp-services.cern.ch/root-jenkins/job/root-pullrequests-build/157396/testReport/projectroot.tree.dataframe/test/gtest_tree_dataframe_test_dataframe_simple/),MatchSource.ISSUE_COMMENT,root-project,root,v6-32-06,https://github.com/root-project/root/pull/11552#issuecomment-1279169404:260,test,tests,260,https://root.cern,https://github.com/root-project/root/pull/11552#issuecomment-1279169404,4,['test'],"['test', 'testReport', 'tests']"
Testability,Build failed on ROOT-ubuntu2004/python3.; Running on root-ubuntu-2004-3.cern.ch:/home/sftnight/build/workspace/root-pullrequests-build; [See console output](https://lcgapp-services.cern.ch/root-jenkins/job/root-pullrequests-build/157530/console).; ### Failing tests:; - [projectroot.bindings.experimental.distrdf.test.backend.pyunittests_distrdf_unit_backend_test_dist](https://lcgapp-services.cern.ch/root-jenkins/job/root-pullrequests-build/157530/testReport/projectroot.bindings.experimental.distrdf.test/backend/pyunittests_distrdf_unit_backend_test_dist/); - [projectroot.roottest.python.distrdf.dask.roottest_python_distrdf_dask_test_all](https://lcgapp-services.cern.ch/root-jenkins/job/root-pullrequests-build/157530/testReport/projectroot.roottest.python.distrdf/dask/roottest_python_distrdf_dask_test_all/); - [projectroot.roottest.python.distrdf.spark.roottest_python_distrdf_spark_test_all](https://lcgapp-services.cern.ch/root-jenkins/job/root-pullrequests-build/157530/testReport/projectroot.roottest.python.distrdf/spark/roottest_python_distrdf_spark_test_all/); - [projectroot.roottest.python.distrdf.common.roottest_python_distrdf_common_test_all](https://lcgapp-services.cern.ch/root-jenkins/job/root-pullrequests-build/157530/testReport/projectroot.roottest.python.distrdf/common/roottest_python_distrdf_common_test_all/),MatchSource.ISSUE_COMMENT,root-project,root,v6-32-06,https://github.com/root-project/root/pull/11526#issuecomment-1280665702:260,test,tests,260,https://root.cern,https://github.com/root-project/root/pull/11526#issuecomment-1280665702,7,['test'],"['test', 'testReport', 'tests']"
Testability,Build failed on ROOT-ubuntu2004/python3.; Running on root-ubuntu-2004-3.cern.ch:/home/sftnight/build/workspace/root-pullrequests-build; [See console output](https://lcgapp-services.cern.ch/root-jenkins/job/root-pullrequests-build/157998/console).; ### Failing tests:; - [projectroot.roottest.root.meta.evolution.roottest_root_meta_evolution_runforeign](https://lcgapp-services.cern.ch/root-jenkins/job/root-pullrequests-build/157998/testReport/projectroot.roottest.root.meta/evolution/roottest_root_meta_evolution_runforeign/),MatchSource.ISSUE_COMMENT,root-project,root,v6-32-06,https://github.com/root-project/root/pull/11591#issuecomment-1285394999:260,test,tests,260,https://root.cern,https://github.com/root-project/root/pull/11591#issuecomment-1285394999,2,['test'],"['testReport', 'tests']"
Testability,Build failed on ROOT-ubuntu2004/python3.; Running on root-ubuntu-2004-3.cern.ch:/home/sftnight/build/workspace/root-pullrequests-build; [See console output](https://lcgapp-services.cern.ch/root-jenkins/job/root-pullrequests-build/158244/console).; ### Warnings:; - [2022-10-24T13:26:29.934Z] /home/sftnight/build/workspace/root-pullrequests-build/root/tmva/sofie/inc/TMVA/ROperator_ConvTranspose.icc:428:10: warning: this ‘else’ clause does not guard... [-Wmisleading-indentation] ; - [2022-10-24T13:26:38.725Z] /home/sftnight/build/workspace/root-pullrequests-build/root/tmva/sofie/inc/TMVA/ROperator_ConvTranspose.icc:428:10: warning: this ‘else’ clause does not guard... [-Wmisleading-indentation] ; - [2022-10-24T13:26:38.725Z] include/TMVA/ROperator_ConvTranspose.icc:428:10: warning: this ‘else’ clause does not guard... [-Wmisleading-indentation] ; - [2022-10-24T13:26:38.725Z] /home/sftnight/build/workspace/root-pullrequests-build/root/tmva/sofie/inc/TMVA/ROperator_ConvTranspose.icc:428:10: warning: this ‘else’ clause does not guard... [-Wmisleading-indentation] ; - [2022-10-24T13:26:38.725Z] /home/sftnight/build/workspace/root-pullrequests-build/root/tmva/sofie/inc/TMVA/ROperator_ConvTranspose.icc:428:10: warning: this ‘else’ clause does not guard... [-Wmisleading-indentation] ; - [2022-10-24T13:26:38.725Z] /home/sftnight/build/workspace/root-pullrequests-build/root/tmva/sofie/inc/TMVA/ROperator_ConvTranspose.icc:428:10: warning: this ‘else’ clause does not guard... [-Wmisleading-indentation] . ### Failing tests:; - [projectroot.tmva.sofie.test.gtest_tmva_sofie_test_TestCustomModelsFromONNX](https://lcgapp-services.cern.ch/root-jenkins/job/root-pullrequests-build/158244/testReport/projectroot.tmva.sofie/test/gtest_tmva_sofie_test_TestCustomModelsFromONNX/),MatchSource.ISSUE_COMMENT,root-project,root,v6-32-06,https://github.com/root-project/root/pull/11459#issuecomment-1289067020:1528,test,tests,1528,https://root.cern,https://github.com/root-project/root/pull/11459#issuecomment-1289067020,4,['test'],"['test', 'testReport', 'tests']"
Testability,Build failed on ROOT-ubuntu2004/python3.; Running on root-ubuntu-2004-3.cern.ch:/home/sftnight/build/workspace/root-pullrequests-build; [See console output](https://lcgapp-services.cern.ch/root-jenkins/job/root-pullrequests-build/158470/console).; ### Warnings:; - [2022-11-01T15:43:19.650Z] Warning in &lt;CheckModuleValid&gt;: warning: Couldn't find in the following specified headers in the module Core: ; - [2022-11-01T15:43:47.305Z] Warning in &lt;CheckModuleValid&gt;: warning: Couldn't find in the following specified headers in the module Thread: . ### Failing tests:; - [projectroot.roottest.root.dataframe.roottest_root_dataframe_missingBranches](https://lcgapp-services.cern.ch/root-jenkins/job/root-pullrequests-build/158470/testReport/projectroot.roottest.root/dataframe/roottest_root_dataframe_missingBranches/),MatchSource.ISSUE_COMMENT,root-project,root,v6-32-06,https://github.com/root-project/root/pull/10294#issuecomment-1298774327:569,test,tests,569,https://root.cern,https://github.com/root-project/root/pull/10294#issuecomment-1298774327,2,['test'],"['testReport', 'tests']"
Testability,Build failed on ROOT-ubuntu2004/python3.; Running on root-ubuntu-2004-3.cern.ch:/home/sftnight/build/workspace/root-pullrequests-build; [See console output](https://lcgapp-services.cern.ch/root-jenkins/job/root-pullrequests-build/158995/console).; ### Warnings:; - [2022-11-13T07:36:38.423Z] Warning in &lt;CheckModuleValid&gt;: warning: Couldn't find in the following specified headers in the module Core: ; - [2022-11-13T07:36:42.465Z] Warning in &lt;CheckModuleValid&gt;: warning: Couldn't find in the following specified headers in the module Thread: . ### Failing tests:; - [projectroot.roottest.root.dataframe.roottest_root_dataframe_missingBranches](https://lcgapp-services.cern.ch/root-jenkins/job/root-pullrequests-build/158995/testReport/projectroot.roottest.root/dataframe/roottest_root_dataframe_missingBranches/),MatchSource.ISSUE_COMMENT,root-project,root,v6-32-06,https://github.com/root-project/root/pull/10294#issuecomment-1312665961:569,test,tests,569,https://root.cern,https://github.com/root-project/root/pull/10294#issuecomment-1312665961,2,['test'],"['testReport', 'tests']"
Testability,Build failed on ROOT-ubuntu2004/python3.; Running on root-ubuntu-2004-3.cern.ch:/home/sftnight/build/workspace/root-pullrequests-build; [See console output](https://lcgapp-services.cern.ch/root-jenkins/job/root-pullrequests-build/159030/console).; ### Warnings:; - [2022-11-13T11:55:58.354Z] Warning in &lt;CheckModuleValid&gt;: warning: Couldn't find in the following specified headers in the module Core: ; - [2022-11-13T11:56:02.020Z] Warning in &lt;CheckModuleValid&gt;: warning: Couldn't find in the following specified headers in the module Thread: . ### Failing tests:; - [projectroot.roottest.root.dataframe.roottest_root_dataframe_missingBranches](https://lcgapp-services.cern.ch/root-jenkins/job/root-pullrequests-build/159030/testReport/projectroot.roottest.root/dataframe/roottest_root_dataframe_missingBranches/),MatchSource.ISSUE_COMMENT,root-project,root,v6-32-06,https://github.com/root-project/root/pull/10294#issuecomment-1312718839:569,test,tests,569,https://root.cern,https://github.com/root-project/root/pull/10294#issuecomment-1312718839,2,['test'],"['testReport', 'tests']"
Testability,Build failed on ROOT-ubuntu2004/python3.; Running on root-ubuntu-2004-3.cern.ch:/home/sftnight/build/workspace/root-pullrequests-build; [See console output](https://lcgapp-services.cern.ch/root-jenkins/job/root-pullrequests-build/159296/console).; ### Warnings:; - [2022-11-16T18:18:57.098Z] Warning in &lt;CheckModuleValid&gt;: warning: Couldn't find in the following specified headers in the module Core: ; - [2022-11-16T18:19:01.586Z] Warning in &lt;CheckModuleValid&gt;: warning: Couldn't find in the following specified headers in the module Thread: . ### Failing tests:; - [projectroot.roottest.root.dataframe.roottest_root_dataframe_missingBranches](https://lcgapp-services.cern.ch/root-jenkins/job/root-pullrequests-build/159296/testReport/projectroot.roottest.root/dataframe/roottest_root_dataframe_missingBranches/),MatchSource.ISSUE_COMMENT,root-project,root,v6-32-06,https://github.com/root-project/root/pull/10294#issuecomment-1317511576:569,test,tests,569,https://root.cern,https://github.com/root-project/root/pull/10294#issuecomment-1317511576,2,['test'],"['testReport', 'tests']"
Testability,Build failed on ROOT-ubuntu2004/python3.; Running on root-ubuntu-2004-3.cern.ch:/home/sftnight/build/workspace/root-pullrequests-build; [See console output](https://lcgapp-services.cern.ch/root-jenkins/job/root-pullrequests-build/159406/console).; ### Warnings:; - [2022-11-17T18:42:39.545Z] Warning in &lt;CheckModuleValid&gt;: warning: Couldn't find in the following specified headers in the module Core: ; - [2022-11-17T18:42:43.095Z] Warning in &lt;CheckModuleValid&gt;: warning: Couldn't find in the following specified headers in the module Thread: . ### Failing tests:; - [projectroot.roottest.root.dataframe.roottest_root_dataframe_missingBranches](https://lcgapp-services.cern.ch/root-jenkins/job/root-pullrequests-build/159406/testReport/projectroot.roottest.root/dataframe/roottest_root_dataframe_missingBranches/),MatchSource.ISSUE_COMMENT,root-project,root,v6-32-06,https://github.com/root-project/root/pull/10294#issuecomment-1319090488:569,test,tests,569,https://root.cern,https://github.com/root-project/root/pull/10294#issuecomment-1319090488,2,['test'],"['testReport', 'tests']"
Testability,Build failed on ROOT-ubuntu2004/python3.; Running on root-ubuntu-2004-3.cern.ch:/home/sftnight/build/workspace/root-pullrequests-build; [See console output](https://lcgapp-services.cern.ch/root-jenkins/job/root-pullrequests-build/159533/console).; ### Warnings:; - [2022-11-19T17:36:42.624Z] Warning in &lt;CheckModuleValid&gt;: warning: Couldn't find in the following specified headers in the module Core: ; - [2022-11-19T17:36:45.748Z] Warning in &lt;CheckModuleValid&gt;: warning: Couldn't find in the following specified headers in the module Thread: . ### Failing tests:; - [projectroot.roottest.root.dataframe.roottest_root_dataframe_missingBranches](https://lcgapp-services.cern.ch/root-jenkins/job/root-pullrequests-build/159533/testReport/projectroot.roottest.root/dataframe/roottest_root_dataframe_missingBranches/),MatchSource.ISSUE_COMMENT,root-project,root,v6-32-06,https://github.com/root-project/root/pull/10294#issuecomment-1320936983:569,test,tests,569,https://root.cern,https://github.com/root-project/root/pull/10294#issuecomment-1320936983,2,['test'],"['testReport', 'tests']"
Testability,Build failed on ROOT-ubuntu2004/python3.; Running on root-ubuntu-2004-3.cern.ch:/home/sftnight/build/workspace/root-pullrequests-build; [See console output](https://lcgapp-services.cern.ch/root-jenkins/job/root-pullrequests-build/159866/console).; ### Failing tests:; - [projectroot.roottest.root.hist.operator.roottest_root_hist_operator_runsparse](https://lcgapp-services.cern.ch/root-jenkins/job/root-pullrequests-build/159866/testReport/projectroot.roottest.root.hist/operator/roottest_root_hist_operator_runsparse/); - [projectroot.roottest.root.io.filemerger.roottest_root_io_filemerger_execFileMerger](https://lcgapp-services.cern.ch/root-jenkins/job/root-pullrequests-build/159866/testReport/projectroot.roottest.root.io/filemerger/roottest_root_io_filemerger_execFileMerger/),MatchSource.ISSUE_COMMENT,root-project,root,v6-32-06,https://github.com/root-project/root/pull/11574#issuecomment-1326901657:260,test,tests,260,https://root.cern,https://github.com/root-project/root/pull/11574#issuecomment-1326901657,3,['test'],"['testReport', 'tests']"
Testability,Build failed on ROOT-ubuntu2004/python3.; Running on root-ubuntu-2004-3.cern.ch:/home/sftnight/build/workspace/root-pullrequests-build; [See console output](https://lcgapp-services.cern.ch/root-jenkins/job/root-pullrequests-build/160125/console).; ### Failing tests:; - [projectroot.roofit.roofitcore.test.gtest_roofit_roofitcore_test_testLikelihoodGradientJob](https://lcgapp-services.cern.ch/root-jenkins/job/root-pullrequests-build/160125/testReport/projectroot.roofit.roofitcore/test/gtest_roofit_roofitcore_test_testLikelihoodGradientJob/),MatchSource.ISSUE_COMMENT,root-project,root,v6-32-06,https://github.com/root-project/root/pull/11650#issuecomment-1329305421:260,test,tests,260,https://root.cern,https://github.com/root-project/root/pull/11650#issuecomment-1329305421,4,['test'],"['test', 'testReport', 'tests']"
Testability,Build failed on ROOT-ubuntu2004/python3.; Running on root-ubuntu-2004-3.cern.ch:/home/sftnight/build/workspace/root-pullrequests-build; [See console output](https://lcgapp-services.cern.ch/root-jenkins/job/root-pullrequests-build/160251/console).; ### Errors:; - [2022-11-29T14:16:49.605Z] FAILED: tree/dataframe/test/CMakeFiles/dataframe_helpers.dir/dataframe_helpers.cxx.o ; - [2022-11-29T14:16:50.295Z] /home/sftnight/build/workspace/root-pullrequests-build/root/tree/dataframe/inc/ROOT/RDF/ActionHelpers.hxx:415:48: error: invalid conversion from ‘const int*’ to ‘int*’ [-fpermissive] ; - [2022-11-29T14:16:50.296Z] /home/sftnight/build/workspace/root-pullrequests-build/root/tree/dataframe/inc/ROOT/RDF/ActionHelpers.hxx:415:48: error: invalid conversion from ‘const int*’ to ‘int*’ [-fpermissive] ; - [2022-11-29T14:16:50.296Z] /home/sftnight/build/workspace/root-pullrequests-build/root/tree/dataframe/inc/ROOT/RDF/ActionHelpers.hxx:415:48: error: invalid conversion from ‘const int*’ to ‘int*’ [-fpermissive],MatchSource.ISSUE_COMMENT,root-project,root,v6-32-06,https://github.com/root-project/root/pull/11799#issuecomment-1330718385:313,test,test,313,https://root.cern,https://github.com/root-project/root/pull/11799#issuecomment-1330718385,1,['test'],['test']
Testability,Build failed on ROOT-ubuntu2004/python3.; Running on root-ubuntu-2004-3.cern.ch:/home/sftnight/build/workspace/root-pullrequests-build; [See console output](https://lcgapp-services.cern.ch/root-jenkins/job/root-pullrequests-build/160321/console).; ### Failing tests:; - [projectroot.roottest.root.io.tuple.roottest_root_io_tuple_make](https://lcgapp-services.cern.ch/root-jenkins/job/root-pullrequests-build/160321/testReport/projectroot.roottest.root.io/tuple/roottest_root_io_tuple_make/),MatchSource.ISSUE_COMMENT,root-project,root,v6-32-06,https://github.com/root-project/root/pull/11803#issuecomment-1331300149:260,test,tests,260,https://root.cern,https://github.com/root-project/root/pull/11803#issuecomment-1331300149,2,['test'],"['testReport', 'tests']"
Testability,Build failed on ROOT-ubuntu2004/python3.; Running on root-ubuntu-2004-3.cern.ch:/home/sftnight/build/workspace/root-pullrequests-build; [See console output](https://lcgapp-services.cern.ch/root-jenkins/job/root-pullrequests-build/160477/console).; ### Failing tests:; - [projectroot.roottest.cling.template.separateDict.roottest_cling_template_separateDict_make](https://lcgapp-services.cern.ch/root-jenkins/job/root-pullrequests-build/160477/testReport/projectroot.roottest.cling.template/separateDict/roottest_cling_template_separateDict_make/),MatchSource.ISSUE_COMMENT,root-project,root,v6-32-06,https://github.com/root-project/root/pull/11816#issuecomment-1334106418:260,test,tests,260,https://root.cern,https://github.com/root-project/root/pull/11816#issuecomment-1334106418,2,['test'],"['testReport', 'tests']"
Testability,Build failed on ROOT-ubuntu2004/python3.; Running on root-ubuntu-2004-3.cern.ch:/home/sftnight/build/workspace/root-pullrequests-build; [See console output](https://lcgapp-services.cern.ch/root-jenkins/job/root-pullrequests-build/160491/console).; ### Failing tests:; - [projectroot.roottest.cling.template.separateDict.roottest_cling_template_separateDict_make](https://lcgapp-services.cern.ch/root-jenkins/job/root-pullrequests-build/160491/testReport/projectroot.roottest.cling.template/separateDict/roottest_cling_template_separateDict_make/),MatchSource.ISSUE_COMMENT,root-project,root,v6-32-06,https://github.com/root-project/root/pull/11817#issuecomment-1334136789:260,test,tests,260,https://root.cern,https://github.com/root-project/root/pull/11817#issuecomment-1334136789,2,['test'],"['testReport', 'tests']"
Testability,Build failed on ROOT-ubuntu2004/python3.; Running on root-ubuntu-2004-3.cern.ch:/home/sftnight/build/workspace/root-pullrequests-build; [See console output](https://lcgapp-services.cern.ch/root-jenkins/job/root-pullrequests-build/160533/console).; ### Failing tests:; - [projectroot.test.test_stressroofit_batchmode_cpu](https://lcgapp-services.cern.ch/root-jenkins/job/root-pullrequests-build/160533/testReport/projectroot/test/test_stressroofit_batchmode_cpu/); - [projectroot.test.test_stressroofit](https://lcgapp-services.cern.ch/root-jenkins/job/root-pullrequests-build/160533/testReport/projectroot/test/test_stressroofit/),MatchSource.ISSUE_COMMENT,root-project,root,v6-32-06,https://github.com/root-project/root/pull/11820#issuecomment-1334841767:260,test,tests,260,https://root.cern,https://github.com/root-project/root/pull/11820#issuecomment-1334841767,7,['test'],"['test', 'testReport', 'tests']"
Testability,Build failed on ROOT-ubuntu2004/python3.; Running on root-ubuntu-2004-3.cern.ch:/home/sftnight/build/workspace/root-pullrequests-build; [See console output](https://lcgapp-services.cern.ch/root-jenkins/job/root-pullrequests-build/160932/console).; ### Failing tests:; - [projectroot.test.test_periodic_build](https://lcgapp-services.cern.ch/root-jenkins/job/root-pullrequests-build/160932/testReport/projectroot/test/test_periodic_build/),MatchSource.ISSUE_COMMENT,root-project,root,v6-32-06,https://github.com/root-project/root/pull/11844#issuecomment-1339523155:260,test,tests,260,https://root.cern,https://github.com/root-project/root/pull/11844#issuecomment-1339523155,4,['test'],"['test', 'testReport', 'tests']"
Testability,Build failed on ROOT-ubuntu2004/python3.; Running on root-ubuntu-2004-3.cern.ch:/home/sftnight/build/workspace/root-pullrequests-build; [See console output](https://lcgapp-services.cern.ch/root-jenkins/job/root-pullrequests-build/161654/console).; ### Failing tests:; - [projectroot.roottest.root.hist.roottest_root_hist_h2root](https://lcgapp-services.cern.ch/root-jenkins/job/root-pullrequests-build/161654/testReport/projectroot.roottest.root/hist/roottest_root_hist_h2root/),MatchSource.ISSUE_COMMENT,root-project,root,v6-32-06,https://github.com/root-project/root/pull/11803#issuecomment-1346628709:260,test,tests,260,https://root.cern,https://github.com/root-project/root/pull/11803#issuecomment-1346628709,2,['test'],"['testReport', 'tests']"
Testability,Build failed on ROOT-ubuntu2004/python3.; Running on root-ubuntu-2004-3.cern.ch:/home/sftnight/build/workspace/root-pullrequests-build; [See console output](https://lcgapp-services.cern.ch/root-jenkins/job/root-pullrequests-build/162259/console).; ### Failing tests:; - [projectroot.bindings.pyroot.pythonizations.test.pyunittests_pyroot_roofit_rooabspdf_fitto](https://lcgapp-services.cern.ch/root-jenkins/job/root-pullrequests-build/162259/testReport/projectroot.bindings.pyroot.pythonizations/test/pyunittests_pyroot_roofit_rooabspdf_fitto/); - [projectroot.roofit.hs3.test.pyunittests_roofit_hs3_histfactory_json](https://lcgapp-services.cern.ch/root-jenkins/job/root-pullrequests-build/162259/testReport/projectroot.roofit.hs3/test/pyunittests_roofit_hs3_histfactory_json/),MatchSource.ISSUE_COMMENT,root-project,root,v6-32-06,https://github.com/root-project/root/pull/11903#issuecomment-1353251387:260,test,tests,260,https://root.cern,https://github.com/root-project/root/pull/11903#issuecomment-1353251387,7,['test'],"['test', 'testReport', 'tests']"
Testability,"Build failed on ROOT-ubuntu2004/python3.; Running on root-ubuntu-2004-3.cern.ch:/home/sftnight/build/workspace/root-pullrequests-build; [See console output](https://lcgapp-services.cern.ch/root-jenkins/job/root-pullrequests-build/162322/console).; ### Errors:; - [2022-12-15T18:29:54.973Z] FAILED: math/mathcore/CMakeFiles/MathCore.dir/src/Fitter.cxx.o ; - [2022-12-15T18:29:55.232Z] /home/sftnight/build/workspace/root-pullrequests-build/root/math/mathcore/inc/Fit/LogLikelihoodFCN.h:123:34: error: no matching function for call to ‘EvaluatePdf(const IModelFunction&, const ROOT::Fit::UnBinData&, const double*&, unsigned int&, double*&, double*&, bool)’ ; - [2022-12-15T18:29:55.232Z] /home/sftnight/build/workspace/root-pullrequests-build/root/math/mathcore/inc/Fit/LogLikelihoodFCN.h:123:34: error: no matching function for call to ‘EvaluatePdf(const IModelFunction&, const ROOT::Fit::UnBinData&, const double*&, unsigned int&, double*&, double*&, bool)’ ; - [2022-12-15T18:29:55.232Z] /home/sftnight/build/workspace/root-pullrequests-build/root/math/mathcore/inc/Fit/PoissonLikelihoodFCN.h:123:53: error: no matching function for call to ‘ROOT::Fit::FitUtil::Evaluate&lt;Vc_1::Vector&lt;double, Vc_1::VectorAbi::Sse&gt; &gt;::EvalPoissonBinPdf(const IModelFunction&, const ROOT::Fit::BinData&, const double*&, unsigned int&, double*&, double*&, bool, bool&)’ ; - [2022-12-15T18:29:55.232Z] /home/sftnight/build/workspace/root-pullrequests-build/root/math/mathcore/inc/Fit/PoissonLikelihoodFCN.h:123:53: error: no matching function for call to ‘ROOT::Fit::FitUtil::Evaluate&lt;Vc_1::Vector&lt;double, Vc_1::VectorAbi::Sse&gt; &gt;::EvalPoissonBinPdf(const IModelFunction&, const ROOT::Fit::BinData&, const double*&, unsigned int&, double*&, double*&, bool, bool&)’ ; - [2022-12-15T18:29:55.232Z] /home/sftnight/build/workspace/root-pullrequests-build/root/math/mathcore/inc/Fit/Chi2FCN.h:119:52: error: no matching function for call to ‘ROOT::Fit::FitUtil::Evaluate&lt;Vc_1::Vector&lt;double, Vc_1",MatchSource.ISSUE_COMMENT,root-project,root,v6-32-06,https://github.com/root-project/root/pull/11755#issuecomment-1353533278:466,Log,LogLikelihoodFCN,466,https://root.cern,https://github.com/root-project/root/pull/11755#issuecomment-1353533278,2,['Log'],['LogLikelihoodFCN']
Testability,"Build failed on ROOT-ubuntu2004/python3.; Running on root-ubuntu-2004-3.cern.ch:/home/sftnight/build/workspace/root-pullrequests-build; [See console output](https://lcgapp-services.cern.ch/root-jenkins/job/root-pullrequests-build/162434/console).; ### Errors:; - [2022-12-16T13:47:56.783Z] FAILED: math/mathcore/CMakeFiles/MathCore.dir/src/Fitter.cxx.o ; - [2022-12-16T13:47:57.046Z] /home/sftnight/build/workspace/root-pullrequests-build/root/math/mathcore/inc/Fit/LogLikelihoodFCN.h:123:34: error: no matching function for call to ‘EvaluatePdf(const IModelFunction&, const ROOT::Fit::UnBinData&, const double*&, unsigned int&, double*&, double*&, bool)’ ; - [2022-12-16T13:47:57.046Z] /home/sftnight/build/workspace/root-pullrequests-build/root/math/mathcore/inc/Fit/LogLikelihoodFCN.h:123:34: error: no matching function for call to ‘EvaluatePdf(const IModelFunction&, const ROOT::Fit::UnBinData&, const double*&, unsigned int&, double*&, double*&, bool)’ ; - [2022-12-16T13:47:57.046Z] /home/sftnight/build/workspace/root-pullrequests-build/root/math/mathcore/inc/Fit/PoissonLikelihoodFCN.h:123:53: error: no matching function for call to ‘ROOT::Fit::FitUtil::Evaluate&lt;Vc_1::Vector&lt;double, Vc_1::VectorAbi::Sse&gt; &gt;::EvalPoissonBinPdf(const IModelFunction&, const ROOT::Fit::BinData&, const double*&, unsigned int&, double*&, double*&, bool, bool&)’ ; - [2022-12-16T13:47:57.046Z] /home/sftnight/build/workspace/root-pullrequests-build/root/math/mathcore/inc/Fit/PoissonLikelihoodFCN.h:123:53: error: no matching function for call to ‘ROOT::Fit::FitUtil::Evaluate&lt;Vc_1::Vector&lt;double, Vc_1::VectorAbi::Sse&gt; &gt;::EvalPoissonBinPdf(const IModelFunction&, const ROOT::Fit::BinData&, const double*&, unsigned int&, double*&, double*&, bool, bool&)’",MatchSource.ISSUE_COMMENT,root-project,root,v6-32-06,https://github.com/root-project/root/pull/11755#issuecomment-1354806435:466,Log,LogLikelihoodFCN,466,https://root.cern,https://github.com/root-project/root/pull/11755#issuecomment-1354806435,2,['Log'],['LogLikelihoodFCN']
Testability,Build failed on ROOT-ubuntu2004/python3.; Running on root-ubuntu-2004-3.cern.ch:/home/sftnight/build/workspace/root-pullrequests-build; [See console output](https://lcgapp-services.cern.ch/root-jenkins/job/root-pullrequests-build/162500/console).; ### Warnings:; - [2022-12-16T16:18:07.019Z] /home/sftnight/build/workspace/root-pullrequests-build/root/math/minuit2/src/MnPrintImpl.cxx:27:11: warning: enumeration value ‘Trace’ not handled in switch [-Wswitch] ; - [2022-12-16T16:18:09.919Z] /home/sftnight/build/workspace/root-pullrequests-build/root/math/minuit2/src/NegativeG2LineSearch.cxx:107:34: warning: declaration of ‘i’ shadows a previous local [-Wshadow] . ### Failing tests:; - [projectroot.test.test_stressgraphics_interpreted](https://lcgapp-services.cern.ch/root-jenkins/job/root-pullrequests-build/162500/testReport/projectroot/test/test_stressgraphics_interpreted/); - [projectroot.test.test_stresshistofit_interpreted](https://lcgapp-services.cern.ch/root-jenkins/job/root-pullrequests-build/162500/testReport/projectroot/test/test_stresshistofit_interpreted/); - [projectroot.math.mathcore.test.mathcore_testFit](https://lcgapp-services.cern.ch/root-jenkins/job/root-pullrequests-build/162500/testReport/projectroot.math.mathcore/test/mathcore_testFit/); - [projectroot.roottest.root.tree.reader.roottest_root_tree_reader_make](https://lcgapp-services.cern.ch/root-jenkins/job/root-pullrequests-build/162500/testReport/projectroot.roottest.root.tree/reader/roottest_root_tree_reader_make/),MatchSource.ISSUE_COMMENT,root-project,root,v6-32-06,https://github.com/root-project/root/pull/11755#issuecomment-1355210694:679,test,tests,679,https://root.cern,https://github.com/root-project/root/pull/11755#issuecomment-1355210694,11,['test'],"['test', 'testReport', 'tests']"
Testability,Build failed on ROOT-ubuntu2004/python3.; Running on root-ubuntu-2004-3.cern.ch:/home/sftnight/build/workspace/root-pullrequests-build; [See console output](https://lcgapp-services.cern.ch/root-jenkins/job/root-pullrequests-build/162521/console).; ### Failing tests:; - [projectroot.test.test_stressgraphics_interpreted](https://lcgapp-services.cern.ch/root-jenkins/job/root-pullrequests-build/162521/testReport/projectroot/test/test_stressgraphics_interpreted/); - [projectroot.test.test_stresshistofit_interpreted](https://lcgapp-services.cern.ch/root-jenkins/job/root-pullrequests-build/162521/testReport/projectroot/test/test_stresshistofit_interpreted/); - [projectroot.math.mathcore.test.mathcore_testFit](https://lcgapp-services.cern.ch/root-jenkins/job/root-pullrequests-build/162521/testReport/projectroot.math.mathcore/test/mathcore_testFit/); - [projectroot.roottest.root.tree.reader.roottest_root_tree_reader_make](https://lcgapp-services.cern.ch/root-jenkins/job/root-pullrequests-build/162521/testReport/projectroot.roottest.root.tree/reader/roottest_root_tree_reader_make/),MatchSource.ISSUE_COMMENT,root-project,root,v6-32-06,https://github.com/root-project/root/pull/11755#issuecomment-1355285809:260,test,tests,260,https://root.cern,https://github.com/root-project/root/pull/11755#issuecomment-1355285809,11,['test'],"['test', 'testReport', 'tests']"
Testability,Build failed on ROOT-ubuntu2004/python3.; Running on root-ubuntu-2004-3.cern.ch:/home/sftnight/build/workspace/root-pullrequests-build; [See console output](https://lcgapp-services.cern.ch/root-jenkins/job/root-pullrequests-build/162584/console).; ### Failing tests:; - [projectroot.test.test_stresshistofit_interpreted](https://lcgapp-services.cern.ch/root-jenkins/job/root-pullrequests-build/162584/testReport/projectroot/test/test_stresshistofit_interpreted/),MatchSource.ISSUE_COMMENT,root-project,root,v6-32-06,https://github.com/root-project/root/pull/11755#issuecomment-1355745024:260,test,tests,260,https://root.cern,https://github.com/root-project/root/pull/11755#issuecomment-1355745024,4,['test'],"['test', 'testReport', 'tests']"
Testability,Build failed on ROOT-ubuntu2004/python3.; Running on root-ubuntu-2004-3.cern.ch:/home/sftnight/build/workspace/root-pullrequests-build; [See console output](https://lcgapp-services.cern.ch/root-jenkins/job/root-pullrequests-build/163772/console).; ### Warnings:; - [2023-01-10T15:31:58.815Z] /home/sftnight/build/workspace/root-pullrequests-build/root/roofit/roofitcore/test/testTestStatistics.cxx:44:36: warning: comparison of integer expressions of different signedness: ‘std::size_t’ {aka ‘long unsigned int’} and ‘Int_t’ {aka ‘int’} [-Wsign-compare],MatchSource.ISSUE_COMMENT,root-project,root,v6-32-06,https://github.com/root-project/root/pull/11995#issuecomment-1377500239:370,test,test,370,https://root.cern,https://github.com/root-project/root/pull/11995#issuecomment-1377500239,2,['test'],"['test', 'testTestStatistics']"
Testability,Build failed on ROOT-ubuntu2004/python3.; Running on root-ubuntu-2004-3.cern.ch:/home/sftnight/build/workspace/root-pullrequests-build; [See console output](https://lcgapp-services.cern.ch/root-jenkins/job/root-pullrequests-build/163817/console).; ### Failing tests:; - [projectroot.roofit.multiprocess.test.gtest_roofit_multiprocess_test_test_RooFit_MultiProcess_ProcessTimer](https://lcgapp-services.cern.ch/root-jenkins/job/root-pullrequests-build/163817/testReport/projectroot.roofit.multiprocess/test/gtest_roofit_multiprocess_test_test_RooFit_MultiProcess_ProcessTimer/),MatchSource.ISSUE_COMMENT,root-project,root,v6-32-06,https://github.com/root-project/root/pull/12000#issuecomment-1377703232:260,test,tests,260,https://root.cern,https://github.com/root-project/root/pull/12000#issuecomment-1377703232,4,['test'],"['test', 'testReport', 'tests']"
Testability,Build failed on ROOT-ubuntu2004/python3.; Running on root-ubuntu-2004-3.cern.ch:/home/sftnight/build/workspace/root-pullrequests-build; [See console output](https://lcgapp-services.cern.ch/root-jenkins/job/root-pullrequests-build/164686/console).; ### Warnings:; - [2023-01-18T17:28:49.681Z] tmva/sofie/test/Sub_FromONNX.hxx:15:21: warning: unused parameter ‘filename’ [-Wunused-parameter] ; - [2023-01-18T17:28:49.681Z] tmva/sofie/test/Add_FromONNX.hxx:15:21: warning: unused parameter ‘filename’ [-Wunused-parameter] ; - [2023-01-18T17:28:49.681Z] tmva/sofie/test/Mul_FromONNX.hxx:15:21: warning: unused parameter ‘filename’ [-Wunused-parameter] ; - [2023-01-18T17:28:49.681Z] tmva/sofie/test/Div_FromONNX.hxx:15:21: warning: unused parameter ‘filename’ [-Wunused-parameter] ; - [2023-01-18T17:28:49.958Z] tmva/sofie/test/Cast_FromONNX.hxx:15:21: warning: unused parameter ‘filename’ [-Wunused-parameter] ; - [2023-01-18T17:28:49.958Z] tmva/sofie/test/ReduceMean_FromONNX.hxx:15:21: warning: unused parameter ‘filename’ [-Wunused-parameter] ; - [2023-01-18T17:28:49.958Z] tmva/sofie/test/ReduceProd_FromONNX.hxx:15:21: warning: unused parameter ‘filename’ [-Wunused-parameter] ; - [2023-01-18T17:28:49.958Z] tmva/sofie/test/Shape_FromONNX.hxx:15:21: warning: unused parameter ‘filename’ [-Wunused-parameter] ; - [2023-01-18T17:28:49.958Z] tmva/sofie/test/LinearWithLeakyRelu_FromONNX.hxx:15:21: warning: unused parameter ‘filename’ [-Wunused-parameter] ; - [2023-01-18T17:28:49.958Z] tmva/sofie/test/Tanh_FromONNX.hxx:16:21: warning: unused parameter ‘filename’ [-Wunused-parameter] . And 37 more,MatchSource.ISSUE_COMMENT,root-project,root,v6-32-06,https://github.com/root-project/root/pull/11208#issuecomment-1387480765:303,test,test,303,https://root.cern,https://github.com/root-project/root/pull/11208#issuecomment-1387480765,10,['test'],['test']
Testability,Build failed on ROOT-ubuntu2004/python3.; Running on root-ubuntu-2004-3.cern.ch:/home/sftnight/build/workspace/root-pullrequests-build; [See console output](https://lcgapp-services.cern.ch/root-jenkins/job/root-pullrequests-build/164774/console).; ### Failing tests:; - [projectroot.math.foam.test.gtest_math_foam_test_testTFoam](https://lcgapp-services.cern.ch/root-jenkins/job/root-pullrequests-build/164774/testReport/projectroot.math.foam/test/gtest_math_foam_test_testTFoam/),MatchSource.ISSUE_COMMENT,root-project,root,v6-32-06,https://github.com/root-project/root/pull/12061#issuecomment-1396926939:260,test,tests,260,https://root.cern,https://github.com/root-project/root/pull/12061#issuecomment-1396926939,4,['test'],"['test', 'testReport', 'tests']"
Testability,Build failed on ROOT-ubuntu2004/python3.; Running on root-ubuntu-2004-3.cern.ch:/home/sftnight/build/workspace/root-pullrequests-build; [See console output](https://lcgapp-services.cern.ch/root-jenkins/job/root-pullrequests-build/165244/console).; ### Failing tests:; - [projectroot.roofit.roofitcore.test.gtest_roofit_roofitcore_test_testRooAbsPdf](https://lcgapp-services.cern.ch/root-jenkins/job/root-pullrequests-build/165244/testReport/projectroot.roofit.roofitcore/test/gtest_roofit_roofitcore_test_testRooAbsPdf/); - [projectroot.roofit.roofitcore.test.gtest_roofit_roofitcore_test_testRooProdPdf](https://lcgapp-services.cern.ch/root-jenkins/job/root-pullrequests-build/165244/testReport/projectroot.roofit.roofitcore/test/gtest_roofit_roofitcore_test_testRooProdPdf/); - [projectroot.test.test_stressroofit_batchmode_cpu](https://lcgapp-services.cern.ch/root-jenkins/job/root-pullrequests-build/165244/testReport/projectroot/test/test_stressroofit_batchmode_cpu/); - [projectroot.roottest.root.roofitstats.vectorisedPDFs.gtesttest_root_roofitstats_vectorisedPDFs_testLegendre](https://lcgapp-services.cern.ch/root-jenkins/job/root-pullrequests-build/165244/testReport/projectroot.roottest.root.roofitstats/vectorisedPDFs/gtesttest_root_roofitstats_vectorisedPDFs_testLegendre/); - [projectroot.roottest.root.roofitstats.vectorisedPDFs.gtesttest_root_roofitstats_vectorisedPDFs_testProductPdf](https://lcgapp-services.cern.ch/root-jenkins/job/root-pullrequests-build/165244/testReport/projectroot.roottest.root.roofitstats/vectorisedPDFs/gtesttest_root_roofitstats_vectorisedPDFs_testProductPdf/); - [projectroot.roofit.histfactory.test.gtest_roofit_histfactory_test_testHistFactory](https://lcgapp-services.cern.ch/root-jenkins/job/root-pullrequests-build/165244/testReport/projectroot.roofit.histfactory/test/gtest_roofit_histfactory_test_testHistFactory/); - [projectroot.roofit.roofitcore.test.gtest_roofit_roofitcore_test_testRooSimultaneous](https://lcgapp-services.cern.ch/root-jenkins/,MatchSource.ISSUE_COMMENT,root-project,root,v6-32-06,https://github.com/root-project/root/pull/12071#issuecomment-1399472701:260,test,tests,260,https://root.cern,https://github.com/root-project/root/pull/12071#issuecomment-1399472701,10,['test'],"['test', 'testReport', 'tests']"
Testability,Build failed on ROOT-ubuntu2004/python3.; Running on root-ubuntu-2004-3.cern.ch:/home/sftnight/build/workspace/root-pullrequests-build; [See console output](https://lcgapp-services.cern.ch/root-jenkins/job/root-pullrequests-build/165258/console).; ### Failing tests:; - [projectroot.tree.treeplayer.test.gtest_tree_treeplayer_test_treetreeplayertestUnit](https://lcgapp-services.cern.ch/root-jenkins/job/root-pullrequests-build/165258/testReport/projectroot.tree.treeplayer/test/gtest_tree_treeplayer_test_treetreeplayertestUnit/),MatchSource.ISSUE_COMMENT,root-project,root,v6-32-06,https://github.com/root-project/root/pull/12082#issuecomment-1399513658:260,test,tests,260,https://root.cern,https://github.com/root-project/root/pull/12082#issuecomment-1399513658,4,['test'],"['test', 'testReport', 'tests']"
Testability,Build failed on ROOT-ubuntu2004/python3.; Running on root-ubuntu-2004-3.cern.ch:/home/sftnight/build/workspace/root-pullrequests-build; [See console output](https://lcgapp-services.cern.ch/root-jenkins/job/root-pullrequests-build/165487/console).; ### Failing tests:; - [projectroot.tree.treeplayer.test.gtest_tree_treeplayer_test_treetreeplayertestUnit](https://lcgapp-services.cern.ch/root-jenkins/job/root-pullrequests-build/165487/testReport/projectroot.tree.treeplayer/test/gtest_tree_treeplayer_test_treetreeplayertestUnit/),MatchSource.ISSUE_COMMENT,root-project,root,v6-32-06,https://github.com/root-project/root/pull/11466#issuecomment-1400752167:260,test,tests,260,https://root.cern,https://github.com/root-project/root/pull/11466#issuecomment-1400752167,4,['test'],"['test', 'testReport', 'tests']"
Testability,Build failed on ROOT-ubuntu2004/python3.; Running on root-ubuntu-2004-3.cern.ch:/home/sftnight/build/workspace/root-pullrequests-build; [See console output](https://lcgapp-services.cern.ch/root-jenkins/job/root-pullrequests-build/165558/console).; ### Failing tests:; - [projectroot.roofit.roofitcore.test.gtest_roofit_roofitcore_test_testRooSimultaneous](https://lcgapp-services.cern.ch/root-jenkins/job/root-pullrequests-build/165558/testReport/projectroot.roofit.roofitcore/test/gtest_roofit_roofitcore_test_testRooSimultaneous/),MatchSource.ISSUE_COMMENT,root-project,root,v6-32-06,https://github.com/root-project/root/pull/12092#issuecomment-1400889331:260,test,tests,260,https://root.cern,https://github.com/root-project/root/pull/12092#issuecomment-1400889331,4,['test'],"['test', 'testReport', 'tests']"
Testability,Build failed on ROOT-ubuntu2004/python3.; Running on root-ubuntu-2004-3.cern.ch:/home/sftnight/build/workspace/root-pullrequests-build; [See console output](https://lcgapp-services.cern.ch/root-jenkins/job/root-pullrequests-build/165920/console).; ### Errors:; - [2023-01-26T11:18:04.925Z] FAILED: core/metacling/test/CMakeFiles/TClingTest.dir/TClingCallFuncTests.cxx.o ; - [2023-01-26T11:18:04.925Z] /home/sftnight/build/workspace/root-pullrequests-build/root/core/metacling/test/TClingCallFuncTests.cxx:49:26: error: no matching function for call to ‘CallFuncRAII::CallFuncRAII(const char [1])’ ; - [2023-01-26T11:18:04.925Z] /home/sftnight/build/workspace/root-pullrequests-build/root/core/metacling/test/TClingCallFuncTests.cxx:50:11: error: ‘class CallFuncRAII’ has no member named ‘SetProtoAndGetWrapper’,MatchSource.ISSUE_COMMENT,root-project,root,v6-32-06,https://github.com/root-project/root/pull/11252#issuecomment-1404865999:313,test,test,313,https://root.cern,https://github.com/root-project/root/pull/11252#issuecomment-1404865999,3,['test'],['test']
Testability,Build failed on ROOT-ubuntu2004/python3.; Running on root-ubuntu-2004-3.cern.ch:/home/sftnight/build/workspace/root-pullrequests-build; [See console output](https://lcgapp-services.cern.ch/root-jenkins/job/root-pullrequests-build/166330/console).; ### Failing tests:; - [projectroot.tmva.pymva.test.PyMVA_Torch_Regression](https://lcgapp-services.cern.ch/root-jenkins/job/root-pullrequests-build/166330/testReport/projectroot.tmva.pymva/test/PyMVA_Torch_Regression/); - [projectroot.tmva.pymva.test.PyMVA_Torch_Multiclass](https://lcgapp-services.cern.ch/root-jenkins/job/root-pullrequests-build/166330/testReport/projectroot.tmva.pymva/test/PyMVA_Torch_Multiclass/); - [projectroot.tmva.pymva.test.PyMVA_Keras_Regression](https://lcgapp-services.cern.ch/root-jenkins/job/root-pullrequests-build/166330/testReport/projectroot.tmva.pymva/test/PyMVA_Keras_Regression/); - [projectroot.tmva.pymva.test.PyMVA_Keras_Classification](https://lcgapp-services.cern.ch/root-jenkins/job/root-pullrequests-build/166330/testReport/projectroot.tmva.pymva/test/PyMVA_Keras_Classification/); - [projectroot.tmva.pymva.test.PyMVA_Keras_Multiclass](https://lcgapp-services.cern.ch/root-jenkins/job/root-pullrequests-build/166330/testReport/projectroot.tmva.pymva/test/PyMVA_Keras_Multiclass/); - [projectroot.tmva.sofie.test.gtest_tmva_sofie_test_TestSofieModels](https://lcgapp-services.cern.ch/root-jenkins/job/root-pullrequests-build/166330/testReport/projectroot.tmva.sofie/test/gtest_tmva_sofie_test_TestSofieModels/); - [projectroot.roottest.python.JupyROOT.roottest_python_JupyROOT_importROOT_notebook](https://lcgapp-services.cern.ch/root-jenkins/job/root-pullrequests-build/166330/testReport/projectroot.roottest.python/JupyROOT/roottest_python_JupyROOT_importROOT_notebook/); - [projectroot.roottest.python.JupyROOT.roottest_python_JupyROOT_simpleCppMagic_notebook](https://lcgapp-services.cern.ch/root-jenkins/job/root-pullrequests-build/166330/testReport/projectroot.roottest.python/JupyROOT/roottest_python,MatchSource.ISSUE_COMMENT,root-project,root,v6-32-06,https://github.com/root-project/root/pull/12145#issuecomment-1409123448:260,test,tests,260,https://root.cern,https://github.com/root-project/root/pull/12145#issuecomment-1409123448,12,['test'],"['test', 'testReport', 'tests']"
Testability,Build failed on ROOT-ubuntu2004/python3.; Running on root-ubuntu-2004-3.cern.ch:/home/sftnight/build/workspace/root-pullrequests-build; [See console output](https://lcgapp-services.cern.ch/root-jenkins/job/root-pullrequests-build/166375/console).; ### Failing tests:; - [projectroot.roottest.python.JupyROOT.roottest_python_JupyROOT_importROOT_notebook](https://lcgapp-services.cern.ch/root-jenkins/job/root-pullrequests-build/166375/testReport/projectroot.roottest.python/JupyROOT/roottest_python_JupyROOT_importROOT_notebook/); - [projectroot.roottest.python.JupyROOT.roottest_python_JupyROOT_simpleCppMagic_notebook](https://lcgapp-services.cern.ch/root-jenkins/job/root-pullrequests-build/166375/testReport/projectroot.roottest.python/JupyROOT/roottest_python_JupyROOT_simpleCppMagic_notebook/); - [projectroot.roottest.python.JupyROOT.roottest_python_JupyROOT_thread_local_notebook](https://lcgapp-services.cern.ch/root-jenkins/job/root-pullrequests-build/166375/testReport/projectroot.roottest.python/JupyROOT/roottest_python_JupyROOT_thread_local_notebook/); - [projectroot.roottest.python.JupyROOT.roottest_python_JupyROOT_ROOT_kernel_notebook](https://lcgapp-services.cern.ch/root-jenkins/job/root-pullrequests-build/166375/testReport/projectroot.roottest.python/JupyROOT/roottest_python_JupyROOT_ROOT_kernel_notebook/); - [projectroot.roottest.python.JupyROOT.roottest_python_JupyROOT_tpython_notebook](https://lcgapp-services.cern.ch/root-jenkins/job/root-pullrequests-build/166375/testReport/projectroot.roottest.python/JupyROOT/roottest_python_JupyROOT_tpython_notebook/); - [projectroot.tmva.pymva.test.PyMVA_Torch_Regression](https://lcgapp-services.cern.ch/root-jenkins/job/root-pullrequests-build/166375/testReport/projectroot.tmva.pymva/test/PyMVA_Torch_Regression/); - [projectroot.tmva.pymva.test.PyMVA_Keras_Classification](https://lcgapp-services.cern.ch/root-jenkins/job/root-pullrequests-build/166375/testReport/projectroot.tmva.pymva/test/PyMVA_Keras_Classification/); - [proj,MatchSource.ISSUE_COMMENT,root-project,root,v6-32-06,https://github.com/root-project/root/pull/12176#issuecomment-1409936944:260,test,tests,260,https://root.cern,https://github.com/root-project/root/pull/12176#issuecomment-1409936944,4,['test'],"['testReport', 'tests']"
Testability,Build failed on ROOT-ubuntu2004/python3.; Running on root-ubuntu-2004-3.cern.ch:/home/sftnight/build/workspace/root-pullrequests-build; [See console output](https://lcgapp-services.cern.ch/root-jenkins/job/root-pullrequests-build/166431/console).; ### Failing tests:; - [projectroot.tmva.pymva.test.PyMVA_Torch_Classification](https://lcgapp-services.cern.ch/root-jenkins/job/root-pullrequests-build/166431/testReport/projectroot.tmva.pymva/test/PyMVA_Torch_Classification/); - [projectroot.tmva.pymva.test.PyMVA_Torch_Regression](https://lcgapp-services.cern.ch/root-jenkins/job/root-pullrequests-build/166431/testReport/projectroot.tmva.pymva/test/PyMVA_Torch_Regression/); - [projectroot.tmva.pymva.test.PyMVA_Torch_Multiclass](https://lcgapp-services.cern.ch/root-jenkins/job/root-pullrequests-build/166431/testReport/projectroot.tmva.pymva/test/PyMVA_Torch_Multiclass/); - [projectroot.tmva.sofie.test.gtest_tmva_sofie_test_TestSofieModels](https://lcgapp-services.cern.ch/root-jenkins/job/root-pullrequests-build/166431/testReport/projectroot.tmva.sofie/test/gtest_tmva_sofie_test_TestSofieModels/),MatchSource.ISSUE_COMMENT,root-project,root,v6-32-06,https://github.com/root-project/root/pull/12178#issuecomment-1410395156:260,test,tests,260,https://root.cern,https://github.com/root-project/root/pull/12178#issuecomment-1410395156,13,['test'],"['test', 'testReport', 'tests']"
Testability,Build failed on ROOT-ubuntu2004/python3.; Running on root-ubuntu-2004-3.cern.ch:/home/sftnight/build/workspace/root-pullrequests-build; [See console output](https://lcgapp-services.cern.ch/root-jenkins/job/root-pullrequests-build/166490/console).; ### Failing tests:; - [projectroot.tmva.sofie.test.gtest_tmva_sofie_test_TestSofieModels](https://lcgapp-services.cern.ch/root-jenkins/job/root-pullrequests-build/166490/testReport/projectroot.tmva.sofie/test/gtest_tmva_sofie_test_TestSofieModels/),MatchSource.ISSUE_COMMENT,root-project,root,v6-32-06,https://github.com/root-project/root/pull/12159#issuecomment-1410927459:260,test,tests,260,https://root.cern,https://github.com/root-project/root/pull/12159#issuecomment-1410927459,4,['test'],"['test', 'testReport', 'tests']"
Testability,Build failed on ROOT-ubuntu2004/python3.; Running on root-ubuntu-2004-3.cern.ch:/home/sftnight/build/workspace/root-pullrequests-build; [See console output](https://lcgapp-services.cern.ch/root-jenkins/job/root-pullrequests-build/166504/console).; ### Failing tests:; - [projectroot.roottest.root.dataframe.roottest_root_dataframe_test_reduce](https://lcgapp-services.cern.ch/root-jenkins/job/root-pullrequests-build/166504/testReport/projectroot.roottest.root/dataframe/roottest_root_dataframe_test_reduce/); - [projectroot.tmva.sofie.test.gtest_tmva_sofie_test_TestSofieModels](https://lcgapp-services.cern.ch/root-jenkins/job/root-pullrequests-build/166504/testReport/projectroot.tmva.sofie/test/gtest_tmva_sofie_test_TestSofieModels/),MatchSource.ISSUE_COMMENT,root-project,root,v6-32-06,https://github.com/root-project/root/pull/11517#issuecomment-1410973813:260,test,tests,260,https://root.cern,https://github.com/root-project/root/pull/11517#issuecomment-1410973813,5,['test'],"['test', 'testReport', 'tests']"
Testability,Build failed on ROOT-ubuntu2004/python3.; Running on root-ubuntu-2004-3.cern.ch:/home/sftnight/build/workspace/root-pullrequests-build; [See console output](https://lcgapp-services.cern.ch/root-jenkins/job/root-pullrequests-build/166520/console).; ### Failing tests:; - [projectroot.tmva.sofie.test.gtest_tmva_sofie_test_TestSofieModels](https://lcgapp-services.cern.ch/root-jenkins/job/root-pullrequests-build/166520/testReport/projectroot.tmva.sofie/test/gtest_tmva_sofie_test_TestSofieModels/),MatchSource.ISSUE_COMMENT,root-project,root,v6-32-06,https://github.com/root-project/root/pull/12193#issuecomment-1411067277:260,test,tests,260,https://root.cern,https://github.com/root-project/root/pull/12193#issuecomment-1411067277,4,['test'],"['test', 'testReport', 'tests']"
Testability,Build failed on ROOT-ubuntu2004/python3.; Running on root-ubuntu-2004-3.cern.ch:/home/sftnight/build/workspace/root-pullrequests-build; [See console output](https://lcgapp-services.cern.ch/root-jenkins/job/root-pullrequests-build/166842/console).; ### Failing tests:; - [projectroot.tmva.pymva.test.PyMVA_Keras_Multiclass](https://lcgapp-services.cern.ch/root-jenkins/job/root-pullrequests-build/166842/testReport/projectroot.tmva.pymva/test/PyMVA_Keras_Multiclass/),MatchSource.ISSUE_COMMENT,root-project,root,v6-32-06,https://github.com/root-project/root/pull/12215#issuecomment-1414445714:260,test,tests,260,https://root.cern,https://github.com/root-project/root/pull/12215#issuecomment-1414445714,4,['test'],"['test', 'testReport', 'tests']"
Testability,Build failed on ROOT-ubuntu2004/python3.; Running on root-ubuntu-2004-3.cern.ch:/home/sftnight/build/workspace/root-pullrequests-build; [See console output](https://lcgapp-services.cern.ch/root-jenkins/job/root-pullrequests-build/166947/console).; ### Failing tests:; - [projectroot.tmva.pymva.test.PyMVA_Keras_Regression](https://lcgapp-services.cern.ch/root-jenkins/job/root-pullrequests-build/166947/testReport/projectroot.tmva.pymva/test/PyMVA_Keras_Regression/),MatchSource.ISSUE_COMMENT,root-project,root,v6-32-06,https://github.com/root-project/root/pull/12223#issuecomment-1416162730:260,test,tests,260,https://root.cern,https://github.com/root-project/root/pull/12223#issuecomment-1416162730,4,['test'],"['test', 'testReport', 'tests']"
Testability,Build failed on ROOT-ubuntu2004/python3.; Running on root-ubuntu-2004-3.cern.ch:/home/sftnight/build/workspace/root-pullrequests-build; [See console output](https://lcgapp-services.cern.ch/root-jenkins/job/root-pullrequests-build/166968/console).; ### Failing tests:; - [projectroot.test.test_stressroofit_batchmode_cpu](https://lcgapp-services.cern.ch/root-jenkins/job/root-pullrequests-build/166968/testReport/projectroot/test/test_stressroofit_batchmode_cpu/); - [projectroot.test.test_stressroofit](https://lcgapp-services.cern.ch/root-jenkins/job/root-pullrequests-build/166968/testReport/projectroot/test/test_stressroofit/); - [projectroot.roottest.root.io.withoutDictionaries.roottest_root_io_withoutDictionaries_IOWithoutDictionaries](https://lcgapp-services.cern.ch/root-jenkins/job/root-pullrequests-build/166968/testReport/projectroot.roottest.root.io/withoutDictionaries/roottest_root_io_withoutDictionaries_IOWithoutDictionaries/); - [projectroot.roottest.root.meta.MakeProject.roottest_root_meta_MakeProject_stltest](https://lcgapp-services.cern.ch/root-jenkins/job/root-pullrequests-build/166968/testReport/projectroot.roottest.root.meta/MakeProject/roottest_root_meta_MakeProject_stltest/); - [projectroot.roottest.root.meta.tclass.issue-6767.roottest_root_meta_tclass_issue_6767_reproducer](https://lcgapp-services.cern.ch/root-jenkins/job/root-pullrequests-build/166968/testReport/projectroot.roottest.root.meta.tclass/issue-6767/roottest_root_meta_tclass_issue_6767_reproducer/); - [projectroot.roottest.root.tree.cache.roottest_root_tree_cache_perfstattest](https://lcgapp-services.cern.ch/root-jenkins/job/root-pullrequests-build/166968/testReport/projectroot.roottest.root.tree/cache/roottest_root_tree_cache_perfstattest/); - [projectroot.roottest.root.tree.cache.roottest_root_tree_cache_TooSmall](https://lcgapp-services.cern.ch/root-jenkins/job/root-pullrequests-build/166968/testReport/projectroot.roottest.root.tree/cache/roottest_root_tree_cache_TooSmall/),MatchSource.ISSUE_COMMENT,root-project,root,v6-32-06,https://github.com/root-project/root/pull/12173#issuecomment-1416440509:260,test,tests,260,https://root.cern,https://github.com/root-project/root/pull/12173#issuecomment-1416440509,12,['test'],"['test', 'testReport', 'tests']"
Testability,Build failed on ROOT-ubuntu2004/python3.; Running on root-ubuntu-2004-3.cern.ch:/home/sftnight/build/workspace/root-pullrequests-build; [See console output](https://lcgapp-services.cern.ch/root-jenkins/job/root-pullrequests-build/167145/console).; ### Failing tests:; - [projectroot.test.test_stressgraphics_interpreted](https://lcgapp-services.cern.ch/root-jenkins/job/root-pullrequests-build/167145/testReport/projectroot/test/test_stressgraphics_interpreted/),MatchSource.ISSUE_COMMENT,root-project,root,v6-32-06,https://github.com/root-project/root/pull/12235#issuecomment-1419270822:260,test,tests,260,https://root.cern,https://github.com/root-project/root/pull/12235#issuecomment-1419270822,4,['test'],"['test', 'testReport', 'tests']"
Testability,Build failed on ROOT-ubuntu2004/python3.; Running on root-ubuntu-2004-3.cern.ch:/home/sftnight/build/workspace/root-pullrequests-build; [See console output](https://lcgapp-services.cern.ch/root-jenkins/job/root-pullrequests-build/167499/console).; ### Failing tests:; - [projectroot.roottest.python.distrdf.common.roottest_python_distrdf_common_test_all](https://lcgapp-services.cern.ch/root-jenkins/job/root-pullrequests-build/167499/testReport/projectroot.roottest.python.distrdf/common/roottest_python_distrdf_common_test_all/),MatchSource.ISSUE_COMMENT,root-project,root,v6-32-06,https://github.com/root-project/root/pull/12256#issuecomment-1422835250:260,test,tests,260,https://root.cern,https://github.com/root-project/root/pull/12256#issuecomment-1422835250,2,['test'],"['testReport', 'tests']"
Testability,Build failed on ROOT-ubuntu2004/python3.; Running on root-ubuntu-2004-3.cern.ch:/home/sftnight/build/workspace/root-pullrequests-build; [See console output](https://lcgapp-services.cern.ch/root-jenkins/job/root-pullrequests-build/168090/console).; ### Failing tests:; - [projectroot.roottest.root.meta.tclass.issue-6767.roottest_root_meta_tclass_issue_6767_reproducer](https://lcgapp-services.cern.ch/root-jenkins/job/root-pullrequests-build/168090/testReport/projectroot.roottest.root.meta.tclass/issue-6767/roottest_root_meta_tclass_issue_6767_reproducer/),MatchSource.ISSUE_COMMENT,root-project,root,v6-32-06,https://github.com/root-project/root/pull/12173#issuecomment-1428804564:260,test,tests,260,https://root.cern,https://github.com/root-project/root/pull/12173#issuecomment-1428804564,2,['test'],"['testReport', 'tests']"
Testability,Build failed on ROOT-ubuntu2004/python3.; Running on root-ubuntu-2004-3.cern.ch:/home/sftnight/build/workspace/root-pullrequests-build; [See console output](https://lcgapp-services.cern.ch/root-jenkins/job/root-pullrequests-build/168632/console).; ### Failing tests:; - [projectroot.test.test_stressgraphics_interpreted](https://lcgapp-services.cern.ch/root-jenkins/job/root-pullrequests-build/168632/testReport/projectroot/test/test_stressgraphics_interpreted/),MatchSource.ISSUE_COMMENT,root-project,root,v6-32-06,https://github.com/root-project/root/pull/12269#issuecomment-1433565169:260,test,tests,260,https://root.cern,https://github.com/root-project/root/pull/12269#issuecomment-1433565169,4,['test'],"['test', 'testReport', 'tests']"
Testability,Build failed on ROOT-ubuntu2004/python3.; Running on root-ubuntu-2004-3.cern.ch:/home/sftnight/build/workspace/root-pullrequests-build; [See console output](https://lcgapp-services.cern.ch/root-jenkins/job/root-pullrequests-build/168653/console).; ### Failing tests:; - [projectroot.test.test_stressgraphics_interpreted](https://lcgapp-services.cern.ch/root-jenkins/job/root-pullrequests-build/168653/testReport/projectroot/test/test_stressgraphics_interpreted/),MatchSource.ISSUE_COMMENT,root-project,root,v6-32-06,https://github.com/root-project/root/pull/12207#issuecomment-1433608829:260,test,tests,260,https://root.cern,https://github.com/root-project/root/pull/12207#issuecomment-1433608829,4,['test'],"['test', 'testReport', 'tests']"
Testability,Build failed on ROOT-ubuntu2004/python3.; Running on root-ubuntu-2004-3.cern.ch:/home/sftnight/build/workspace/root-pullrequests-build; [See console output](https://lcgapp-services.cern.ch/root-jenkins/job/root-pullrequests-build/168667/console).; ### Failing tests:; - [projectroot.roottest.python.distrdf.dask.roottest_python_distrdf_dask_test_all](https://lcgapp-services.cern.ch/root-jenkins/job/root-pullrequests-build/168667/testReport/projectroot.roottest.python.distrdf/dask/roottest_python_distrdf_dask_test_all/); - [projectroot.roottest.python.distrdf.spark.roottest_python_distrdf_spark_test_all](https://lcgapp-services.cern.ch/root-jenkins/job/root-pullrequests-build/168667/testReport/projectroot.roottest.python.distrdf/spark/roottest_python_distrdf_spark_test_all/); - [projectroot.test.test_stressgraphics_interpreted](https://lcgapp-services.cern.ch/root-jenkins/job/root-pullrequests-build/168667/testReport/projectroot/test/test_stressgraphics_interpreted/),MatchSource.ISSUE_COMMENT,root-project,root,v6-32-06,https://github.com/root-project/root/pull/11517#issuecomment-1433654049:260,test,tests,260,https://root.cern,https://github.com/root-project/root/pull/11517#issuecomment-1433654049,6,['test'],"['test', 'testReport', 'tests']"
Testability,Build failed on ROOT-ubuntu2004/python3.; Running on root-ubuntu-2004-3.cern.ch:/home/sftnight/build/workspace/root-pullrequests-build; [See console output](https://lcgapp-services.cern.ch/root-jenkins/job/root-pullrequests-build/168821/console).; ### Failing tests:; - [projectroot.test.test_stressgraphics_interpreted](https://lcgapp-services.cern.ch/root-jenkins/job/root-pullrequests-build/168821/testReport/projectroot/test/test_stressgraphics_interpreted/); - [projectroot.test.test_stresshistofit_interpreted](https://lcgapp-services.cern.ch/root-jenkins/job/root-pullrequests-build/168821/testReport/projectroot/test/test_stresshistofit_interpreted/); - [projectroot.math.minuit2.test.minuit2_testMinimizer](https://lcgapp-services.cern.ch/root-jenkins/job/root-pullrequests-build/168821/testReport/projectroot.math.minuit2/test/minuit2_testMinimizer/),MatchSource.ISSUE_COMMENT,root-project,root,v6-32-06,https://github.com/root-project/root/pull/12295#issuecomment-1434827856:260,test,tests,260,https://root.cern,https://github.com/root-project/root/pull/12295#issuecomment-1434827856,10,['test'],"['test', 'testReport', 'tests']"
Testability,Build failed on ROOT-ubuntu2004/python3.; Running on root-ubuntu-2004-3.cern.ch:/home/sftnight/build/workspace/root-pullrequests-build; [See console output](https://lcgapp-services.cern.ch/root-jenkins/job/root-pullrequests-build/168901/console).; ### Failing tests:; - [projectroot.tmva.sofie.test.gtest_tmva_sofie_test_TestSofieModels](https://lcgapp-services.cern.ch/root-jenkins/job/root-pullrequests-build/168901/testReport/projectroot.tmva.sofie/test/gtest_tmva_sofie_test_TestSofieModels/); - [projectroot.test.test_stressgraphics_interpreted](https://lcgapp-services.cern.ch/root-jenkins/job/root-pullrequests-build/168901/testReport/projectroot/test/test_stressgraphics_interpreted/),MatchSource.ISSUE_COMMENT,root-project,root,v6-32-06,https://github.com/root-project/root/pull/12352#issuecomment-1435791305:260,test,tests,260,https://root.cern,https://github.com/root-project/root/pull/12352#issuecomment-1435791305,7,['test'],"['test', 'testReport', 'tests']"
Testability,Build failed on ROOT-ubuntu2004/python3.; Running on root-ubuntu-2004-3.cern.ch:/home/sftnight/build/workspace/root-pullrequests-build; [See console output](https://lcgapp-services.cern.ch/root-jenkins/job/root-pullrequests-build/168978/console).; ### Failing tests:; - [projectroot.test.test_stressgraphics_interpreted](https://lcgapp-services.cern.ch/root-jenkins/job/root-pullrequests-build/168978/testReport/projectroot/test/test_stressgraphics_interpreted/),MatchSource.ISSUE_COMMENT,root-project,root,v6-32-06,https://github.com/root-project/root/pull/12357#issuecomment-1437156485:260,test,tests,260,https://root.cern,https://github.com/root-project/root/pull/12357#issuecomment-1437156485,4,['test'],"['test', 'testReport', 'tests']"
Testability,Build failed on ROOT-ubuntu2004/python3.; Running on root-ubuntu-2004-3.cern.ch:/home/sftnight/build/workspace/root-pullrequests-build; [See console output](https://lcgapp-services.cern.ch/root-jenkins/job/root-pullrequests-build/169083/console).; ### Failing tests:; - [projectroot.bindings.experimental.distrdf.test.backend.pyunittests_distrdf_unit_backend_test_dist](https://lcgapp-services.cern.ch/root-jenkins/job/root-pullrequests-build/169083/testReport/projectroot.bindings.experimental.distrdf.test/backend/pyunittests_distrdf_unit_backend_test_dist/); - [projectroot.roottest.python.distrdf.common.roottest_python_distrdf_common_test_all](https://lcgapp-services.cern.ch/root-jenkins/job/root-pullrequests-build/169083/testReport/projectroot.roottest.python.distrdf/common/roottest_python_distrdf_common_test_all/); - [projectroot.roottest.python.distrdf.dask.roottest_python_distrdf_dask_test_all](https://lcgapp-services.cern.ch/root-jenkins/job/root-pullrequests-build/169083/testReport/projectroot.roottest.python.distrdf/dask/roottest_python_distrdf_dask_test_all/); - [projectroot.roottest.python.distrdf.spark.roottest_python_distrdf_spark_test_all](https://lcgapp-services.cern.ch/root-jenkins/job/root-pullrequests-build/169083/testReport/projectroot.roottest.python.distrdf/spark/roottest_python_distrdf_spark_test_all/),MatchSource.ISSUE_COMMENT,root-project,root,v6-32-06,https://github.com/root-project/root/pull/12366#issuecomment-1438790290:260,test,tests,260,https://root.cern,https://github.com/root-project/root/pull/12366#issuecomment-1438790290,7,['test'],"['test', 'testReport', 'tests']"
Testability,"Build failed on ROOT-ubuntu2004/python3.; Running on root-ubuntu-2004-3.cern.ch:/home/sftnight/build/workspace/root-pullrequests-build; [See console output](https://lcgapp-services.cern.ch/root-jenkins/job/root-pullrequests-build/169139/console).; ### Errors:; - [2023-02-22T14:16:52.640Z] FAILED: tmva/sofie/CMakeFiles/ROOTTMVASofie.dir/src/SOFIE_common.cxx.o ; - [2023-02-22T14:16:53.617Z] /home/sftnight/build/workspace/root-pullrequests-build/root/tmva/sofie/inc/TMVA/SOFIE_common.hxx:464:4: error: there are no arguments to ‘assert’ that depend on a template parameter, so a declaration of ‘assert’ must be available [-fpermissive] ; - [2023-02-22T14:16:53.617Z] /home/sftnight/build/workspace/root-pullrequests-build/root/tmva/sofie/inc/TMVA/SOFIE_common.hxx:464:10: error: ‘assert’ was not declared in this scope ; - [2023-02-22T14:16:53.617Z] /home/sftnight/build/workspace/root-pullrequests-build/root/tmva/sofie/inc/TMVA/SOFIE_common.hxx:466:10: error: ‘assert’ was not declared in this scope, and no declarations were found by argument-dependent lookup at the point of instantiation [-fpermissive] ; - [2023-02-22T14:16:53.617Z] FAILED: tmva/sofie/test/CMakeFiles/emitGNN.dir/__/src/SOFIE_common.cxx.o ; - [2023-02-22T14:16:54.184Z] /home/sftnight/build/workspace/root-pullrequests-build/root/tmva/sofie/inc/TMVA/SOFIE_common.hxx:464:4: error: there are no arguments to ‘assert’ that depend on a template parameter, so a declaration of ‘assert’ must be available [-fpermissive] ; - [2023-02-22T14:16:54.184Z] /home/sftnight/build/workspace/root-pullrequests-build/root/tmva/sofie/inc/TMVA/SOFIE_common.hxx:464:10: error: ‘assert’ was not declared in this scope ; - [2023-02-22T14:16:54.184Z] /home/sftnight/build/workspace/root-pullrequests-build/root/tmva/sofie/inc/TMVA/SOFIE_common.hxx:466:10: error: ‘assert’ was not declared in this scope, and no declarations were found by argument-dependent lookup at the point of instantiation [-fpermissive] ; - [2023-02-22T14:16:54.184Z] FAILED: t",MatchSource.ISSUE_COMMENT,root-project,root,v6-32-06,https://github.com/root-project/root/pull/11208#issuecomment-1440092637:530,assert,assert,530,https://root.cern,https://github.com/root-project/root/pull/11208#issuecomment-1440092637,3,['assert'],['assert']
Testability,Build failed on ROOT-ubuntu2004/python3.; Running on root-ubuntu-2004-3.cern.ch:/home/sftnight/build/workspace/root-pullrequests-build; [See console output](https://lcgapp-services.cern.ch/root-jenkins/job/root-pullrequests-build/169469/console).; ### Failing tests:; - [projectroot.roofit.hs3.test.gtest_roofit_hs3_test_testHS3HistFactory](https://lcgapp-services.cern.ch/root-jenkins/job/root-pullrequests-build/169469/testReport/projectroot.roofit.hs3/test/gtest_roofit_hs3_test_testHS3HistFactory/),MatchSource.ISSUE_COMMENT,root-project,root,v6-32-06,https://github.com/root-project/root/pull/12399#issuecomment-1450494491:260,test,tests,260,https://root.cern,https://github.com/root-project/root/pull/12399#issuecomment-1450494491,4,['test'],"['test', 'testReport', 'tests']"
Testability,Build failed on ROOT-ubuntu2004/python3.; Running on root-ubuntu-2004-3.cern.ch:/home/sftnight/build/workspace/root-pullrequests-build; [See console output](https://lcgapp-services.cern.ch/root-jenkins/job/root-pullrequests-build/169742/console).; ### Failing tests:; - [projectroot.bindings.pyroot.pythonizations.test.pyunittests_pyroot_pyz_sofie_gnn](https://lcgapp-services.cern.ch/root-jenkins/job/root-pullrequests-build/169742/testReport/projectroot.bindings.pyroot.pythonizations/test/pyunittests_pyroot_pyz_sofie_gnn/),MatchSource.ISSUE_COMMENT,root-project,root,v6-32-06,https://github.com/root-project/root/pull/11208#issuecomment-1454899117:260,test,tests,260,https://root.cern,https://github.com/root-project/root/pull/11208#issuecomment-1454899117,4,['test'],"['test', 'testReport', 'tests']"
Testability,Build failed on ROOT-ubuntu2004/python3.; Running on root-ubuntu-2004-3.cern.ch:/home/sftnight/build/workspace/root-pullrequests-build; [See console output](https://lcgapp-services.cern.ch/root-jenkins/job/root-pullrequests-build/169798/console).; ### Failing tests:; - [projectroot.tmva.tmva.test.gtest_tmva_tmva_test_rtensor](https://lcgapp-services.cern.ch/root-jenkins/job/root-pullrequests-build/169798/testReport/projectroot.tmva.tmva/test/gtest_tmva_tmva_test_rtensor/),MatchSource.ISSUE_COMMENT,root-project,root,v6-32-06,https://github.com/root-project/root/pull/12424#issuecomment-1456098823:260,test,tests,260,https://root.cern,https://github.com/root-project/root/pull/12424#issuecomment-1456098823,4,['test'],"['test', 'testReport', 'tests']"
Testability,"Build failed on ROOT-ubuntu2004/python3.; Running on root-ubuntu-2004-3.cern.ch:/home/sftnight/build/workspace/root-pullrequests-build; [See console output](https://lcgapp-services.cern.ch/root-jenkins/job/root-pullrequests-build/169910/console).; ### Errors:; - [2023-03-07T14:34:11.488Z] FAILED: math/vecops/test/CMakeFiles/vecops_rvec.dir/vecops_rvec.cxx.o ; - [2023-03-07T14:34:12.055Z] /home/sftnight/build/workspace/root-pullrequests-build/root/math/vecops/test/vecops_rvec.cxx:825:31: error: call of overloaded ‘CheckEqual(ROOT::VecOps::RVec&lt;int&gt;&, &lt;brace-enclosed initializer list&gt;)’ is ambiguous ; - [2023-03-07T14:34:12.055Z] /home/sftnight/build/workspace/root-pullrequests-build/root/math/vecops/test/vecops_rvec.cxx:828:31: error: call of overloaded ‘CheckEqual(ROOT::VecOps::RVec&lt;int&gt;&, &lt;brace-enclosed initializer list&gt;)’ is ambiguous ; - [2023-03-07T14:34:12.056Z] /home/sftnight/build/workspace/root-pullrequests-build/root/math/vecops/test/vecops_rvec.cxx:831:23: error: call of overloaded ‘CheckEqual(ROOT::VecOps::RVec&lt;int&gt;&, &lt;brace-enclosed initializer list&gt;)’ is ambiguous ; - [2023-03-07T14:34:12.056Z] /home/sftnight/build/workspace/root-pullrequests-build/root/math/vecops/test/vecops_rvec.cxx:834:29: error: call of overloaded ‘CheckEqual(ROOT::VecOps::RVec&lt;int&gt;&, &lt;brace-enclosed initializer list&gt;)’ is ambiguous",MatchSource.ISSUE_COMMENT,root-project,root,v6-32-06,https://github.com/root-project/root/pull/12422#issuecomment-1458280946:310,test,test,310,https://root.cern,https://github.com/root-project/root/pull/12422#issuecomment-1458280946,5,['test'],['test']
Testability,Build failed on ROOT-ubuntu2004/python3.; Running on root-ubuntu-2004-3.cern.ch:/home/sftnight/build/workspace/root-pullrequests-build; [See console output](https://lcgapp-services.cern.ch/root-jenkins/job/root-pullrequests-build/170043/console).; ### Failing tests:; - [projectroot.tmva.sofie.test.gtest_tmva_sofie_test_TestSofieModels](https://lcgapp-services.cern.ch/root-jenkins/job/root-pullrequests-build/170043/testReport/projectroot.tmva.sofie/test/gtest_tmva_sofie_test_TestSofieModels/),MatchSource.ISSUE_COMMENT,root-project,root,v6-32-06,https://github.com/root-project/root/pull/12456#issuecomment-1460311547:260,test,tests,260,https://root.cern,https://github.com/root-project/root/pull/12456#issuecomment-1460311547,4,['test'],"['test', 'testReport', 'tests']"
Testability,Build failed on ROOT-ubuntu2004/python3.; Running on root-ubuntu-2004-3.cern.ch:/home/sftnight/build/workspace/root-pullrequests-build; [See console output](https://lcgapp-services.cern.ch/root-jenkins/job/root-pullrequests-build/170196/console).; ### Failing tests:; - [projectroot.roottest.python.basic.roottest_python_basic_datatype](https://lcgapp-services.cern.ch/root-jenkins/job/root-pullrequests-build/170196/testReport/projectroot.roottest.python/basic/roottest_python_basic_datatype/),MatchSource.ISSUE_COMMENT,root-project,root,v6-32-06,https://github.com/root-project/root/pull/12468#issuecomment-1462258728:260,test,tests,260,https://root.cern,https://github.com/root-project/root/pull/12468#issuecomment-1462258728,2,['test'],"['testReport', 'tests']"
Testability,Build failed on ROOT-ubuntu2004/python3.; Running on root-ubuntu-2004-3.cern.ch:/home/sftnight/build/workspace/root-pullrequests-build; [See console output](https://lcgapp-services.cern.ch/root-jenkins/job/root-pullrequests-build/170993/console).; ### Failing tests:; - [projectroot.bindings.pyroot.pythonizations.test.pyunittests_pyroot_pyz_sofie_gnn](https://lcgapp-services.cern.ch/root-jenkins/job/root-pullrequests-build/170993/testReport/projectroot.bindings.pyroot.pythonizations/test/pyunittests_pyroot_pyz_sofie_gnn/); - [projectroot.tmva.tmva.test.gtest_tmva_tmva_test_rtensor](https://lcgapp-services.cern.ch/root-jenkins/job/root-pullrequests-build/170993/testReport/projectroot.tmva.tmva/test/gtest_tmva_tmva_test_rtensor/),MatchSource.ISSUE_COMMENT,root-project,root,v6-32-06,https://github.com/root-project/root/pull/11208#issuecomment-1480340909:260,test,tests,260,https://root.cern,https://github.com/root-project/root/pull/11208#issuecomment-1480340909,7,['test'],"['test', 'testReport', 'tests']"
Testability,Build failed on ROOT-ubuntu2004/python3.; Running on root-ubuntu-2004-3.cern.ch:/home/sftnight/build/workspace/root-pullrequests-build; [See console output](https://lcgapp-services.cern.ch/root-jenkins/job/root-pullrequests-build/171302/console).; ### Failing tests:; - [projectroot.bindings.experimental.distrdf.test.pyunittests_distrdf_unit_test_headnode](https://lcgapp-services.cern.ch/root-jenkins/job/root-pullrequests-build/171302/testReport/projectroot.bindings.experimental.distrdf/test/pyunittests_distrdf_unit_test_headnode/); - [projectroot.bindings.experimental.distrdf.test.backend.pyunittests_distrdf_unit_backend_test_dist](https://lcgapp-services.cern.ch/root-jenkins/job/root-pullrequests-build/171302/testReport/projectroot.bindings.experimental.distrdf.test/backend/pyunittests_distrdf_unit_backend_test_dist/); - [projectroot.roottest.python.distrdf.dask.roottest_python_distrdf_dask_test_all](https://lcgapp-services.cern.ch/root-jenkins/job/root-pullrequests-build/171302/testReport/projectroot.roottest.python.distrdf/dask/roottest_python_distrdf_dask_test_all/); - [projectroot.roottest.python.distrdf.spark.roottest_python_distrdf_spark_test_all](https://lcgapp-services.cern.ch/root-jenkins/job/root-pullrequests-build/171302/testReport/projectroot.roottest.python.distrdf/spark/roottest_python_distrdf_spark_test_all/),MatchSource.ISSUE_COMMENT,root-project,root,v6-32-06,https://github.com/root-project/root/pull/12519#issuecomment-1485232114:260,test,tests,260,https://root.cern,https://github.com/root-project/root/pull/12519#issuecomment-1485232114,9,['test'],"['test', 'testReport', 'tests']"
Testability,Build failed on ROOT-ubuntu2004/python3.; Running on root-ubuntu-2004-3.cern.ch:/home/sftnight/build/workspace/root-pullrequests-build; [See console output](https://lcgapp-services.cern.ch/root-jenkins/job/root-pullrequests-build/171344/console).; ### Failing tests:; - [projectroot.roottest.root.tree.entrylist.roottest_root_tree_entrylist_make](https://lcgapp-services.cern.ch/root-jenkins/job/root-pullrequests-build/171344/testReport/projectroot.roottest.root.tree/entrylist/roottest_root_tree_entrylist_make/); - [projectroot.roottest.root.treeformula.sync.roottest_root_treeformula_sync_make](https://lcgapp-services.cern.ch/root-jenkins/job/root-pullrequests-build/171344/testReport/projectroot.roottest.root.treeformula/sync/roottest_root_treeformula_sync_make/),MatchSource.ISSUE_COMMENT,root-project,root,v6-32-06,https://github.com/root-project/root/pull/12555#issuecomment-1486031791:260,test,tests,260,https://root.cern,https://github.com/root-project/root/pull/12555#issuecomment-1486031791,3,['test'],"['testReport', 'tests']"
Testability,Build failed on ROOT-ubuntu2004/python3.; Running on root-ubuntu-2004-3.cern.ch:/home/sftnight/build/workspace/root-pullrequests-build; [See console output](https://lcgapp-services.cern.ch/root-jenkins/job/root-pullrequests-build/171871/console).; ### Failing tests:; - [projectroot.roottest.root.meta.tuple.roottest_root_meta_tuple_exec_configtype_unload_auto](https://lcgapp-services.cern.ch/root-jenkins/job/root-pullrequests-build/171871/testReport/projectroot.roottest.root.meta/tuple/roottest_root_meta_tuple_exec_configtype_unload_auto/),MatchSource.ISSUE_COMMENT,root-project,root,v6-32-06,https://github.com/root-project/root/pull/12062#issuecomment-1492184639:260,test,tests,260,https://root.cern,https://github.com/root-project/root/pull/12062#issuecomment-1492184639,2,['test'],"['testReport', 'tests']"
Testability,Build failed on ROOT-ubuntu2004/python3.; Running on root-ubuntu-2004-3.cern.ch:/home/sftnight/build/workspace/root-pullrequests-build; [See console output](https://lcgapp-services.cern.ch/root-jenkins/job/root-pullrequests-build/172150/console).; ### Failing tests:; - [projectroot.roottest.python.distrdf.common.roottest_python_distrdf_common_test_all](https://lcgapp-services.cern.ch/root-jenkins/job/root-pullrequests-build/172150/testReport/projectroot.roottest.python.distrdf/common/roottest_python_distrdf_common_test_all/),MatchSource.ISSUE_COMMENT,root-project,root,v6-32-06,https://github.com/root-project/root/pull/12618#issuecomment-1497355600:260,test,tests,260,https://root.cern,https://github.com/root-project/root/pull/12618#issuecomment-1497355600,2,['test'],"['testReport', 'tests']"
Testability,Build failed on ROOT-ubuntu2004/python3.; Running on root-ubuntu-2004-3.cern.ch:/home/sftnight/build/workspace/root-pullrequests-build; [See console output](https://lcgapp-services.cern.ch/root-jenkins/job/root-pullrequests-build/172333/console).; ### Failing tests:; - [projectroot.roofit.hs3.test.gtest_roofit_hs3_test_testRooFitHS3](https://lcgapp-services.cern.ch/root-jenkins/job/root-pullrequests-build/172333/testReport/projectroot.roofit.hs3/test/gtest_roofit_hs3_test_testRooFitHS3/); - [projectroot.roofit.hs3.test.gtest_roofit_hs3_test_testHS3SimultaneousFit](https://lcgapp-services.cern.ch/root-jenkins/job/root-pullrequests-build/172333/testReport/projectroot.roofit.hs3/test/gtest_roofit_hs3_test_testHS3SimultaneousFit/); - [projectroot.roofit.hs3.test.gtest_roofit_hs3_test_testHS3HistFactory](https://lcgapp-services.cern.ch/root-jenkins/job/root-pullrequests-build/172333/testReport/projectroot.roofit.hs3/test/gtest_roofit_hs3_test_testHS3HistFactory/),MatchSource.ISSUE_COMMENT,root-project,root,v6-32-06,https://github.com/root-project/root/pull/12636#issuecomment-1503327371:260,test,tests,260,https://root.cern,https://github.com/root-project/root/pull/12636#issuecomment-1503327371,10,['test'],"['test', 'testReport', 'tests']"
Testability,Build failed on ROOT-ubuntu2004/python3.; Running on root-ubuntu-2004-3.cern.ch:/home/sftnight/build/workspace/root-pullrequests-build; [See console output](https://lcgapp-services.cern.ch/root-jenkins/job/root-pullrequests-build/172459/console).; ### Failing tests:; - [projectroot.roottest.root.tree.cache.roottest_root_tree_cache_autocache](https://lcgapp-services.cern.ch/root-jenkins/job/root-pullrequests-build/172459/testReport/projectroot.roottest.root.tree/cache/roottest_root_tree_cache_autocache/),MatchSource.ISSUE_COMMENT,root-project,root,v6-32-06,https://github.com/root-project/root/pull/12651#issuecomment-1505903362:260,test,tests,260,https://root.cern,https://github.com/root-project/root/pull/12651#issuecomment-1505903362,2,['test'],"['testReport', 'tests']"
Testability,Build failed on ROOT-ubuntu2004/python3.; Running on root-ubuntu-2004-3.cern.ch:/home/sftnight/build/workspace/root-pullrequests-build; [See console output](https://lcgapp-services.cern.ch/root-jenkins/job/root-pullrequests-build/173005/console).; ### Failing tests:; - [projectroot.roottest.root.tree.cache.roottest_root_tree_cache_autocache](https://lcgapp-services.cern.ch/root-jenkins/job/root-pullrequests-build/173005/testReport/projectroot.roottest.root.tree/cache/roottest_root_tree_cache_autocache/),MatchSource.ISSUE_COMMENT,root-project,root,v6-32-06,https://github.com/root-project/root/pull/12651#issuecomment-1518388732:260,test,tests,260,https://root.cern,https://github.com/root-project/root/pull/12651#issuecomment-1518388732,2,['test'],"['testReport', 'tests']"
Testability,Build failed on ROOT-ubuntu2004/python3.; Running on root-ubuntu-2004-3.cern.ch:/home/sftnight/build/workspace/root-pullrequests-build; [See console output](https://lcgapp-services.cern.ch/root-jenkins/job/root-pullrequests-build/173139/console).; ### Failing tests:; - [projectroot.roottest.root.core.roottest_root_core_execStatusBitsCheck](https://lcgapp-services.cern.ch/root-jenkins/job/root-pullrequests-build/173139/testReport/projectroot.roottest.root/core/roottest_root_core_execStatusBitsCheck/); - [projectroot.roottest.root.dataframe.roottest_root_dataframe_test_ROOT9975](https://lcgapp-services.cern.ch/root-jenkins/job/root-pullrequests-build/173139/testReport/projectroot.roottest.root/dataframe/roottest_root_dataframe_test_ROOT9975/),MatchSource.ISSUE_COMMENT,root-project,root,v6-32-06,https://github.com/root-project/root/pull/12703#issuecomment-1520775561:260,test,tests,260,https://root.cern,https://github.com/root-project/root/pull/12703#issuecomment-1520775561,3,['test'],"['testReport', 'tests']"
Testability,Build failed on ROOT-ubuntu2004/python3.; Running on root-ubuntu-2004-3.cern.ch:/home/sftnight/build/workspace/root-pullrequests-build; [See console output](https://lcgapp-services.cern.ch/root-jenkins/job/root-pullrequests-build/173210/console).; ### Failing tests:; - [projectroot.roottest.root.io.filemerger.roottest_root_io_filemerger_execFileMerger](https://lcgapp-services.cern.ch/root-jenkins/job/root-pullrequests-build/173210/testReport/projectroot.roottest.root.io/filemerger/roottest_root_io_filemerger_execFileMerger/); - [projectroot.tmva.pymva.test.PyMVA_Torch_Classification](https://lcgapp-services.cern.ch/root-jenkins/job/root-pullrequests-build/173210/testReport/projectroot.tmva.pymva/test/PyMVA_Torch_Classification/); - [projectroot.tmva.pymva.test.PyMVA_Torch_Regression](https://lcgapp-services.cern.ch/root-jenkins/job/root-pullrequests-build/173210/testReport/projectroot.tmva.pymva/test/PyMVA_Torch_Regression/); - [projectroot.tmva.pymva.test.PyMVA_Keras_Classification](https://lcgapp-services.cern.ch/root-jenkins/job/root-pullrequests-build/173210/testReport/projectroot.tmva.pymva/test/PyMVA_Keras_Classification/); - [projectroot.tmva.pymva.test.PyMVA_Keras_Regression](https://lcgapp-services.cern.ch/root-jenkins/job/root-pullrequests-build/173210/testReport/projectroot.tmva.pymva/test/PyMVA_Keras_Regression/); - [projectroot.tmva.pymva.test.PyMVA_Torch_Multiclass](https://lcgapp-services.cern.ch/root-jenkins/job/root-pullrequests-build/173210/testReport/projectroot.tmva.pymva/test/PyMVA_Torch_Multiclass/); - [projectroot.tmva.pymva.test.PyMVA_Keras_Multiclass](https://lcgapp-services.cern.ch/root-jenkins/job/root-pullrequests-build/173210/testReport/projectroot.tmva.pymva/test/PyMVA_Keras_Multiclass/),MatchSource.ISSUE_COMMENT,root-project,root,v6-32-06,https://github.com/root-project/root/pull/12712#issuecomment-1521596990:260,test,tests,260,https://root.cern,https://github.com/root-project/root/pull/12712#issuecomment-1521596990,20,['test'],"['test', 'testReport', 'tests']"
Testability,Build failed on ROOT-ubuntu2004/python3.; Running on root-ubuntu-2004-3.cern.ch:/home/sftnight/build/workspace/root-pullrequests-build; [See console output](https://lcgapp-services.cern.ch/root-jenkins/job/root-pullrequests-build/173329/console).; ### Failing tests:; - [projectroot.test.test_stressgraphics_interpreted](https://lcgapp-services.cern.ch/root-jenkins/job/root-pullrequests-build/173329/testReport/projectroot/test/test_stressgraphics_interpreted/),MatchSource.ISSUE_COMMENT,root-project,root,v6-32-06,https://github.com/root-project/root/pull/12720#issuecomment-1523641290:260,test,tests,260,https://root.cern,https://github.com/root-project/root/pull/12720#issuecomment-1523641290,4,['test'],"['test', 'testReport', 'tests']"
Testability,Build failed on ROOT-ubuntu2004/python3.; Running on root-ubuntu-2004-3.cern.ch:/home/sftnight/build/workspace/root-pullrequests-build; [See console output](https://lcgapp-services.cern.ch/root-jenkins/job/root-pullrequests-build/173371/console).; ### Failing tests:; - [projectroot.test.test_stressgraphics_interpreted](https://lcgapp-services.cern.ch/root-jenkins/job/root-pullrequests-build/173371/testReport/projectroot/test/test_stressgraphics_interpreted/),MatchSource.ISSUE_COMMENT,root-project,root,v6-32-06,https://github.com/root-project/root/pull/12690#issuecomment-1523951622:260,test,tests,260,https://root.cern,https://github.com/root-project/root/pull/12690#issuecomment-1523951622,4,['test'],"['test', 'testReport', 'tests']"
Testability,Build failed on ROOT-ubuntu2004/python3.; Running on root-ubuntu-2004-3.cern.ch:/home/sftnight/build/workspace/root-pullrequests-build; [See console output](https://lcgapp-services.cern.ch/root-jenkins/job/root-pullrequests-build/173378/console).; ### Failing tests:; - [projectroot.test.test_stressgraphics_interpreted](https://lcgapp-services.cern.ch/root-jenkins/job/root-pullrequests-build/173378/testReport/projectroot/test/test_stressgraphics_interpreted/),MatchSource.ISSUE_COMMENT,root-project,root,v6-32-06,https://github.com/root-project/root/pull/12720#issuecomment-1523997069:260,test,tests,260,https://root.cern,https://github.com/root-project/root/pull/12720#issuecomment-1523997069,4,['test'],"['test', 'testReport', 'tests']"
Testability,Build failed on ROOT-ubuntu2004/python3.; Running on root-ubuntu-2004-3.cern.ch:/home/sftnight/build/workspace/root-pullrequests-build; [See console output](https://lcgapp-services.cern.ch/root-jenkins/job/root-pullrequests-build/173476/console).; ### Failing tests:; - [projectroot.test.test_stressgraphics_interpreted](https://lcgapp-services.cern.ch/root-jenkins/job/root-pullrequests-build/173476/testReport/projectroot/test/test_stressgraphics_interpreted/),MatchSource.ISSUE_COMMENT,root-project,root,v6-32-06,https://github.com/root-project/root/pull/12727#issuecomment-1526839052:260,test,tests,260,https://root.cern,https://github.com/root-project/root/pull/12727#issuecomment-1526839052,4,['test'],"['test', 'testReport', 'tests']"
Testability,Build failed on ROOT-ubuntu2004/python3.; Running on root-ubuntu-2004-3.cern.ch:/home/sftnight/build/workspace/root-pullrequests-build; [See console output](https://lcgapp-services.cern.ch/root-jenkins/job/root-pullrequests-build/173658/console).; ### Failing tests:; - [projectroot.bindings.pyroot.pythonizations.test.pyunittests_pyroot_pyz_sofie_gnn](https://lcgapp-services.cern.ch/root-jenkins/job/root-pullrequests-build/173658/testReport/projectroot.bindings.pyroot.pythonizations/test/pyunittests_pyroot_pyz_sofie_gnn/),MatchSource.ISSUE_COMMENT,root-project,root,v6-32-06,https://github.com/root-project/root/pull/11208#issuecomment-1528810050:260,test,tests,260,https://root.cern,https://github.com/root-project/root/pull/11208#issuecomment-1528810050,4,['test'],"['test', 'testReport', 'tests']"
Testability,Build failed on ROOT-ubuntu2004/python3.; Running on root-ubuntu-2004-3.cern.ch:/home/sftnight/build/workspace/root-pullrequests-build; [See console output](https://lcgapp-services.cern.ch/root-jenkins/job/root-pullrequests-build/173665/console).; ### Failing tests:; - [projectroot.bindings.pyroot.pythonizations.test.pyunittests_pyroot_pyz_sofie_gnn](https://lcgapp-services.cern.ch/root-jenkins/job/root-pullrequests-build/173665/testReport/projectroot.bindings.pyroot.pythonizations/test/pyunittests_pyroot_pyz_sofie_gnn/),MatchSource.ISSUE_COMMENT,root-project,root,v6-32-06,https://github.com/root-project/root/pull/11208#issuecomment-1528823635:260,test,tests,260,https://root.cern,https://github.com/root-project/root/pull/11208#issuecomment-1528823635,4,['test'],"['test', 'testReport', 'tests']"
Testability,Build failed on ROOT-ubuntu2004/python3.; Running on root-ubuntu-2004-3.cern.ch:/home/sftnight/build/workspace/root-pullrequests-build; [See console output](https://lcgapp-services.cern.ch/root-jenkins/job/root-pullrequests-build/173707/console).; ### Failing tests:; - [projectroot.bindings.pyroot.pythonizations.test.pyunittests_pyroot_pyz_sofie_gnn](https://lcgapp-services.cern.ch/root-jenkins/job/root-pullrequests-build/173707/testReport/projectroot.bindings.pyroot.pythonizations/test/pyunittests_pyroot_pyz_sofie_gnn/),MatchSource.ISSUE_COMMENT,root-project,root,v6-32-06,https://github.com/root-project/root/pull/11208#issuecomment-1529129186:260,test,tests,260,https://root.cern,https://github.com/root-project/root/pull/11208#issuecomment-1529129186,4,['test'],"['test', 'testReport', 'tests']"
Testability,"Build failed on ROOT-ubuntu2004/python3.; Running on root-ubuntu-2004-3.cern.ch:/home/sftnight/build/workspace/root-pullrequests-build; [See console output](https://lcgapp-services.cern.ch/root-jenkins/job/root-pullrequests-build/173820/console).; ### Errors:; - [2023-05-03T13:23:33.220Z] ninja: error: 'lib/libtbb.so', needed by 'core/thread/test/corethreadtestUnit', missing and no known rule to make it",MatchSource.ISSUE_COMMENT,root-project,root,v6-32-06,https://github.com/root-project/root/pull/12726#issuecomment-1533024741:344,test,test,344,https://root.cern,https://github.com/root-project/root/pull/12726#issuecomment-1533024741,1,['test'],['test']
Testability,Build failed on ROOT-ubuntu2004/python3.; Running on root-ubuntu-2004-3.cern.ch:/home/sftnight/build/workspace/root-pullrequests-build; [See console output](https://lcgapp-services.cern.ch/root-jenkins/job/root-pullrequests-build/173848/console).; ### Failing tests:; - [projectroot.io.io.test.gtest_io_io_test_TBufferJSON](https://lcgapp-services.cern.ch/root-jenkins/job/root-pullrequests-build/173848/testReport/projectroot.io.io/test/gtest_io_io_test_TBufferJSON/); - [projectroot.roottest.root.tree.fastcloning.roottest_root_tree_fastcloning_execCheckClusterRange](https://lcgapp-services.cern.ch/root-jenkins/job/root-pullrequests-build/173848/testReport/projectroot.roottest.root.tree/fastcloning/roottest_root_tree_fastcloning_execCheckClusterRange/); - [projectroot.tmva.pymva.test.PyMVA_Torch_Multiclass](https://lcgapp-services.cern.ch/root-jenkins/job/root-pullrequests-build/173848/testReport/projectroot.tmva.pymva/test/PyMVA_Torch_Multiclass/),MatchSource.ISSUE_COMMENT,root-project,root,v6-32-06,https://github.com/root-project/root/pull/12735#issuecomment-1533715468:260,test,tests,260,https://root.cern,https://github.com/root-project/root/pull/12735#issuecomment-1533715468,8,['test'],"['test', 'testReport', 'tests']"
Testability,Build failed on ROOT-ubuntu2004/python3.; Running on root-ubuntu-2004-3.cern.ch:/home/sftnight/build/workspace/root-pullrequests-build; [See console output](https://lcgapp-services.cern.ch/root-jenkins/job/root-pullrequests-build/173925/console).; ### Failing tests:; - [projectroot.tmva.pymva.test.PyMVA_Torch_Multiclass](https://lcgapp-services.cern.ch/root-jenkins/job/root-pullrequests-build/173925/testReport/projectroot.tmva.pymva/test/PyMVA_Torch_Multiclass/); - [projectroot.runtutorials.tutorial_tmva_pytorch_ApplicationClassificationPyTorch_py](https://lcgapp-services.cern.ch/root-jenkins/job/root-pullrequests-build/173925/testReport/projectroot/runtutorials/tutorial_tmva_pytorch_ApplicationClassificationPyTorch_py/); - [projectroot.runtutorials.tutorial_tmva_pytorch_ApplicationRegressionPyTorch_py](https://lcgapp-services.cern.ch/root-jenkins/job/root-pullrequests-build/173925/testReport/projectroot/runtutorials/tutorial_tmva_pytorch_ApplicationRegressionPyTorch_py/); - [projectroot.runtutorials.tutorial_tmva_TMVA_CNN_Classification](https://lcgapp-services.cern.ch/root-jenkins/job/root-pullrequests-build/173925/testReport/projectroot/runtutorials/tutorial_tmva_TMVA_CNN_Classification/); - [projectroot.runtutorials.tutorial_tmva_TMVA_CNN_Classification_py](https://lcgapp-services.cern.ch/root-jenkins/job/root-pullrequests-build/173925/testReport/projectroot/runtutorials/tutorial_tmva_TMVA_CNN_Classification_py/); - [projectroot.io.io.test.gtest_io_io_test_TBufferJSON](https://lcgapp-services.cern.ch/root-jenkins/job/root-pullrequests-build/173925/testReport/projectroot.io.io/test/gtest_io_io_test_TBufferJSON/); - [projectroot.roottest.root.tree.fastcloning.roottest_root_tree_fastcloning_execCheckClusterRange](https://lcgapp-services.cern.ch/root-jenkins/job/root-pullrequests-build/173925/testReport/projectroot.roottest.root.tree/fastcloning/roottest_root_tree_fastcloning_execCheckClusterRange/),MatchSource.ISSUE_COMMENT,root-project,root,v6-32-06,https://github.com/root-project/root/pull/3760#issuecomment-1535417454:260,test,tests,260,https://root.cern,https://github.com/root-project/root/pull/3760#issuecomment-1535417454,12,['test'],"['test', 'testReport', 'tests']"
Testability,Build failed on ROOT-ubuntu2004/python3.; Running on root-ubuntu-2004-3.cern.ch:/home/sftnight/build/workspace/root-pullrequests-build; [See console output](https://lcgapp-services.cern.ch/root-jenkins/job/root-pullrequests-build/173980/console).; ### Failing tests:; - [projectroot.tmva.pymva.test.PyMVA_Torch_Multiclass](https://lcgapp-services.cern.ch/root-jenkins/job/root-pullrequests-build/173980/testReport/projectroot.tmva.pymva/test/PyMVA_Torch_Multiclass/); - [projectroot.io.io.test.gtest_io_io_test_TBufferJSON](https://lcgapp-services.cern.ch/root-jenkins/job/root-pullrequests-build/173980/testReport/projectroot.io.io/test/gtest_io_io_test_TBufferJSON/); - [projectroot.roottest.root.tree.fastcloning.roottest_root_tree_fastcloning_execCheckClusterRange](https://lcgapp-services.cern.ch/root-jenkins/job/root-pullrequests-build/173980/testReport/projectroot.roottest.root.tree/fastcloning/roottest_root_tree_fastcloning_execCheckClusterRange/),MatchSource.ISSUE_COMMENT,root-project,root,v6-32-06,https://github.com/root-project/root/pull/12769#issuecomment-1536073642:260,test,tests,260,https://root.cern,https://github.com/root-project/root/pull/12769#issuecomment-1536073642,8,['test'],"['test', 'testReport', 'tests']"
Testability,Build failed on ROOT-ubuntu2004/python3.; Running on root-ubuntu-2004-3.cern.ch:/home/sftnight/build/workspace/root-pullrequests-build; [See console output](https://lcgapp-services.cern.ch/root-jenkins/job/root-pullrequests-build/174070/console).; ### Errors:; - [2023-05-05T14:19:28.510Z] FAILED: tmva/pymva/test/CMakeFiles/SofieCompileModels_PyTorch.util,MatchSource.ISSUE_COMMENT,root-project,root,v6-32-06,https://github.com/root-project/root/pull/12705#issuecomment-1536334195:309,test,test,309,https://root.cern,https://github.com/root-project/root/pull/12705#issuecomment-1536334195,1,['test'],['test']
Testability,Build failed on ROOT-ubuntu2004/python3.; Running on root-ubuntu-2004-3.cern.ch:/home/sftnight/build/workspace/root-pullrequests-build; [See console output](https://lcgapp-services.cern.ch/root-jenkins/job/root-pullrequests-build/174077/console).; ### Errors:; - [2023-05-05T14:25:55.586Z] FAILED: tmva/pymva/test/CMakeFiles/SofieCompileModels_PyTorch.util,MatchSource.ISSUE_COMMENT,root-project,root,v6-32-06,https://github.com/root-project/root/pull/12777#issuecomment-1536343714:309,test,test,309,https://root.cern,https://github.com/root-project/root/pull/12777#issuecomment-1536343714,1,['test'],['test']
Testability,Build failed on ROOT-ubuntu2004/python3.; Running on root-ubuntu-2004-3.cern.ch:/home/sftnight/build/workspace/root-pullrequests-build; [See console output](https://lcgapp-services.cern.ch/root-jenkins/job/root-pullrequests-build/174084/console).; ### Errors:; - [2023-05-05T14:43:04.852Z] FAILED: tmva/pymva/test/CMakeFiles/SofieCompileModels_PyTorch.util,MatchSource.ISSUE_COMMENT,root-project,root,v6-32-06,https://github.com/root-project/root/pull/12777#issuecomment-1536367719:309,test,test,309,https://root.cern,https://github.com/root-project/root/pull/12777#issuecomment-1536367719,1,['test'],['test']
Testability,Build failed on ROOT-ubuntu2004/python3.; Running on root-ubuntu-2004-3.cern.ch:/home/sftnight/build/workspace/root-pullrequests-build; [See console output](https://lcgapp-services.cern.ch/root-jenkins/job/root-pullrequests-build/174107/console).; ### Errors:; - [2023-05-06T19:55:44.171Z] FAILED: tmva/pymva/test/CMakeFiles/SofieCompileModels_PyTorch.util,MatchSource.ISSUE_COMMENT,root-project,root,v6-32-06,https://github.com/root-project/root/pull/3760#issuecomment-1537212350:309,test,test,309,https://root.cern,https://github.com/root-project/root/pull/3760#issuecomment-1537212350,1,['test'],['test']
Testability,Build failed on ROOT-ubuntu2004/python3.; Running on root-ubuntu-2004-3.cern.ch:/home/sftnight/build/workspace/root-pullrequests-build; [See console output](https://lcgapp-services.cern.ch/root-jenkins/job/root-pullrequests-build/174135/console).; ### Errors:; - [2023-05-08T09:28:45.803Z] FAILED: tmva/pymva/test/CMakeFiles/SofieCompileModels_PyTorch.util,MatchSource.ISSUE_COMMENT,root-project,root,v6-32-06,https://github.com/root-project/root/pull/12784#issuecomment-1538053024:309,test,test,309,https://root.cern,https://github.com/root-project/root/pull/12784#issuecomment-1538053024,1,['test'],['test']
Testability,Build failed on ROOT-ubuntu2004/python3.; Running on root-ubuntu-2004-3.cern.ch:/home/sftnight/build/workspace/root-pullrequests-build; [See console output](https://lcgapp-services.cern.ch/root-jenkins/job/root-pullrequests-build/174696/console).; ### Failing tests:; - [projectroot.roottest.cling.stl.string.roottest_cling_stl_string_runcint](https://lcgapp-services.cern.ch/root-jenkins/job/root-pullrequests-build/174696/testReport/projectroot.roottest.cling.stl/string/roottest_cling_stl_string_runcint/); - [projectroot.roottest.cling.stl.string.roottest_cling_stl_string_stringPassingText](https://lcgapp-services.cern.ch/root-jenkins/job/root-pullrequests-build/174696/testReport/projectroot.roottest.cling.stl/string/roottest_cling_stl_string_stringPassingText/); - [projectroot.roottest.root.meta.naming.roottest_root_meta_naming_execResolveTypedef_auto](https://lcgapp-services.cern.ch/root-jenkins/job/root-pullrequests-build/174696/testReport/projectroot.roottest.root.meta/naming/roottest_root_meta_naming_execResolveTypedef_auto/); - [projectroot.tmva.pymva.test.PyMVA_Torch_Multiclass](https://lcgapp-services.cern.ch/root-jenkins/job/root-pullrequests-build/174696/testReport/projectroot.tmva.pymva/test/PyMVA_Torch_Multiclass/); - [projectroot.tmva.pymva.test.PyMVA_Keras_Multiclass](https://lcgapp-services.cern.ch/root-jenkins/job/root-pullrequests-build/174696/testReport/projectroot.tmva.pymva/test/PyMVA_Keras_Multiclass/); - [projectroot.roottest.root.dataframe.roottest_root_dataframe_test_readTotemNtuple](https://lcgapp-services.cern.ch/root-jenkins/job/root-pullrequests-build/174696/testReport/projectroot.roottest.root/dataframe/roottest_root_dataframe_test_readTotemNtuple/); - [projectroot.roottest.root.io.cpp11Containers.roottest_root_io_cpp11Containers_forwardList](https://lcgapp-services.cern.ch/root-jenkins/job/root-pullrequests-build/174696/testReport/projectroot.roottest.root.io/cpp11Containers/roottest_root_io_cpp11Containers_forwardList/); - [projectroot.ro,MatchSource.ISSUE_COMMENT,root-project,root,v6-32-06,https://github.com/root-project/root/pull/11027#issuecomment-1550255463:260,test,tests,260,https://root.cern,https://github.com/root-project/root/pull/11027#issuecomment-1550255463,4,['test'],"['testReport', 'tests']"
Testability,Build failed on ROOT-ubuntu2004/python3.; Running on root-ubuntu-2004-3.cern.ch:/home/sftnight/build/workspace/root-pullrequests-build; [See console output](https://lcgapp-services.cern.ch/root-jenkins/job/root-pullrequests-build/174759/console).; ### Errors:; - [2023-05-17T13:10:58.862Z] FAILED: roofit/roofitcore/CMakeFiles/RooFitCore.dir/src/TestStatistics/buildLikelihood.cxx.o ; - [2023-05-17T13:10:59.844Z] /home/sftnight/build/workspace/root-pullrequests-build/root/roofit/roofitcore/src/TestStatistics/buildLikelihood.cxx:289:32: error: base operand of ‘-&gt;’ has non-pointer type ‘RooArgSet’,MatchSource.ISSUE_COMMENT,root-project,root,v6-32-06,https://github.com/root-project/root/pull/12835#issuecomment-1551367583:346,Test,TestStatistics,346,https://root.cern,https://github.com/root-project/root/pull/12835#issuecomment-1551367583,2,['Test'],['TestStatistics']
Testability,Build failed on ROOT-ubuntu2004/python3.; Running on root-ubuntu-2004-3.cern.ch:/home/sftnight/build/workspace/root-pullrequests-build; [See console output](https://lcgapp-services.cern.ch/root-jenkins/job/root-pullrequests-build/174829/console).; ### Failing tests:; - [projectroot.tmva.sofie.test.gtest_tmva_sofie_test_TestSofieModels](https://lcgapp-services.cern.ch/root-jenkins/job/root-pullrequests-build/174829/testReport/projectroot.tmva.sofie/test/gtest_tmva_sofie_test_TestSofieModels/),MatchSource.ISSUE_COMMENT,root-project,root,v6-32-06,https://github.com/root-project/root/pull/12838#issuecomment-1552896438:260,test,tests,260,https://root.cern,https://github.com/root-project/root/pull/12838#issuecomment-1552896438,4,['test'],"['test', 'testReport', 'tests']"
Testability,Build failed on ROOT-ubuntu2004/python3.; Running on root-ubuntu-2004-3.cern.ch:/home/sftnight/build/workspace/root-pullrequests-build; [See console output](https://lcgapp-services.cern.ch/root-jenkins/job/root-pullrequests-build/174892/console).; ### Failing tests:; - [projectroot.roofit.histfactory.test.gtest_roofit_histfactory_test_testHistFactory](https://lcgapp-services.cern.ch/root-jenkins/job/root-pullrequests-build/174892/testReport/projectroot.roofit.histfactory/test/gtest_roofit_histfactory_test_testHistFactory/); - [projectroot.roofit.hs3.test.gtest_roofit_hs3_test_testHS3HistFactory](https://lcgapp-services.cern.ch/root-jenkins/job/root-pullrequests-build/174892/testReport/projectroot.roofit.hs3/test/gtest_roofit_hs3_test_testHS3HistFactory/),MatchSource.ISSUE_COMMENT,root-project,root,v6-32-06,https://github.com/root-project/root/pull/12849#issuecomment-1553490653:260,test,tests,260,https://root.cern,https://github.com/root-project/root/pull/12849#issuecomment-1553490653,7,['test'],"['test', 'testReport', 'tests']"
Testability,Build failed on ROOT-ubuntu2004/python3.; Running on root-ubuntu-2004-3.cern.ch:/home/sftnight/build/workspace/root-pullrequests-build; [See console output](https://lcgapp-services.cern.ch/root-jenkins/job/root-pullrequests-build/175151/console).; ### Failing tests:; - [projectroot.roofit.multiprocess.test.gtest_roofit_multiprocess_test_test_RooFit_MultiProcess_ProcessTimer](https://lcgapp-services.cern.ch/root-jenkins/job/root-pullrequests-build/175151/testReport/projectroot.roofit.multiprocess/test/gtest_roofit_multiprocess_test_test_RooFit_MultiProcess_ProcessTimer/),MatchSource.ISSUE_COMMENT,root-project,root,v6-32-06,https://github.com/root-project/root/pull/12846#issuecomment-1559812205:260,test,tests,260,https://root.cern,https://github.com/root-project/root/pull/12846#issuecomment-1559812205,4,['test'],"['test', 'testReport', 'tests']"
Testability,Build failed on ROOT-ubuntu2004/python3.; Running on root-ubuntu-2004-3.cern.ch:/home/sftnight/build/workspace/root-pullrequests-build; [See console output](https://lcgapp-services.cern.ch/root-jenkins/job/root-pullrequests-build/175233/console).; ### Failing tests:; - [projectroot.tree.dataframe.test.gtest_tree_dataframe_test_dataframe_simple](https://lcgapp-services.cern.ch/root-jenkins/job/root-pullrequests-build/175233/testReport/projectroot.tree.dataframe/test/gtest_tree_dataframe_test_dataframe_simple/),MatchSource.ISSUE_COMMENT,root-project,root,v6-32-06,https://github.com/root-project/root/pull/12875#issuecomment-1561082425:260,test,tests,260,https://root.cern,https://github.com/root-project/root/pull/12875#issuecomment-1561082425,4,['test'],"['test', 'testReport', 'tests']"
Testability,Build failed on ROOT-ubuntu2004/python3.; Running on root-ubuntu-2004-3.cern.ch:/home/sftnight/build/workspace/root-pullrequests-build; [See console output](https://lcgapp-services.cern.ch/root-jenkins/job/root-pullrequests-build/175254/console).; ### Failing tests:; - [projectroot.test.test_stressroostats_interpreted](https://lcgapp-services.cern.ch/root-jenkins/job/root-pullrequests-build/175254/testReport/projectroot/test/test_stressroostats_interpreted/),MatchSource.ISSUE_COMMENT,root-project,root,v6-32-06,https://github.com/root-project/root/pull/12877#issuecomment-1561335225:260,test,tests,260,https://root.cern,https://github.com/root-project/root/pull/12877#issuecomment-1561335225,4,['test'],"['test', 'testReport', 'tests']"
Testability,Build failed on ROOT-ubuntu2004/python3.; Running on root-ubuntu-2004-3.cern.ch:/home/sftnight/build/workspace/root-pullrequests-build; [See console output](https://lcgapp-services.cern.ch/root-jenkins/job/root-pullrequests-build/175366/console).; ### Warnings:; - [2023-05-25T09:57:12.763Z] /home/sftnight/build/workspace/root-pullrequests-build/root/test/stressHistoFit.cxx:568:10: warning: this ‘if’ clause does not guard... [-Wmisleading-indentation] ; - [2023-05-25T09:57:12.763Z] /home/sftnight/build/workspace/root-pullrequests-build/root/test/stressHistoFit.cxx:722:4: warning: enum constant in boolean context [-Wint-in-bool-context] ; - [2023-05-25T09:57:12.763Z] /home/sftnight/build/workspace/root-pullrequests-build/root/test/stressHistoFit.cxx:724:4: warning: enum constant in boolean context [-Wint-in-bool-context] ; - [2023-05-25T09:57:12.763Z] /home/sftnight/build/workspace/root-pullrequests-build/root/test/stressHistoFit.cxx:722:4: warning: enum constant in boolean context [-Wint-in-bool-context] ; - [2023-05-25T09:57:12.763Z] /home/sftnight/build/workspace/root-pullrequests-build/root/test/stressHistoFit.cxx:724:4: warning: enum constant in boolean context [-Wint-in-bool-context] ; - [2023-05-25T09:57:12.763Z] /home/sftnight/build/workspace/root-pullrequests-build/root/test/stressHistoFit.cxx:722:4: warning: enum constant in boolean context [-Wint-in-bool-context] ; - [2023-05-25T09:57:12.763Z] /home/sftnight/build/workspace/root-pullrequests-build/root/test/stressHistoFit.cxx:724:4: warning: enum constant in boolean context [-Wint-in-bool-context] ; - [2023-05-25T09:57:12.763Z] /home/sftnight/build/workspace/root-pullrequests-build/root/test/stressHistoFit.cxx:722:4: warning: enum constant in boolean context [-Wint-in-bool-context] ; - [2023-05-25T09:57:12.763Z] /home/sftnight/build/workspace/root-pullrequests-build/root/test/stressHistoFit.cxx:724:4: warning: enum constant in boolean context [-Wint-in-bool-context] ; - [2023-05-25T09:57:12.763Z] /home/sftni,MatchSource.ISSUE_COMMENT,root-project,root,v6-32-06,https://github.com/root-project/root/pull/12883#issuecomment-1562657580:352,test,test,352,https://root.cern,https://github.com/root-project/root/pull/12883#issuecomment-1562657580,4,['test'],['test']
Testability,Build failed on ROOT-ubuntu2004/python3.; Running on root-ubuntu-2004-3.cern.ch:/home/sftnight/build/workspace/root-pullrequests-build; [See console output](https://lcgapp-services.cern.ch/root-jenkins/job/root-pullrequests-build/175625/console).; ### Failing tests:; - [projectroot.tmva.sofie.test.gtest_tmva_sofie_test_TestSofieModels](https://lcgapp-services.cern.ch/root-jenkins/job/root-pullrequests-build/175625/testReport/projectroot.tmva.sofie/test/gtest_tmva_sofie_test_TestSofieModels/),MatchSource.ISSUE_COMMENT,root-project,root,v6-32-06,https://github.com/root-project/root/pull/12903#issuecomment-1568305346:260,test,tests,260,https://root.cern,https://github.com/root-project/root/pull/12903#issuecomment-1568305346,4,['test'],"['test', 'testReport', 'tests']"
Testability,Build failed on ROOT-ubuntu2004/python3.; Running on root-ubuntu-2004-3.cern.ch:/home/sftnight/build/workspace/root-pullrequests-build; [See console output](https://lcgapp-services.cern.ch/root-jenkins/job/root-pullrequests-build/177982/console).; ### Errors:; - [2023-06-23T17:19:49.593Z] FAILED: tree/treeplayer/test/treetreeplayertestUnit,MatchSource.ISSUE_COMMENT,root-project,root,v6-32-06,https://github.com/root-project/root/pull/12480#issuecomment-1604585345:314,test,test,314,https://root.cern,https://github.com/root-project/root/pull/12480#issuecomment-1604585345,1,['test'],['test']
Testability,Build failed on ROOT-ubuntu2004/python3.; Running on root-ubuntu-2004-3.cern.ch:/home/sftnight/build/workspace/root-pullrequests-build; [See console output](https://lcgapp-services.cern.ch/root-jenkins/job/root-pullrequests-build/178122/console).; ### Failing tests:; - [projectroot.roottest.python.distrdf.dask.roottest_python_distrdf_dask_test_all](https://lcgapp-services.cern.ch/root-jenkins/job/root-pullrequests-build/178122/testReport/projectroot.roottest.python.distrdf/dask/roottest_python_distrdf_dask_test_all/),MatchSource.ISSUE_COMMENT,root-project,root,v6-32-06,https://github.com/root-project/root/pull/13067#issuecomment-1607674255:260,test,tests,260,https://root.cern,https://github.com/root-project/root/pull/13067#issuecomment-1607674255,2,['test'],"['testReport', 'tests']"
Testability,Build failed on ROOT-ubuntu2004/python3.; Running on root-ubuntu-2004-3.cern.ch:/home/sftnight/build/workspace/root-pullrequests-build; [See console output](https://lcgapp-services.cern.ch/root-jenkins/job/root-pullrequests-build/178375/console).; ### Failing tests:; - [projectroot.roottest.python.distrdf.dask.roottest_python_distrdf_dask_test_all](https://lcgapp-services.cern.ch/root-jenkins/job/root-pullrequests-build/178375/testReport/projectroot.roottest.python.distrdf/dask/roottest_python_distrdf_dask_test_all/),MatchSource.ISSUE_COMMENT,root-project,root,v6-32-06,https://github.com/root-project/root/pull/13123#issuecomment-1613135989:260,test,tests,260,https://root.cern,https://github.com/root-project/root/pull/13123#issuecomment-1613135989,2,['test'],"['testReport', 'tests']"
Testability,Build failed on ROOT-ubuntu2004/python3.; Running on root-ubuntu-2004-3.cern.ch:/home/sftnight/build/workspace/root-pullrequests-build; [See console output](https://lcgapp-services.cern.ch/root-jenkins/job/root-pullrequests-build/178600/console).; ### Failing tests:; - [projectroot.roottest.python.distrdf.dask.roottest_python_distrdf_dask_test_all](https://lcgapp-services.cern.ch/root-jenkins/job/root-pullrequests-build/178600/testReport/projectroot.roottest.python.distrdf/dask/roottest_python_distrdf_dask_test_all/); - [projectroot.bindings.experimental.distrdf.test.pyunittests_distrdf_unit_test_ranges](https://lcgapp-services.cern.ch/root-jenkins/job/root-pullrequests-build/178600/testReport/projectroot.bindings.experimental.distrdf/test/pyunittests_distrdf_unit_test_ranges/); - [projectroot.bindings.experimental.distrdf.test.backend.pyunittests_distrdf_unit_backend_test_dist](https://lcgapp-services.cern.ch/root-jenkins/job/root-pullrequests-build/178600/testReport/projectroot.bindings.experimental.distrdf.test/backend/pyunittests_distrdf_unit_backend_test_dist/); - [projectroot.bindings.experimental.distrdf.test.backend.pyunittests_distrdf_unit_backend_test_graph_caching](https://lcgapp-services.cern.ch/root-jenkins/job/root-pullrequests-build/178600/testReport/projectroot.bindings.experimental.distrdf.test/backend/pyunittests_distrdf_unit_backend_test_graph_caching/); - [projectroot.roofit.roofitcore.test.gtest_roofit_roofitcore_test_testRooAbsReal](https://lcgapp-services.cern.ch/root-jenkins/job/root-pullrequests-build/178600/testReport/projectroot.roofit.roofitcore/test/gtest_roofit_roofitcore_test_testRooAbsReal/); - [projectroot.roottest.python.cmdLineUtils.roottest_python_cmdLineUtils_NameCyclesRootls](https://lcgapp-services.cern.ch/root-jenkins/job/root-pullrequests-build/178600/testReport/projectroot.roottest.python/cmdLineUtils/roottest_python_cmdLineUtils_NameCyclesRootls/); - [projectroot.roottest.python.distrdf.spark.roottest_python_distrdf_spark_te,MatchSource.ISSUE_COMMENT,root-project,root,v6-32-06,https://github.com/root-project/root/pull/13149#issuecomment-1615258423:260,test,tests,260,https://root.cern,https://github.com/root-project/root/pull/13149#issuecomment-1615258423,7,['test'],"['test', 'testReport', 'tests']"
Testability,Build failed on ROOT-ubuntu2004/python3.; Running on root-ubuntu-2004-3.cern.ch:/home/sftnight/build/workspace/root-pullrequests-build; [See console output](https://lcgapp-services.cern.ch/root-jenkins/job/root-pullrequests-build/178621/console).; ### Failing tests:; - [projectroot.roottest.root.multicore.roottest_root_multicore_tp_process_imt_race_regression](https://lcgapp-services.cern.ch/root-jenkins/job/root-pullrequests-build/178621/testReport/projectroot.roottest.root/multicore/roottest_root_multicore_tp_process_imt_race_regression/); - [projectroot.roottest.python.distrdf.dask.roottest_python_distrdf_dask_test_all](https://lcgapp-services.cern.ch/root-jenkins/job/root-pullrequests-build/178621/testReport/projectroot.roottest.python.distrdf/dask/roottest_python_distrdf_dask_test_all/); - [projectroot.bindings.experimental.distrdf.test.pyunittests_distrdf_unit_test_ranges](https://lcgapp-services.cern.ch/root-jenkins/job/root-pullrequests-build/178621/testReport/projectroot.bindings.experimental.distrdf/test/pyunittests_distrdf_unit_test_ranges/); - [projectroot.bindings.experimental.distrdf.test.backend.pyunittests_distrdf_unit_backend_test_dist](https://lcgapp-services.cern.ch/root-jenkins/job/root-pullrequests-build/178621/testReport/projectroot.bindings.experimental.distrdf.test/backend/pyunittests_distrdf_unit_backend_test_dist/); - [projectroot.bindings.experimental.distrdf.test.backend.pyunittests_distrdf_unit_backend_test_graph_caching](https://lcgapp-services.cern.ch/root-jenkins/job/root-pullrequests-build/178621/testReport/projectroot.bindings.experimental.distrdf.test/backend/pyunittests_distrdf_unit_backend_test_graph_caching/); - [projectroot.roofit.roofitcore.test.gtest_roofit_roofitcore_test_testRooAbsReal](https://lcgapp-services.cern.ch/root-jenkins/job/root-pullrequests-build/178621/testReport/projectroot.roofit.roofitcore/test/gtest_roofit_roofitcore_test_testRooAbsReal/); - [projectroot.roottest.python.cmdLineUtils.roottest_python_cmdLineUt,MatchSource.ISSUE_COMMENT,root-project,root,v6-32-06,https://github.com/root-project/root/pull/13149#issuecomment-1615323765:260,test,tests,260,https://root.cern,https://github.com/root-project/root/pull/13149#issuecomment-1615323765,5,['test'],"['test', 'testReport', 'tests']"
Testability,Build failed on ROOT-ubuntu2004/python3.; Running on root-ubuntu-2004-3.cern.ch:/home/sftnight/build/workspace/root-pullrequests-build; [See console output](https://lcgapp-services.cern.ch/root-jenkins/job/root-pullrequests-build/179130/console).; ### Failing tests:; - [projectroot.roottest.python.distrdf.dask.roottest_python_distrdf_dask_test_all](https://lcgapp-services.cern.ch/root-jenkins/job/root-pullrequests-build/179130/testReport/projectroot.roottest.python.distrdf/dask/roottest_python_distrdf_dask_test_all/),MatchSource.ISSUE_COMMENT,root-project,root,v6-32-06,https://github.com/root-project/root/pull/13195#issuecomment-1623653619:260,test,tests,260,https://root.cern,https://github.com/root-project/root/pull/13195#issuecomment-1623653619,2,['test'],"['testReport', 'tests']"
Testability,Build failed on ROOT-ubuntu2004/python3.; Running on root-ubuntu-2004-3.cern.ch:/home/sftnight/build/workspace/root-pullrequests-build; [See console output](https://lcgapp-services.cern.ch/root-jenkins/job/root-pullrequests-build/179481/console).; ### Failing tests:; - [projectroot.roottest.python.distrdf.dask.roottest_python_distrdf_dask_test_all](https://lcgapp-services.cern.ch/root-jenkins/job/root-pullrequests-build/179481/testReport/projectroot.roottest.python.distrdf/dask/roottest_python_distrdf_dask_test_all/),MatchSource.ISSUE_COMMENT,root-project,root,v6-32-06,https://github.com/root-project/root/pull/13228#issuecomment-1630734664:260,test,tests,260,https://root.cern,https://github.com/root-project/root/pull/13228#issuecomment-1630734664,2,['test'],"['testReport', 'tests']"
Testability,Build failed on ROOT-ubuntu2004/python3.; Running on root-ubuntu-2004-3.cern.ch:/home/sftnight/build/workspace/root-pullrequests-build; [See console output](https://lcgapp-services.cern.ch/root-jenkins/job/root-pullrequests-build/179614/console).; ### Failing tests:; - [projectroot.roottest.python.distrdf.dask.roottest_python_distrdf_dask_test_all](https://lcgapp-services.cern.ch/root-jenkins/job/root-pullrequests-build/179614/testReport/projectroot.roottest.python.distrdf/dask/roottest_python_distrdf_dask_test_all/),MatchSource.ISSUE_COMMENT,root-project,root,v6-32-06,https://github.com/root-project/root/pull/13236#issuecomment-1632648129:260,test,tests,260,https://root.cern,https://github.com/root-project/root/pull/13236#issuecomment-1632648129,2,['test'],"['testReport', 'tests']"
Testability,Build failed on ROOT-ubuntu2004/python3.; Running on root-ubuntu-2004-3.cern.ch:/home/sftnight/build/workspace/root-pullrequests-build; [See console output](https://lcgapp-services.cern.ch/root-jenkins/job/root-pullrequests-build/179712/console).; ### Failing tests:; - [projectroot.roottest.python.distrdf.dask.roottest_python_distrdf_dask_test_all](https://lcgapp-services.cern.ch/root-jenkins/job/root-pullrequests-build/179712/testReport/projectroot.roottest.python.distrdf/dask/roottest_python_distrdf_dask_test_all/); - [projectroot.roottest.python.distrdf.common.roottest_python_distrdf_common_test_all](https://lcgapp-services.cern.ch/root-jenkins/job/root-pullrequests-build/179712/testReport/projectroot.roottest.python.distrdf/common/roottest_python_distrdf_common_test_all/); - [projectroot.roottest.python.distrdf.spark.roottest_python_distrdf_spark_test_all](https://lcgapp-services.cern.ch/root-jenkins/job/root-pullrequests-build/179712/testReport/projectroot.roottest.python.distrdf/spark/roottest_python_distrdf_spark_test_all/),MatchSource.ISSUE_COMMENT,root-project,root,v6-32-06,https://github.com/root-project/root/pull/13246#issuecomment-1634690079:260,test,tests,260,https://root.cern,https://github.com/root-project/root/pull/13246#issuecomment-1634690079,4,['test'],"['testReport', 'tests']"
Testability,Build failed on ROOT-ubuntu2004/python3.; Running on root-ubuntu-2004-3.cern.ch:/home/sftnight/build/workspace/root-pullrequests-build; [See console output](https://lcgapp-services.cern.ch/root-jenkins/job/root-pullrequests-build/179726/console).; ### Failing tests:; - [projectroot.roottest.python.distrdf.dask.roottest_python_distrdf_dask_test_all](https://lcgapp-services.cern.ch/root-jenkins/job/root-pullrequests-build/179726/testReport/projectroot.roottest.python.distrdf/dask/roottest_python_distrdf_dask_test_all/); - [projectroot.roottest.python.distrdf.spark.roottest_python_distrdf_spark_test_all](https://lcgapp-services.cern.ch/root-jenkins/job/root-pullrequests-build/179726/testReport/projectroot.roottest.python.distrdf/spark/roottest_python_distrdf_spark_test_all/); - [projectroot.tree.dataframe.test.pyunittests_dataframe_merge_results](https://lcgapp-services.cern.ch/root-jenkins/job/root-pullrequests-build/179726/testReport/projectroot.tree.dataframe/test/pyunittests_dataframe_merge_results/),MatchSource.ISSUE_COMMENT,root-project,root,v6-32-06,https://github.com/root-project/root/pull/13248#issuecomment-1634815252:260,test,tests,260,https://root.cern,https://github.com/root-project/root/pull/13248#issuecomment-1634815252,6,['test'],"['test', 'testReport', 'tests']"
Testability,Build failed on ROOT-ubuntu2004/python3.; Running on root-ubuntu-2004-3.cern.ch:/home/sftnight/build/workspace/root-pullrequests-build; [See console output](https://lcgapp-services.cern.ch/root-jenkins/job/root-pullrequests-build/179873/console).; ### Failing tests:; - [projectroot.tree.dataframe.test.pyunittests_dataframe_merge_results](https://lcgapp-services.cern.ch/root-jenkins/job/root-pullrequests-build/179873/testReport/projectroot.tree.dataframe/test/pyunittests_dataframe_merge_results/); - [projectroot.roottest.python.distrdf.spark.roottest_python_distrdf_spark_test_all](https://lcgapp-services.cern.ch/root-jenkins/job/root-pullrequests-build/179873/testReport/projectroot.roottest.python.distrdf/spark/roottest_python_distrdf_spark_test_all/); - [projectroot.roottest.python.distrdf.dask.roottest_python_distrdf_dask_test_all](https://lcgapp-services.cern.ch/root-jenkins/job/root-pullrequests-build/179873/testReport/projectroot.roottest.python.distrdf/dask/roottest_python_distrdf_dask_test_all/),MatchSource.ISSUE_COMMENT,root-project,root,v6-32-06,https://github.com/root-project/root/pull/13248#issuecomment-1636053452:260,test,tests,260,https://root.cern,https://github.com/root-project/root/pull/13248#issuecomment-1636053452,6,['test'],"['test', 'testReport', 'tests']"
Testability,Build failed on ROOT-ubuntu2004/python3.; Running on root-ubuntu-2004-3.cern.ch:/home/sftnight/build/workspace/root-pullrequests-build; [See console output](https://lcgapp-services.cern.ch/root-jenkins/job/root-pullrequests-build/179959/console).; ### Failing tests:; - [projectroot.tree.dataframe.test.gtest_tree_dataframe_test_dataframe_datasetspec](https://lcgapp-services.cern.ch/root-jenkins/job/root-pullrequests-build/179959/testReport/projectroot.tree.dataframe/test/gtest_tree_dataframe_test_dataframe_datasetspec/),MatchSource.ISSUE_COMMENT,root-project,root,v6-32-06,https://github.com/root-project/root/pull/13261#issuecomment-1637940871:260,test,tests,260,https://root.cern,https://github.com/root-project/root/pull/13261#issuecomment-1637940871,4,['test'],"['test', 'testReport', 'tests']"
Testability,Build failed on ROOT-ubuntu2004/python3.; Running on root-ubuntu-2004-3.cern.ch:/home/sftnight/build/workspace/root-pullrequests-build; [See console output](https://lcgapp-services.cern.ch/root-jenkins/job/root-pullrequests-build/179973/console).; ### Failing tests:; - [projectroot.tree.dataframe.test.gtest_tree_dataframe_test_dataframe_datasetspec](https://lcgapp-services.cern.ch/root-jenkins/job/root-pullrequests-build/179973/testReport/projectroot.tree.dataframe/test/gtest_tree_dataframe_test_dataframe_datasetspec/),MatchSource.ISSUE_COMMENT,root-project,root,v6-32-06,https://github.com/root-project/root/pull/13262#issuecomment-1637990648:260,test,tests,260,https://root.cern,https://github.com/root-project/root/pull/13262#issuecomment-1637990648,4,['test'],"['test', 'testReport', 'tests']"
Testability,Build failed on ROOT-ubuntu2004/python3.; Running on root-ubuntu-2004-3.cern.ch:/home/sftnight/build/workspace/root-pullrequests-build; [See console output](https://lcgapp-services.cern.ch/root-jenkins/job/root-pullrequests-build/180279/console).; ### Failing tests:; - [projectroot.roottest.python.distrdf.dask.roottest_python_distrdf_dask_test_all](https://lcgapp-services.cern.ch/root-jenkins/job/root-pullrequests-build/180279/testReport/projectroot.roottest.python.distrdf/dask/roottest_python_distrdf_dask_test_all/),MatchSource.ISSUE_COMMENT,root-project,root,v6-32-06,https://github.com/root-project/root/pull/13290#issuecomment-1643664786:260,test,tests,260,https://root.cern,https://github.com/root-project/root/pull/13290#issuecomment-1643664786,2,['test'],"['testReport', 'tests']"
Testability,Build failed on ROOT-ubuntu2004/python3.; Running on root-ubuntu-2004-3.cern.ch:/home/sftnight/build/workspace/root-pullrequests-build; [See console output](https://lcgapp-services.cern.ch/root-jenkins/job/root-pullrequests-build/180349/console).; ### Warnings:; - [2023-07-21T13:34:17.280Z] CMake Warning at interpreter/llvm-project/llvm/CMakeLists.txt:5 (message): . ### Failing tests:; - [projectroot.roottest.python.distrdf.dask.roottest_python_distrdf_dask_test_all](https://lcgapp-services.cern.ch/root-jenkins/job/root-pullrequests-build/180349/testReport/projectroot.roottest.python.distrdf/dask/roottest_python_distrdf_dask_test_all/); - [projectroot.gui.webdisplay.test.test_webgui_ping](https://lcgapp-services.cern.ch/root-jenkins/job/root-pullrequests-build/180349/testReport/projectroot.gui.webdisplay/test/test_webgui_ping/); - [projectroot.core.metacling.test.gtest_core_metacling_test_TClingTest](https://lcgapp-services.cern.ch/root-jenkins/job/root-pullrequests-build/180349/testReport/projectroot.core.metacling/test/gtest_core_metacling_test_TClingTest/); - [projectroot.roottest.cling.array.roottest_cling_array_runarray1](https://lcgapp-services.cern.ch/root-jenkins/job/root-pullrequests-build/180349/testReport/projectroot.roottest.cling/array/roottest_cling_array_runarray1/); - [projectroot.roottest.cling.template.separateDict.roottest_cling_template_separateDict_make](https://lcgapp-services.cern.ch/root-jenkins/job/root-pullrequests-build/180349/testReport/projectroot.roottest.cling.template/separateDict/roottest_cling_template_separateDict_make/); - [projectroot.roottest.root.io.double32.roottest_root_io_double32_make](https://lcgapp-services.cern.ch/root-jenkins/job/root-pullrequests-build/180349/testReport/projectroot.roottest.root.io/double32/roottest_root_io_double32_make/); - [projectroot.roottest.root.multicore.roottest_root_multicore_tsenums_libgen_build](https://lcgapp-services.cern.ch/root-jenkins/job/root-pullrequests-build/180349/testReport/projec,MatchSource.ISSUE_COMMENT,root-project,root,v6-32-06,https://github.com/root-project/root/pull/13273#issuecomment-1645709291:381,test,tests,381,https://root.cern,https://github.com/root-project/root/pull/13273#issuecomment-1645709291,7,['test'],"['test', 'testReport', 'tests']"
Testability,Build failed on ROOT-ubuntu2004/python3.; Running on root-ubuntu-2004-3.cern.ch:/home/sftnight/build/workspace/root-pullrequests-build; [See console output](https://lcgapp-services.cern.ch/root-jenkins/job/root-pullrequests-build/180540/console).; ### Warnings:; - [2023-07-24T13:59:25.872Z] CMake Warning at interpreter/llvm-project/llvm/CMakeLists.txt:5 (message): . ### Failing tests:; - [projectroot.core.metacling.test.gtest_core_metacling_test_TClingTest](https://lcgapp-services.cern.ch/root-jenkins/job/root-pullrequests-build/180540/testReport/projectroot.core.metacling/test/gtest_core_metacling_test_TClingTest/); - [projectroot.gui.webdisplay.test.test_webgui_ping](https://lcgapp-services.cern.ch/root-jenkins/job/root-pullrequests-build/180540/testReport/projectroot.gui.webdisplay/test/test_webgui_ping/); - [projectroot.roottest.cling.array.roottest_cling_array_runarray1](https://lcgapp-services.cern.ch/root-jenkins/job/root-pullrequests-build/180540/testReport/projectroot.roottest.cling/array/roottest_cling_array_runarray1/); - [projectroot.roottest.cling.operator.roottest_cling_operator_runEqualTest](https://lcgapp-services.cern.ch/root-jenkins/job/root-pullrequests-build/180540/testReport/projectroot.roottest.cling/operator/roottest_cling_operator_runEqualTest/); - [projectroot.roottest.cling.template.separateDict.roottest_cling_template_separateDict_make](https://lcgapp-services.cern.ch/root-jenkins/job/root-pullrequests-build/180540/testReport/projectroot.roottest.cling.template/separateDict/roottest_cling_template_separateDict_make/); - [projectroot.roottest.root.multicore.roottest_root_multicore_tsenums_libgen_build](https://lcgapp-services.cern.ch/root-jenkins/job/root-pullrequests-build/180540/testReport/projectroot.roottest.root/multicore/roottest_root_multicore_tsenums_libgen_build/); - [projectroot.roottest.root.multicore.roottest_root_multicore_tsenums](https://lcgapp-services.cern.ch/root-jenkins/job/root-pullrequests-build/180540/testReport/project,MatchSource.ISSUE_COMMENT,root-project,root,v6-32-06,https://github.com/root-project/root/pull/13273#issuecomment-1648050044:381,test,tests,381,https://root.cern,https://github.com/root-project/root/pull/13273#issuecomment-1648050044,8,['test'],"['test', 'testReport', 'tests']"
Testability,Build failed on ROOT-ubuntu2004/python3.; Running on root-ubuntu-2004-3.cern.ch:/home/sftnight/build/workspace/root-pullrequests-build; [See console output](https://lcgapp-services.cern.ch/root-jenkins/job/root-pullrequests-build/180617/console).; ### Errors:; - [2023-07-25T14:10:12.399Z] FAILED: tree/dataframe/test/datasource_sqlite ; - [2023-07-25T14:10:12.659Z] collect2: error: ld returned 1 exit status ; - [2023-07-25T14:10:12.659Z] FAILED: tree/dataframe/test/datasource_csv ; - [2023-07-25T14:10:12.659Z] collect2: error: ld returned 1 exit status ; - [2023-07-25T14:10:12.659Z] FAILED: tree/dataframe/test/datasource_root ; - [2023-07-25T14:10:12.659Z] collect2: error: ld returned 1 exit status,MatchSource.ISSUE_COMMENT,root-project,root,v6-32-06,https://github.com/root-project/root/pull/13090#issuecomment-1649923686:313,test,test,313,https://root.cern,https://github.com/root-project/root/pull/13090#issuecomment-1649923686,3,['test'],['test']
Testability,Build failed on ROOT-ubuntu2004/python3.; Running on root-ubuntu-2004-3.cern.ch:/home/sftnight/build/workspace/root-pullrequests-build; [See console output](https://lcgapp-services.cern.ch/root-jenkins/job/root-pullrequests-build/180932/console).; ### Failing tests:; - [projectroot.test.test_stressmathcore_interpreted](https://lcgapp-services.cern.ch/root-jenkins/job/root-pullrequests-build/180932/testReport/projectroot/test/test_stressmathcore_interpreted/); - [projectroot.bindings.experimental.distrdf.test.backend.pyunittests_distrdf_unit_backend_test_common](https://lcgapp-services.cern.ch/root-jenkins/job/root-pullrequests-build/180932/testReport/projectroot.bindings.experimental.distrdf.test/backend/pyunittests_distrdf_unit_backend_test_common/); - [projectroot.bindings.pyroot.pythonizations.test.pyunittests_pyroot_roofit_rooabscollection](https://lcgapp-services.cern.ch/root-jenkins/job/root-pullrequests-build/180932/testReport/projectroot.bindings.pyroot.pythonizations/test/pyunittests_pyroot_roofit_rooabscollection/); - [projectroot.bindings.pyroot.pythonizations.test.pyunittests_pyroot_string_view_backport](https://lcgapp-services.cern.ch/root-jenkins/job/root-pullrequests-build/180932/testReport/projectroot.bindings.pyroot.pythonizations/test/pyunittests_pyroot_string_view_backport/); - [projectroot.core.metacling.test.gtest_core_metacling_test_TClingTest](https://lcgapp-services.cern.ch/root-jenkins/job/root-pullrequests-build/180932/testReport/projectroot.core.metacling/test/gtest_core_metacling_test_TClingTest/); - [projectroot.math.mathcore.test.gtest_math_mathcore_test_stressMathCoreUnit](https://lcgapp-services.cern.ch/root-jenkins/job/root-pullrequests-build/180932/testReport/projectroot.math.mathcore/test/gtest_math_mathcore_test_stressMathCoreUnit/); - [projectroot.roottest.cling.typedef_global.roottest_cling_typedef_global_scopeTest](https://lcgapp-services.cern.ch/root-jenkins/job/root-pullrequests-build/180932/testReport/projectroot.roottest.cli,MatchSource.ISSUE_COMMENT,root-project,root,v6-32-06,https://github.com/root-project/root/pull/13341#issuecomment-1653822283:260,test,tests,260,https://root.cern,https://github.com/root-project/root/pull/13341#issuecomment-1653822283,9,['test'],"['test', 'testReport', 'tests']"
Testability,Build failed on ROOT-ubuntu2004/python3.; Running on root-ubuntu-2004-3.cern.ch:/home/sftnight/build/workspace/root-pullrequests-build; [See console output](https://lcgapp-services.cern.ch/root-jenkins/job/root-pullrequests-build/181002/console).; ### Warnings:; - [2023-07-28T15:23:40.342Z] /home/sftnight/build/workspace/root-pullrequests-build/root/roofit/roofitcore/test/testNumericIntAndRooRealBinding.cxx:52:42: warning: declaration of ‘b’ shadows a previous local [-Wshadow] ; - [2023-07-28T15:23:40.342Z] /home/sftnight/build/workspace/root-pullrequests-build/root/roofit/roofitcore/test/testNumericIntAndRooRealBinding.cxx:52:42: warning: declaration of ‘a’ shadows a previous local [-Wshadow] ; - [2023-07-28T15:23:40.342Z] /home/sftnight/build/workspace/root-pullrequests-build/root/roofit/roofitcore/test/testNumericIntAndRooRealBinding.cxx:115:62: warning: declaration of ‘d’ shadows a previous local [-Wshadow] ; - [2023-07-28T15:23:40.342Z] /home/sftnight/build/workspace/root-pullrequests-build/root/roofit/roofitcore/test/testNumericIntAndRooRealBinding.cxx:115:62: warning: declaration of ‘c’ shadows a previous local [-Wshadow] ; - [2023-07-28T15:23:40.342Z] /home/sftnight/build/workspace/root-pullrequests-build/root/roofit/roofitcore/test/testNumericIntAndRooRealBinding.cxx:115:62: warning: declaration of ‘b’ shadows a previous local [-Wshadow] ; - [2023-07-28T15:23:40.342Z] /home/sftnight/build/workspace/root-pullrequests-build/root/roofit/roofitcore/test/testNumericIntAndRooRealBinding.cxx:115:62: warning: declaration of ‘a’ shadows a previous local [-Wshadow] ; - [2023-07-28T15:23:40.342Z] /home/sftnight/build/workspace/root-pullrequests-build/root/roofit/roofitcore/test/testNumericIntAndRooRealBinding.cxx:180:56: warning: declaration of ‘x’ shadows a previous local [-Wshadow] ; - [2023-07-28T15:23:40.342Z] /home/sftnight/build/workspace/root-pullrequests-build/root/roofit/roofitcore/test/testNumericIntAndRooRealBinding.cxx:270:24: warning: declaration of ‘a’ sh,MatchSource.ISSUE_COMMENT,root-project,root,v6-32-06,https://github.com/root-project/root/pull/13346#issuecomment-1655917028:370,test,test,370,https://root.cern,https://github.com/root-project/root/pull/13346#issuecomment-1655917028,6,['test'],"['test', 'testNumericIntAndRooRealBinding']"
Testability,Build failed on ROOT-ubuntu2004/python3.; Running on root-ubuntu-2004-3.cern.ch:/home/sftnight/build/workspace/root-pullrequests-build; [See console output](https://lcgapp-services.cern.ch/root-jenkins/job/root-pullrequests-build/181023/console).; ### Failing tests:; - [projectroot.roottest.root.meta.autoloading.headerParsingOnDemand.roottest_root_meta_autoloading_headerParsingOnDemand_no_autoparse_read](https://lcgapp-services.cern.ch/root-jenkins/job/root-pullrequests-build/181023/testReport/projectroot.roottest.root.meta.autoloading/headerParsingOnDemand/roottest_root_meta_autoloading_headerParsingOnDemand_no_autoparse_read/),MatchSource.ISSUE_COMMENT,root-project,root,v6-32-06,https://github.com/root-project/root/pull/13341#issuecomment-1656295445:260,test,tests,260,https://root.cern,https://github.com/root-project/root/pull/13341#issuecomment-1656295445,2,['test'],"['testReport', 'tests']"
Testability,Build failed on ROOT-ubuntu2004/python3.; Running on root-ubuntu-2004-3.cern.ch:/home/sftnight/build/workspace/root-pullrequests-build; [See console output](https://lcgapp-services.cern.ch/root-jenkins/job/root-pullrequests-build/181065/console).; ### Failing tests:; - [projectroot.roofit.roofit.test.gtest_roofit_roofit_test_testRooLandau](https://lcgapp-services.cern.ch/root-jenkins/job/root-pullrequests-build/181065/testReport/projectroot.roofit.roofit/test/gtest_roofit_roofit_test_testRooLandau/); - [projectroot.roofit.roofitcore.test.gtest_roofit_roofitcore_test_testGenericPdf](https://lcgapp-services.cern.ch/root-jenkins/job/root-pullrequests-build/181065/testReport/projectroot.roofit.roofitcore/test/gtest_roofit_roofitcore_test_testGenericPdf/); - [projectroot.roofit.roofitcore.test.gtest_roofit_roofitcore_test_testRooProdPdf](https://lcgapp-services.cern.ch/root-jenkins/job/root-pullrequests-build/181065/testReport/projectroot.roofit.roofitcore/test/gtest_roofit_roofitcore_test_testRooProdPdf/); - [projectroot.roofit.roofitcore.test.gtest_roofit_roofitcore_test_testRooAbsReal](https://lcgapp-services.cern.ch/root-jenkins/job/root-pullrequests-build/181065/testReport/projectroot.roofit.roofitcore/test/gtest_roofit_roofitcore_test_testRooAbsReal/); - [projectroot.roofit.roofitcore.test.gtest_roofit_roofitcore_test_testRooDataSet](https://lcgapp-services.cern.ch/root-jenkins/job/root-pullrequests-build/181065/testReport/projectroot.roofit.roofitcore/test/gtest_roofit_roofitcore_test_testRooDataSet/); - [projectroot.roofit.roofitcore.test.gtest_roofit_roofitcore_test_testTestStatistics](https://lcgapp-services.cern.ch/root-jenkins/job/root-pullrequests-build/181065/testReport/projectroot.roofit.roofitcore/test/gtest_roofit_roofitcore_test_testTestStatistics/); - [projectroot.roofit.roofitcore.test.gtest_roofit_roofitcore_test_testLikelihoodSerial](https://lcgapp-services.cern.ch/root-jenkins/job/root-pullrequests-build/181065/testReport/projectroot.roofit.roofitco,MatchSource.ISSUE_COMMENT,root-project,root,v6-32-06,https://github.com/root-project/root/pull/13341#issuecomment-1656749963:260,test,tests,260,https://root.cern,https://github.com/root-project/root/pull/13341#issuecomment-1656749963,10,['test'],"['test', 'testReport', 'tests']"
Testability,Build failed on ROOT-ubuntu2004/python3.; Running on root-ubuntu-2004-3.cern.ch:/home/sftnight/build/workspace/root-pullrequests-build; [See console output](https://lcgapp-services.cern.ch/root-jenkins/job/root-pullrequests-build/181163/console).; ### Failing tests:; - [projectroot.roottest.python.distrdf.dask.roottest_python_distrdf_dask_test_all](https://lcgapp-services.cern.ch/root-jenkins/job/root-pullrequests-build/181163/testReport/projectroot.roottest.python.distrdf/dask/roottest_python_distrdf_dask_test_all/),MatchSource.ISSUE_COMMENT,root-project,root,v6-32-06,https://github.com/root-project/root/pull/13350#issuecomment-1658260073:260,test,tests,260,https://root.cern,https://github.com/root-project/root/pull/13350#issuecomment-1658260073,2,['test'],"['testReport', 'tests']"
Testability,Build failed on ROOT-ubuntu2004/python3.; Running on root-ubuntu-2004-3.cern.ch:/home/sftnight/build/workspace/root-pullrequests-build; [See console output](https://lcgapp-services.cern.ch/root-jenkins/job/root-pullrequests-build/181200/console).; ### Failing tests:; - [projectroot.roottest.root.dataframe.roottest_root_dataframe_test_readTotemNtuple](https://lcgapp-services.cern.ch/root-jenkins/job/root-pullrequests-build/181200/testReport/projectroot.roottest.root/dataframe/roottest_root_dataframe_test_readTotemNtuple/),MatchSource.ISSUE_COMMENT,root-project,root,v6-32-06,https://github.com/root-project/root/pull/13090#issuecomment-1658554968:260,test,tests,260,https://root.cern,https://github.com/root-project/root/pull/13090#issuecomment-1658554968,2,['test'],"['testReport', 'tests']"
Testability,Build failed on ROOT-ubuntu2004/python3.; Running on root-ubuntu-2004-3.cern.ch:/home/sftnight/build/workspace/root-pullrequests-build; [See console output](https://lcgapp-services.cern.ch/root-jenkins/job/root-pullrequests-build/181236/console).; ### Failing tests:; - [projectroot.roottest.python.distrdf.dask.roottest_python_distrdf_dask_test_all](https://lcgapp-services.cern.ch/root-jenkins/job/root-pullrequests-build/181236/testReport/projectroot.roottest.python.distrdf/dask/roottest_python_distrdf_dask_test_all/),MatchSource.ISSUE_COMMENT,root-project,root,v6-32-06,https://github.com/root-project/root/pull/13348#issuecomment-1659135969:260,test,tests,260,https://root.cern,https://github.com/root-project/root/pull/13348#issuecomment-1659135969,2,['test'],"['testReport', 'tests']"
Testability,Build failed on ROOT-ubuntu2004/python3.; Running on root-ubuntu-2004-3.cern.ch:/home/sftnight/build/workspace/root-pullrequests-build; [See console output](https://lcgapp-services.cern.ch/root-jenkins/job/root-pullrequests-build/181271/console).; ### Failing tests:; - [projectroot.roottest.python.distrdf.dask.roottest_python_distrdf_dask_test_all](https://lcgapp-services.cern.ch/root-jenkins/job/root-pullrequests-build/181271/testReport/projectroot.roottest.python.distrdf/dask/roottest_python_distrdf_dask_test_all/),MatchSource.ISSUE_COMMENT,root-project,root,v6-32-06,https://github.com/root-project/root/pull/12153#issuecomment-1659293173:260,test,tests,260,https://root.cern,https://github.com/root-project/root/pull/12153#issuecomment-1659293173,2,['test'],"['testReport', 'tests']"
Testability,Build failed on ROOT-ubuntu2004/python3.; Running on root-ubuntu-2004-3.cern.ch:/home/sftnight/build/workspace/root-pullrequests-build; [See console output](https://lcgapp-services.cern.ch/root-jenkins/job/root-pullrequests-build/181321/console).; ### Failing tests:; - [projectroot.gui.webdisplay.test.test_webgui_ping](https://lcgapp-services.cern.ch/root-jenkins/job/root-pullrequests-build/181321/testReport/projectroot.gui.webdisplay/test/test_webgui_ping/); - [projectroot.roottest.root.hist.roottest_root_hist_h2root](https://lcgapp-services.cern.ch/root-jenkins/job/root-pullrequests-build/181321/testReport/projectroot.roottest.root/hist/roottest_root_hist_h2root/); - [projectroot.tmva.sofie.test.gtest_tmva_sofie_test_TestSofieModels](https://lcgapp-services.cern.ch/root-jenkins/job/root-pullrequests-build/181321/testReport/projectroot.tmva.sofie/test/gtest_tmva_sofie_test_TestSofieModels/),MatchSource.ISSUE_COMMENT,root-project,root,v6-32-06,https://github.com/root-project/root/pull/12776#issuecomment-1660119382:260,test,tests,260,https://root.cern,https://github.com/root-project/root/pull/12776#issuecomment-1660119382,8,['test'],"['test', 'testReport', 'tests']"
Testability,Build failed on ROOT-ubuntu2004/python3.; Running on root-ubuntu-2004-3.cern.ch:/home/sftnight/build/workspace/root-pullrequests-build; [See console output](https://lcgapp-services.cern.ch/root-jenkins/job/root-pullrequests-build/181335/console).; ### Errors:; - [2023-08-01T11:30:37.079Z] FAILED: tree/dataframe/test/CMakeFiles/dataframe_helpers.dir/dataframe_helpers.cxx.o ; - [2023-08-01T11:30:37.786Z] /home/sftnight/build/workspace/root-pullrequests-build/root/tree/dataframe/test/dataframe_helpers.cxx:700:25: error: ‘std::ostringstream’ {aka ‘class std::__cxx11::basic_ostringstream&lt;char&gt;’} has no member named ‘empty’ ; - [2023-08-01T11:30:37.786Z] /home/sftnight/build/workspace/root-pullrequests-build/root/tree/dataframe/test/dataframe_helpers.cxx:720:25: error: ‘std::ostringstream’ {aka ‘class std::__cxx11::basic_ostringstream&lt;char&gt;’} has no member named ‘empty’ ; - [2023-08-01T11:30:38.079Z] /home/sftnight/build/workspace/root-pullrequests-build/root/tree/dataframe/test/dataframe_helpers.cxx:737:25: error: ‘std::ostringstream’ {aka ‘class std::__cxx11::basic_ostringstream&lt;char&gt;’} has no member named ‘empty’,MatchSource.ISSUE_COMMENT,root-project,root,v6-32-06,https://github.com/root-project/root/pull/13210#issuecomment-1660129473:313,test,test,313,https://root.cern,https://github.com/root-project/root/pull/13210#issuecomment-1660129473,4,['test'],['test']
Testability,Build failed on ROOT-ubuntu2004/python3.; Running on root-ubuntu-2004-3.cern.ch:/home/sftnight/build/workspace/root-pullrequests-build; [See console output](https://lcgapp-services.cern.ch/root-jenkins/job/root-pullrequests-build/181356/console).; ### Failing tests:; - [projectroot.gui.webdisplay.test.test_webgui_ping](https://lcgapp-services.cern.ch/root-jenkins/job/root-pullrequests-build/181356/testReport/projectroot.gui.webdisplay/test/test_webgui_ping/),MatchSource.ISSUE_COMMENT,root-project,root,v6-32-06,https://github.com/root-project/root/pull/13364#issuecomment-1660179859:260,test,tests,260,https://root.cern,https://github.com/root-project/root/pull/13364#issuecomment-1660179859,4,['test'],"['test', 'testReport', 'tests']"
Testability,Build failed on ROOT-ubuntu2004/python3.; Running on root-ubuntu-2004-3.cern.ch:/home/sftnight/build/workspace/root-pullrequests-build; [See console output](https://lcgapp-services.cern.ch/root-jenkins/job/root-pullrequests-build/181370/console).; ### Failing tests:; - [projectroot.gui.webdisplay.test.test_webgui_ping](https://lcgapp-services.cern.ch/root-jenkins/job/root-pullrequests-build/181370/testReport/projectroot.gui.webdisplay/test/test_webgui_ping/),MatchSource.ISSUE_COMMENT,root-project,root,v6-32-06,https://github.com/root-project/root/pull/13365#issuecomment-1660238144:260,test,tests,260,https://root.cern,https://github.com/root-project/root/pull/13365#issuecomment-1660238144,4,['test'],"['test', 'testReport', 'tests']"
Testability,Build failed on ROOT-ubuntu2004/python3.; Running on root-ubuntu-2004-3.cern.ch:/home/sftnight/build/workspace/root-pullrequests-build; [See console output](https://lcgapp-services.cern.ch/root-jenkins/job/root-pullrequests-build/181398/console).; ### Failing tests:; - [projectroot.gui.webdisplay.test.test_webgui_ping](https://lcgapp-services.cern.ch/root-jenkins/job/root-pullrequests-build/181398/testReport/projectroot.gui.webdisplay/test/test_webgui_ping/),MatchSource.ISSUE_COMMENT,root-project,root,v6-32-06,https://github.com/root-project/root/pull/13316#issuecomment-1660398963:260,test,tests,260,https://root.cern,https://github.com/root-project/root/pull/13316#issuecomment-1660398963,4,['test'],"['test', 'testReport', 'tests']"
Testability,Build failed on ROOT-ubuntu2004/python3.; Running on root-ubuntu-2004-3.cern.ch:/home/sftnight/build/workspace/root-pullrequests-build; [See console output](https://lcgapp-services.cern.ch/root-jenkins/job/root-pullrequests-build/181412/console).; ### Failing tests:; - [projectroot.gui.webdisplay.test.test_webgui_ping](https://lcgapp-services.cern.ch/root-jenkins/job/root-pullrequests-build/181412/testReport/projectroot.gui.webdisplay/test/test_webgui_ping/),MatchSource.ISSUE_COMMENT,root-project,root,v6-32-06,https://github.com/root-project/root/pull/13243#issuecomment-1660462167:260,test,tests,260,https://root.cern,https://github.com/root-project/root/pull/13243#issuecomment-1660462167,4,['test'],"['test', 'testReport', 'tests']"
Testability,Build failed on ROOT-ubuntu2004/python3.; Running on root-ubuntu-2004-3.cern.ch:/home/sftnight/build/workspace/root-pullrequests-build; [See console output](https://lcgapp-services.cern.ch/root-jenkins/job/root-pullrequests-build/181426/console).; ### Failing tests:; - [projectroot.gui.webdisplay.test.test_webgui_ping](https://lcgapp-services.cern.ch/root-jenkins/job/root-pullrequests-build/181426/testReport/projectroot.gui.webdisplay/test/test_webgui_ping/),MatchSource.ISSUE_COMMENT,root-project,root,v6-32-06,https://github.com/root-project/root/pull/13367#issuecomment-1660563839:260,test,tests,260,https://root.cern,https://github.com/root-project/root/pull/13367#issuecomment-1660563839,4,['test'],"['test', 'testReport', 'tests']"
Testability,Build failed on ROOT-ubuntu2004/python3.; Running on root-ubuntu-2004-3.cern.ch:/home/sftnight/build/workspace/root-pullrequests-build; [See console output](https://lcgapp-services.cern.ch/root-jenkins/job/root-pullrequests-build/181440/console).; ### Failing tests:; - [projectroot.gui.webdisplay.test.test_webgui_ping](https://lcgapp-services.cern.ch/root-jenkins/job/root-pullrequests-build/181440/testReport/projectroot.gui.webdisplay/test/test_webgui_ping/); - [projectroot.roottest.python.distrdf.dask.roottest_python_distrdf_dask_test_all](https://lcgapp-services.cern.ch/root-jenkins/job/root-pullrequests-build/181440/testReport/projectroot.roottest.python.distrdf/dask/roottest_python_distrdf_dask_test_all/),MatchSource.ISSUE_COMMENT,root-project,root,v6-32-06,https://github.com/root-project/root/pull/13368#issuecomment-1660635177:260,test,tests,260,https://root.cern,https://github.com/root-project/root/pull/13368#issuecomment-1660635177,5,['test'],"['test', 'testReport', 'tests']"
Testability,Build failed on ROOT-ubuntu2004/python3.; Running on root-ubuntu-2004-3.cern.ch:/home/sftnight/build/workspace/root-pullrequests-build; [See console output](https://lcgapp-services.cern.ch/root-jenkins/job/root-pullrequests-build/181636/console).; ### Failing tests:; - [projectroot.gui.webdisplay.test.test_webgui_ping](https://lcgapp-services.cern.ch/root-jenkins/job/root-pullrequests-build/181636/testReport/projectroot.gui.webdisplay/test/test_webgui_ping/),MatchSource.ISSUE_COMMENT,root-project,root,v6-32-06,https://github.com/root-project/root/pull/12948#issuecomment-1663816596:260,test,tests,260,https://root.cern,https://github.com/root-project/root/pull/12948#issuecomment-1663816596,4,['test'],"['test', 'testReport', 'tests']"
Testability,Build failed on ROOT-ubuntu2004/python3.; Running on root-ubuntu-2004-3.cern.ch:/home/sftnight/build/workspace/root-pullrequests-build; [See console output](https://lcgapp-services.cern.ch/root-jenkins/job/root-pullrequests-build/181664/console).; ### Failing tests:; - [projectroot.gui.webdisplay.test.test_webgui_ping](https://lcgapp-services.cern.ch/root-jenkins/job/root-pullrequests-build/181664/testReport/projectroot.gui.webdisplay/test/test_webgui_ping/),MatchSource.ISSUE_COMMENT,root-project,root,v6-32-06,https://github.com/root-project/root/pull/13388#issuecomment-1663980336:260,test,tests,260,https://root.cern,https://github.com/root-project/root/pull/13388#issuecomment-1663980336,4,['test'],"['test', 'testReport', 'tests']"
Testability,Build failed on ROOT-ubuntu2004/python3.; Running on root-ubuntu-2004-3.cern.ch:/home/sftnight/build/workspace/root-pullrequests-build; [See console output](https://lcgapp-services.cern.ch/root-jenkins/job/root-pullrequests-build/181706/console).; ### Failing tests:; - [projectroot.gui.webdisplay.test.test_webgui_ping](https://lcgapp-services.cern.ch/root-jenkins/job/root-pullrequests-build/181706/testReport/projectroot.gui.webdisplay/test/test_webgui_ping/),MatchSource.ISSUE_COMMENT,root-project,root,v6-32-06,https://github.com/root-project/root/pull/13386#issuecomment-1664438556:260,test,tests,260,https://root.cern,https://github.com/root-project/root/pull/13386#issuecomment-1664438556,4,['test'],"['test', 'testReport', 'tests']"
Testability,Build failed on ROOT-ubuntu2004/python3.; Running on root-ubuntu-2004-3.cern.ch:/home/sftnight/build/workspace/root-pullrequests-build; [See console output](https://lcgapp-services.cern.ch/root-jenkins/job/root-pullrequests-build/181797/console).; ### Warnings:; - [2023-08-04T10:40:56.929Z] /home/sftnight/build/workspace/root-pullrequests-build/root/roofit/roofit/src/RooSpline.cxx:93:18: warning: declaration of ‘auto& x’ shadows a parameter [-Wshadow] . ### Failing tests:; - [projectroot.gui.webdisplay.test.test_webgui_ping](https://lcgapp-services.cern.ch/root-jenkins/job/root-pullrequests-build/181797/testReport/projectroot.gui.webdisplay/test/test_webgui_ping/),MatchSource.ISSUE_COMMENT,root-project,root,v6-32-06,https://github.com/root-project/root/pull/13377#issuecomment-1665445514:470,test,tests,470,https://root.cern,https://github.com/root-project/root/pull/13377#issuecomment-1665445514,4,['test'],"['test', 'testReport', 'tests']"
Testability,Build failed on ROOT-ubuntu2004/python3.; Running on root-ubuntu-2004-3.cern.ch:/home/sftnight/build/workspace/root-pullrequests-build; [See console output](https://lcgapp-services.cern.ch/root-jenkins/job/root-pullrequests-build/181811/console).; ### Failing tests:; - [projectroot.gui.webdisplay.test.test_webgui_ping](https://lcgapp-services.cern.ch/root-jenkins/job/root-pullrequests-build/181811/testReport/projectroot.gui.webdisplay/test/test_webgui_ping/); - [projectroot.roottest.python.distrdf.common.roottest_python_distrdf_common_test_all](https://lcgapp-services.cern.ch/root-jenkins/job/root-pullrequests-build/181811/testReport/projectroot.roottest.python.distrdf/common/roottest_python_distrdf_common_test_all/),MatchSource.ISSUE_COMMENT,root-project,root,v6-32-06,https://github.com/root-project/root/pull/13399#issuecomment-1665539996:260,test,tests,260,https://root.cern,https://github.com/root-project/root/pull/13399#issuecomment-1665539996,5,['test'],"['test', 'testReport', 'tests']"
Testability,Build failed on ROOT-ubuntu2004/python3.; Running on root-ubuntu-2004-3.cern.ch:/home/sftnight/build/workspace/root-pullrequests-build; [See console output](https://lcgapp-services.cern.ch/root-jenkins/job/root-pullrequests-build/181841/console).; ### Failing tests:; - [projectroot.gui.webdisplay.test.test_webgui_ping](https://lcgapp-services.cern.ch/root-jenkins/job/root-pullrequests-build/181841/testReport/projectroot.gui.webdisplay/test/test_webgui_ping/),MatchSource.ISSUE_COMMENT,root-project,root,v6-32-06,https://github.com/root-project/root/pull/13401#issuecomment-1665768353:260,test,tests,260,https://root.cern,https://github.com/root-project/root/pull/13401#issuecomment-1665768353,4,['test'],"['test', 'testReport', 'tests']"
Testability,Build failed on ROOT-ubuntu2004/python3.; Running on root-ubuntu-2004-3.cern.ch:/home/sftnight/build/workspace/root-pullrequests-build; [See console output](https://lcgapp-services.cern.ch/root-jenkins/job/root-pullrequests-build/181919/console).; ### Failing tests:; - [projectroot.gui.webdisplay.test.test_webgui_ping](https://lcgapp-services.cern.ch/root-jenkins/job/root-pullrequests-build/181919/testReport/projectroot.gui.webdisplay/test/test_webgui_ping/),MatchSource.ISSUE_COMMENT,root-project,root,v6-32-06,https://github.com/root-project/root/pull/13412#issuecomment-1667832515:260,test,tests,260,https://root.cern,https://github.com/root-project/root/pull/13412#issuecomment-1667832515,4,['test'],"['test', 'testReport', 'tests']"
Testability,Build failed on ROOT-ubuntu2004/python3.; Running on root-ubuntu-2004-3.cern.ch:/home/sftnight/build/workspace/root-pullrequests-build; [See console output](https://lcgapp-services.cern.ch/root-jenkins/job/root-pullrequests-build/181940/console).; ### Failing tests:; - [projectroot.gui.webdisplay.test.test_webgui_ping](https://lcgapp-services.cern.ch/root-jenkins/job/root-pullrequests-build/181940/testReport/projectroot.gui.webdisplay/test/test_webgui_ping/),MatchSource.ISSUE_COMMENT,root-project,root,v6-32-06,https://github.com/root-project/root/pull/13243#issuecomment-1667894330:260,test,tests,260,https://root.cern,https://github.com/root-project/root/pull/13243#issuecomment-1667894330,4,['test'],"['test', 'testReport', 'tests']"
Testability,Build failed on ROOT-ubuntu2004/python3.; Running on root-ubuntu-2004-3.cern.ch:/home/sftnight/build/workspace/root-pullrequests-build; [See console output](https://lcgapp-services.cern.ch/root-jenkins/job/root-pullrequests-build/181988/console).; ### Failing tests:; - [projectroot.gui.webdisplay.test.test_webgui_ping](https://lcgapp-services.cern.ch/root-jenkins/job/root-pullrequests-build/181988/testReport/projectroot.gui.webdisplay/test/test_webgui_ping/),MatchSource.ISSUE_COMMENT,root-project,root,v6-32-06,https://github.com/root-project/root/pull/13414#issuecomment-1669577883:260,test,tests,260,https://root.cern,https://github.com/root-project/root/pull/13414#issuecomment-1669577883,4,['test'],"['test', 'testReport', 'tests']"
Testability,Build failed on ROOT-ubuntu2004/python3.; Running on root-ubuntu-2004-3.cern.ch:/home/sftnight/build/workspace/root-pullrequests-build; [See console output](https://lcgapp-services.cern.ch/root-jenkins/job/root-pullrequests-build/182012/console).; ### Failing tests:; - [projectroot.gui.webdisplay.test.test_webgui_ping](https://lcgapp-services.cern.ch/root-jenkins/job/root-pullrequests-build/182012/testReport/projectroot.gui.webdisplay/test/test_webgui_ping/),MatchSource.ISSUE_COMMENT,root-project,root,v6-32-06,https://github.com/root-project/root/pull/13417#issuecomment-1670118584:260,test,tests,260,https://root.cern,https://github.com/root-project/root/pull/13417#issuecomment-1670118584,4,['test'],"['test', 'testReport', 'tests']"
Testability,Build failed on ROOT-ubuntu2004/python3.; Running on root-ubuntu-2004-3.cern.ch:/home/sftnight/build/workspace/root-pullrequests-build; [See console output](https://lcgapp-services.cern.ch/root-jenkins/job/root-pullrequests-build/182024/console).; ### Failing tests:; - [projectroot.gui.webdisplay.test.test_webgui_ping](https://lcgapp-services.cern.ch/root-jenkins/job/root-pullrequests-build/182024/testReport/projectroot.gui.webdisplay/test/test_webgui_ping/),MatchSource.ISSUE_COMMENT,root-project,root,v6-32-06,https://github.com/root-project/root/pull/13420#issuecomment-1670356827:260,test,tests,260,https://root.cern,https://github.com/root-project/root/pull/13420#issuecomment-1670356827,4,['test'],"['test', 'testReport', 'tests']"
Testability,Build failed on ROOT-ubuntu2004/python3.; Running on root-ubuntu-2004-3.cern.ch:/home/sftnight/build/workspace/root-pullrequests-build; [See console output](https://lcgapp-services.cern.ch/root-jenkins/job/root-pullrequests-build/182042/console).; ### Failing tests:; - [projectroot.gui.webdisplay.test.test_webgui_ping](https://lcgapp-services.cern.ch/root-jenkins/job/root-pullrequests-build/182042/testReport/projectroot.gui.webdisplay/test/test_webgui_ping/),MatchSource.ISSUE_COMMENT,root-project,root,v6-32-06,https://github.com/root-project/root/pull/13425#issuecomment-1671345894:260,test,tests,260,https://root.cern,https://github.com/root-project/root/pull/13425#issuecomment-1671345894,4,['test'],"['test', 'testReport', 'tests']"
Testability,Build failed on ROOT-ubuntu2004/python3.; Running on root-ubuntu-2004-3.cern.ch:/home/sftnight/build/workspace/root-pullrequests-build; [See console output](https://lcgapp-services.cern.ch/root-jenkins/job/root-pullrequests-build/182066/console).; ### Failing tests:; - [projectroot.gui.webdisplay.test.test_webgui_ping](https://lcgapp-services.cern.ch/root-jenkins/job/root-pullrequests-build/182066/testReport/projectroot.gui.webdisplay/test/test_webgui_ping/),MatchSource.ISSUE_COMMENT,root-project,root,v6-32-06,https://github.com/root-project/root/pull/13403#issuecomment-1671777189:260,test,tests,260,https://root.cern,https://github.com/root-project/root/pull/13403#issuecomment-1671777189,4,['test'],"['test', 'testReport', 'tests']"
Testability,Build failed on ROOT-ubuntu2004/python3.; Running on root-ubuntu-2004-3.cern.ch:/home/sftnight/build/workspace/root-pullrequests-build; [See console output](https://lcgapp-services.cern.ch/root-jenkins/job/root-pullrequests-build/182102/console).; ### Failing tests:; - [projectroot.gui.webdisplay.test.test_webgui_ping](https://lcgapp-services.cern.ch/root-jenkins/job/root-pullrequests-build/182102/testReport/projectroot.gui.webdisplay/test/test_webgui_ping/),MatchSource.ISSUE_COMMENT,root-project,root,v6-32-06,https://github.com/root-project/root/pull/13322#issuecomment-1673177660:260,test,tests,260,https://root.cern,https://github.com/root-project/root/pull/13322#issuecomment-1673177660,4,['test'],"['test', 'testReport', 'tests']"
Testability,Build failed on ROOT-ubuntu2004/python3.; Running on root-ubuntu-2004-3.cern.ch:/home/sftnight/build/workspace/root-pullrequests-build; [See console output](https://lcgapp-services.cern.ch/root-jenkins/job/root-pullrequests-build/182108/console).; ### Failing tests:; - [projectroot.gui.webdisplay.test.test_webgui_ping](https://lcgapp-services.cern.ch/root-jenkins/job/root-pullrequests-build/182108/testReport/projectroot.gui.webdisplay/test/test_webgui_ping/); - [projectroot.roottest.root.meta.autoloading.headerParsingOnDemand.roottest_root_meta_autoloading_headerParsingOnDemand_no_autoparse_read](https://lcgapp-services.cern.ch/root-jenkins/job/root-pullrequests-build/182108/testReport/projectroot.roottest.root.meta.autoloading/headerParsingOnDemand/roottest_root_meta_autoloading_headerParsingOnDemand_no_autoparse_read/),MatchSource.ISSUE_COMMENT,root-project,root,v6-32-06,https://github.com/root-project/root/pull/13341#issuecomment-1673260407:260,test,tests,260,https://root.cern,https://github.com/root-project/root/pull/13341#issuecomment-1673260407,5,['test'],"['test', 'testReport', 'tests']"
Testability,Build failed on ROOT-ubuntu2004/python3.; Running on root-ubuntu-2004-3.cern.ch:/home/sftnight/build/workspace/root-pullrequests-build; [See console output](https://lcgapp-services.cern.ch/root-jenkins/job/root-pullrequests-build/182138/console).; ### Failing tests:; - [projectroot.gui.webdisplay.test.test_webgui_ping](https://lcgapp-services.cern.ch/root-jenkins/job/root-pullrequests-build/182138/testReport/projectroot.gui.webdisplay/test/test_webgui_ping/),MatchSource.ISSUE_COMMENT,root-project,root,v6-32-06,https://github.com/root-project/root/pull/13436#issuecomment-1674731463:260,test,tests,260,https://root.cern,https://github.com/root-project/root/pull/13436#issuecomment-1674731463,4,['test'],"['test', 'testReport', 'tests']"
Testability,Build failed on ROOT-ubuntu2004/python3.; Running on root-ubuntu-2004-3.cern.ch:/home/sftnight/build/workspace/root-pullrequests-build; [See console output](https://lcgapp-services.cern.ch/root-jenkins/job/root-pullrequests-build/182156/console).; ### Failing tests:; - [projectroot.gui.webdisplay.test.test_webgui_ping](https://lcgapp-services.cern.ch/root-jenkins/job/root-pullrequests-build/182156/testReport/projectroot.gui.webdisplay/test/test_webgui_ping/),MatchSource.ISSUE_COMMENT,root-project,root,v6-32-06,https://github.com/root-project/root/pull/13437#issuecomment-1674793599:260,test,tests,260,https://root.cern,https://github.com/root-project/root/pull/13437#issuecomment-1674793599,4,['test'],"['test', 'testReport', 'tests']"
Testability,Build failed on ROOT-ubuntu2004/python3.; Running on root-ubuntu-2004-3.cern.ch:/home/sftnight/build/workspace/root-pullrequests-build; [See console output](https://lcgapp-services.cern.ch/root-jenkins/job/root-pullrequests-build/182162/console).; ### Failing tests:; - [projectroot.gui.webdisplay.test.test_webgui_ping](https://lcgapp-services.cern.ch/root-jenkins/job/root-pullrequests-build/182162/testReport/projectroot.gui.webdisplay/test/test_webgui_ping/),MatchSource.ISSUE_COMMENT,root-project,root,v6-32-06,https://github.com/root-project/root/pull/13341#issuecomment-1674844714:260,test,tests,260,https://root.cern,https://github.com/root-project/root/pull/13341#issuecomment-1674844714,4,['test'],"['test', 'testReport', 'tests']"
Testability,Build failed on ROOT-ubuntu2004/python3.; Running on root-ubuntu-2004-3.cern.ch:/home/sftnight/build/workspace/root-pullrequests-build; [See console output](https://lcgapp-services.cern.ch/root-jenkins/job/root-pullrequests-build/182168/console).; ### Failing tests:; - [projectroot.gui.webdisplay.test.test_webgui_ping](https://lcgapp-services.cern.ch/root-jenkins/job/root-pullrequests-build/182168/testReport/projectroot.gui.webdisplay/test/test_webgui_ping/),MatchSource.ISSUE_COMMENT,root-project,root,v6-32-06,https://github.com/root-project/root/pull/13273#issuecomment-1674927679:260,test,tests,260,https://root.cern,https://github.com/root-project/root/pull/13273#issuecomment-1674927679,4,['test'],"['test', 'testReport', 'tests']"
Testability,Build failed on ROOT-ubuntu2004/python3.; Running on root-ubuntu-2004-3.cern.ch:/home/sftnight/build/workspace/root-pullrequests-build; [See console output](https://lcgapp-services.cern.ch/root-jenkins/job/root-pullrequests-build/182174/console).; ### Failing tests:; - [projectroot.gui.webdisplay.test.test_webgui_ping](https://lcgapp-services.cern.ch/root-jenkins/job/root-pullrequests-build/182174/testReport/projectroot.gui.webdisplay/test/test_webgui_ping/),MatchSource.ISSUE_COMMENT,root-project,root,v6-32-06,https://github.com/root-project/root/pull/13438#issuecomment-1675037951:260,test,tests,260,https://root.cern,https://github.com/root-project/root/pull/13438#issuecomment-1675037951,4,['test'],"['test', 'testReport', 'tests']"
Testability,Build failed on ROOT-ubuntu2004/python3.; Running on root-ubuntu-2004-3.cern.ch:/home/sftnight/build/workspace/root-pullrequests-build; [See console output](https://lcgapp-services.cern.ch/root-jenkins/job/root-pullrequests-build/182180/console).; ### Failing tests:; - [projectroot.gui.webdisplay.test.test_webgui_ping](https://lcgapp-services.cern.ch/root-jenkins/job/root-pullrequests-build/182180/testReport/projectroot.gui.webdisplay/test/test_webgui_ping/),MatchSource.ISSUE_COMMENT,root-project,root,v6-32-06,https://github.com/root-project/root/pull/13439#issuecomment-1675088004:260,test,tests,260,https://root.cern,https://github.com/root-project/root/pull/13439#issuecomment-1675088004,4,['test'],"['test', 'testReport', 'tests']"
Testability,Build failed on ROOT-ubuntu2004/python3.; Running on root-ubuntu-2004-3.cern.ch:/home/sftnight/build/workspace/root-pullrequests-build; [See console output](https://lcgapp-services.cern.ch/root-jenkins/job/root-pullrequests-build/182186/console).; ### Failing tests:; - [projectroot.gui.webdisplay.test.test_webgui_ping](https://lcgapp-services.cern.ch/root-jenkins/job/root-pullrequests-build/182186/testReport/projectroot.gui.webdisplay/test/test_webgui_ping/); - [projectroot.roottest.python.distrdf.dask.roottest_python_distrdf_dask_test_all](https://lcgapp-services.cern.ch/root-jenkins/job/root-pullrequests-build/182186/testReport/projectroot.roottest.python.distrdf/dask/roottest_python_distrdf_dask_test_all/); - [projectroot.roofit.histfactory.test.gtest_roofit_histfactory_test_testHistFactory](https://lcgapp-services.cern.ch/root-jenkins/job/root-pullrequests-build/182186/testReport/projectroot.roofit.histfactory/test/gtest_roofit_histfactory_test_testHistFactory/),MatchSource.ISSUE_COMMENT,root-project,root,v6-32-06,https://github.com/root-project/root/pull/13229#issuecomment-1675139193:260,test,tests,260,https://root.cern,https://github.com/root-project/root/pull/13229#issuecomment-1675139193,8,['test'],"['test', 'testReport', 'tests']"
Testability,Build failed on ROOT-ubuntu2004/python3.; Running on root-ubuntu-2004-3.cern.ch:/home/sftnight/build/workspace/root-pullrequests-build; [See console output](https://lcgapp-services.cern.ch/root-jenkins/job/root-pullrequests-build/182216/console).; ### Failing tests:; - [projectroot.gui.webdisplay.test.test_webgui_ping](https://lcgapp-services.cern.ch/root-jenkins/job/root-pullrequests-build/182216/testReport/projectroot.gui.webdisplay/test/test_webgui_ping/),MatchSource.ISSUE_COMMENT,root-project,root,v6-32-06,https://github.com/root-project/root/pull/13388#issuecomment-1676440136:260,test,tests,260,https://root.cern,https://github.com/root-project/root/pull/13388#issuecomment-1676440136,4,['test'],"['test', 'testReport', 'tests']"
Testability,Build failed on ROOT-ubuntu2004/python3.; Running on root-ubuntu-2004-3.cern.ch:/home/sftnight/build/workspace/root-pullrequests-build; [See console output](https://lcgapp-services.cern.ch/root-jenkins/job/root-pullrequests-build/182222/console).; ### Failing tests:; - [projectroot.gui.webdisplay.test.test_webgui_ping](https://lcgapp-services.cern.ch/root-jenkins/job/root-pullrequests-build/182222/testReport/projectroot.gui.webdisplay/test/test_webgui_ping/),MatchSource.ISSUE_COMMENT,root-project,root,v6-32-06,https://github.com/root-project/root/pull/13374#issuecomment-1677059497:260,test,tests,260,https://root.cern,https://github.com/root-project/root/pull/13374#issuecomment-1677059497,4,['test'],"['test', 'testReport', 'tests']"
Testability,Build failed on ROOT-ubuntu2004/python3.; Running on root-ubuntu-2004-3.cern.ch:/home/sftnight/build/workspace/root-pullrequests-build; [See console output](https://lcgapp-services.cern.ch/root-jenkins/job/root-pullrequests-build/182228/console).; ### Failing tests:; - [projectroot.gui.webdisplay.test.test_webgui_ping](https://lcgapp-services.cern.ch/root-jenkins/job/root-pullrequests-build/182228/testReport/projectroot.gui.webdisplay/test/test_webgui_ping/),MatchSource.ISSUE_COMMENT,root-project,root,v6-32-06,https://github.com/root-project/root/pull/13438#issuecomment-1677106087:260,test,tests,260,https://root.cern,https://github.com/root-project/root/pull/13438#issuecomment-1677106087,4,['test'],"['test', 'testReport', 'tests']"
Testability,Build failed on ROOT-ubuntu2004/python3.; Running on root-ubuntu-2004-3.cern.ch:/home/sftnight/build/workspace/root-pullrequests-build; [See console output](https://lcgapp-services.cern.ch/root-jenkins/job/root-pullrequests-build/182240/console).; ### Failing tests:; - [projectroot.gui.webdisplay.test.test_webgui_ping](https://lcgapp-services.cern.ch/root-jenkins/job/root-pullrequests-build/182240/testReport/projectroot.gui.webdisplay/test/test_webgui_ping/),MatchSource.ISSUE_COMMENT,root-project,root,v6-32-06,https://github.com/root-project/root/pull/13444#issuecomment-1677205609:260,test,tests,260,https://root.cern,https://github.com/root-project/root/pull/13444#issuecomment-1677205609,4,['test'],"['test', 'testReport', 'tests']"
Testability,Build failed on ROOT-ubuntu2004/python3.; Running on root-ubuntu-2004-3.cern.ch:/home/sftnight/build/workspace/root-pullrequests-build; [See console output](https://lcgapp-services.cern.ch/root-jenkins/job/root-pullrequests-build/182246/console).; ### Failing tests:; - [projectroot.gui.webdisplay.test.test_webgui_ping](https://lcgapp-services.cern.ch/root-jenkins/job/root-pullrequests-build/182246/testReport/projectroot.gui.webdisplay/test/test_webgui_ping/),MatchSource.ISSUE_COMMENT,root-project,root,v6-32-06,https://github.com/root-project/root/pull/13419#issuecomment-1677258012:260,test,tests,260,https://root.cern,https://github.com/root-project/root/pull/13419#issuecomment-1677258012,4,['test'],"['test', 'testReport', 'tests']"
Testability,Build failed on ROOT-ubuntu2004/python3.; Running on root-ubuntu-2004-3.cern.ch:/home/sftnight/build/workspace/root-pullrequests-build; [See console output](https://lcgapp-services.cern.ch/root-jenkins/job/root-pullrequests-build/182264/console).; ### Failing tests:; - [projectroot.gui.webdisplay.test.test_webgui_ping](https://lcgapp-services.cern.ch/root-jenkins/job/root-pullrequests-build/182264/testReport/projectroot.gui.webdisplay/test/test_webgui_ping/),MatchSource.ISSUE_COMMENT,root-project,root,v6-32-06,https://github.com/root-project/root/pull/13448#issuecomment-1677354421:260,test,tests,260,https://root.cern,https://github.com/root-project/root/pull/13448#issuecomment-1677354421,4,['test'],"['test', 'testReport', 'tests']"
Testability,Build failed on ROOT-ubuntu2004/python3.; Running on root-ubuntu-2004-3.cern.ch:/home/sftnight/build/workspace/root-pullrequests-build; [See console output](https://lcgapp-services.cern.ch/root-jenkins/job/root-pullrequests-build/182288/console).; ### Failing tests:; - [projectroot.gui.webdisplay.test.test_webgui_ping](https://lcgapp-services.cern.ch/root-jenkins/job/root-pullrequests-build/182288/testReport/projectroot.gui.webdisplay/test/test_webgui_ping/),MatchSource.ISSUE_COMMENT,root-project,root,v6-32-06,https://github.com/root-project/root/pull/13451#issuecomment-1677996500:260,test,tests,260,https://root.cern,https://github.com/root-project/root/pull/13451#issuecomment-1677996500,4,['test'],"['test', 'testReport', 'tests']"
Testability,Build failed on ROOT-ubuntu2004/python3.; Running on root-ubuntu-2004-3.cern.ch:/home/sftnight/build/workspace/root-pullrequests-build; [See console output](https://lcgapp-services.cern.ch/root-jenkins/job/root-pullrequests-build/182294/console).; ### Failing tests:; - [projectroot.gui.webdisplay.test.test_webgui_ping](https://lcgapp-services.cern.ch/root-jenkins/job/root-pullrequests-build/182294/testReport/projectroot.gui.webdisplay/test/test_webgui_ping/),MatchSource.ISSUE_COMMENT,root-project,root,v6-32-06,https://github.com/root-project/root/pull/13452#issuecomment-1678039751:260,test,tests,260,https://root.cern,https://github.com/root-project/root/pull/13452#issuecomment-1678039751,4,['test'],"['test', 'testReport', 'tests']"
Testability,Build failed on ROOT-ubuntu2004/python3.; Running on root-ubuntu-2004-3.cern.ch:/home/sftnight/build/workspace/root-pullrequests-build; [See console output](https://lcgapp-services.cern.ch/root-jenkins/job/root-pullrequests-build/182300/console).; ### Failing tests:; - [projectroot.gui.webdisplay.test.test_webgui_ping](https://lcgapp-services.cern.ch/root-jenkins/job/root-pullrequests-build/182300/testReport/projectroot.gui.webdisplay/test/test_webgui_ping/),MatchSource.ISSUE_COMMENT,root-project,root,v6-32-06,https://github.com/root-project/root/pull/13451#issuecomment-1678112407:260,test,tests,260,https://root.cern,https://github.com/root-project/root/pull/13451#issuecomment-1678112407,4,['test'],"['test', 'testReport', 'tests']"
Testability,Build failed on ROOT-ubuntu2004/python3.; Running on root-ubuntu-2004-3.cern.ch:/home/sftnight/build/workspace/root-pullrequests-build; [See console output](https://lcgapp-services.cern.ch/root-jenkins/job/root-pullrequests-build/182348/console).; ### Failing tests:; - [projectroot.gui.webdisplay.test.test_webgui_ping](https://lcgapp-services.cern.ch/root-jenkins/job/root-pullrequests-build/182348/testReport/projectroot.gui.webdisplay/test/test_webgui_ping/),MatchSource.ISSUE_COMMENT,root-project,root,v6-32-06,https://github.com/root-project/root/pull/13452#issuecomment-1678730792:260,test,tests,260,https://root.cern,https://github.com/root-project/root/pull/13452#issuecomment-1678730792,4,['test'],"['test', 'testReport', 'tests']"
Testability,Build failed on ROOT-ubuntu2004/python3.; Running on root-ubuntu-2004-3.cern.ch:/home/sftnight/build/workspace/root-pullrequests-build; [See console output](https://lcgapp-services.cern.ch/root-jenkins/job/root-pullrequests-build/182423/console).; ### Failing tests:; - [projectroot.roottest.python.distrdf.dask.roottest_python_distrdf_dask_test_all](https://lcgapp-services.cern.ch/root-jenkins/job/root-pullrequests-build/182423/testReport/projectroot.roottest.python.distrdf/dask/roottest_python_distrdf_dask_test_all/),MatchSource.ISSUE_COMMENT,root-project,root,v6-32-06,https://github.com/root-project/root/pull/13460#issuecomment-1680355890:260,test,tests,260,https://root.cern,https://github.com/root-project/root/pull/13460#issuecomment-1680355890,2,['test'],"['testReport', 'tests']"
Testability,Build failed on ROOT-ubuntu2004/python3.; Running on root-ubuntu-2004-3.cern.ch:/home/sftnight/build/workspace/root-pullrequests-build; [See console output](https://lcgapp-services.cern.ch/root-jenkins/job/root-pullrequests-build/182533/console).; ### Failing tests:; - [projectroot.roottest.python.distrdf.dask.roottest_python_distrdf_dask_test_all](https://lcgapp-services.cern.ch/root-jenkins/job/root-pullrequests-build/182533/testReport/projectroot.roottest.python.distrdf/dask/roottest_python_distrdf_dask_test_all/),MatchSource.ISSUE_COMMENT,root-project,root,v6-32-06,https://github.com/root-project/root/pull/13472#issuecomment-1682158518:260,test,tests,260,https://root.cern,https://github.com/root-project/root/pull/13472#issuecomment-1682158518,2,['test'],"['testReport', 'tests']"
Testability,Build failed on ROOT-ubuntu2004/python3.; Running on root-ubuntu-2004-3.cern.ch:/home/sftnight/build/workspace/root-pullrequests-build; [See console output](https://lcgapp-services.cern.ch/root-jenkins/job/root-pullrequests-build/182593/console).; ### Failing tests:; - [projectroot.roottest.python.distrdf.dask.roottest_python_distrdf_dask_test_all](https://lcgapp-services.cern.ch/root-jenkins/job/root-pullrequests-build/182593/testReport/projectroot.roottest.python.distrdf/dask/roottest_python_distrdf_dask_test_all/); - [projectroot.roottest.root.core.recursive.roottest_root_core_recursive_recursivewarning](https://lcgapp-services.cern.ch/root-jenkins/job/root-pullrequests-build/182593/testReport/projectroot.roottest.root.core/recursive/roottest_root_core_recursive_recursivewarning/),MatchSource.ISSUE_COMMENT,root-project,root,v6-32-06,https://github.com/root-project/root/pull/13478#issuecomment-1682531639:260,test,tests,260,https://root.cern,https://github.com/root-project/root/pull/13478#issuecomment-1682531639,3,['test'],"['testReport', 'tests']"
Testability,Build failed on ROOT-ubuntu2004/python3.; Running on root-ubuntu-2004-3.cern.ch:/home/sftnight/build/workspace/root-pullrequests-build; [See console output](https://lcgapp-services.cern.ch/root-jenkins/job/root-pullrequests-build/182731/console).; ### Failing tests:; - [projectroot.roottest.root.core.recursive.roottest_root_core_recursive_recursivewarning](https://lcgapp-services.cern.ch/root-jenkins/job/root-pullrequests-build/182731/testReport/projectroot.roottest.root.core/recursive/roottest_root_core_recursive_recursivewarning/),MatchSource.ISSUE_COMMENT,root-project,root,v6-32-06,https://github.com/root-project/root/pull/13478#issuecomment-1683956277:260,test,tests,260,https://root.cern,https://github.com/root-project/root/pull/13478#issuecomment-1683956277,2,['test'],"['testReport', 'tests']"
Testability,Build failed on ROOT-ubuntu2004/python3.; Running on root-ubuntu-2004-3.cern.ch:/home/sftnight/build/workspace/root-pullrequests-build; [See console output](https://lcgapp-services.cern.ch/root-jenkins/job/root-pullrequests-build/182798/console).; ### Failing tests:; - [projectroot.roottest.python.distrdf.dask.roottest_python_distrdf_dask_test_all](https://lcgapp-services.cern.ch/root-jenkins/job/root-pullrequests-build/182798/testReport/projectroot.roottest.python.distrdf/dask/roottest_python_distrdf_dask_test_all/),MatchSource.ISSUE_COMMENT,root-project,root,v6-32-06,https://github.com/root-project/root/pull/13488#issuecomment-1684918827:260,test,tests,260,https://root.cern,https://github.com/root-project/root/pull/13488#issuecomment-1684918827,2,['test'],"['testReport', 'tests']"
Testability,Build failed on ROOT-ubuntu2004/python3.; Running on root-ubuntu-2004-3.cern.ch:/home/sftnight/build/workspace/root-pullrequests-build; [See console output](https://lcgapp-services.cern.ch/root-jenkins/job/root-pullrequests-build/183098/console).; ### Failing tests:; - [projectroot.roofit.roofitcore.test.gtest_roofit_roofitcore_test_testLikelihoodSerial](https://lcgapp-services.cern.ch/root-jenkins/job/root-pullrequests-build/183098/testReport/projectroot.roofit.roofitcore/test/gtest_roofit_roofitcore_test_testLikelihoodSerial/); - [projectroot.roofit.roofitcore.test.gtest_roofit_roofitcore_test_testLikelihoodJob](https://lcgapp-services.cern.ch/root-jenkins/job/root-pullrequests-build/183098/testReport/projectroot.roofit.roofitcore/test/gtest_roofit_roofitcore_test_testLikelihoodJob/),MatchSource.ISSUE_COMMENT,root-project,root,v6-32-06,https://github.com/root-project/root/pull/13518#issuecomment-1690150415:260,test,tests,260,https://root.cern,https://github.com/root-project/root/pull/13518#issuecomment-1690150415,7,['test'],"['test', 'testReport', 'tests']"
Testability,Build failed on ROOT-ubuntu2004/python3.; Running on root-ubuntu-2004-3.cern.ch:/home/sftnight/build/workspace/root-pullrequests-build; [See console output](https://lcgapp-services.cern.ch/root-jenkins/job/root-pullrequests-build/183214/console).; ### Errors:; - [2023-08-24T14:58:28.233Z] FAILED: tmva/sofie/test/CMakeFiles/SofieCompileModels_ONNX.util,MatchSource.ISSUE_COMMENT,root-project,root,v6-32-06,https://github.com/root-project/root/pull/13526#issuecomment-1691846998:309,test,test,309,https://root.cern,https://github.com/root-project/root/pull/13526#issuecomment-1691846998,1,['test'],['test']
Testability,Build failed on ROOT-ubuntu2004/python3.; Running on root-ubuntu-2004-3.cern.ch:/home/sftnight/build/workspace/root-pullrequests-build; [See console output](https://lcgapp-services.cern.ch/root-jenkins/job/root-pullrequests-build/183317/console).; ### Failing tests:; - [projectroot.roottest.python.distrdf.dask.roottest_python_distrdf_dask_test_all](https://lcgapp-services.cern.ch/root-jenkins/job/root-pullrequests-build/183317/testReport/projectroot.roottest.python.distrdf/dask/roottest_python_distrdf_dask_test_all/),MatchSource.ISSUE_COMMENT,root-project,root,v6-32-06,https://github.com/root-project/root/pull/13542#issuecomment-1693511300:260,test,tests,260,https://root.cern,https://github.com/root-project/root/pull/13542#issuecomment-1693511300,2,['test'],"['testReport', 'tests']"
Testability,Build failed on ROOT-ubuntu2004/python3.; Running on root-ubuntu-2004-3.cern.ch:/home/sftnight/build/workspace/root-pullrequests-build; [See console output](https://lcgapp-services.cern.ch/root-jenkins/job/root-pullrequests-build/183335/console).; ### Failing tests:; - [projectroot.roottest.python.distrdf.common.roottest_python_distrdf_common_test_all](https://lcgapp-services.cern.ch/root-jenkins/job/root-pullrequests-build/183335/testReport/projectroot.roottest.python.distrdf/common/roottest_python_distrdf_common_test_all/); - [projectroot.tmva.sofie.test.gtest_tmva_sofie_test_TestSofieModels](https://lcgapp-services.cern.ch/root-jenkins/job/root-pullrequests-build/183335/testReport/projectroot.tmva.sofie/test/gtest_tmva_sofie_test_TestSofieModels/),MatchSource.ISSUE_COMMENT,root-project,root,v6-32-06,https://github.com/root-project/root/pull/13302#issuecomment-1693616905:260,test,tests,260,https://root.cern,https://github.com/root-project/root/pull/13302#issuecomment-1693616905,5,['test'],"['test', 'testReport', 'tests']"
Testability,Build failed on ROOT-ubuntu2004/python3.; Running on root-ubuntu-2004-3.cern.ch:/home/sftnight/build/workspace/root-pullrequests-build; [See console output](https://lcgapp-services.cern.ch/root-jenkins/job/root-pullrequests-build/183353/console).; ### Failing tests:; - [projectroot.tree.dataframe.test.gtest_tree_dataframe_test_dataframe_helpers](https://lcgapp-services.cern.ch/root-jenkins/job/root-pullrequests-build/183353/testReport/projectroot.tree.dataframe/test/gtest_tree_dataframe_test_dataframe_helpers/),MatchSource.ISSUE_COMMENT,root-project,root,v6-32-06,https://github.com/root-project/root/pull/13546#issuecomment-1693724226:260,test,tests,260,https://root.cern,https://github.com/root-project/root/pull/13546#issuecomment-1693724226,4,['test'],"['test', 'testReport', 'tests']"
Testability,Build failed on ROOT-ubuntu2004/python3.; Running on root-ubuntu-2004-3.cern.ch:/home/sftnight/build/workspace/root-pullrequests-build; [See console output](https://lcgapp-services.cern.ch/root-jenkins/job/root-pullrequests-build/183545/console).; ### Failing tests:; - [projectroot.roottest.python.distrdf.dask.roottest_python_distrdf_dask_test_all](https://lcgapp-services.cern.ch/root-jenkins/job/root-pullrequests-build/183545/testReport/projectroot.roottest.python.distrdf/dask/roottest_python_distrdf_dask_test_all/); - [projectroot.test.test_stressgraphics_interpreted](https://lcgapp-services.cern.ch/root-jenkins/job/root-pullrequests-build/183545/testReport/projectroot/test/test_stressgraphics_interpreted/),MatchSource.ISSUE_COMMENT,root-project,root,v6-32-06,https://github.com/root-project/root/pull/13564#issuecomment-1697668797:260,test,tests,260,https://root.cern,https://github.com/root-project/root/pull/13564#issuecomment-1697668797,5,['test'],"['test', 'testReport', 'tests']"
Testability,Build failed on ROOT-ubuntu2004/python3.; Running on root-ubuntu-2004-3.cern.ch:/home/sftnight/build/workspace/root-pullrequests-build; [See console output](https://lcgapp-services.cern.ch/root-jenkins/job/root-pullrequests-build/183653/console).; ### Failing tests:; - [projectroot.roofit.histfactory.test.gtest_roofit_histfactory_test_testHistFactory](https://lcgapp-services.cern.ch/root-jenkins/job/root-pullrequests-build/183653/testReport/projectroot.roofit.histfactory/test/gtest_roofit_histfactory_test_testHistFactory/); - [projectroot.test.test_stressgraphics_interpreted](https://lcgapp-services.cern.ch/root-jenkins/job/root-pullrequests-build/183653/testReport/projectroot/test/test_stressgraphics_interpreted/),MatchSource.ISSUE_COMMENT,root-project,root,v6-32-06,https://github.com/root-project/root/pull/13483#issuecomment-1699288468:260,test,tests,260,https://root.cern,https://github.com/root-project/root/pull/13483#issuecomment-1699288468,7,['test'],"['test', 'testReport', 'tests']"
Testability,Build failed on ROOT-ubuntu2004/python3.; Running on root-ubuntu-2004-3.cern.ch:/home/sftnight/build/workspace/root-pullrequests-build; [See console output](https://lcgapp-services.cern.ch/root-jenkins/job/root-pullrequests-build/183665/console).; ### Failing tests:; - [projectroot.test.test_stressgraphics_interpreted](https://lcgapp-services.cern.ch/root-jenkins/job/root-pullrequests-build/183665/testReport/projectroot/test/test_stressgraphics_interpreted/),MatchSource.ISSUE_COMMENT,root-project,root,v6-32-06,https://github.com/root-project/root/pull/13519#issuecomment-1699404708:260,test,tests,260,https://root.cern,https://github.com/root-project/root/pull/13519#issuecomment-1699404708,4,['test'],"['test', 'testReport', 'tests']"
Testability,Build failed on ROOT-ubuntu2004/python3.; Running on root-ubuntu-2004-3.cern.ch:/home/sftnight/build/workspace/root-pullrequests-build; [See console output](https://lcgapp-services.cern.ch/root-jenkins/job/root-pullrequests-build/183708/console).; ### Failing tests:; - [projectroot.test.test_stressgraphics_interpreted](https://lcgapp-services.cern.ch/root-jenkins/job/root-pullrequests-build/183708/testReport/projectroot/test/test_stressgraphics_interpreted/),MatchSource.ISSUE_COMMENT,root-project,root,v6-32-06,https://github.com/root-project/root/pull/11208#issuecomment-1699946915:260,test,tests,260,https://root.cern,https://github.com/root-project/root/pull/11208#issuecomment-1699946915,4,['test'],"['test', 'testReport', 'tests']"
Testability,Build failed on ROOT-ubuntu2004/python3.; Running on root-ubuntu-2004-3.cern.ch:/home/sftnight/build/workspace/root-pullrequests-build; [See console output](https://lcgapp-services.cern.ch/root-jenkins/job/root-pullrequests-build/183744/console).; ### Failing tests:; - [projectroot.test.test_stressgraphics_interpreted](https://lcgapp-services.cern.ch/root-jenkins/job/root-pullrequests-build/183744/testReport/projectroot/test/test_stressgraphics_interpreted/),MatchSource.ISSUE_COMMENT,root-project,root,v6-32-06,https://github.com/root-project/root/pull/13575#issuecomment-1701024951:260,test,tests,260,https://root.cern,https://github.com/root-project/root/pull/13575#issuecomment-1701024951,4,['test'],"['test', 'testReport', 'tests']"
Testability,Build failed on ROOT-ubuntu2004/python3.; Running on root-ubuntu-2004-3.cern.ch:/home/sftnight/build/workspace/root-pullrequests-build; [See console output](https://lcgapp-services.cern.ch/root-jenkins/job/root-pullrequests-build/183795/console).; ### Failing tests:; - [projectroot.test.test_stressgraphics_interpreted](https://lcgapp-services.cern.ch/root-jenkins/job/root-pullrequests-build/183795/testReport/projectroot/test/test_stressgraphics_interpreted/),MatchSource.ISSUE_COMMENT,root-project,root,v6-32-06,https://github.com/root-project/root/pull/11256#issuecomment-1702576364:260,test,tests,260,https://root.cern,https://github.com/root-project/root/pull/11256#issuecomment-1702576364,4,['test'],"['test', 'testReport', 'tests']"
Testability,Build failed on ROOT-ubuntu2004/python3.; Running on root-ubuntu-2004-3.cern.ch:/home/sftnight/build/workspace/root-pullrequests-build; [See console output](https://lcgapp-services.cern.ch/root-jenkins/job/root-pullrequests-build/183837/console).; ### Failing tests:; - [projectroot.test.test_stressgraphics_interpreted](https://lcgapp-services.cern.ch/root-jenkins/job/root-pullrequests-build/183837/testReport/projectroot/test/test_stressgraphics_interpreted/),MatchSource.ISSUE_COMMENT,root-project,root,v6-32-06,https://github.com/root-project/root/pull/13584#issuecomment-1702676723:260,test,tests,260,https://root.cern,https://github.com/root-project/root/pull/13584#issuecomment-1702676723,4,['test'],"['test', 'testReport', 'tests']"
Testability,Build failed on ROOT-ubuntu2004/python3.; Running on root-ubuntu-2004-3.cern.ch:/home/sftnight/build/workspace/root-pullrequests-build; [See console output](https://lcgapp-services.cern.ch/root-jenkins/job/root-pullrequests-build/183843/console).; ### Failing tests:; - [projectroot.test.test_stressgraphics_interpreted](https://lcgapp-services.cern.ch/root-jenkins/job/root-pullrequests-build/183843/testReport/projectroot/test/test_stressgraphics_interpreted/),MatchSource.ISSUE_COMMENT,root-project,root,v6-32-06,https://github.com/root-project/root/pull/13580#issuecomment-1702750746:260,test,tests,260,https://root.cern,https://github.com/root-project/root/pull/13580#issuecomment-1702750746,4,['test'],"['test', 'testReport', 'tests']"
Testability,Build failed on ROOT-ubuntu2004/python3.; Running on root-ubuntu-2004-3.cern.ch:/home/sftnight/build/workspace/root-pullrequests-build; [See console output](https://lcgapp-services.cern.ch/root-jenkins/job/root-pullrequests-build/183862/console).; ### Failing tests:; - [projectroot.test.test_stressgraphics_interpreted](https://lcgapp-services.cern.ch/root-jenkins/job/root-pullrequests-build/183862/testReport/projectroot/test/test_stressgraphics_interpreted/),MatchSource.ISSUE_COMMENT,root-project,root,v6-32-06,https://github.com/root-project/root/pull/13585#issuecomment-1702836615:260,test,tests,260,https://root.cern,https://github.com/root-project/root/pull/13585#issuecomment-1702836615,4,['test'],"['test', 'testReport', 'tests']"
Testability,Build failed on ROOT-ubuntu2004/python3.; Running on root-ubuntu-2004-3.cern.ch:/home/sftnight/build/workspace/root-pullrequests-build; [See console output](https://lcgapp-services.cern.ch/root-jenkins/job/root-pullrequests-build/183892/console).; ### Failing tests:; - [projectroot.tree.ntuple.v7.test.gtest_tree_ntuple_v7_test_rfield_vector](https://lcgapp-services.cern.ch/root-jenkins/job/root-pullrequests-build/183892/testReport/projectroot.tree.ntuple.v7/test/gtest_tree_ntuple_v7_test_rfield_vector/),MatchSource.ISSUE_COMMENT,root-project,root,v6-32-06,https://github.com/root-project/root/pull/13590#issuecomment-1703942220:260,test,tests,260,https://root.cern,https://github.com/root-project/root/pull/13590#issuecomment-1703942220,4,['test'],"['test', 'testReport', 'tests']"
Testability,Build failed on ROOT-ubuntu2004/python3.; Running on root-ubuntu-2004-3.cern.ch:/home/sftnight/build/workspace/root-pullrequests-build; [See console output](https://lcgapp-services.cern.ch/root-jenkins/job/root-pullrequests-build/184144/console).; ### Failing tests:; - [projectroot.roottest.python.cling.roottest_python_cling_cling](https://lcgapp-services.cern.ch/root-jenkins/job/root-pullrequests-build/184144/testReport/projectroot.roottest.python/cling/roottest_python_cling_cling/),MatchSource.ISSUE_COMMENT,root-project,root,v6-32-06,https://github.com/root-project/root/pull/13606#issuecomment-1707016415:260,test,tests,260,https://root.cern,https://github.com/root-project/root/pull/13606#issuecomment-1707016415,2,['test'],"['testReport', 'tests']"
Testability,Build failed on ROOT-ubuntu2004/python3.; Running on root-ubuntu-2004-3.cern.ch:/home/sftnight/build/workspace/root-pullrequests-build; [See console output](https://lcgapp-services.cern.ch/root-jenkins/job/root-pullrequests-build/184264/console).; ### Failing tests:; - [projectroot.roottest.cling.staticinit.roottest_cling_staticinit_ROOT_7775](https://lcgapp-services.cern.ch/root-jenkins/job/root-pullrequests-build/184264/testReport/projectroot.roottest.cling/staticinit/roottest_cling_staticinit_ROOT_7775/),MatchSource.ISSUE_COMMENT,root-project,root,v6-32-06,https://github.com/root-project/root/pull/13614#issuecomment-1708119416:260,test,tests,260,https://root.cern,https://github.com/root-project/root/pull/13614#issuecomment-1708119416,2,['test'],"['testReport', 'tests']"
Testability,Build failed on ROOT-ubuntu2004/python3.; Running on root-ubuntu-2004-3.cern.ch:/home/sftnight/build/workspace/root-pullrequests-build; [See console output](https://lcgapp-services.cern.ch/root-jenkins/job/root-pullrequests-build/184316/console).; ### Failing tests:; - [projectroot.tmva.pymva.test.gtest_tmva_pymva_test_TestRModelParserKeras](https://lcgapp-services.cern.ch/root-jenkins/job/root-pullrequests-build/184316/testReport/projectroot.tmva.pymva/test/gtest_tmva_pymva_test_TestRModelParserKeras/); - [projectroot.tmva.tmva.test.crossvalidation.TMVA_CrossValidation_Serialise](https://lcgapp-services.cern.ch/root-jenkins/job/root-pullrequests-build/184316/testReport/projectroot.tmva.tmva.test/crossvalidation/TMVA_CrossValidation_Serialise/); - [projectroot.tmva.tmva.test.envelope.gtest_tmva_tmva_test_envelope_TMVA_Classification](https://lcgapp-services.cern.ch/root-jenkins/job/root-pullrequests-build/184316/testReport/projectroot.tmva.tmva.test/envelope/gtest_tmva_tmva_test_envelope_TMVA_Classification/),MatchSource.ISSUE_COMMENT,root-project,root,v6-32-06,https://github.com/root-project/root/pull/13571#issuecomment-1708587630:260,test,tests,260,https://root.cern,https://github.com/root-project/root/pull/13571#issuecomment-1708587630,10,['test'],"['test', 'testReport', 'tests']"
Testability,Build failed on ROOT-ubuntu2004/python3.; Running on root-ubuntu-2004-3.cern.ch:/home/sftnight/build/workspace/root-pullrequests-build; [See console output](https://lcgapp-services.cern.ch/root-jenkins/job/root-pullrequests-build/184322/console).; ### Failing tests:; - [projectroot.tmva.pymva.test.gtest_tmva_pymva_test_TestRModelParserKeras](https://lcgapp-services.cern.ch/root-jenkins/job/root-pullrequests-build/184322/testReport/projectroot.tmva.pymva/test/gtest_tmva_pymva_test_TestRModelParserKeras/); - [projectroot.bindings.pyroot.pythonizations.test.pyunittests_pyroot_pyz_pretty_printing](https://lcgapp-services.cern.ch/root-jenkins/job/root-pullrequests-build/184322/testReport/projectroot.bindings.pyroot.pythonizations/test/pyunittests_pyroot_pyz_pretty_printing/); - [projectroot.roottest.root.meta.naming.roottest_root_meta_naming_execParamPack_auto](https://lcgapp-services.cern.ch/root-jenkins/job/root-pullrequests-build/184322/testReport/projectroot.roottest.root.meta/naming/roottest_root_meta_naming_execParamPack_auto/); - [projectroot.tmva.tmva.test.crossvalidation.TMVA_CrossValidation_Serialise](https://lcgapp-services.cern.ch/root-jenkins/job/root-pullrequests-build/184322/testReport/projectroot.tmva.tmva.test/crossvalidation/TMVA_CrossValidation_Serialise/); - [projectroot.tmva.tmva.test.envelope.gtest_tmva_tmva_test_envelope_TMVA_Classification](https://lcgapp-services.cern.ch/root-jenkins/job/root-pullrequests-build/184322/testReport/projectroot.tmva.tmva.test/envelope/gtest_tmva_tmva_test_envelope_TMVA_Classification/),MatchSource.ISSUE_COMMENT,root-project,root,v6-32-06,https://github.com/root-project/root/pull/13619#issuecomment-1708657686:260,test,tests,260,https://root.cern,https://github.com/root-project/root/pull/13619#issuecomment-1708657686,14,['test'],"['test', 'testReport', 'tests']"
Testability,Build failed on ROOT-ubuntu2004/python3.; Running on root-ubuntu-2004-3.cern.ch:/home/sftnight/build/workspace/root-pullrequests-build; [See console output](https://lcgapp-services.cern.ch/root-jenkins/job/root-pullrequests-build/184328/console).; ### Failing tests:; - [projectroot.tmva.pymva.test.gtest_tmva_pymva_test_TestRModelParserKeras](https://lcgapp-services.cern.ch/root-jenkins/job/root-pullrequests-build/184328/testReport/projectroot.tmva.pymva/test/gtest_tmva_pymva_test_TestRModelParserKeras/); - [projectroot.tmva.tmva.test.crossvalidation.TMVA_CrossValidation_Serialise](https://lcgapp-services.cern.ch/root-jenkins/job/root-pullrequests-build/184328/testReport/projectroot.tmva.tmva.test/crossvalidation/TMVA_CrossValidation_Serialise/); - [projectroot.tmva.tmva.test.envelope.gtest_tmva_tmva_test_envelope_TMVA_Classification](https://lcgapp-services.cern.ch/root-jenkins/job/root-pullrequests-build/184328/testReport/projectroot.tmva.tmva.test/envelope/gtest_tmva_tmva_test_envelope_TMVA_Classification/),MatchSource.ISSUE_COMMENT,root-project,root,v6-32-06,https://github.com/root-project/root/pull/13546#issuecomment-1708720384:260,test,tests,260,https://root.cern,https://github.com/root-project/root/pull/13546#issuecomment-1708720384,10,['test'],"['test', 'testReport', 'tests']"
Testability,Build failed on ROOT-ubuntu2004/python3.; Running on root-ubuntu-2004-3.cern.ch:/home/sftnight/build/workspace/root-pullrequests-build; [See console output](https://lcgapp-services.cern.ch/root-jenkins/job/root-pullrequests-build/184334/console).; ### Failing tests:; - [projectroot.tmva.pymva.test.gtest_tmva_pymva_test_TestRModelParserKeras](https://lcgapp-services.cern.ch/root-jenkins/job/root-pullrequests-build/184334/testReport/projectroot.tmva.pymva/test/gtest_tmva_pymva_test_TestRModelParserKeras/); - [projectroot.tmva.tmva.test.crossvalidation.TMVA_CrossValidation_Serialise](https://lcgapp-services.cern.ch/root-jenkins/job/root-pullrequests-build/184334/testReport/projectroot.tmva.tmva.test/crossvalidation/TMVA_CrossValidation_Serialise/); - [projectroot.tmva.tmva.test.envelope.gtest_tmva_tmva_test_envelope_TMVA_Classification](https://lcgapp-services.cern.ch/root-jenkins/job/root-pullrequests-build/184334/testReport/projectroot.tmva.tmva.test/envelope/gtest_tmva_tmva_test_envelope_TMVA_Classification/),MatchSource.ISSUE_COMMENT,root-project,root,v6-32-06,https://github.com/root-project/root/pull/13609#issuecomment-1708781936:260,test,tests,260,https://root.cern,https://github.com/root-project/root/pull/13609#issuecomment-1708781936,10,['test'],"['test', 'testReport', 'tests']"
Testability,Build failed on ROOT-ubuntu2004/python3.; Running on root-ubuntu-2004-3.cern.ch:/home/sftnight/build/workspace/root-pullrequests-build; [See console output](https://lcgapp-services.cern.ch/root-jenkins/job/root-pullrequests-build/184346/console).; ### Failing tests:; - [projectroot.tmva.pymva.test.gtest_tmva_pymva_test_TestRModelParserKeras](https://lcgapp-services.cern.ch/root-jenkins/job/root-pullrequests-build/184346/testReport/projectroot.tmva.pymva/test/gtest_tmva_pymva_test_TestRModelParserKeras/); - [projectroot.tmva.tmva.test.crossvalidation.TMVA_CrossValidation_Serialise](https://lcgapp-services.cern.ch/root-jenkins/job/root-pullrequests-build/184346/testReport/projectroot.tmva.tmva.test/crossvalidation/TMVA_CrossValidation_Serialise/); - [projectroot.tmva.tmva.test.envelope.gtest_tmva_tmva_test_envelope_TMVA_Classification](https://lcgapp-services.cern.ch/root-jenkins/job/root-pullrequests-build/184346/testReport/projectroot.tmva.tmva.test/envelope/gtest_tmva_tmva_test_envelope_TMVA_Classification/),MatchSource.ISSUE_COMMENT,root-project,root,v6-32-06,https://github.com/root-project/root/pull/13621#issuecomment-1708834810:260,test,tests,260,https://root.cern,https://github.com/root-project/root/pull/13621#issuecomment-1708834810,10,['test'],"['test', 'testReport', 'tests']"
Testability,Build failed on ROOT-ubuntu2004/python3.; Running on root-ubuntu-2004-3.cern.ch:/home/sftnight/build/workspace/root-pullrequests-build; [See console output](https://lcgapp-services.cern.ch/root-jenkins/job/root-pullrequests-build/184352/console).; ### Failing tests:; - [projectroot.tmva.pymva.test.gtest_tmva_pymva_test_TestRModelParserKeras](https://lcgapp-services.cern.ch/root-jenkins/job/root-pullrequests-build/184352/testReport/projectroot.tmva.pymva/test/gtest_tmva_pymva_test_TestRModelParserKeras/); - [projectroot.tmva.tmva.test.crossvalidation.TMVA_CrossValidation_Serialise](https://lcgapp-services.cern.ch/root-jenkins/job/root-pullrequests-build/184352/testReport/projectroot.tmva.tmva.test/crossvalidation/TMVA_CrossValidation_Serialise/); - [projectroot.tmva.tmva.test.envelope.gtest_tmva_tmva_test_envelope_TMVA_Classification](https://lcgapp-services.cern.ch/root-jenkins/job/root-pullrequests-build/184352/testReport/projectroot.tmva.tmva.test/envelope/gtest_tmva_tmva_test_envelope_TMVA_Classification/),MatchSource.ISSUE_COMMENT,root-project,root,v6-32-06,https://github.com/root-project/root/pull/13571#issuecomment-1709892884:260,test,tests,260,https://root.cern,https://github.com/root-project/root/pull/13571#issuecomment-1709892884,10,['test'],"['test', 'testReport', 'tests']"
Testability,Build failed on ROOT-ubuntu2004/python3.; Running on root-ubuntu-2004-3.cern.ch:/home/sftnight/build/workspace/root-pullrequests-build; [See console output](https://lcgapp-services.cern.ch/root-jenkins/job/root-pullrequests-build/184356/console).; ### Failing tests:; - [projectroot.roottest.python.distrdf.dask.roottest_python_distrdf_dask_test_all](https://lcgapp-services.cern.ch/root-jenkins/job/root-pullrequests-build/184356/testReport/projectroot.roottest.python.distrdf/dask/roottest_python_distrdf_dask_test_all/),MatchSource.ISSUE_COMMENT,root-project,root,v6-32-06,https://github.com/root-project/root/pull/13622#issuecomment-1710104829:260,test,tests,260,https://root.cern,https://github.com/root-project/root/pull/13622#issuecomment-1710104829,2,['test'],"['testReport', 'tests']"
Testability,Build failed on ROOT-ubuntu2004/python3.; Running on root-ubuntu-2004-3.cern.ch:/home/sftnight/build/workspace/root-pullrequests-build; [See console output](https://lcgapp-services.cern.ch/root-jenkins/job/root-pullrequests-build/184401/console).; ### Failing tests:; - [projectroot.bindings.pyroot.pythonizations.test.pyunittests_pyroot_pyz_pretty_printing](https://lcgapp-services.cern.ch/root-jenkins/job/root-pullrequests-build/184401/testReport/projectroot.bindings.pyroot.pythonizations/test/pyunittests_pyroot_pyz_pretty_printing/); - [projectroot.roottest.root.meta.naming.roottest_root_meta_naming_execParamPack_auto](https://lcgapp-services.cern.ch/root-jenkins/job/root-pullrequests-build/184401/testReport/projectroot.roottest.root.meta/naming/roottest_root_meta_naming_execParamPack_auto/),MatchSource.ISSUE_COMMENT,root-project,root,v6-32-06,https://github.com/root-project/root/pull/13619#issuecomment-1710709460:260,test,tests,260,https://root.cern,https://github.com/root-project/root/pull/13619#issuecomment-1710709460,5,['test'],"['test', 'testReport', 'tests']"
Testability,Build failed on ROOT-ubuntu2004/python3.; Running on root-ubuntu-2004-3.cern.ch:/home/sftnight/build/workspace/root-pullrequests-build; [See console output](https://lcgapp-services.cern.ch/root-jenkins/job/root-pullrequests-build/184441/console).; ### Failing tests:; - [projectroot.bindings.pyroot.pythonizations.test.pyunittests_pyroot_pyz_pretty_printing](https://lcgapp-services.cern.ch/root-jenkins/job/root-pullrequests-build/184441/testReport/projectroot.bindings.pyroot.pythonizations/test/pyunittests_pyroot_pyz_pretty_printing/); - [projectroot.roottest.root.meta.naming.roottest_root_meta_naming_execParamPack_auto](https://lcgapp-services.cern.ch/root-jenkins/job/root-pullrequests-build/184441/testReport/projectroot.roottest.root.meta/naming/roottest_root_meta_naming_execParamPack_auto/),MatchSource.ISSUE_COMMENT,root-project,root,v6-32-06,https://github.com/root-project/root/pull/13619#issuecomment-1711616694:260,test,tests,260,https://root.cern,https://github.com/root-project/root/pull/13619#issuecomment-1711616694,5,['test'],"['test', 'testReport', 'tests']"
Testability,Build failed on ROOT-ubuntu2004/python3.; Running on root-ubuntu-2004-3.cern.ch:/home/sftnight/build/workspace/root-pullrequests-build; [See console output](https://lcgapp-services.cern.ch/root-jenkins/job/root-pullrequests-build/184465/console).; ### Failing tests:; - [projectroot.roottest.root.io.directory.roottest_root_io_directory_make](https://lcgapp-services.cern.ch/root-jenkins/job/root-pullrequests-build/184465/testReport/projectroot.roottest.root.io/directory/roottest_root_io_directory_make/),MatchSource.ISSUE_COMMENT,root-project,root,v6-32-06,https://github.com/root-project/root/pull/13275#issuecomment-1711828747:260,test,tests,260,https://root.cern,https://github.com/root-project/root/pull/13275#issuecomment-1711828747,2,['test'],"['testReport', 'tests']"
Testability,Build failed on ROOT-ubuntu2004/python3.; Running on root-ubuntu-2004-3.cern.ch:/home/sftnight/build/workspace/root-pullrequests-build; [See console output](https://lcgapp-services.cern.ch/root-jenkins/job/root-pullrequests-build/184596/console).; ### Failing tests:; - [projectroot.roottest.python.distrdf.dask.roottest_python_distrdf_dask_test_all](https://lcgapp-services.cern.ch/root-jenkins/job/root-pullrequests-build/184596/testReport/projectroot.roottest.python.distrdf/dask/roottest_python_distrdf_dask_test_all/),MatchSource.ISSUE_COMMENT,root-project,root,v6-32-06,https://github.com/root-project/root/pull/13636#issuecomment-1714034853:260,test,tests,260,https://root.cern,https://github.com/root-project/root/pull/13636#issuecomment-1714034853,2,['test'],"['testReport', 'tests']"
Testability,Build failed on ROOT-ubuntu2004/python3.; Running on root-ubuntu-2004-3.cern.ch:/home/sftnight/build/workspace/root-pullrequests-build; [See console output](https://lcgapp-services.cern.ch/root-jenkins/job/root-pullrequests-build/184841/console).; ### Failing tests:; - [projectroot.roottest.python.distrdf.dask.roottest_python_distrdf_dask_test_all](https://lcgapp-services.cern.ch/root-jenkins/job/root-pullrequests-build/184841/testReport/projectroot.roottest.python.distrdf/dask/roottest_python_distrdf_dask_test_all/); - [projectroot.tmva.pymva.test.PyMVA_RandomForest_Classification](https://lcgapp-services.cern.ch/root-jenkins/job/root-pullrequests-build/184841/testReport/projectroot.tmva.pymva/test/PyMVA_RandomForest_Classification/); - [projectroot.tmva.pymva.test.PyMVA_RandomForest_Multiclass](https://lcgapp-services.cern.ch/root-jenkins/job/root-pullrequests-build/184841/testReport/projectroot.tmva.pymva/test/PyMVA_RandomForest_Multiclass/); - [projectroot.tmva.pymva.test.PyMVA_GTB_Classification](https://lcgapp-services.cern.ch/root-jenkins/job/root-pullrequests-build/184841/testReport/projectroot.tmva.pymva/test/PyMVA_GTB_Classification/); - [projectroot.tmva.pymva.test.PyMVA_GTB_Multiclass](https://lcgapp-services.cern.ch/root-jenkins/job/root-pullrequests-build/184841/testReport/projectroot.tmva.pymva/test/PyMVA_GTB_Multiclass/),MatchSource.ISSUE_COMMENT,root-project,root,v6-32-06,https://github.com/root-project/root/pull/13650#issuecomment-1719760193:260,test,tests,260,https://root.cern,https://github.com/root-project/root/pull/13650#issuecomment-1719760193,14,['test'],"['test', 'testReport', 'tests']"
Testability,Build failed on ROOT-ubuntu2004/python3.; Running on root-ubuntu-2004-3.cern.ch:/home/sftnight/build/workspace/root-pullrequests-build; [See console output](https://lcgapp-services.cern.ch/root-jenkins/job/root-pullrequests-build/185001/console).; ### Failing tests:; - [projectroot.tmva.pymva.test.PyMVA_Keras_Regression](https://lcgapp-services.cern.ch/root-jenkins/job/root-pullrequests-build/185001/testReport/projectroot.tmva.pymva/test/PyMVA_Keras_Regression/),MatchSource.ISSUE_COMMENT,root-project,root,v6-32-06,https://github.com/root-project/root/pull/13657#issuecomment-1722526255:260,test,tests,260,https://root.cern,https://github.com/root-project/root/pull/13657#issuecomment-1722526255,4,['test'],"['test', 'testReport', 'tests']"
Testability,Build failed on ROOT-ubuntu2004/python3.; Running on root-ubuntu-2004-3.cern.ch:/home/sftnight/build/workspace/root-pullrequests-build; [See console output](https://lcgapp-services.cern.ch/root-jenkins/job/root-pullrequests-build/185029/console).; ### Failing tests:; - [projectroot.roottest.root.hist.roottest_root_hist_h2root](https://lcgapp-services.cern.ch/root-jenkins/job/root-pullrequests-build/185029/testReport/projectroot.roottest.root/hist/roottest_root_hist_h2root/),MatchSource.ISSUE_COMMENT,root-project,root,v6-32-06,https://github.com/root-project/root/pull/13660#issuecomment-1723274159:260,test,tests,260,https://root.cern,https://github.com/root-project/root/pull/13660#issuecomment-1723274159,2,['test'],"['testReport', 'tests']"
Testability,Build failed on ROOT-ubuntu2004/python3.; Running on root-ubuntu-2004-3.cern.ch:/home/sftnight/build/workspace/root-pullrequests-build; [See console output](https://lcgapp-services.cern.ch/root-jenkins/job/root-pullrequests-build/185039/console).; ### Failing tests:; - [projectroot.roottest.python.distrdf.dask.roottest_python_distrdf_dask_test_all](https://lcgapp-services.cern.ch/root-jenkins/job/root-pullrequests-build/185039/testReport/projectroot.roottest.python.distrdf/dask/roottest_python_distrdf_dask_test_all/); - [projectroot.tmva.pymva.test.PyMVA_Keras_Classification](https://lcgapp-services.cern.ch/root-jenkins/job/root-pullrequests-build/185039/testReport/projectroot.tmva.pymva/test/PyMVA_Keras_Classification/); - [projectroot.tmva.pymva.test.PyMVA_Keras_Multiclass](https://lcgapp-services.cern.ch/root-jenkins/job/root-pullrequests-build/185039/testReport/projectroot.tmva.pymva/test/PyMVA_Keras_Multiclass/); - [projectroot.tmva.pymva.test.PyMVA_Keras_Regression](https://lcgapp-services.cern.ch/root-jenkins/job/root-pullrequests-build/185039/testReport/projectroot.tmva.pymva/test/PyMVA_Keras_Regression/); - [projectroot.tmva.pymva.test.gtest_tmva_pymva_test_TestRModelParserKeras](https://lcgapp-services.cern.ch/root-jenkins/job/root-pullrequests-build/185039/testReport/projectroot.tmva.pymva/test/gtest_tmva_pymva_test_TestRModelParserKeras/),MatchSource.ISSUE_COMMENT,root-project,root,v6-32-06,https://github.com/root-project/root/pull/13614#issuecomment-1723380956:260,test,tests,260,https://root.cern,https://github.com/root-project/root/pull/13614#issuecomment-1723380956,14,['test'],"['test', 'testReport', 'tests']"
Testability,Build failed on ROOT-ubuntu2004/python3.; Running on root-ubuntu-2004-3.cern.ch:/home/sftnight/build/workspace/root-pullrequests-build; [See console output](https://lcgapp-services.cern.ch/root-jenkins/job/root-pullrequests-build/185045/console).; ### Failing tests:; - [projectroot.tmva.pymva.test.PyMVA_Keras_Classification](https://lcgapp-services.cern.ch/root-jenkins/job/root-pullrequests-build/185045/testReport/projectroot.tmva.pymva/test/PyMVA_Keras_Classification/); - [projectroot.tmva.pymva.test.PyMVA_Keras_Regression](https://lcgapp-services.cern.ch/root-jenkins/job/root-pullrequests-build/185045/testReport/projectroot.tmva.pymva/test/PyMVA_Keras_Regression/); - [projectroot.tmva.pymva.test.PyMVA_Keras_Multiclass](https://lcgapp-services.cern.ch/root-jenkins/job/root-pullrequests-build/185045/testReport/projectroot.tmva.pymva/test/PyMVA_Keras_Multiclass/); - [projectroot.tmva.pymva.test.gtest_tmva_pymva_test_TestRModelParserKeras](https://lcgapp-services.cern.ch/root-jenkins/job/root-pullrequests-build/185045/testReport/projectroot.tmva.pymva/test/gtest_tmva_pymva_test_TestRModelParserKeras/); - [projectroot.tmva.sofie.test.gtest_tmva_sofie_test_TestSofieModels](https://lcgapp-services.cern.ch/root-jenkins/job/root-pullrequests-build/185045/testReport/projectroot.tmva.sofie/test/gtest_tmva_sofie_test_TestSofieModels/),MatchSource.ISSUE_COMMENT,root-project,root,v6-32-06,https://github.com/root-project/root/pull/13662#issuecomment-1723550317:260,test,tests,260,https://root.cern,https://github.com/root-project/root/pull/13662#issuecomment-1723550317,16,['test'],"['test', 'testReport', 'tests']"
Testability,Build failed on ROOT-ubuntu2004/python3.; Running on root-ubuntu-2004-3.cern.ch:/home/sftnight/build/workspace/root-pullrequests-build; [See console output](https://lcgapp-services.cern.ch/root-jenkins/job/root-pullrequests-build/185058/console).; ### Errors:; - [2023-09-18T16:11:24.716Z] FAILED: tmva/pymva/test/CMakeFiles/SofieCompileModels_PyTorch.util,MatchSource.ISSUE_COMMENT,root-project,root,v6-32-06,https://github.com/root-project/root/pull/13641#issuecomment-1723824243:309,test,test,309,https://root.cern,https://github.com/root-project/root/pull/13641#issuecomment-1723824243,1,['test'],['test']
Testability,Build failed on ROOT-ubuntu2004/python3.; Running on root-ubuntu-2004-3.cern.ch:/home/sftnight/build/workspace/root-pullrequests-build; [See console output](https://lcgapp-services.cern.ch/root-jenkins/job/root-pullrequests-build/185154/console).; ### Failing tests:; - [projectroot.tmva.pymva.test.PyMVA_Keras_Classification](https://lcgapp-services.cern.ch/root-jenkins/job/root-pullrequests-build/185154/testReport/projectroot.tmva.pymva/test/PyMVA_Keras_Classification/); - [projectroot.tmva.pymva.test.PyMVA_Keras_Regression](https://lcgapp-services.cern.ch/root-jenkins/job/root-pullrequests-build/185154/testReport/projectroot.tmva.pymva/test/PyMVA_Keras_Regression/); - [projectroot.tmva.pymva.test.PyMVA_Keras_Multiclass](https://lcgapp-services.cern.ch/root-jenkins/job/root-pullrequests-build/185154/testReport/projectroot.tmva.pymva/test/PyMVA_Keras_Multiclass/); - [projectroot.tmva.pymva.test.gtest_tmva_pymva_test_TestRModelParserKeras](https://lcgapp-services.cern.ch/root-jenkins/job/root-pullrequests-build/185154/testReport/projectroot.tmva.pymva/test/gtest_tmva_pymva_test_TestRModelParserKeras/); - [projectroot.tmva.sofie.test.gtest_tmva_sofie_test_TestSofieModels](https://lcgapp-services.cern.ch/root-jenkins/job/root-pullrequests-build/185154/testReport/projectroot.tmva.sofie/test/gtest_tmva_sofie_test_TestSofieModels/),MatchSource.ISSUE_COMMENT,root-project,root,v6-32-06,https://github.com/root-project/root/pull/13662#issuecomment-1724245368:260,test,tests,260,https://root.cern,https://github.com/root-project/root/pull/13662#issuecomment-1724245368,16,['test'],"['test', 'testReport', 'tests']"
Testability,Build failed on ROOT-ubuntu2004/python3.; Running on root-ubuntu-2004-3.cern.ch:/home/sftnight/build/workspace/root-pullrequests-build; [See console output](https://lcgapp-services.cern.ch/root-jenkins/job/root-pullrequests-build/185160/console).; ### Failing tests:; - [projectroot.tmva.pymva.test.PyMVA_Keras_Classification](https://lcgapp-services.cern.ch/root-jenkins/job/root-pullrequests-build/185160/testReport/projectroot.tmva.pymva/test/PyMVA_Keras_Classification/); - [projectroot.tmva.pymva.test.PyMVA_Keras_Regression](https://lcgapp-services.cern.ch/root-jenkins/job/root-pullrequests-build/185160/testReport/projectroot.tmva.pymva/test/PyMVA_Keras_Regression/); - [projectroot.tmva.pymva.test.PyMVA_Keras_Multiclass](https://lcgapp-services.cern.ch/root-jenkins/job/root-pullrequests-build/185160/testReport/projectroot.tmva.pymva/test/PyMVA_Keras_Multiclass/); - [projectroot.tmva.pymva.test.gtest_tmva_pymva_test_TestRModelParserKeras](https://lcgapp-services.cern.ch/root-jenkins/job/root-pullrequests-build/185160/testReport/projectroot.tmva.pymva/test/gtest_tmva_pymva_test_TestRModelParserKeras/); - [projectroot.tmva.sofie.test.gtest_tmva_sofie_test_TestSofieModels](https://lcgapp-services.cern.ch/root-jenkins/job/root-pullrequests-build/185160/testReport/projectroot.tmva.sofie/test/gtest_tmva_sofie_test_TestSofieModels/),MatchSource.ISSUE_COMMENT,root-project,root,v6-32-06,https://github.com/root-project/root/pull/13606#issuecomment-1724543356:260,test,tests,260,https://root.cern,https://github.com/root-project/root/pull/13606#issuecomment-1724543356,16,['test'],"['test', 'testReport', 'tests']"
Testability,Build failed on ROOT-ubuntu2004/python3.; Running on root-ubuntu-2004-3.cern.ch:/home/sftnight/build/workspace/root-pullrequests-build; [See console output](https://lcgapp-services.cern.ch/root-jenkins/job/root-pullrequests-build/185166/console).; ### Failing tests:; - [projectroot.tmva.pymva.test.PyMVA_Keras_Classification](https://lcgapp-services.cern.ch/root-jenkins/job/root-pullrequests-build/185166/testReport/projectroot.tmva.pymva/test/PyMVA_Keras_Classification/); - [projectroot.tmva.pymva.test.PyMVA_Keras_Regression](https://lcgapp-services.cern.ch/root-jenkins/job/root-pullrequests-build/185166/testReport/projectroot.tmva.pymva/test/PyMVA_Keras_Regression/); - [projectroot.tmva.pymva.test.PyMVA_Keras_Multiclass](https://lcgapp-services.cern.ch/root-jenkins/job/root-pullrequests-build/185166/testReport/projectroot.tmva.pymva/test/PyMVA_Keras_Multiclass/); - [projectroot.tmva.pymva.test.gtest_tmva_pymva_test_TestRModelParserKeras](https://lcgapp-services.cern.ch/root-jenkins/job/root-pullrequests-build/185166/testReport/projectroot.tmva.pymva/test/gtest_tmva_pymva_test_TestRModelParserKeras/); - [projectroot.tmva.sofie.test.gtest_tmva_sofie_test_TestSofieModels](https://lcgapp-services.cern.ch/root-jenkins/job/root-pullrequests-build/185166/testReport/projectroot.tmva.sofie/test/gtest_tmva_sofie_test_TestSofieModels/),MatchSource.ISSUE_COMMENT,root-project,root,v6-32-06,https://github.com/root-project/root/pull/13664#issuecomment-1724575606:260,test,tests,260,https://root.cern,https://github.com/root-project/root/pull/13664#issuecomment-1724575606,16,['test'],"['test', 'testReport', 'tests']"
Testability,Build failed on ROOT-ubuntu2004/python3.; Running on root-ubuntu-2004-3.cern.ch:/home/sftnight/build/workspace/root-pullrequests-build; [See console output](https://lcgapp-services.cern.ch/root-jenkins/job/root-pullrequests-build/185196/console).; ### Failing tests:; - [projectroot.roottest.python.distrdf.dask.roottest_python_distrdf_dask_test_all](https://lcgapp-services.cern.ch/root-jenkins/job/root-pullrequests-build/185196/testReport/projectroot.roottest.python.distrdf/dask/roottest_python_distrdf_dask_test_all/); - [projectroot.tmva.sofie.test.gtest_tmva_sofie_test_TestSofieModels](https://lcgapp-services.cern.ch/root-jenkins/job/root-pullrequests-build/185196/testReport/projectroot.tmva.sofie/test/gtest_tmva_sofie_test_TestSofieModels/),MatchSource.ISSUE_COMMENT,root-project,root,v6-32-06,https://github.com/root-project/root/pull/13666#issuecomment-1725127756:260,test,tests,260,https://root.cern,https://github.com/root-project/root/pull/13666#issuecomment-1725127756,5,['test'],"['test', 'testReport', 'tests']"
Testability,Build failed on ROOT-ubuntu2004/python3.; Running on root-ubuntu-2004-3.cern.ch:/home/sftnight/build/workspace/root-pullrequests-build; [See console output](https://lcgapp-services.cern.ch/root-jenkins/job/root-pullrequests-build/185208/console).; ### Failing tests:; - [projectroot.roottest.python.distrdf.dask.roottest_python_distrdf_dask_test_all](https://lcgapp-services.cern.ch/root-jenkins/job/root-pullrequests-build/185208/testReport/projectroot.roottest.python.distrdf/dask/roottest_python_distrdf_dask_test_all/); - [projectroot.tmva.sofie.test.gtest_tmva_sofie_test_TestSofieModels](https://lcgapp-services.cern.ch/root-jenkins/job/root-pullrequests-build/185208/testReport/projectroot.tmva.sofie/test/gtest_tmva_sofie_test_TestSofieModels/),MatchSource.ISSUE_COMMENT,root-project,root,v6-32-06,https://github.com/root-project/root/pull/13665#issuecomment-1725239574:260,test,tests,260,https://root.cern,https://github.com/root-project/root/pull/13665#issuecomment-1725239574,5,['test'],"['test', 'testReport', 'tests']"
Testability,Build failed on ROOT-ubuntu2004/python3.; Running on root-ubuntu-2004-3.cern.ch:/home/sftnight/build/workspace/root-pullrequests-build; [See console output](https://lcgapp-services.cern.ch/root-jenkins/job/root-pullrequests-build/185214/console).; ### Failing tests:; - [projectroot.tmva.sofie.test.gtest_tmva_sofie_test_TestSofieModels](https://lcgapp-services.cern.ch/root-jenkins/job/root-pullrequests-build/185214/testReport/projectroot.tmva.sofie/test/gtest_tmva_sofie_test_TestSofieModels/),MatchSource.ISSUE_COMMENT,root-project,root,v6-32-06,https://github.com/root-project/root/pull/13635#issuecomment-1725916932:260,test,tests,260,https://root.cern,https://github.com/root-project/root/pull/13635#issuecomment-1725916932,4,['test'],"['test', 'testReport', 'tests']"
Testability,Build failed on ROOT-ubuntu2004/python3.; Running on root-ubuntu-2004-3.cern.ch:/home/sftnight/build/workspace/root-pullrequests-build; [See console output](https://lcgapp-services.cern.ch/root-jenkins/job/root-pullrequests-build/185226/console).; ### Failing tests:; - [projectroot.tmva.sofie.test.gtest_tmva_sofie_test_TestSofieModels](https://lcgapp-services.cern.ch/root-jenkins/job/root-pullrequests-build/185226/testReport/projectroot.tmva.sofie/test/gtest_tmva_sofie_test_TestSofieModels/),MatchSource.ISSUE_COMMENT,root-project,root,v6-32-06,https://github.com/root-project/root/pull/13669#issuecomment-1726021573:260,test,tests,260,https://root.cern,https://github.com/root-project/root/pull/13669#issuecomment-1726021573,4,['test'],"['test', 'testReport', 'tests']"
Testability,Build failed on ROOT-ubuntu2004/python3.; Running on root-ubuntu-2004-3.cern.ch:/home/sftnight/build/workspace/root-pullrequests-build; [See console output](https://lcgapp-services.cern.ch/root-jenkins/job/root-pullrequests-build/185262/console).; ### Failing tests:; - [projectroot.tmva.sofie.test.gtest_tmva_sofie_test_TestSofieModels](https://lcgapp-services.cern.ch/root-jenkins/job/root-pullrequests-build/185262/testReport/projectroot.tmva.sofie/test/gtest_tmva_sofie_test_TestSofieModels/),MatchSource.ISSUE_COMMENT,root-project,root,v6-32-06,https://github.com/root-project/root/pull/12844#issuecomment-1726243406:260,test,tests,260,https://root.cern,https://github.com/root-project/root/pull/12844#issuecomment-1726243406,4,['test'],"['test', 'testReport', 'tests']"
Testability,Build failed on ROOT-ubuntu2004/python3.; Running on root-ubuntu-2004-3.cern.ch:/home/sftnight/build/workspace/root-pullrequests-build; [See console output](https://lcgapp-services.cern.ch/root-jenkins/job/root-pullrequests-build/185268/console).; ### Failing tests:; - [projectroot.tmva.sofie.test.gtest_tmva_sofie_test_TestSofieModels](https://lcgapp-services.cern.ch/root-jenkins/job/root-pullrequests-build/185268/testReport/projectroot.tmva.sofie/test/gtest_tmva_sofie_test_TestSofieModels/),MatchSource.ISSUE_COMMENT,root-project,root,v6-32-06,https://github.com/root-project/root/pull/13648#issuecomment-1726289294:260,test,tests,260,https://root.cern,https://github.com/root-project/root/pull/13648#issuecomment-1726289294,4,['test'],"['test', 'testReport', 'tests']"
Testability,Build failed on ROOT-ubuntu2004/python3.; Running on root-ubuntu-2004-3.cern.ch:/home/sftnight/build/workspace/root-pullrequests-build; [See console output](https://lcgapp-services.cern.ch/root-jenkins/job/root-pullrequests-build/185274/console).; ### Failing tests:; - [projectroot.tmva.sofie.test.gtest_tmva_sofie_test_TestSofieModels](https://lcgapp-services.cern.ch/root-jenkins/job/root-pullrequests-build/185274/testReport/projectroot.tmva.sofie/test/gtest_tmva_sofie_test_TestSofieModels/),MatchSource.ISSUE_COMMENT,root-project,root,v6-32-06,https://github.com/root-project/root/pull/13673#issuecomment-1726334650:260,test,tests,260,https://root.cern,https://github.com/root-project/root/pull/13673#issuecomment-1726334650,4,['test'],"['test', 'testReport', 'tests']"
Testability,Build failed on ROOT-ubuntu2004/python3.; Running on root-ubuntu-2004-3.cern.ch:/home/sftnight/build/workspace/root-pullrequests-build; [See console output](https://lcgapp-services.cern.ch/root-jenkins/job/root-pullrequests-build/185302/console).; ### Failing tests:; - [projectroot.tmva.sofie.test.gtest_tmva_sofie_test_TestSofieModels](https://lcgapp-services.cern.ch/root-jenkins/job/root-pullrequests-build/185302/testReport/projectroot.tmva.sofie/test/gtest_tmva_sofie_test_TestSofieModels/),MatchSource.ISSUE_COMMENT,root-project,root,v6-32-06,https://github.com/root-project/root/pull/13648#issuecomment-1727598793:260,test,tests,260,https://root.cern,https://github.com/root-project/root/pull/13648#issuecomment-1727598793,4,['test'],"['test', 'testReport', 'tests']"
Testability,Build failed on ROOT-ubuntu2004/python3.; Running on root-ubuntu-2004-3.cern.ch:/home/sftnight/build/workspace/root-pullrequests-build; [See console output](https://lcgapp-services.cern.ch/root-jenkins/job/root-pullrequests-build/185308/console).; ### Failing tests:; - [projectroot.tmva.sofie.test.gtest_tmva_sofie_test_TestSofieModels](https://lcgapp-services.cern.ch/root-jenkins/job/root-pullrequests-build/185308/testReport/projectroot.tmva.sofie/test/gtest_tmva_sofie_test_TestSofieModels/),MatchSource.ISSUE_COMMENT,root-project,root,v6-32-06,https://github.com/root-project/root/pull/13682#issuecomment-1727655671:260,test,tests,260,https://root.cern,https://github.com/root-project/root/pull/13682#issuecomment-1727655671,4,['test'],"['test', 'testReport', 'tests']"
Testability,Build failed on ROOT-ubuntu2004/python3.; Running on root-ubuntu-2004-3.cern.ch:/home/sftnight/build/workspace/root-pullrequests-build; [See console output](https://lcgapp-services.cern.ch/root-jenkins/job/root-pullrequests-build/185314/console).; ### Failing tests:; - [projectroot.tmva.sofie.test.gtest_tmva_sofie_test_TestSofieModels](https://lcgapp-services.cern.ch/root-jenkins/job/root-pullrequests-build/185314/testReport/projectroot.tmva.sofie/test/gtest_tmva_sofie_test_TestSofieModels/),MatchSource.ISSUE_COMMENT,root-project,root,v6-32-06,https://github.com/root-project/root/pull/13683#issuecomment-1727718826:260,test,tests,260,https://root.cern,https://github.com/root-project/root/pull/13683#issuecomment-1727718826,4,['test'],"['test', 'testReport', 'tests']"
Testability,Build failed on ROOT-ubuntu2004/python3.; Running on root-ubuntu-2004-3.cern.ch:/home/sftnight/build/workspace/root-pullrequests-build; [See console output](https://lcgapp-services.cern.ch/root-jenkins/job/root-pullrequests-build/185326/console).; ### Failing tests:; - [projectroot.tmva.pymva.test.PyMVA_Keras_Classification](https://lcgapp-services.cern.ch/root-jenkins/job/root-pullrequests-build/185326/testReport/projectroot.tmva.pymva/test/PyMVA_Keras_Classification/); - [projectroot.tmva.pymva.test.PyMVA_Keras_Regression](https://lcgapp-services.cern.ch/root-jenkins/job/root-pullrequests-build/185326/testReport/projectroot.tmva.pymva/test/PyMVA_Keras_Regression/); - [projectroot.tmva.pymva.test.PyMVA_Keras_Multiclass](https://lcgapp-services.cern.ch/root-jenkins/job/root-pullrequests-build/185326/testReport/projectroot.tmva.pymva/test/PyMVA_Keras_Multiclass/); - [projectroot.tmva.pymva.test.gtest_tmva_pymva_test_TestRModelParserKeras](https://lcgapp-services.cern.ch/root-jenkins/job/root-pullrequests-build/185326/testReport/projectroot.tmva.pymva/test/gtest_tmva_pymva_test_TestRModelParserKeras/); - [projectroot.tmva.sofie.test.gtest_tmva_sofie_test_TestSofieModels](https://lcgapp-services.cern.ch/root-jenkins/job/root-pullrequests-build/185326/testReport/projectroot.tmva.sofie/test/gtest_tmva_sofie_test_TestSofieModels/),MatchSource.ISSUE_COMMENT,root-project,root,v6-32-06,https://github.com/root-project/root/pull/13684#issuecomment-1727790581:260,test,tests,260,https://root.cern,https://github.com/root-project/root/pull/13684#issuecomment-1727790581,16,['test'],"['test', 'testReport', 'tests']"
Testability,Build failed on ROOT-ubuntu2004/python3.; Running on root-ubuntu-2004-3.cern.ch:/home/sftnight/build/workspace/root-pullrequests-build; [See console output](https://lcgapp-services.cern.ch/root-jenkins/job/root-pullrequests-build/185332/console).; ### Failing tests:; - [projectroot.tmva.pymva.test.PyMVA_Keras_Classification](https://lcgapp-services.cern.ch/root-jenkins/job/root-pullrequests-build/185332/testReport/projectroot.tmva.pymva/test/PyMVA_Keras_Classification/); - [projectroot.tmva.pymva.test.PyMVA_Keras_Regression](https://lcgapp-services.cern.ch/root-jenkins/job/root-pullrequests-build/185332/testReport/projectroot.tmva.pymva/test/PyMVA_Keras_Regression/); - [projectroot.tmva.pymva.test.PyMVA_Keras_Multiclass](https://lcgapp-services.cern.ch/root-jenkins/job/root-pullrequests-build/185332/testReport/projectroot.tmva.pymva/test/PyMVA_Keras_Multiclass/); - [projectroot.tmva.pymva.test.gtest_tmva_pymva_test_TestRModelParserKeras](https://lcgapp-services.cern.ch/root-jenkins/job/root-pullrequests-build/185332/testReport/projectroot.tmva.pymva/test/gtest_tmva_pymva_test_TestRModelParserKeras/); - [projectroot.tmva.sofie.test.gtest_tmva_sofie_test_TestSofieModels](https://lcgapp-services.cern.ch/root-jenkins/job/root-pullrequests-build/185332/testReport/projectroot.tmva.sofie/test/gtest_tmva_sofie_test_TestSofieModels/),MatchSource.ISSUE_COMMENT,root-project,root,v6-32-06,https://github.com/root-project/root/pull/13686#issuecomment-1727930740:260,test,tests,260,https://root.cern,https://github.com/root-project/root/pull/13686#issuecomment-1727930740,16,['test'],"['test', 'testReport', 'tests']"
Testability,Build failed on ROOT-ubuntu2004/python3.; Running on root-ubuntu-2004-3.cern.ch:/home/sftnight/build/workspace/root-pullrequests-build; [See console output](https://lcgapp-services.cern.ch/root-jenkins/job/root-pullrequests-build/185338/console).; ### Failing tests:; - [projectroot.runtutorials.test_import_keras](https://lcgapp-services.cern.ch/root-jenkins/job/root-pullrequests-build/185338/testReport/projectroot/runtutorials/test_import_keras/); - [projectroot.tmva.pymva.test.PyMVA_Keras_Classification](https://lcgapp-services.cern.ch/root-jenkins/job/root-pullrequests-build/185338/testReport/projectroot.tmva.pymva/test/PyMVA_Keras_Classification/); - [projectroot.tmva.pymva.test.PyMVA_Keras_Multiclass](https://lcgapp-services.cern.ch/root-jenkins/job/root-pullrequests-build/185338/testReport/projectroot.tmva.pymva/test/PyMVA_Keras_Multiclass/); - [projectroot.tmva.pymva.test.PyMVA_Keras_Regression](https://lcgapp-services.cern.ch/root-jenkins/job/root-pullrequests-build/185338/testReport/projectroot.tmva.pymva/test/PyMVA_Keras_Regression/); - [projectroot.tmva.pymva.test.gtest_tmva_pymva_test_TestRModelParserKeras](https://lcgapp-services.cern.ch/root-jenkins/job/root-pullrequests-build/185338/testReport/projectroot.tmva.pymva/test/gtest_tmva_pymva_test_TestRModelParserKeras/),MatchSource.ISSUE_COMMENT,root-project,root,v6-32-06,https://github.com/root-project/root/pull/13687#issuecomment-1727992445:260,test,tests,260,https://root.cern,https://github.com/root-project/root/pull/13687#issuecomment-1727992445,14,['test'],"['test', 'testReport', 'tests']"
Testability,Build failed on ROOT-ubuntu2004/python3.; Running on root-ubuntu-2004-3.cern.ch:/home/sftnight/build/workspace/root-pullrequests-build; [See console output](https://lcgapp-services.cern.ch/root-jenkins/job/root-pullrequests-build/185436/console).; ### Failing tests:; - [projectroot.roottest.python.distrdf.dask.roottest_python_distrdf_dask_test_all](https://lcgapp-services.cern.ch/root-jenkins/job/root-pullrequests-build/185436/testReport/projectroot.roottest.python.distrdf/dask/roottest_python_distrdf_dask_test_all/),MatchSource.ISSUE_COMMENT,root-project,root,v6-32-06,https://github.com/root-project/root/pull/13090#issuecomment-1728410219:260,test,tests,260,https://root.cern,https://github.com/root-project/root/pull/13090#issuecomment-1728410219,2,['test'],"['testReport', 'tests']"
Testability,Build failed on ROOT-ubuntu2004/python3.; Running on root-ubuntu-2004-3.cern.ch:/home/sftnight/build/workspace/root-pullrequests-build; [See console output](https://lcgapp-services.cern.ch/root-jenkins/job/root-pullrequests-build/185442/console).; ### Failing tests:; - [projectroot.roottest.python.JupyROOT.roottest_python_JupyROOT_importROOT_notebook](https://lcgapp-services.cern.ch/root-jenkins/job/root-pullrequests-build/185442/testReport/projectroot.roottest.python/JupyROOT/roottest_python_JupyROOT_importROOT_notebook/); - [projectroot.roottest.python.JupyROOT.roottest_python_JupyROOT_simpleCppMagic_notebook](https://lcgapp-services.cern.ch/root-jenkins/job/root-pullrequests-build/185442/testReport/projectroot.roottest.python/JupyROOT/roottest_python_JupyROOT_simpleCppMagic_notebook/); - [projectroot.roottest.python.JupyROOT.roottest_python_JupyROOT_thread_local_notebook](https://lcgapp-services.cern.ch/root-jenkins/job/root-pullrequests-build/185442/testReport/projectroot.roottest.python/JupyROOT/roottest_python_JupyROOT_thread_local_notebook/); - [projectroot.roottest.python.JupyROOT.roottest_python_JupyROOT_ROOT_kernel_notebook](https://lcgapp-services.cern.ch/root-jenkins/job/root-pullrequests-build/185442/testReport/projectroot.roottest.python/JupyROOT/roottest_python_JupyROOT_ROOT_kernel_notebook/); - [projectroot.roottest.python.JupyROOT.roottest_python_JupyROOT_tpython_notebook](https://lcgapp-services.cern.ch/root-jenkins/job/root-pullrequests-build/185442/testReport/projectroot.roottest.python/JupyROOT/roottest_python_JupyROOT_tpython_notebook/); - [projectroot.tmva.sofie.test.gtest_tmva_sofie_test_TestSofieModels](https://lcgapp-services.cern.ch/root-jenkins/job/root-pullrequests-build/185442/testReport/projectroot.tmva.sofie/test/gtest_tmva_sofie_test_TestSofieModels/),MatchSource.ISSUE_COMMENT,root-project,root,v6-32-06,https://github.com/root-project/root/pull/13695#issuecomment-1729285796:260,test,tests,260,https://root.cern,https://github.com/root-project/root/pull/13695#issuecomment-1729285796,9,['test'],"['test', 'testReport', 'tests']"
Testability,Build failed on ROOT-ubuntu2004/python3.; Running on root-ubuntu-2004-3.cern.ch:/home/sftnight/build/workspace/root-pullrequests-build; [See console output](https://lcgapp-services.cern.ch/root-jenkins/job/root-pullrequests-build/185454/console).; ### Failing tests:; - [projectroot.roottest.python.JupyROOT.roottest_python_JupyROOT_importROOT_notebook](https://lcgapp-services.cern.ch/root-jenkins/job/root-pullrequests-build/185454/testReport/projectroot.roottest.python/JupyROOT/roottest_python_JupyROOT_importROOT_notebook/); - [projectroot.roottest.python.JupyROOT.roottest_python_JupyROOT_simpleCppMagic_notebook](https://lcgapp-services.cern.ch/root-jenkins/job/root-pullrequests-build/185454/testReport/projectroot.roottest.python/JupyROOT/roottest_python_JupyROOT_simpleCppMagic_notebook/); - [projectroot.roottest.python.JupyROOT.roottest_python_JupyROOT_thread_local_notebook](https://lcgapp-services.cern.ch/root-jenkins/job/root-pullrequests-build/185454/testReport/projectroot.roottest.python/JupyROOT/roottest_python_JupyROOT_thread_local_notebook/); - [projectroot.roottest.python.JupyROOT.roottest_python_JupyROOT_ROOT_kernel_notebook](https://lcgapp-services.cern.ch/root-jenkins/job/root-pullrequests-build/185454/testReport/projectroot.roottest.python/JupyROOT/roottest_python_JupyROOT_ROOT_kernel_notebook/); - [projectroot.roottest.python.JupyROOT.roottest_python_JupyROOT_tpython_notebook](https://lcgapp-services.cern.ch/root-jenkins/job/root-pullrequests-build/185454/testReport/projectroot.roottest.python/JupyROOT/roottest_python_JupyROOT_tpython_notebook/); - [projectroot.roottest.python.distrdf.dask.roottest_python_distrdf_dask_test_all](https://lcgapp-services.cern.ch/root-jenkins/job/root-pullrequests-build/185454/testReport/projectroot.roottest.python.distrdf/dask/roottest_python_distrdf_dask_test_all/); - [projectroot.tmva.sofie.test.gtest_tmva_sofie_test_TestSofieModels](https://lcgapp-services.cern.ch/root-jenkins/job/root-pullrequests-build/185454/testRepor,MatchSource.ISSUE_COMMENT,root-project,root,v6-32-06,https://github.com/root-project/root/pull/13696#issuecomment-1729342492:260,test,tests,260,https://root.cern,https://github.com/root-project/root/pull/13696#issuecomment-1729342492,4,['test'],"['testReport', 'tests']"
Testability,Build failed on ROOT-ubuntu2004/python3.; Running on root-ubuntu-2004-3.cern.ch:/home/sftnight/build/workspace/root-pullrequests-build; [See console output](https://lcgapp-services.cern.ch/root-jenkins/job/root-pullrequests-build/185460/console).; ### Failing tests:; - [projectroot.roottest.python.JupyROOT.roottest_python_JupyROOT_importROOT_notebook](https://lcgapp-services.cern.ch/root-jenkins/job/root-pullrequests-build/185460/testReport/projectroot.roottest.python/JupyROOT/roottest_python_JupyROOT_importROOT_notebook/); - [projectroot.roottest.python.JupyROOT.roottest_python_JupyROOT_simpleCppMagic_notebook](https://lcgapp-services.cern.ch/root-jenkins/job/root-pullrequests-build/185460/testReport/projectroot.roottest.python/JupyROOT/roottest_python_JupyROOT_simpleCppMagic_notebook/); - [projectroot.roottest.python.JupyROOT.roottest_python_JupyROOT_thread_local_notebook](https://lcgapp-services.cern.ch/root-jenkins/job/root-pullrequests-build/185460/testReport/projectroot.roottest.python/JupyROOT/roottest_python_JupyROOT_thread_local_notebook/); - [projectroot.roottest.python.JupyROOT.roottest_python_JupyROOT_ROOT_kernel_notebook](https://lcgapp-services.cern.ch/root-jenkins/job/root-pullrequests-build/185460/testReport/projectroot.roottest.python/JupyROOT/roottest_python_JupyROOT_ROOT_kernel_notebook/); - [projectroot.roottest.python.JupyROOT.roottest_python_JupyROOT_tpython_notebook](https://lcgapp-services.cern.ch/root-jenkins/job/root-pullrequests-build/185460/testReport/projectroot.roottest.python/JupyROOT/roottest_python_JupyROOT_tpython_notebook/); - [projectroot.tmva.sofie.test.gtest_tmva_sofie_test_TestSofieModels](https://lcgapp-services.cern.ch/root-jenkins/job/root-pullrequests-build/185460/testReport/projectroot.tmva.sofie/test/gtest_tmva_sofie_test_TestSofieModels/),MatchSource.ISSUE_COMMENT,root-project,root,v6-32-06,https://github.com/root-project/root/pull/13699#issuecomment-1729498679:260,test,tests,260,https://root.cern,https://github.com/root-project/root/pull/13699#issuecomment-1729498679,9,['test'],"['test', 'testReport', 'tests']"
Testability,Build failed on ROOT-ubuntu2004/python3.; Running on root-ubuntu-2004-3.cern.ch:/home/sftnight/build/workspace/root-pullrequests-build; [See console output](https://lcgapp-services.cern.ch/root-jenkins/job/root-pullrequests-build/185468/console).; ### Failing tests:; - [projectroot.roottest.python.JupyROOT.roottest_python_JupyROOT_importROOT_notebook](https://lcgapp-services.cern.ch/root-jenkins/job/root-pullrequests-build/185468/testReport/projectroot.roottest.python/JupyROOT/roottest_python_JupyROOT_importROOT_notebook/); - [projectroot.roottest.python.JupyROOT.roottest_python_JupyROOT_simpleCppMagic_notebook](https://lcgapp-services.cern.ch/root-jenkins/job/root-pullrequests-build/185468/testReport/projectroot.roottest.python/JupyROOT/roottest_python_JupyROOT_simpleCppMagic_notebook/); - [projectroot.roottest.python.JupyROOT.roottest_python_JupyROOT_thread_local_notebook](https://lcgapp-services.cern.ch/root-jenkins/job/root-pullrequests-build/185468/testReport/projectroot.roottest.python/JupyROOT/roottest_python_JupyROOT_thread_local_notebook/); - [projectroot.roottest.python.JupyROOT.roottest_python_JupyROOT_ROOT_kernel_notebook](https://lcgapp-services.cern.ch/root-jenkins/job/root-pullrequests-build/185468/testReport/projectroot.roottest.python/JupyROOT/roottest_python_JupyROOT_ROOT_kernel_notebook/); - [projectroot.roottest.python.JupyROOT.roottest_python_JupyROOT_tpython_notebook](https://lcgapp-services.cern.ch/root-jenkins/job/root-pullrequests-build/185468/testReport/projectroot.roottest.python/JupyROOT/roottest_python_JupyROOT_tpython_notebook/); - [projectroot.tmva.sofie.test.gtest_tmva_sofie_test_TestSofieModels](https://lcgapp-services.cern.ch/root-jenkins/job/root-pullrequests-build/185468/testReport/projectroot.tmva.sofie/test/gtest_tmva_sofie_test_TestSofieModels/),MatchSource.ISSUE_COMMENT,root-project,root,v6-32-06,https://github.com/root-project/root/pull/13700#issuecomment-1729578498:260,test,tests,260,https://root.cern,https://github.com/root-project/root/pull/13700#issuecomment-1729578498,9,['test'],"['test', 'testReport', 'tests']"
Testability,Build failed on ROOT-ubuntu2004/python3.; Running on root-ubuntu-2004-3.cern.ch:/home/sftnight/build/workspace/root-pullrequests-build; [See console output](https://lcgapp-services.cern.ch/root-jenkins/job/root-pullrequests-build/185474/console).; ### Failing tests:; - [projectroot.roottest.python.JupyROOT.roottest_python_JupyROOT_importROOT_notebook](https://lcgapp-services.cern.ch/root-jenkins/job/root-pullrequests-build/185474/testReport/projectroot.roottest.python/JupyROOT/roottest_python_JupyROOT_importROOT_notebook/); - [projectroot.roottest.python.JupyROOT.roottest_python_JupyROOT_simpleCppMagic_notebook](https://lcgapp-services.cern.ch/root-jenkins/job/root-pullrequests-build/185474/testReport/projectroot.roottest.python/JupyROOT/roottest_python_JupyROOT_simpleCppMagic_notebook/); - [projectroot.roottest.python.JupyROOT.roottest_python_JupyROOT_thread_local_notebook](https://lcgapp-services.cern.ch/root-jenkins/job/root-pullrequests-build/185474/testReport/projectroot.roottest.python/JupyROOT/roottest_python_JupyROOT_thread_local_notebook/); - [projectroot.roottest.python.JupyROOT.roottest_python_JupyROOT_ROOT_kernel_notebook](https://lcgapp-services.cern.ch/root-jenkins/job/root-pullrequests-build/185474/testReport/projectroot.roottest.python/JupyROOT/roottest_python_JupyROOT_ROOT_kernel_notebook/); - [projectroot.roottest.python.JupyROOT.roottest_python_JupyROOT_tpython_notebook](https://lcgapp-services.cern.ch/root-jenkins/job/root-pullrequests-build/185474/testReport/projectroot.roottest.python/JupyROOT/roottest_python_JupyROOT_tpython_notebook/); - [projectroot.tmva.sofie.test.gtest_tmva_sofie_test_TestSofieModels](https://lcgapp-services.cern.ch/root-jenkins/job/root-pullrequests-build/185474/testReport/projectroot.tmva.sofie/test/gtest_tmva_sofie_test_TestSofieModels/),MatchSource.ISSUE_COMMENT,root-project,root,v6-32-06,https://github.com/root-project/root/pull/13701#issuecomment-1729717634:260,test,tests,260,https://root.cern,https://github.com/root-project/root/pull/13701#issuecomment-1729717634,9,['test'],"['test', 'testReport', 'tests']"
Testability,Build failed on ROOT-ubuntu2004/python3.; Running on root-ubuntu-2004-3.cern.ch:/home/sftnight/build/workspace/root-pullrequests-build; [See console output](https://lcgapp-services.cern.ch/root-jenkins/job/root-pullrequests-build/185492/console).; ### Failing tests:; - [projectroot.roottest.python.JupyROOT.roottest_python_JupyROOT_importROOT_notebook](https://lcgapp-services.cern.ch/root-jenkins/job/root-pullrequests-build/185492/testReport/projectroot.roottest.python/JupyROOT/roottest_python_JupyROOT_importROOT_notebook/); - [projectroot.roottest.python.JupyROOT.roottest_python_JupyROOT_simpleCppMagic_notebook](https://lcgapp-services.cern.ch/root-jenkins/job/root-pullrequests-build/185492/testReport/projectroot.roottest.python/JupyROOT/roottest_python_JupyROOT_simpleCppMagic_notebook/); - [projectroot.roottest.python.JupyROOT.roottest_python_JupyROOT_thread_local_notebook](https://lcgapp-services.cern.ch/root-jenkins/job/root-pullrequests-build/185492/testReport/projectroot.roottest.python/JupyROOT/roottest_python_JupyROOT_thread_local_notebook/); - [projectroot.roottest.python.JupyROOT.roottest_python_JupyROOT_ROOT_kernel_notebook](https://lcgapp-services.cern.ch/root-jenkins/job/root-pullrequests-build/185492/testReport/projectroot.roottest.python/JupyROOT/roottest_python_JupyROOT_ROOT_kernel_notebook/); - [projectroot.roottest.python.JupyROOT.roottest_python_JupyROOT_tpython_notebook](https://lcgapp-services.cern.ch/root-jenkins/job/root-pullrequests-build/185492/testReport/projectroot.roottest.python/JupyROOT/roottest_python_JupyROOT_tpython_notebook/); - [projectroot.tmva.sofie.test.gtest_tmva_sofie_test_TestSofieModels](https://lcgapp-services.cern.ch/root-jenkins/job/root-pullrequests-build/185492/testReport/projectroot.tmva.sofie/test/gtest_tmva_sofie_test_TestSofieModels/); - [projectroot.tree.ntupleutil.v7.test.gtest_tree_ntupleutil_v7_test_ntuple_inspector](https://lcgapp-services.cern.ch/root-jenkins/job/root-pullrequests-build/185492/testReport/project,MatchSource.ISSUE_COMMENT,root-project,root,v6-32-06,https://github.com/root-project/root/pull/13699#issuecomment-1729784899:260,test,tests,260,https://root.cern,https://github.com/root-project/root/pull/13699#issuecomment-1729784899,4,['test'],"['testReport', 'tests']"
Testability,Build failed on ROOT-ubuntu2004/python3.; Running on root-ubuntu-2004-3.cern.ch:/home/sftnight/build/workspace/root-pullrequests-build; [See console output](https://lcgapp-services.cern.ch/root-jenkins/job/root-pullrequests-build/185498/console).; ### Failing tests:; - [projectroot.roottest.python.JupyROOT.roottest_python_JupyROOT_importROOT_notebook](https://lcgapp-services.cern.ch/root-jenkins/job/root-pullrequests-build/185498/testReport/projectroot.roottest.python/JupyROOT/roottest_python_JupyROOT_importROOT_notebook/); - [projectroot.roottest.python.JupyROOT.roottest_python_JupyROOT_simpleCppMagic_notebook](https://lcgapp-services.cern.ch/root-jenkins/job/root-pullrequests-build/185498/testReport/projectroot.roottest.python/JupyROOT/roottest_python_JupyROOT_simpleCppMagic_notebook/); - [projectroot.roottest.python.JupyROOT.roottest_python_JupyROOT_thread_local_notebook](https://lcgapp-services.cern.ch/root-jenkins/job/root-pullrequests-build/185498/testReport/projectroot.roottest.python/JupyROOT/roottest_python_JupyROOT_thread_local_notebook/); - [projectroot.roottest.python.JupyROOT.roottest_python_JupyROOT_ROOT_kernel_notebook](https://lcgapp-services.cern.ch/root-jenkins/job/root-pullrequests-build/185498/testReport/projectroot.roottest.python/JupyROOT/roottest_python_JupyROOT_ROOT_kernel_notebook/); - [projectroot.roottest.python.JupyROOT.roottest_python_JupyROOT_tpython_notebook](https://lcgapp-services.cern.ch/root-jenkins/job/root-pullrequests-build/185498/testReport/projectroot.roottest.python/JupyROOT/roottest_python_JupyROOT_tpython_notebook/); - [projectroot.tmva.sofie.test.gtest_tmva_sofie_test_TestSofieModels](https://lcgapp-services.cern.ch/root-jenkins/job/root-pullrequests-build/185498/testReport/projectroot.tmva.sofie/test/gtest_tmva_sofie_test_TestSofieModels/),MatchSource.ISSUE_COMMENT,root-project,root,v6-32-06,https://github.com/root-project/root/pull/13702#issuecomment-1729847260:260,test,tests,260,https://root.cern,https://github.com/root-project/root/pull/13702#issuecomment-1729847260,9,['test'],"['test', 'testReport', 'tests']"
Testability,Build failed on ROOT-ubuntu2004/python3.; Running on root-ubuntu-2004-3.cern.ch:/home/sftnight/build/workspace/root-pullrequests-build; [See console output](https://lcgapp-services.cern.ch/root-jenkins/job/root-pullrequests-build/185504/console).; ### Failing tests:; - [projectroot.roottest.python.JupyROOT.roottest_python_JupyROOT_importROOT_notebook](https://lcgapp-services.cern.ch/root-jenkins/job/root-pullrequests-build/185504/testReport/projectroot.roottest.python/JupyROOT/roottest_python_JupyROOT_importROOT_notebook/); - [projectroot.roottest.python.JupyROOT.roottest_python_JupyROOT_simpleCppMagic_notebook](https://lcgapp-services.cern.ch/root-jenkins/job/root-pullrequests-build/185504/testReport/projectroot.roottest.python/JupyROOT/roottest_python_JupyROOT_simpleCppMagic_notebook/); - [projectroot.roottest.python.JupyROOT.roottest_python_JupyROOT_thread_local_notebook](https://lcgapp-services.cern.ch/root-jenkins/job/root-pullrequests-build/185504/testReport/projectroot.roottest.python/JupyROOT/roottest_python_JupyROOT_thread_local_notebook/); - [projectroot.roottest.python.JupyROOT.roottest_python_JupyROOT_ROOT_kernel_notebook](https://lcgapp-services.cern.ch/root-jenkins/job/root-pullrequests-build/185504/testReport/projectroot.roottest.python/JupyROOT/roottest_python_JupyROOT_ROOT_kernel_notebook/); - [projectroot.roottest.python.JupyROOT.roottest_python_JupyROOT_tpython_notebook](https://lcgapp-services.cern.ch/root-jenkins/job/root-pullrequests-build/185504/testReport/projectroot.roottest.python/JupyROOT/roottest_python_JupyROOT_tpython_notebook/); - [projectroot.tmva.sofie.test.gtest_tmva_sofie_test_TestSofieModels](https://lcgapp-services.cern.ch/root-jenkins/job/root-pullrequests-build/185504/testReport/projectroot.tmva.sofie/test/gtest_tmva_sofie_test_TestSofieModels/),MatchSource.ISSUE_COMMENT,root-project,root,v6-32-06,https://github.com/root-project/root/pull/13696#issuecomment-1729914283:260,test,tests,260,https://root.cern,https://github.com/root-project/root/pull/13696#issuecomment-1729914283,9,['test'],"['test', 'testReport', 'tests']"
Testability,Build failed on ROOT-ubuntu2004/python3.; Running on root-ubuntu-2004-3.cern.ch:/home/sftnight/build/workspace/root-pullrequests-build; [See console output](https://lcgapp-services.cern.ch/root-jenkins/job/root-pullrequests-build/185516/console).; ### Failing tests:; - [projectroot.roottest.python.JupyROOT.roottest_python_JupyROOT_importROOT_notebook](https://lcgapp-services.cern.ch/root-jenkins/job/root-pullrequests-build/185516/testReport/projectroot.roottest.python/JupyROOT/roottest_python_JupyROOT_importROOT_notebook/); - [projectroot.roottest.python.JupyROOT.roottest_python_JupyROOT_simpleCppMagic_notebook](https://lcgapp-services.cern.ch/root-jenkins/job/root-pullrequests-build/185516/testReport/projectroot.roottest.python/JupyROOT/roottest_python_JupyROOT_simpleCppMagic_notebook/); - [projectroot.roottest.python.JupyROOT.roottest_python_JupyROOT_thread_local_notebook](https://lcgapp-services.cern.ch/root-jenkins/job/root-pullrequests-build/185516/testReport/projectroot.roottest.python/JupyROOT/roottest_python_JupyROOT_thread_local_notebook/); - [projectroot.roottest.python.JupyROOT.roottest_python_JupyROOT_ROOT_kernel_notebook](https://lcgapp-services.cern.ch/root-jenkins/job/root-pullrequests-build/185516/testReport/projectroot.roottest.python/JupyROOT/roottest_python_JupyROOT_ROOT_kernel_notebook/); - [projectroot.roottest.python.JupyROOT.roottest_python_JupyROOT_tpython_notebook](https://lcgapp-services.cern.ch/root-jenkins/job/root-pullrequests-build/185516/testReport/projectroot.roottest.python/JupyROOT/roottest_python_JupyROOT_tpython_notebook/); - [projectroot.tmva.sofie.test.gtest_tmva_sofie_test_TestSofieModels](https://lcgapp-services.cern.ch/root-jenkins/job/root-pullrequests-build/185516/testReport/projectroot.tmva.sofie/test/gtest_tmva_sofie_test_TestSofieModels/),MatchSource.ISSUE_COMMENT,root-project,root,v6-32-06,https://github.com/root-project/root/pull/13704#issuecomment-1730043897:260,test,tests,260,https://root.cern,https://github.com/root-project/root/pull/13704#issuecomment-1730043897,9,['test'],"['test', 'testReport', 'tests']"
Testability,Build failed on ROOT-ubuntu2004/python3.; Running on root-ubuntu-2004-3.cern.ch:/home/sftnight/build/workspace/root-pullrequests-build; [See console output](https://lcgapp-services.cern.ch/root-jenkins/job/root-pullrequests-build/185523/console).; ### Failing tests:; - [projectroot.roottest.python.JupyROOT.roottest_python_JupyROOT_importROOT_notebook](https://lcgapp-services.cern.ch/root-jenkins/job/root-pullrequests-build/185523/testReport/projectroot.roottest.python/JupyROOT/roottest_python_JupyROOT_importROOT_notebook/); - [projectroot.roottest.python.JupyROOT.roottest_python_JupyROOT_simpleCppMagic_notebook](https://lcgapp-services.cern.ch/root-jenkins/job/root-pullrequests-build/185523/testReport/projectroot.roottest.python/JupyROOT/roottest_python_JupyROOT_simpleCppMagic_notebook/); - [projectroot.roottest.python.JupyROOT.roottest_python_JupyROOT_thread_local_notebook](https://lcgapp-services.cern.ch/root-jenkins/job/root-pullrequests-build/185523/testReport/projectroot.roottest.python/JupyROOT/roottest_python_JupyROOT_thread_local_notebook/); - [projectroot.roottest.python.JupyROOT.roottest_python_JupyROOT_ROOT_kernel_notebook](https://lcgapp-services.cern.ch/root-jenkins/job/root-pullrequests-build/185523/testReport/projectroot.roottest.python/JupyROOT/roottest_python_JupyROOT_ROOT_kernel_notebook/); - [projectroot.roottest.python.JupyROOT.roottest_python_JupyROOT_tpython_notebook](https://lcgapp-services.cern.ch/root-jenkins/job/root-pullrequests-build/185523/testReport/projectroot.roottest.python/JupyROOT/roottest_python_JupyROOT_tpython_notebook/); - [projectroot.tmva.sofie.test.gtest_tmva_sofie_test_TestSofieModels](https://lcgapp-services.cern.ch/root-jenkins/job/root-pullrequests-build/185523/testReport/projectroot.tmva.sofie/test/gtest_tmva_sofie_test_TestSofieModels/),MatchSource.ISSUE_COMMENT,root-project,root,v6-32-06,https://github.com/root-project/root/pull/13686#issuecomment-1730094500:260,test,tests,260,https://root.cern,https://github.com/root-project/root/pull/13686#issuecomment-1730094500,9,['test'],"['test', 'testReport', 'tests']"
Testability,Build failed on ROOT-ubuntu2004/python3.; Running on root-ubuntu-2004-3.cern.ch:/home/sftnight/build/workspace/root-pullrequests-build; [See console output](https://lcgapp-services.cern.ch/root-jenkins/job/root-pullrequests-build/185565/console).; ### Failing tests:; - [projectroot.roottest.python.JupyROOT.roottest_python_JupyROOT_importROOT_notebook](https://lcgapp-services.cern.ch/root-jenkins/job/root-pullrequests-build/185565/testReport/projectroot.roottest.python/JupyROOT/roottest_python_JupyROOT_importROOT_notebook/); - [projectroot.roottest.python.JupyROOT.roottest_python_JupyROOT_simpleCppMagic_notebook](https://lcgapp-services.cern.ch/root-jenkins/job/root-pullrequests-build/185565/testReport/projectroot.roottest.python/JupyROOT/roottest_python_JupyROOT_simpleCppMagic_notebook/); - [projectroot.roottest.python.JupyROOT.roottest_python_JupyROOT_thread_local_notebook](https://lcgapp-services.cern.ch/root-jenkins/job/root-pullrequests-build/185565/testReport/projectroot.roottest.python/JupyROOT/roottest_python_JupyROOT_thread_local_notebook/); - [projectroot.roottest.python.JupyROOT.roottest_python_JupyROOT_ROOT_kernel_notebook](https://lcgapp-services.cern.ch/root-jenkins/job/root-pullrequests-build/185565/testReport/projectroot.roottest.python/JupyROOT/roottest_python_JupyROOT_ROOT_kernel_notebook/); - [projectroot.roottest.python.JupyROOT.roottest_python_JupyROOT_tpython_notebook](https://lcgapp-services.cern.ch/root-jenkins/job/root-pullrequests-build/185565/testReport/projectroot.roottest.python/JupyROOT/roottest_python_JupyROOT_tpython_notebook/); - [projectroot.tmva.sofie.test.gtest_tmva_sofie_test_TestSofieModels](https://lcgapp-services.cern.ch/root-jenkins/job/root-pullrequests-build/185565/testReport/projectroot.tmva.sofie/test/gtest_tmva_sofie_test_TestSofieModels/),MatchSource.ISSUE_COMMENT,root-project,root,v6-32-06,https://github.com/root-project/root/pull/12716#issuecomment-1730766573:260,test,tests,260,https://root.cern,https://github.com/root-project/root/pull/12716#issuecomment-1730766573,9,['test'],"['test', 'testReport', 'tests']"
Testability,Build failed on ROOT-ubuntu2004/python3.; Running on root-ubuntu-2004-3.cern.ch:/home/sftnight/build/workspace/root-pullrequests-build; [See console output](https://lcgapp-services.cern.ch/root-jenkins/job/root-pullrequests-build/185577/console).; ### Failing tests:; - [projectroot.tmva.sofie.test.gtest_tmva_sofie_test_TestSofieModels](https://lcgapp-services.cern.ch/root-jenkins/job/root-pullrequests-build/185577/testReport/projectroot.tmva.sofie/test/gtest_tmva_sofie_test_TestSofieModels/); - [projectroot.roottest.python.distrdf.dask.roottest_python_distrdf_dask_test_all](https://lcgapp-services.cern.ch/root-jenkins/job/root-pullrequests-build/185577/testReport/projectroot.roottest.python.distrdf/dask/roottest_python_distrdf_dask_test_all/); - [projectroot.roottest.python.JupyROOT.roottest_python_JupyROOT_importROOT_notebook](https://lcgapp-services.cern.ch/root-jenkins/job/root-pullrequests-build/185577/testReport/projectroot.roottest.python/JupyROOT/roottest_python_JupyROOT_importROOT_notebook/); - [projectroot.roottest.python.JupyROOT.roottest_python_JupyROOT_simpleCppMagic_notebook](https://lcgapp-services.cern.ch/root-jenkins/job/root-pullrequests-build/185577/testReport/projectroot.roottest.python/JupyROOT/roottest_python_JupyROOT_simpleCppMagic_notebook/); - [projectroot.roottest.python.JupyROOT.roottest_python_JupyROOT_thread_local_notebook](https://lcgapp-services.cern.ch/root-jenkins/job/root-pullrequests-build/185577/testReport/projectroot.roottest.python/JupyROOT/roottest_python_JupyROOT_thread_local_notebook/); - [projectroot.roottest.python.JupyROOT.roottest_python_JupyROOT_ROOT_kernel_notebook](https://lcgapp-services.cern.ch/root-jenkins/job/root-pullrequests-build/185577/testReport/projectroot.roottest.python/JupyROOT/roottest_python_JupyROOT_ROOT_kernel_notebook/); - [projectroot.roottest.python.JupyROOT.roottest_python_JupyROOT_tpython_notebook](https://lcgapp-services.cern.ch/root-jenkins/job/root-pullrequests-build/185577/testReport/projectroot,MatchSource.ISSUE_COMMENT,root-project,root,v6-32-06,https://github.com/root-project/root/pull/13705#issuecomment-1731186596:260,test,tests,260,https://root.cern,https://github.com/root-project/root/pull/13705#issuecomment-1731186596,6,['test'],"['test', 'testReport', 'tests']"
Testability,Build failed on ROOT-ubuntu2004/python3.; Running on root-ubuntu-2004-3.cern.ch:/home/sftnight/build/workspace/root-pullrequests-build; [See console output](https://lcgapp-services.cern.ch/root-jenkins/job/root-pullrequests-build/185584/console).; ### Failing tests:; - [projectroot.roottest.python.JupyROOT.roottest_python_JupyROOT_importROOT_notebook](https://lcgapp-services.cern.ch/root-jenkins/job/root-pullrequests-build/185584/testReport/projectroot.roottest.python/JupyROOT/roottest_python_JupyROOT_importROOT_notebook/); - [projectroot.roottest.python.JupyROOT.roottest_python_JupyROOT_simpleCppMagic_notebook](https://lcgapp-services.cern.ch/root-jenkins/job/root-pullrequests-build/185584/testReport/projectroot.roottest.python/JupyROOT/roottest_python_JupyROOT_simpleCppMagic_notebook/); - [projectroot.roottest.python.JupyROOT.roottest_python_JupyROOT_thread_local_notebook](https://lcgapp-services.cern.ch/root-jenkins/job/root-pullrequests-build/185584/testReport/projectroot.roottest.python/JupyROOT/roottest_python_JupyROOT_thread_local_notebook/); - [projectroot.roottest.python.JupyROOT.roottest_python_JupyROOT_ROOT_kernel_notebook](https://lcgapp-services.cern.ch/root-jenkins/job/root-pullrequests-build/185584/testReport/projectroot.roottest.python/JupyROOT/roottest_python_JupyROOT_ROOT_kernel_notebook/); - [projectroot.roottest.python.JupyROOT.roottest_python_JupyROOT_tpython_notebook](https://lcgapp-services.cern.ch/root-jenkins/job/root-pullrequests-build/185584/testReport/projectroot.roottest.python/JupyROOT/roottest_python_JupyROOT_tpython_notebook/); - [projectroot.tmva.sofie.test.gtest_tmva_sofie_test_TestSofieModels](https://lcgapp-services.cern.ch/root-jenkins/job/root-pullrequests-build/185584/testReport/projectroot.tmva.sofie/test/gtest_tmva_sofie_test_TestSofieModels/); - [projectroot.roottest.root.meta.naming.roottest_root_meta_naming_execClassEditNormalize_auto](https://lcgapp-services.cern.ch/root-jenkins/job/root-pullrequests-build/185584/testRepor,MatchSource.ISSUE_COMMENT,root-project,root,v6-32-06,https://github.com/root-project/root/pull/13692#issuecomment-1731273414:260,test,tests,260,https://root.cern,https://github.com/root-project/root/pull/13692#issuecomment-1731273414,4,['test'],"['testReport', 'tests']"
Testability,Build failed on ROOT-ubuntu2004/python3.; Running on root-ubuntu-2004-3.cern.ch:/home/sftnight/build/workspace/root-pullrequests-build; [See console output](https://lcgapp-services.cern.ch/root-jenkins/job/root-pullrequests-build/185602/console).; ### Failing tests:; - [projectroot.bindings.pyroot.pythonizations.test.pyunittests_pyroot_dependency_versions](https://lcgapp-services.cern.ch/root-jenkins/job/root-pullrequests-build/185602/testReport/projectroot.bindings.pyroot.pythonizations/test/pyunittests_pyroot_dependency_versions/); - [projectroot.tmva.sofie.test.gtest_tmva_sofie_test_TestSofieModels](https://lcgapp-services.cern.ch/root-jenkins/job/root-pullrequests-build/185602/testReport/projectroot.tmva.sofie/test/gtest_tmva_sofie_test_TestSofieModels/),MatchSource.ISSUE_COMMENT,root-project,root,v6-32-06,https://github.com/root-project/root/pull/13705#issuecomment-1731361123:260,test,tests,260,https://root.cern,https://github.com/root-project/root/pull/13705#issuecomment-1731361123,7,['test'],"['test', 'testReport', 'tests']"
Testability,Build failed on ROOT-ubuntu2004/python3.; Running on root-ubuntu-2004-3.cern.ch:/home/sftnight/build/workspace/root-pullrequests-build; [See console output](https://lcgapp-services.cern.ch/root-jenkins/job/root-pullrequests-build/185608/console).; ### Failing tests:; - [projectroot.bindings.pyroot.pythonizations.test.pyunittests_pyroot_dependency_versions](https://lcgapp-services.cern.ch/root-jenkins/job/root-pullrequests-build/185608/testReport/projectroot.bindings.pyroot.pythonizations/test/pyunittests_pyroot_dependency_versions/); - [projectroot.tmva.sofie.test.gtest_tmva_sofie_test_TestSofieModels](https://lcgapp-services.cern.ch/root-jenkins/job/root-pullrequests-build/185608/testReport/projectroot.tmva.sofie/test/gtest_tmva_sofie_test_TestSofieModels/),MatchSource.ISSUE_COMMENT,root-project,root,v6-32-06,https://github.com/root-project/root/pull/12716#issuecomment-1731431277:260,test,tests,260,https://root.cern,https://github.com/root-project/root/pull/12716#issuecomment-1731431277,7,['test'],"['test', 'testReport', 'tests']"
Testability,Build failed on ROOT-ubuntu2004/python3.; Running on root-ubuntu-2004-3.cern.ch:/home/sftnight/build/workspace/root-pullrequests-build; [See console output](https://lcgapp-services.cern.ch/root-jenkins/job/root-pullrequests-build/185889/console).; ### Failing tests:; - [projectroot.bindings.pyroot.pythonizations.test.pyunittests_pyroot_pyz_pretty_printing](https://lcgapp-services.cern.ch/root-jenkins/job/root-pullrequests-build/185889/testReport/projectroot.bindings.pyroot.pythonizations/test/pyunittests_pyroot_pyz_pretty_printing/),MatchSource.ISSUE_COMMENT,root-project,root,v6-32-06,https://github.com/root-project/root/pull/13619#issuecomment-1739842452:260,test,tests,260,https://root.cern,https://github.com/root-project/root/pull/13619#issuecomment-1739842452,4,['test'],"['test', 'testReport', 'tests']"
Testability,Build failed on ROOT-ubuntu2004/python3.; Running on root-ubuntu-2004-3.cern.ch:/home/sftnight/build/workspace/root-pullrequests-build; [See console output](https://lcgapp-services.cern.ch/root-jenkins/job/root-pullrequests-build/185992/console).; ### Errors:; - [2023-09-28T22:18:50.489Z] FAILED: tmva/pymva/test/CMakeFiles/SofieCompileModels_PyTorch.util,MatchSource.ISSUE_COMMENT,root-project,root,v6-32-06,https://github.com/root-project/root/pull/13743#issuecomment-1740075600:309,test,test,309,https://root.cern,https://github.com/root-project/root/pull/13743#issuecomment-1740075600,1,['test'],['test']
Testability,Build failed on ROOT-ubuntu2004/python3.; Running on root-ubuntu-2004-3.cern.ch:/home/sftnight/build/workspace/root-pullrequests-build; [See console output](https://lcgapp-services.cern.ch/root-jenkins/job/root-pullrequests-build/186197/console).; ### Failing tests:; - [projectroot.tmva.pymva.test.PyMVA_Keras_Regression](https://lcgapp-services.cern.ch/root-jenkins/job/root-pullrequests-build/186197/testReport/projectroot.tmva.pymva/test/PyMVA_Keras_Regression/),MatchSource.ISSUE_COMMENT,root-project,root,v6-32-06,https://github.com/root-project/root/pull/13738#issuecomment-1740814326:260,test,tests,260,https://root.cern,https://github.com/root-project/root/pull/13738#issuecomment-1740814326,4,['test'],"['test', 'testReport', 'tests']"
Testability,Build failed on ROOT-ubuntu2004/python3.; Running on root-ubuntu-2004-3.cern.ch:/home/sftnight/build/workspace/root-pullrequests-build; [See console output](https://lcgapp-services.cern.ch/root-jenkins/job/root-pullrequests-build/186281/console).; ### Errors:; - [2023-09-30T11:19:33.188Z] FAILED: tmva/pymva/test/CMakeFiles/SofieCompileModels_PyTorch.util,MatchSource.ISSUE_COMMENT,root-project,root,v6-32-06,https://github.com/root-project/root/pull/13767#issuecomment-1741743895:309,test,test,309,https://root.cern,https://github.com/root-project/root/pull/13767#issuecomment-1741743895,1,['test'],['test']
Testability,Build failed on ROOT-ubuntu2004/python3.; Running on root-ubuntu-2004-3.cern.ch:/home/sftnight/build/workspace/root-pullrequests-build; [See console output](https://lcgapp-services.cern.ch/root-jenkins/job/root-pullrequests-build/186377/console).; ### Errors:; - [2023-10-02T18:13:37.077Z] FAILED: tmva/pymva/test/CMakeFiles/SofieCompileModels_PyTorch.util,MatchSource.ISSUE_COMMENT,root-project,root,v6-32-06,https://github.com/root-project/root/pull/13777#issuecomment-1743510788:309,test,test,309,https://root.cern,https://github.com/root-project/root/pull/13777#issuecomment-1743510788,1,['test'],['test']
Testability,Build failed on ROOT-ubuntu2004/python3.; Running on root-ubuntu-2004-3.cern.ch:/home/sftnight/build/workspace/root-pullrequests-build; [See console output](https://lcgapp-services.cern.ch/root-jenkins/job/root-pullrequests-build/186515/console).; ### Errors:; - [2023-10-03T16:05:32.035Z] FAILED: tmva/pymva/test/CMakeFiles/SofieCompileModels_PyTorch.util,MatchSource.ISSUE_COMMENT,root-project,root,v6-32-06,https://github.com/root-project/root/pull/13788#issuecomment-1745283997:309,test,test,309,https://root.cern,https://github.com/root-project/root/pull/13788#issuecomment-1745283997,1,['test'],['test']
Testability,Build failed on ROOT-ubuntu2004/python3.; Running on root-ubuntu-2004-3.cern.ch:/home/sftnight/build/workspace/root-pullrequests-build; [See console output](https://lcgapp-services.cern.ch/root-jenkins/job/root-pullrequests-build/186521/console).; ### Failing tests:; - [projectroot.roottest.python.stl.roottest_python_stl_stl](https://lcgapp-services.cern.ch/root-jenkins/job/root-pullrequests-build/186521/testReport/projectroot.roottest.python/stl/roottest_python_stl_stl/); - [projectroot.tmva.pymva.test.PyMVA_RandomForest_Classification](https://lcgapp-services.cern.ch/root-jenkins/job/root-pullrequests-build/186521/testReport/projectroot.tmva.pymva/test/PyMVA_RandomForest_Classification/); - [projectroot.tmva.pymva.test.PyMVA_RandomForest_Multiclass](https://lcgapp-services.cern.ch/root-jenkins/job/root-pullrequests-build/186521/testReport/projectroot.tmva.pymva/test/PyMVA_RandomForest_Multiclass/); - [projectroot.tmva.pymva.test.PyMVA_GTB_Classification](https://lcgapp-services.cern.ch/root-jenkins/job/root-pullrequests-build/186521/testReport/projectroot.tmva.pymva/test/PyMVA_GTB_Classification/); - [projectroot.tmva.pymva.test.PyMVA_GTB_Multiclass](https://lcgapp-services.cern.ch/root-jenkins/job/root-pullrequests-build/186521/testReport/projectroot.tmva.pymva/test/PyMVA_GTB_Multiclass/),MatchSource.ISSUE_COMMENT,root-project,root,v6-32-06,https://github.com/root-project/root/pull/13789#issuecomment-1745352891:260,test,tests,260,https://root.cern,https://github.com/root-project/root/pull/13789#issuecomment-1745352891,14,['test'],"['test', 'testReport', 'tests']"
Testability,Build failed on ROOT-ubuntu2004/python3.; Running on root-ubuntu-2004-3.cern.ch:/home/sftnight/build/workspace/root-pullrequests-build; [See console output](https://lcgapp-services.cern.ch/root-jenkins/job/root-pullrequests-build/186569/console).; ### Failing tests:; - [projectroot.roottest.python.stl.roottest_python_stl_stl](https://lcgapp-services.cern.ch/root-jenkins/job/root-pullrequests-build/186569/testReport/projectroot.roottest.python/stl/roottest_python_stl_stl/); - [projectroot.tmva.pymva.test.PyMVA_RandomForest_Classification](https://lcgapp-services.cern.ch/root-jenkins/job/root-pullrequests-build/186569/testReport/projectroot.tmva.pymva/test/PyMVA_RandomForest_Classification/); - [projectroot.tmva.pymva.test.PyMVA_RandomForest_Multiclass](https://lcgapp-services.cern.ch/root-jenkins/job/root-pullrequests-build/186569/testReport/projectroot.tmva.pymva/test/PyMVA_RandomForest_Multiclass/); - [projectroot.tmva.pymva.test.PyMVA_GTB_Classification](https://lcgapp-services.cern.ch/root-jenkins/job/root-pullrequests-build/186569/testReport/projectroot.tmva.pymva/test/PyMVA_GTB_Classification/); - [projectroot.tmva.pymva.test.PyMVA_GTB_Multiclass](https://lcgapp-services.cern.ch/root-jenkins/job/root-pullrequests-build/186569/testReport/projectroot.tmva.pymva/test/PyMVA_GTB_Multiclass/),MatchSource.ISSUE_COMMENT,root-project,root,v6-32-06,https://github.com/root-project/root/pull/13793#issuecomment-1745508291:260,test,tests,260,https://root.cern,https://github.com/root-project/root/pull/13793#issuecomment-1745508291,14,['test'],"['test', 'testReport', 'tests']"
Testability,Build failed on ROOT-ubuntu2004/python3.; Running on root-ubuntu-2004-3.cern.ch:/home/sftnight/build/workspace/root-pullrequests-build; [See console output](https://lcgapp-services.cern.ch/root-jenkins/job/root-pullrequests-build/186587/console).; ### Failing tests:; - [projectroot.roottest.python.stl.roottest_python_stl_stl](https://lcgapp-services.cern.ch/root-jenkins/job/root-pullrequests-build/186587/testReport/projectroot.roottest.python/stl/roottest_python_stl_stl/); - [projectroot.tmva.pymva.test.PyMVA_RandomForest_Classification](https://lcgapp-services.cern.ch/root-jenkins/job/root-pullrequests-build/186587/testReport/projectroot.tmva.pymva/test/PyMVA_RandomForest_Classification/); - [projectroot.tmva.pymva.test.PyMVA_RandomForest_Multiclass](https://lcgapp-services.cern.ch/root-jenkins/job/root-pullrequests-build/186587/testReport/projectroot.tmva.pymva/test/PyMVA_RandomForest_Multiclass/); - [projectroot.tmva.pymva.test.PyMVA_GTB_Classification](https://lcgapp-services.cern.ch/root-jenkins/job/root-pullrequests-build/186587/testReport/projectroot.tmva.pymva/test/PyMVA_GTB_Classification/); - [projectroot.tmva.pymva.test.PyMVA_GTB_Multiclass](https://lcgapp-services.cern.ch/root-jenkins/job/root-pullrequests-build/186587/testReport/projectroot.tmva.pymva/test/PyMVA_GTB_Multiclass/),MatchSource.ISSUE_COMMENT,root-project,root,v6-32-06,https://github.com/root-project/root/pull/13795#issuecomment-1745598556:260,test,tests,260,https://root.cern,https://github.com/root-project/root/pull/13795#issuecomment-1745598556,14,['test'],"['test', 'testReport', 'tests']"
Testability,Build failed on ROOT-ubuntu2004/python3.; Running on root-ubuntu-2004-3.cern.ch:/home/sftnight/build/workspace/root-pullrequests-build; [See console output](https://lcgapp-services.cern.ch/root-jenkins/job/root-pullrequests-build/186605/console).; ### Failing tests:; - [projectroot.roottest.python.stl.roottest_python_stl_stl](https://lcgapp-services.cern.ch/root-jenkins/job/root-pullrequests-build/186605/testReport/projectroot.roottest.python/stl/roottest_python_stl_stl/); - [projectroot.roottest.root.hist.roottest_root_hist_h2root](https://lcgapp-services.cern.ch/root-jenkins/job/root-pullrequests-build/186605/testReport/projectroot.roottest.root/hist/roottest_root_hist_h2root/); - [projectroot.tmva.pymva.test.PyMVA_RandomForest_Classification](https://lcgapp-services.cern.ch/root-jenkins/job/root-pullrequests-build/186605/testReport/projectroot.tmva.pymva/test/PyMVA_RandomForest_Classification/); - [projectroot.tmva.pymva.test.PyMVA_RandomForest_Multiclass](https://lcgapp-services.cern.ch/root-jenkins/job/root-pullrequests-build/186605/testReport/projectroot.tmva.pymva/test/PyMVA_RandomForest_Multiclass/); - [projectroot.tmva.pymva.test.PyMVA_GTB_Classification](https://lcgapp-services.cern.ch/root-jenkins/job/root-pullrequests-build/186605/testReport/projectroot.tmva.pymva/test/PyMVA_GTB_Classification/); - [projectroot.tmva.pymva.test.PyMVA_GTB_Multiclass](https://lcgapp-services.cern.ch/root-jenkins/job/root-pullrequests-build/186605/testReport/projectroot.tmva.pymva/test/PyMVA_GTB_Multiclass/),MatchSource.ISSUE_COMMENT,root-project,root,v6-32-06,https://github.com/root-project/root/pull/13796#issuecomment-1745749486:260,test,tests,260,https://root.cern,https://github.com/root-project/root/pull/13796#issuecomment-1745749486,15,['test'],"['test', 'testReport', 'tests']"
Testability,Build failed on ROOT-ubuntu2004/python3.; Running on root-ubuntu-2004-3.cern.ch:/home/sftnight/build/workspace/root-pullrequests-build; [See console output](https://lcgapp-services.cern.ch/root-jenkins/job/root-pullrequests-build/186611/console).; ### Errors:; - [2023-10-03T21:30:05.385Z] FAILED: tmva/pymva/test/CMakeFiles/SofieCompileModels_PyTorch.util,MatchSource.ISSUE_COMMENT,root-project,root,v6-32-06,https://github.com/root-project/root/pull/13797#issuecomment-1745757685:309,test,test,309,https://root.cern,https://github.com/root-project/root/pull/13797#issuecomment-1745757685,1,['test'],['test']
Testability,Build failed on ROOT-ubuntu2004/python3.; Running on root-ubuntu-2004-3.cern.ch:/home/sftnight/build/workspace/root-pullrequests-build; [See console output](https://lcgapp-services.cern.ch/root-jenkins/job/root-pullrequests-build/186617/console).; ### Failing tests:; - [projectroot.bindings.pyroot.pythonizations.test.pyunittests_pyroot_pyz_rtensor](https://lcgapp-services.cern.ch/root-jenkins/job/root-pullrequests-build/186617/testReport/projectroot.bindings.pyroot.pythonizations/test/pyunittests_pyroot_pyz_rtensor/),MatchSource.ISSUE_COMMENT,root-project,root,v6-32-06,https://github.com/root-project/root/pull/13799#issuecomment-1745800146:260,test,tests,260,https://root.cern,https://github.com/root-project/root/pull/13799#issuecomment-1745800146,4,['test'],"['test', 'testReport', 'tests']"
Testability,Build failed on ROOT-ubuntu2004/python3.; Running on root-ubuntu-2004-3.cern.ch:/home/sftnight/build/workspace/root-pullrequests-build; [See console output](https://lcgapp-services.cern.ch/root-jenkins/job/root-pullrequests-build/186635/console).; ### Failing tests:; - [projectroot.roottest.python.stl.roottest_python_stl_stl](https://lcgapp-services.cern.ch/root-jenkins/job/root-pullrequests-build/186635/testReport/projectroot.roottest.python/stl/roottest_python_stl_stl/),MatchSource.ISSUE_COMMENT,root-project,root,v6-32-06,https://github.com/root-project/root/pull/13783#issuecomment-1746054045:260,test,tests,260,https://root.cern,https://github.com/root-project/root/pull/13783#issuecomment-1746054045,2,['test'],"['testReport', 'tests']"
Testability,Build failed on ROOT-ubuntu2004/python3.; Running on root-ubuntu-2004-3.cern.ch:/home/sftnight/build/workspace/root-pullrequests-build; [See console output](https://lcgapp-services.cern.ch/root-jenkins/job/root-pullrequests-build/188590/console).; ### Failing tests:; - [projectroot.tmva.sofie.test.gtest_tmva_sofie_test_TestSofieModels](https://lcgapp-services.cern.ch/root-jenkins/job/root-pullrequests-build/188590/testReport/projectroot.tmva.sofie/test/gtest_tmva_sofie_test_TestSofieModels/),MatchSource.ISSUE_COMMENT,root-project,root,v6-32-06,https://github.com/root-project/root/pull/14003#issuecomment-1789857235:260,test,tests,260,https://root.cern,https://github.com/root-project/root/pull/14003#issuecomment-1789857235,4,['test'],"['test', 'testReport', 'tests']"
Testability,Build failed on ROOT-ubuntu2004/python3.; Running on root-ubuntu-2004-3.cern.ch:/home/sftnight/build/workspace/root-pullrequests-build; [See console output](https://lcgapp-services.cern.ch/root-jenkins/job/root-pullrequests-build/188885/console).; ### Failing tests:; - [projectroot.roottest.python.distrdf.common.roottest_python_distrdf_common_test_all](https://lcgapp-services.cern.ch/root-jenkins/job/root-pullrequests-build/188885/testReport/projectroot.roottest.python.distrdf/common/roottest_python_distrdf_common_test_all/),MatchSource.ISSUE_COMMENT,root-project,root,v6-32-06,https://github.com/root-project/root/pull/14042#issuecomment-1806272643:260,test,tests,260,https://root.cern,https://github.com/root-project/root/pull/14042#issuecomment-1806272643,2,['test'],"['testReport', 'tests']"
Testability,Build failed on ROOT-ubuntu2004/python3.; Running on root-ubuntu-2004-3.cern.ch:/home/sftnight/build/workspace/root-pullrequests-build; [See console output](https://lcgapp-services.cern.ch/root-jenkins/job/root-pullrequests-build/189055/console).; ### Failing tests:; - [projectroot.roottest.python.distrdf.common.roottest_python_distrdf_common_test_all](https://lcgapp-services.cern.ch/root-jenkins/job/root-pullrequests-build/189055/testReport/projectroot.roottest.python.distrdf/common/roottest_python_distrdf_common_test_all/),MatchSource.ISSUE_COMMENT,root-project,root,v6-32-06,https://github.com/root-project/root/pull/14046#issuecomment-1808810853:260,test,tests,260,https://root.cern,https://github.com/root-project/root/pull/14046#issuecomment-1808810853,2,['test'],"['testReport', 'tests']"
Testability,Build failed on ROOT-ubuntu2004/python3.; Running on root-ubuntu-2004-3.cern.ch:/home/sftnight/build/workspace/root-pullrequests-build; [See console output](https://lcgapp-services.cern.ch/root-jenkins/job/root-pullrequests-build/189090/console).; ### Errors:; - [2023-11-14T00:46:43.778Z] FAILED: tree/ntuple/v7/test/CMakeFiles/ntuple_ioerrors.dir/ntuple_ioerrors.cxx.o ; - [2023-11-14T00:46:44.823Z] /home/sftnight/build/workspace/root-pullrequests-build/root/tree/ntuple/v7/test/ntuple_ioerrors.cxx:26:30: error: ‘GetFailureInjectionContext’ is not a member of ‘RRawFile’ {aka ‘ROOT::Internal::RRawFile’} ; - [2023-11-14T00:46:44.823Z] /home/sftnight/build/workspace/root-pullrequests-build/root/tree/ntuple/v7/test/ntuple_ioerrors.cxx:39:37: error: ‘ROOT::Internal::RRawFile::EFailureType’ has not been declared ; - [2023-11-14T00:46:44.823Z] /home/sftnight/build/workspace/root-pullrequests-build/root/tree/ntuple/v7/test/ntuple_ioerrors.cxx:52:30: error: ‘GetFailureInjectionContext’ is not a member of ‘RRawFile’ {aka ‘ROOT::Internal::RRawFile’} ; - [2023-11-14T00:46:44.823Z] /home/sftnight/build/workspace/root-pullrequests-build/root/tree/ntuple/v7/test/ntuple_ioerrors.cxx:64:37: error: ‘ROOT::Internal::RRawFile::EFailureType’ has not been declared ; - [2023-11-14T00:46:44.823Z] /home/sftnight/build/workspace/root-pullrequests-build/root/tree/ntuple/v7/test/ntuple_ioerrors.cxx:78:30: error: ‘GetFailureInjectionContext’ is not a member of ‘RRawFile’ {aka ‘ROOT::Internal::RRawFile’} ; - [2023-11-14T00:46:44.823Z] /home/sftnight/build/workspace/root-pullrequests-build/root/tree/ntuple/v7/test/ntuple_ioerrors.cxx:90:37: error: ‘ROOT::Internal::RRawFile::EFailureType’ has not been declared ; - [2023-11-14T00:46:44.823Z] /home/sftnight/build/workspace/root-pullrequests-build/root/tree/ntuple/v7/test/ntuple_ioerrors.cxx:111:30: error: ‘GetFailureInjectionContext’ is not a member of ‘RRawFile’ {aka ‘ROOT::Internal::RRawFile’} ; - [2023-11-14T00:46:44.823Z] /home/sftnight/build/works,MatchSource.ISSUE_COMMENT,root-project,root,v6-32-06,https://github.com/root-project/root/pull/13434#issuecomment-1809364712:313,test,test,313,https://root.cern,https://github.com/root-project/root/pull/13434#issuecomment-1809364712,4,['test'],['test']
Testability,Build failed on ROOT-ubuntu2004/python3.; Running on root-ubuntu-2004-3.cern.ch:/home/sftnight/build/workspace/root-pullrequests-build; [See console output](https://lcgapp-services.cern.ch/root-jenkins/job/root-pullrequests-build/189100/console).; ### Failing tests:; - [projectroot.net.netxng.test.gtest_net_netxng_test_RRawFileNetXNG](https://lcgapp-services.cern.ch/root-jenkins/job/root-pullrequests-build/189100/testReport/projectroot.net.netxng/test/gtest_net_netxng_test_RRawFileNetXNG/),MatchSource.ISSUE_COMMENT,root-project,root,v6-32-06,https://github.com/root-project/root/pull/14045#issuecomment-1810043943:260,test,tests,260,https://root.cern,https://github.com/root-project/root/pull/14045#issuecomment-1810043943,4,['test'],"['test', 'testReport', 'tests']"
Testability,Build failed on ROOT-ubuntu2004/python3.; Running on root-ubuntu-2004-3.cern.ch:/home/sftnight/build/workspace/root-pullrequests-build; [See console output](https://lcgapp-services.cern.ch/root-jenkins/job/root-pullrequests-build/189105/console).; ### Failing tests:; - [projectroot.net.netxng.test.gtest_net_netxng_test_RRawFileNetXNG](https://lcgapp-services.cern.ch/root-jenkins/job/root-pullrequests-build/189105/testReport/projectroot.net.netxng/test/gtest_net_netxng_test_RRawFileNetXNG/),MatchSource.ISSUE_COMMENT,root-project,root,v6-32-06,https://github.com/root-project/root/pull/14046#issuecomment-1810090090:260,test,tests,260,https://root.cern,https://github.com/root-project/root/pull/14046#issuecomment-1810090090,4,['test'],"['test', 'testReport', 'tests']"
Testability,Build failed on ROOT-ubuntu2004/python3.; Running on root-ubuntu-2004-3.cern.ch:/home/sftnight/build/workspace/root-pullrequests-build; [See console output](https://lcgapp-services.cern.ch/root-jenkins/job/root-pullrequests-build/189110/console).; ### Failing tests:; - [projectroot.net.netxng.test.gtest_net_netxng_test_RRawFileNetXNG](https://lcgapp-services.cern.ch/root-jenkins/job/root-pullrequests-build/189110/testReport/projectroot.net.netxng/test/gtest_net_netxng_test_RRawFileNetXNG/),MatchSource.ISSUE_COMMENT,root-project,root,v6-32-06,https://github.com/root-project/root/pull/14048#issuecomment-1810138383:260,test,tests,260,https://root.cern,https://github.com/root-project/root/pull/14048#issuecomment-1810138383,4,['test'],"['test', 'testReport', 'tests']"
Testability,Build failed on ROOT-ubuntu2004/python3.; Running on root-ubuntu-2004-3.cern.ch:/home/sftnight/build/workspace/root-pullrequests-build; [See console output](https://lcgapp-services.cern.ch/root-jenkins/job/root-pullrequests-build/189120/console).; ### Failing tests:; - [projectroot.net.netxng.test.gtest_net_netxng_test_RRawFileNetXNG](https://lcgapp-services.cern.ch/root-jenkins/job/root-pullrequests-build/189120/testReport/projectroot.net.netxng/test/gtest_net_netxng_test_RRawFileNetXNG/),MatchSource.ISSUE_COMMENT,root-project,root,v6-32-06,https://github.com/root-project/root/pull/14050#issuecomment-1810189159:260,test,tests,260,https://root.cern,https://github.com/root-project/root/pull/14050#issuecomment-1810189159,4,['test'],"['test', 'testReport', 'tests']"
Testability,Build failed on ROOT-ubuntu2004/python3.; Running on root-ubuntu-2004-3.cern.ch:/home/sftnight/build/workspace/root-pullrequests-build; [See console output](https://lcgapp-services.cern.ch/root-jenkins/job/root-pullrequests-build/189135/console).; ### Failing tests:; - [projectroot.net.netxng.test.gtest_net_netxng_test_RRawFileNetXNG](https://lcgapp-services.cern.ch/root-jenkins/job/root-pullrequests-build/189135/testReport/projectroot.net.netxng/test/gtest_net_netxng_test_RRawFileNetXNG/),MatchSource.ISSUE_COMMENT,root-project,root,v6-32-06,https://github.com/root-project/root/pull/9651#issuecomment-1810242138:260,test,tests,260,https://root.cern,https://github.com/root-project/root/pull/9651#issuecomment-1810242138,4,['test'],"['test', 'testReport', 'tests']"
Testability,Build failed on ROOT-ubuntu2004/python3.; Running on root-ubuntu-2004-3.cern.ch:/home/sftnight/build/workspace/root-pullrequests-build; [See console output](https://lcgapp-services.cern.ch/root-jenkins/job/root-pullrequests-build/189245/console).; ### Warnings:; - [2023-11-14T17:19:53.197Z] CMake Warning at /home/sftnight/build/workspace/root-pullrequests-build/roottest/CMakeLists.txt:5 (message): . ### Failing tests:; - [projectroot.tmva.pymva.test.PyMVA_Keras_Regression](https://lcgapp-services.cern.ch/root-jenkins/job/root-pullrequests-build/189245/testReport/projectroot.tmva.pymva/test/PyMVA_Keras_Regression/),MatchSource.ISSUE_COMMENT,root-project,root,v6-32-06,https://github.com/root-project/root/pull/14052#issuecomment-1810819674:415,test,tests,415,https://root.cern,https://github.com/root-project/root/pull/14052#issuecomment-1810819674,4,['test'],"['test', 'testReport', 'tests']"
Testability,Build failed on ROOT-ubuntu2004/python3.; Running on root-ubuntu-2004-3.cern.ch:/home/sftnight/build/workspace/root-pullrequests-build; [See console output](https://lcgapp-services.cern.ch/root-jenkins/job/root-pullrequests-build/189255/console).; ### Failing tests:; - [projectroot.tmva.pymva.test.PyMVA_Keras_Regression](https://lcgapp-services.cern.ch/root-jenkins/job/root-pullrequests-build/189255/testReport/projectroot.tmva.pymva/test/PyMVA_Keras_Regression/),MatchSource.ISSUE_COMMENT,root-project,root,v6-32-06,https://github.com/root-project/root/pull/13558#issuecomment-1810974513:260,test,tests,260,https://root.cern,https://github.com/root-project/root/pull/13558#issuecomment-1810974513,4,['test'],"['test', 'testReport', 'tests']"
Testability,Build failed on ROOT-ubuntu2004/python3.; Running on root-ubuntu-2004-3.cern.ch:/home/sftnight/build/workspace/root-pullrequests-build; [See console output](https://lcgapp-services.cern.ch/root-jenkins/job/root-pullrequests-build/189395/console).; ### Failing tests:; - [projectroot.tmva.pymva.test.PyMVA_Keras_Regression](https://lcgapp-services.cern.ch/root-jenkins/job/root-pullrequests-build/189395/testReport/projectroot.tmva.pymva/test/PyMVA_Keras_Regression/),MatchSource.ISSUE_COMMENT,root-project,root,v6-32-06,https://github.com/root-project/root/pull/14060#issuecomment-1812844753:260,test,tests,260,https://root.cern,https://github.com/root-project/root/pull/14060#issuecomment-1812844753,4,['test'],"['test', 'testReport', 'tests']"
Testability,Build failed on ROOT-ubuntu2004/python3.; Running on root-ubuntu-2004-3.cern.ch:/home/sftnight/build/workspace/root-pullrequests-build; [See console output](https://lcgapp-services.cern.ch/root-jenkins/job/root-pullrequests-build/189495/console).; ### Failing tests:; - [projectroot.core.base.test.gtest_core_base_test_CoreBaseTests](https://lcgapp-services.cern.ch/root-jenkins/job/root-pullrequests-build/189495/testReport/projectroot.core.base/test/gtest_core_base_test_CoreBaseTests/),MatchSource.ISSUE_COMMENT,root-project,root,v6-32-06,https://github.com/root-project/root/pull/14067#issuecomment-1814783362:260,test,tests,260,https://root.cern,https://github.com/root-project/root/pull/14067#issuecomment-1814783362,4,['test'],"['test', 'testReport', 'tests']"
Testability,Build failed on ROOT-ubuntu2004/python3.; Running on root-ubuntu-2004-3.cern.ch:/home/sftnight/build/workspace/root-pullrequests-build; [See console output](https://lcgapp-services.cern.ch/root-jenkins/job/root-pullrequests-build/189705/console).; ### Failing tests:; - [projectroot.tmva.pymva.test.PyMVA_Keras_Regression](https://lcgapp-services.cern.ch/root-jenkins/job/root-pullrequests-build/189705/testReport/projectroot.tmva.pymva/test/PyMVA_Keras_Regression/),MatchSource.ISSUE_COMMENT,root-project,root,v6-32-06,https://github.com/root-project/root/pull/14070#issuecomment-1815664363:260,test,tests,260,https://root.cern,https://github.com/root-project/root/pull/14070#issuecomment-1815664363,4,['test'],"['test', 'testReport', 'tests']"
Testability,Build failed on ROOT-ubuntu2004/python3.; Running on root-ubuntu-2004-3.cern.ch:/home/sftnight/build/workspace/root-pullrequests-build; [See console output](https://lcgapp-services.cern.ch/root-jenkins/job/root-pullrequests-build/189730/console).; ### Failing tests:; - [projectroot.tree.ntuple.v7.test.gtest_tree_ntuple_v7_test_ntuple_types](https://lcgapp-services.cern.ch/root-jenkins/job/root-pullrequests-build/189730/testReport/projectroot.tree.ntuple.v7/test/gtest_tree_ntuple_v7_test_ntuple_types/),MatchSource.ISSUE_COMMENT,root-project,root,v6-32-06,https://github.com/root-project/root/pull/14072#issuecomment-1816449386:260,test,tests,260,https://root.cern,https://github.com/root-project/root/pull/14072#issuecomment-1816449386,4,['test'],"['test', 'testReport', 'tests']"
Testability,Build failed on ROOT-ubuntu2004/python3.; Running on root-ubuntu-2004-3.cern.ch:/home/sftnight/build/workspace/root-pullrequests-build; [See console output](https://lcgapp-services.cern.ch/root-jenkins/job/root-pullrequests-build/189790/console).; ### Failing tests:; - [projectroot.tmva.pymva.test.PyMVA_Keras_Regression](https://lcgapp-services.cern.ch/root-jenkins/job/root-pullrequests-build/189790/testReport/projectroot.tmva.pymva/test/PyMVA_Keras_Regression/),MatchSource.ISSUE_COMMENT,root-project,root,v6-32-06,https://github.com/root-project/root/pull/6466#issuecomment-1818845809:260,test,tests,260,https://root.cern,https://github.com/root-project/root/pull/6466#issuecomment-1818845809,4,['test'],"['test', 'testReport', 'tests']"
Testability,Build failed on ROOT-ubuntu2004/python3.; Running on root-ubuntu-2004-3.cern.ch:/home/sftnight/build/workspace/root-pullrequests-build; [See console output](https://lcgapp-services.cern.ch/root-jenkins/job/root-pullrequests-build/189881/console).; ### Failing tests:; - [projectroot.roottest.root.meta.roottest_root_meta_runMemberComments](https://lcgapp-services.cern.ch/root-jenkins/job/root-pullrequests-build/189881/testReport/projectroot.roottest.root/meta/roottest_root_meta_runMemberComments/),MatchSource.ISSUE_COMMENT,root-project,root,v6-32-06,https://github.com/root-project/root/pull/14077#issuecomment-1821158926:260,test,tests,260,https://root.cern,https://github.com/root-project/root/pull/14077#issuecomment-1821158926,2,['test'],"['testReport', 'tests']"
Testability,Build failed on ROOT-ubuntu2004/python3.; Running on root-ubuntu-2004-3.cern.ch:/home/sftnight/build/workspace/root-pullrequests-build; [See console output](https://lcgapp-services.cern.ch/root-jenkins/job/root-pullrequests-build/189961/console).; ### Failing tests:; - [projectroot.roottest.root.io.uniquePointer.roottest_root_io_uniquePointer_privacy_interp](https://lcgapp-services.cern.ch/root-jenkins/job/root-pullrequests-build/189961/testReport/projectroot.roottest.root.io/uniquePointer/roottest_root_io_uniquePointer_privacy_interp/),MatchSource.ISSUE_COMMENT,root-project,root,v6-32-06,https://github.com/root-project/root/pull/13900#issuecomment-1821855108:260,test,tests,260,https://root.cern,https://github.com/root-project/root/pull/13900#issuecomment-1821855108,2,['test'],"['testReport', 'tests']"
Testability,Build failed on ROOT-ubuntu2004/python3.; Running on root-ubuntu-2004-3.cern.ch:/home/sftnight/build/workspace/root-pullrequests-build; [See console output](https://lcgapp-services.cern.ch/root-jenkins/job/root-pullrequests-build/190875/console).; ### Failing tests:; - [projectroot.tmva.sofie.test.gtest_tmva_sofie_test_TestSofieModels](https://lcgapp-services.cern.ch/root-jenkins/job/root-pullrequests-build/190875/testReport/projectroot.tmva.sofie/test/gtest_tmva_sofie_test_TestSofieModels/),MatchSource.ISSUE_COMMENT,root-project,root,v6-32-06,https://github.com/root-project/root/pull/14136#issuecomment-1842595613:260,test,tests,260,https://root.cern,https://github.com/root-project/root/pull/14136#issuecomment-1842595613,4,['test'],"['test', 'testReport', 'tests']"
Testability,Build failed on ROOT-ubuntu2004/python3.; Running on root-ubuntu-2004-3.cern.ch:/home/sftnight/build/workspace/root-pullrequests-build; [See console output](https://lcgapp-services.cern.ch/root-jenkins/job/root-pullrequests-build/190996/console).; ### Failing tests:; - [projectroot.roottest.root.io.withoutDictionaries.roottest_root_io_withoutDictionaries_IOWithoutDictionaries](https://lcgapp-services.cern.ch/root-jenkins/job/root-pullrequests-build/190996/testReport/projectroot.roottest.root.io/withoutDictionaries/roottest_root_io_withoutDictionaries_IOWithoutDictionaries/),MatchSource.ISSUE_COMMENT,root-project,root,v6-32-06,https://github.com/root-project/root/pull/9392#issuecomment-1845582969:260,test,tests,260,https://root.cern,https://github.com/root-project/root/pull/9392#issuecomment-1845582969,2,['test'],"['testReport', 'tests']"
Testability,Build failed on ROOT-ubuntu2004/python3.; Running on root-ubuntu-2004-3.cern.ch:/home/sftnight/build/workspace/root-pullrequests-build; [See console output](https://lcgapp-services.cern.ch/root-jenkins/job/root-pullrequests-build/192199/console).; ### Failing tests:; - [projectroot.bindings.pyroot.pythonizations.test.pyunittests_pyroot_roofit_roodataset_numpy](https://lcgapp-services.cern.ch/root-jenkins/job/root-pullrequests-build/192199/testReport/projectroot.bindings.pyroot.pythonizations/test/pyunittests_pyroot_roofit_roodataset_numpy/); - [projectroot.roofit.roofitcore.test.gtest_roofit_roofitcore_test_testRooDataSet](https://lcgapp-services.cern.ch/root-jenkins/job/root-pullrequests-build/192199/testReport/projectroot.roofit.roofitcore/test/gtest_roofit_roofitcore_test_testRooDataSet/),MatchSource.ISSUE_COMMENT,root-project,root,v6-32-06,https://github.com/root-project/root/pull/14317#issuecomment-1883137920:260,test,tests,260,https://root.cern,https://github.com/root-project/root/pull/14317#issuecomment-1883137920,7,['test'],"['test', 'testReport', 'tests']"
Testability,Build failed on ROOT-ubuntu2004/python3.; Running on root-ubuntu-2004-3.cern.ch:/home/sftnight/build/workspace/root-pullrequests-build; [See console output](https://lcgapp-services.cern.ch/root-jenkins/job/root-pullrequests-build/192446/console).; ### Failing tests:; - [projectroot.roottest.root.tree.fastcloning.roottest_root_tree_fastcloning_execCheckClusterRange](https://lcgapp-services.cern.ch/root-jenkins/job/root-pullrequests-build/192446/testReport/projectroot.roottest.root.tree/fastcloning/roottest_root_tree_fastcloning_execCheckClusterRange/),MatchSource.ISSUE_COMMENT,root-project,root,v6-32-06,https://github.com/root-project/root/pull/14268#issuecomment-1888990231:260,test,tests,260,https://root.cern,https://github.com/root-project/root/pull/14268#issuecomment-1888990231,2,['test'],"['testReport', 'tests']"
Testability,Build failed on ROOT-ubuntu2004/python3.; Running on root-ubuntu-2004-3.cern.ch:/home/sftnight/build/workspace/root-pullrequests-build; [See console output](https://lcgapp-services.cern.ch/root-jenkins/job/root-pullrequests-build/194104/console).; ### Failing tests:; - [projectroot.roottest.python.basic.roottest_python_basic_basic](https://lcgapp-services.cern.ch/root-jenkins/job/root-pullrequests-build/194104/testReport/projectroot.roottest.python/basic/roottest_python_basic_basic/); - [projectroot.roottest.python.cpp.roottest_python_cpp_advanced](https://lcgapp-services.cern.ch/root-jenkins/job/root-pullrequests-build/194104/testReport/projectroot.roottest.python/cpp/roottest_python_cpp_advanced/); - [projectroot.roottest.python.numba.roottest_python_numba_numba](https://lcgapp-services.cern.ch/root-jenkins/job/root-pullrequests-build/194104/testReport/projectroot.roottest.python/numba/roottest_python_numba_numba/),MatchSource.ISSUE_COMMENT,root-project,root,v6-32-06,https://github.com/root-project/root/pull/14486#issuecomment-1916980322:260,test,tests,260,https://root.cern,https://github.com/root-project/root/pull/14486#issuecomment-1916980322,4,['test'],"['testReport', 'tests']"
Testability,Build failed on ROOT-ubuntu2004/python3.; Running on root-ubuntu-2004-3.cern.ch:/home/sftnight/build/workspace/root-pullrequests-build; [See console output](https://lcgapp-services.cern.ch/root-jenkins/job/root-pullrequests-build/194134/console).; ### Failing tests:; - [projectroot.bindings.pyroot.pythonizations.test.pyunittests_pyroot_pyz_rdataframe_makenumpy](https://lcgapp-services.cern.ch/root-jenkins/job/root-pullrequests-build/194134/testReport/projectroot.bindings.pyroot.pythonizations/test/pyunittests_pyroot_pyz_rdataframe_makenumpy/); - [projectroot.roottest.python.distrdf.dask.roottest_python_distrdf_dask_test_all](https://lcgapp-services.cern.ch/root-jenkins/job/root-pullrequests-build/194134/testReport/projectroot.roottest.python.distrdf/dask/roottest_python_distrdf_dask_test_all/); - [projectroot.roottest.python.distrdf.spark.roottest_python_distrdf_spark_test_all](https://lcgapp-services.cern.ch/root-jenkins/job/root-pullrequests-build/194134/testReport/projectroot.roottest.python.distrdf/spark/roottest_python_distrdf_spark_test_all/); - [projectroot.roottest.root.dataframe.roottest_root_dataframe_ctors](https://lcgapp-services.cern.ch/root-jenkins/job/root-pullrequests-build/194134/testReport/projectroot.roottest.root/dataframe/roottest_root_dataframe_ctors/); - [projectroot.roottest.root.dataframe.roottest_root_dataframe_test_stringfiltercolumn](https://lcgapp-services.cern.ch/root-jenkins/job/root-pullrequests-build/194134/testReport/projectroot.roottest.root/dataframe/roottest_root_dataframe_test_stringfiltercolumn/); - [projectroot.roottest.root.dataframe.roottest_root_dataframe_reports](https://lcgapp-services.cern.ch/root-jenkins/job/root-pullrequests-build/194134/testReport/projectroot.roottest.root/dataframe/roottest_root_dataframe_reports/); - [projectroot.tree.dataframe.test.gtest_tree_dataframe_test_dataframe_redefine](https://lcgapp-services.cern.ch/root-jenkins/job/root-pullrequests-build/194134/testReport/projectroot.tree.dataframe/test/g,MatchSource.ISSUE_COMMENT,root-project,root,v6-32-06,https://github.com/root-project/root/pull/14490#issuecomment-1917544524:260,test,tests,260,https://root.cern,https://github.com/root-project/root/pull/14490#issuecomment-1917544524,6,['test'],"['test', 'testReport', 'tests']"
Testability,Build failed on ROOT-ubuntu2004/python3.; Running on root-ubuntu-2004-3.cern.ch:/home/sftnight/build/workspace/root-pullrequests-build; [See console output](https://lcgapp-services.cern.ch/root-jenkins/job/root-pullrequests-build/194209/console).; ### Failing tests:; - [projectroot.tmva.pymva.test.PyMVA_Keras_Regression](https://lcgapp-services.cern.ch/root-jenkins/job/root-pullrequests-build/194209/testReport/projectroot.tmva.pymva/test/PyMVA_Keras_Regression/),MatchSource.ISSUE_COMMENT,root-project,root,v6-32-06,https://github.com/root-project/root/pull/14496#issuecomment-1919172174:260,test,tests,260,https://root.cern,https://github.com/root-project/root/pull/14496#issuecomment-1919172174,4,['test'],"['test', 'testReport', 'tests']"
Testability,Build failed on ROOT-ubuntu2004/python3.; Running on root-ubuntu-2004-3.cern.ch:/home/sftnight/build/workspace/root-pullrequests-build; [See console output](https://lcgapp-services.cern.ch/root-jenkins/job/root-pullrequests-build/194264/console).; ### Failing tests:; - [projectroot.hist.hist.test.gtest_hist_hist_test_TFormulaGradientTests](https://lcgapp-services.cern.ch/root-jenkins/job/root-pullrequests-build/194264/testReport/projectroot.hist.hist/test/gtest_hist_hist_test_TFormulaGradientTests/); - [projectroot.hist.hist.test.gtest_hist_hist_test_TFormulaHessianTests](https://lcgapp-services.cern.ch/root-jenkins/job/root-pullrequests-build/194264/testReport/projectroot.hist.hist/test/gtest_hist_hist_test_TFormulaHessianTests/); - [projectroot.math.minuit2.test.minuit2_testADMinim](https://lcgapp-services.cern.ch/root-jenkins/job/root-pullrequests-build/194264/testReport/projectroot.math.minuit2/test/minuit2_testADMinim/); - [projectroot.roofit.histfactory.test.gtest_roofit_histfactory_test_testHistFactory](https://lcgapp-services.cern.ch/root-jenkins/job/root-pullrequests-build/194264/testReport/projectroot.roofit.histfactory/test/gtest_roofit_histfactory_test_testHistFactory/); - [projectroot.roofit.roofitcore.test.gtest_roofit_roofitcore_test_testRooFuncWrapper](https://lcgapp-services.cern.ch/root-jenkins/job/root-pullrequests-build/194264/testReport/projectroot.roofit.roofitcore/test/gtest_roofit_roofitcore_test_testRooFuncWrapper/),MatchSource.ISSUE_COMMENT,root-project,root,v6-32-06,https://github.com/root-project/root/pull/14165#issuecomment-1919798529:260,test,tests,260,https://root.cern,https://github.com/root-project/root/pull/14165#issuecomment-1919798529,16,['test'],"['test', 'testReport', 'tests']"
Testability,Build failed on ROOT-ubuntu2004/python3.; Running on root-ubuntu-2004-3.cern.ch:/home/sftnight/build/workspace/root-pullrequests-build; [See console output](https://lcgapp-services.cern.ch/root-jenkins/job/root-pullrequests-build/194269/console).; ### Failing tests:; - [projectroot.roottest.python.distrdf.dask.roottest_python_distrdf_dask_test_all](https://lcgapp-services.cern.ch/root-jenkins/job/root-pullrequests-build/194269/testReport/projectroot.roottest.python.distrdf/dask/roottest_python_distrdf_dask_test_all/); - [projectroot.roottest.python.distrdf.common.roottest_python_distrdf_common_test_all](https://lcgapp-services.cern.ch/root-jenkins/job/root-pullrequests-build/194269/testReport/projectroot.roottest.python.distrdf/common/roottest_python_distrdf_common_test_all/); - [projectroot.roottest.python.distrdf.spark.roottest_python_distrdf_spark_test_all](https://lcgapp-services.cern.ch/root-jenkins/job/root-pullrequests-build/194269/testReport/projectroot.roottest.python.distrdf/spark/roottest_python_distrdf_spark_test_all/); - [projectroot.bindings.experimental.distrdf.test.backend.pyunittests_distrdf_unit_backend_test_common](https://lcgapp-services.cern.ch/root-jenkins/job/root-pullrequests-build/194269/testReport/projectroot.bindings.experimental.distrdf.test/backend/pyunittests_distrdf_unit_backend_test_common/); - [projectroot.bindings.experimental.distrdf.test.pyunittests_distrdf_unit_test_ranges](https://lcgapp-services.cern.ch/root-jenkins/job/root-pullrequests-build/194269/testReport/projectroot.bindings.experimental.distrdf/test/pyunittests_distrdf_unit_test_ranges/); - [projectroot.bindings.pyroot.pythonizations.test.pyunittests_callfuncwrappers](https://lcgapp-services.cern.ch/root-jenkins/job/root-pullrequests-build/194269/testReport/projectroot.bindings.pyroot.pythonizations/test/pyunittests_callfuncwrappers/); - [projectroot.bindings.pyroot.pythonizations.test.pyunittests_pyroot_pyz_rdataframe_asnumpy](https://lcgapp-services.cern.ch/root-jenkin,MatchSource.ISSUE_COMMENT,root-project,root,v6-32-06,https://github.com/root-project/root/pull/14426#issuecomment-1920286260:260,test,tests,260,https://root.cern,https://github.com/root-project/root/pull/14426#issuecomment-1920286260,4,['test'],"['testReport', 'tests']"
Testability,Build failed on ROOT-ubuntu2004/python3.; Running on root-ubuntu-2004-3.cern.ch:/home/sftnight/build/workspace/root-pullrequests-build; [See console output](https://lcgapp-services.cern.ch/root-jenkins/job/root-pullrequests-build/194289/console).; ### Failing tests:; - [projectroot.bindings.experimental.distrdf.test.pyunittests_distrdf_unit_test_ranges](https://lcgapp-services.cern.ch/root-jenkins/job/root-pullrequests-build/194289/testReport/projectroot.bindings.experimental.distrdf/test/pyunittests_distrdf_unit_test_ranges/); - [projectroot.bindings.experimental.distrdf.test.backend.pyunittests_distrdf_unit_backend_test_common](https://lcgapp-services.cern.ch/root-jenkins/job/root-pullrequests-build/194289/testReport/projectroot.bindings.experimental.distrdf.test/backend/pyunittests_distrdf_unit_backend_test_common/); - [projectroot.bindings.pyroot.pythonizations.test.pyunittests_pyroot_pyz_rdataframe_asnumpy](https://lcgapp-services.cern.ch/root-jenkins/job/root-pullrequests-build/194289/testReport/projectroot.bindings.pyroot.pythonizations/test/pyunittests_pyroot_pyz_rdataframe_asnumpy/); - [projectroot.bindings.pyroot.pythonizations.test.pyunittests_pyroot_pyz_rdataframe_histo_profile](https://lcgapp-services.cern.ch/root-jenkins/job/root-pullrequests-build/194289/testReport/projectroot.bindings.pyroot.pythonizations/test/pyunittests_pyroot_pyz_rdataframe_histo_profile/); - [projectroot.bindings.pyroot.pythonizations.test.pyunittests_pyroot_pyz_rdataframe_makenumpy](https://lcgapp-services.cern.ch/root-jenkins/job/root-pullrequests-build/194289/testReport/projectroot.bindings.pyroot.pythonizations/test/pyunittests_pyroot_pyz_rdataframe_makenumpy/); - [projectroot.bindings.pyroot.pythonizations.test.pyunittests_pyroot_string_view](https://lcgapp-services.cern.ch/root-jenkins/job/root-pullrequests-build/194289/testReport/projectroot.bindings.pyroot.pythonizations/test/pyunittests_pyroot_string_view/); - [projectroot.bindings.pyroot.pythonizations.test.pyunittests_,MatchSource.ISSUE_COMMENT,root-project,root,v6-32-06,https://github.com/root-project/root/pull/14426#issuecomment-1920661624:260,test,tests,260,https://root.cern,https://github.com/root-project/root/pull/14426#issuecomment-1920661624,9,['test'],"['test', 'testReport', 'tests']"
Testability,Build failed on ROOT-ubuntu2004/python3.; Running on root-ubuntu-2004-3.cern.ch:/home/sftnight/build/workspace/root-pullrequests-build; [See console output](https://lcgapp-services.cern.ch/root-jenkins/job/root-pullrequests-build/195226/console).; ### Failing tests:; - [projectroot.bindings.pyroot.pythonizations.test.pyunittests_pyroot_pyz_stl_vector](https://lcgapp-services.cern.ch/root-jenkins/job/root-pullrequests-build/195226/testReport/projectroot.bindings.pyroot.pythonizations/test/pyunittests_pyroot_pyz_stl_vector/),MatchSource.ISSUE_COMMENT,root-project,root,v6-32-06,https://github.com/root-project/root/pull/14669#issuecomment-1941367477:260,test,tests,260,https://root.cern,https://github.com/root-project/root/pull/14669#issuecomment-1941367477,4,['test'],"['test', 'testReport', 'tests']"
Testability,Build failed on ROOT-ubuntu2004/python3.; Running on root-ubuntu-2004-3.cern.ch:/home/sftnight/build/workspace/root-pullrequests-build; [See console output](https://lcgapp-services.cern.ch/root-jenkins/job/root-pullrequests-build/195256/console).; ### Failing tests:; - [projectroot.tree.dataframe.test.gtest_tree_dataframe_test_dataframe_interface](https://lcgapp-services.cern.ch/root-jenkins/job/root-pullrequests-build/195256/testReport/projectroot.tree.dataframe/test/gtest_tree_dataframe_test_dataframe_interface/),MatchSource.ISSUE_COMMENT,root-project,root,v6-32-06,https://github.com/root-project/root/pull/14676#issuecomment-1941655952:260,test,tests,260,https://root.cern,https://github.com/root-project/root/pull/14676#issuecomment-1941655952,4,['test'],"['test', 'testReport', 'tests']"
Testability,Build failed on ROOT-ubuntu2004/python3.; Running on root-ubuntu-2004-3.cern.ch:/home/sftnight/build/workspace/root-pullrequests-build; [See console output](https://lcgapp-services.cern.ch/root-jenkins/job/root-pullrequests-build/195366/console).; ### Failing tests:; - [projectroot.roottest.root.meta.genreflex.XMLParsing.roottest_root_meta_genreflex_XMLParsing_2](https://lcgapp-services.cern.ch/root-jenkins/job/root-pullrequests-build/195366/testReport/projectroot.roottest.root.meta.genreflex/XMLParsing/roottest_root_meta_genreflex_XMLParsing_2/); - [projectroot.roottest.root.meta.genreflex.XMLParsing.roottest_root_meta_genreflex_XMLParsing_13](https://lcgapp-services.cern.ch/root-jenkins/job/root-pullrequests-build/195366/testReport/projectroot.roottest.root.meta.genreflex/XMLParsing/roottest_root_meta_genreflex_XMLParsing_13/); - [projectroot.roottest.root.meta.genreflex.roottest_root_meta_genreflex_ioreadrulesfailonwarning](https://lcgapp-services.cern.ch/root-jenkins/job/root-pullrequests-build/195366/testReport/projectroot.roottest.root.meta/genreflex/roottest_root_meta_genreflex_ioreadrulesfailonwarning/); - [projectroot.roottest.root.meta.genreflex.roottest_root_meta_genreflex_MyClass_v2_libgen_build](https://lcgapp-services.cern.ch/root-jenkins/job/root-pullrequests-build/195366/testReport/projectroot.roottest.root.meta/genreflex/roottest_root_meta_genreflex_MyClass_v2_libgen_build/); - [projectroot.roottest.root.meta.genreflex.roottest_root_meta_genreflex_escapedQuotesreadTree](https://lcgapp-services.cern.ch/root-jenkins/job/root-pullrequests-build/195366/testReport/projectroot.roottest.root.meta/genreflex/roottest_root_meta_genreflex_escapedQuotesreadTree/); - [projectroot.roottest.root.meta.genreflex.ROOT-5626.roottest_root_meta_genreflex_ROOT_5626_5626](https://lcgapp-services.cern.ch/root-jenkins/job/root-pullrequests-build/195366/testReport/projectroot.roottest.root.meta.genreflex/ROOT-5626/roottest_root_meta_genreflex_ROOT_5626_5626/); - [projectroot.,MatchSource.ISSUE_COMMENT,root-project,root,v6-32-06,https://github.com/root-project/root/pull/14700#issuecomment-1942649105:260,test,tests,260,https://root.cern,https://github.com/root-project/root/pull/14700#issuecomment-1942649105,3,['test'],"['testReport', 'tests']"
Testability,Build failed on ROOT-ubuntu2004/python3.; Running on root-ubuntu-2004-3.cern.ch:/home/sftnight/build/workspace/root-pullrequests-build; [See console output](https://lcgapp-services.cern.ch/root-jenkins/job/root-pullrequests-build/196114/console).; ### Failing tests:; - [projectroot.tmva.pymva.test.PyMVA_Torch_Regression](https://lcgapp-services.cern.ch/root-jenkins/job/root-pullrequests-build/196114/testReport/projectroot.tmva.pymva/test/PyMVA_Torch_Regression/); - [projectroot.tmva.pymva.test.PyMVA_Torch_Classification](https://lcgapp-services.cern.ch/root-jenkins/job/root-pullrequests-build/196114/testReport/projectroot.tmva.pymva/test/PyMVA_Torch_Classification/); - [projectroot.tmva.pymva.test.PyMVA_Torch_Multiclass](https://lcgapp-services.cern.ch/root-jenkins/job/root-pullrequests-build/196114/testReport/projectroot.tmva.pymva/test/PyMVA_Torch_Multiclass/); - [projectroot.tmva.pymva.test.gtest_tmva_pymva_test_TestRModelParserPyTorch](https://lcgapp-services.cern.ch/root-jenkins/job/root-pullrequests-build/196114/testReport/projectroot.tmva.pymva/test/gtest_tmva_pymva_test_TestRModelParserPyTorch/),MatchSource.ISSUE_COMMENT,root-project,root,v6-32-06,https://github.com/root-project/root/pull/14771#issuecomment-1953880906:260,test,tests,260,https://root.cern,https://github.com/root-project/root/pull/14771#issuecomment-1953880906,13,['test'],"['test', 'testReport', 'tests']"
Testability,Build failed on ROOT-ubuntu2004/python3.; Running on root-ubuntu-2004-3.cern.ch:/home/sftnight/build/workspace/root-pullrequests-build; [See console output](https://lcgapp-services.cern.ch/root-jenkins/job/root-pullrequests-build/197176/console).; ### Failing tests:; - [projectroot.roottest.root.meta.roottest_root_meta_runMemberComments](https://lcgapp-services.cern.ch/root-jenkins/job/root-pullrequests-build/197176/testReport/projectroot.roottest.root/meta/roottest_root_meta_runMemberComments/),MatchSource.ISSUE_COMMENT,root-project,root,v6-32-06,https://github.com/root-project/root/pull/14792#issuecomment-1972249155:260,test,tests,260,https://root.cern,https://github.com/root-project/root/pull/14792#issuecomment-1972249155,2,['test'],"['testReport', 'tests']"
Testability,"Build failed on ROOT-ubuntu2004/python3.; Running on root-ubuntu-2004-3.cern.ch:/home/sftnight/build/workspace/root-pullrequests-build; [See console output](https://lcgapp-services.cern.ch/root-jenkins/job/root-pullrequests-build/199809/console).; ### Errors:; - [2024-04-03T10:06:56.108Z] ninja: error: 'bin/genreflex', needed by '/home/sftnight/build/workspace/root-pullrequests-build/build/tree/ntuple/v7/test/UnsplitXMLDict.cxx', missing and no known rule to make it",MatchSource.ISSUE_COMMENT,root-project,root,v6-32-06,https://github.com/root-project/root/pull/14728#issuecomment-2034143481:408,test,test,408,https://root.cern,https://github.com/root-project/root/pull/14728#issuecomment-2034143481,1,['test'],['test']
Testability,Build failed on ROOT-ubuntu2004/python3.; Running on root-ubuntu-2004-3.cern.ch:/home/sftnight/build/workspace/root-pullrequests-build; [See console output](https://lcgapp-services.cern.ch/root-jenkins/job/root-pullrequests-build/199839/console).; ### Failing tests:; - [projectroot.runtutorials.tutorial_rcanvas_rline.cxx](https://lcgapp-services.cern.ch/root-jenkins/job/root-pullrequests-build/199839/testReport/projectroot/runtutorials/tutorial_rcanvas_rline_cxx/); - [projectroot.runtutorials.tutorial_tmva_pytorch_ClassificationPyTorch_py](https://lcgapp-services.cern.ch/root-jenkins/job/root-pullrequests-build/199839/testReport/projectroot/runtutorials/tutorial_tmva_pytorch_ClassificationPyTorch_py/); - [projectroot.runtutorials.tutorial_tmva_pytorch_ApplicationClassificationPyTorch_py](https://lcgapp-services.cern.ch/root-jenkins/job/root-pullrequests-build/199839/testReport/projectroot/runtutorials/tutorial_tmva_pytorch_ApplicationClassificationPyTorch_py/); - [projectroot.runtutorials.tutorial_tmva_pytorch_RegressionPyTorch_py](https://lcgapp-services.cern.ch/root-jenkins/job/root-pullrequests-build/199839/testReport/projectroot/runtutorials/tutorial_tmva_pytorch_RegressionPyTorch_py/); - [projectroot.runtutorials.tutorial_tmva_pytorch_ApplicationRegressionPyTorch_py](https://lcgapp-services.cern.ch/root-jenkins/job/root-pullrequests-build/199839/testReport/projectroot/runtutorials/tutorial_tmva_pytorch_ApplicationRegressionPyTorch_py/); - [projectroot.runtutorials.tutorial_tmva_pytorch_MulticlassPyTorch_py](https://lcgapp-services.cern.ch/root-jenkins/job/root-pullrequests-build/199839/testReport/projectroot/runtutorials/tutorial_tmva_pytorch_MulticlassPyTorch_py/); - [projectroot.runtutorials.tutorial_tmva_TMVA_CNN_Classification_py](https://lcgapp-services.cern.ch/root-jenkins/job/root-pullrequests-build/199839/testReport/projectroot/runtutorials/tutorial_tmva_TMVA_CNN_Classification_py/),MatchSource.ISSUE_COMMENT,root-project,root,v6-32-06,https://github.com/root-project/root/pull/15113#issuecomment-2034541258:260,test,tests,260,https://root.cern,https://github.com/root-project/root/pull/15113#issuecomment-2034541258,8,['test'],"['testReport', 'tests']"
Testability,Build failed on ROOT-ubuntu2004/soversion.; Running on root-ubuntu-2004-1.cern.ch:/home/sftnight/build/workspace/root-pullrequests-build; [See console output](https://lcgapp-services.cern.ch/root-jenkins/job/root-pullrequests-build/127293/console).; ### Failing tests:; - [projectroot.roottest.python.distrdf.roottest_python_distrdf_spark_test_reducer_merge](https://lcgapp-services.cern.ch/root-jenkins/job/root-pullrequests-build/127293/testReport/projectroot.roottest.python/distrdf/roottest_python_distrdf_spark_test_reducer_merge/),MatchSource.ISSUE_COMMENT,root-project,root,v6-32-06,https://github.com/root-project/root/pull/9125#issuecomment-944240869:262,test,tests,262,https://root.cern,https://github.com/root-project/root/pull/9125#issuecomment-944240869,2,['test'],"['testReport', 'tests']"
Testability,Build failed on ROOT-ubuntu2004/soversion.; Running on root-ubuntu-2004-1.cern.ch:/home/sftnight/build/workspace/root-pullrequests-build; [See console output](https://lcgapp-services.cern.ch/root-jenkins/job/root-pullrequests-build/127300/console).; ### Failing tests:; - [projectroot.roottest.python.distrdf.roottest_python_distrdf_spark_test_reducer_merge](https://lcgapp-services.cern.ch/root-jenkins/job/root-pullrequests-build/127300/testReport/projectroot.roottest.python/distrdf/roottest_python_distrdf_spark_test_reducer_merge/),MatchSource.ISSUE_COMMENT,root-project,root,v6-32-06,https://github.com/root-project/root/pull/9126#issuecomment-944269914:262,test,tests,262,https://root.cern,https://github.com/root-project/root/pull/9126#issuecomment-944269914,2,['test'],"['testReport', 'tests']"
Testability,Build failed on ROOT-ubuntu2004/soversion.; Running on root-ubuntu-2004-1.cern.ch:/home/sftnight/build/workspace/root-pullrequests-build; [See console output](https://lcgapp-services.cern.ch/root-jenkins/job/root-pullrequests-build/127379/console).; ### Failing tests:; - [projectroot.tree.dataframe.test.gtest_tree_dataframe_test_dataframe_display](https://lcgapp-services.cern.ch/root-jenkins/job/root-pullrequests-build/127379/testReport/projectroot.tree.dataframe/test/gtest_tree_dataframe_test_dataframe_display/),MatchSource.ISSUE_COMMENT,root-project,root,v6-32-06,https://github.com/root-project/root/pull/9124#issuecomment-945670213:262,test,tests,262,https://root.cern,https://github.com/root-project/root/pull/9124#issuecomment-945670213,4,['test'],"['test', 'testReport', 'tests']"
Testability,Build failed on ROOT-ubuntu2004/soversion.; Running on root-ubuntu-2004-1.cern.ch:/home/sftnight/build/workspace/root-pullrequests-build; [See console output](https://lcgapp-services.cern.ch/root-jenkins/job/root-pullrequests-build/127393/console).; ### Failing tests:; - [projectroot.test.test_stressroofit_interpreted](https://lcgapp-services.cern.ch/root-jenkins/job/root-pullrequests-build/127393/testReport/projectroot/test/test_stressroofit_interpreted/),MatchSource.ISSUE_COMMENT,root-project,root,v6-32-06,https://github.com/root-project/root/pull/9134#issuecomment-945756977:262,test,tests,262,https://root.cern,https://github.com/root-project/root/pull/9134#issuecomment-945756977,4,['test'],"['test', 'testReport', 'tests']"
Testability,Build failed on ROOT-ubuntu2004/soversion.; Running on root-ubuntu-2004-1.cern.ch:/home/sftnight/build/workspace/root-pullrequests-build; [See console output](https://lcgapp-services.cern.ch/root-jenkins/job/root-pullrequests-build/127694/console).; ### Failing tests:; - [projectroot.roottest.python.distrdf.roottest_python_distrdf_spark_test_reducer_merge](https://lcgapp-services.cern.ch/root-jenkins/job/root-pullrequests-build/127694/testReport/projectroot.roottest.python/distrdf/roottest_python_distrdf_spark_test_reducer_merge/),MatchSource.ISSUE_COMMENT,root-project,root,v6-32-06,https://github.com/root-project/root/pull/9153#issuecomment-948584997:262,test,tests,262,https://root.cern,https://github.com/root-project/root/pull/9153#issuecomment-948584997,2,['test'],"['testReport', 'tests']"
Testability,Build failed on ROOT-ubuntu2004/soversion.; Running on root-ubuntu-2004-1.cern.ch:/home/sftnight/build/workspace/root-pullrequests-build; [See console output](https://lcgapp-services.cern.ch/root-jenkins/job/root-pullrequests-build/127736/console).; ### Failing tests:; - [projectroot.roottest.python.distrdf.roottest_python_distrdf_spark_test_reducer_merge](https://lcgapp-services.cern.ch/root-jenkins/job/root-pullrequests-build/127736/testReport/projectroot.roottest.python/distrdf/roottest_python_distrdf_spark_test_reducer_merge/),MatchSource.ISSUE_COMMENT,root-project,root,v6-32-06,https://github.com/root-project/root/pull/9158#issuecomment-948682500:262,test,tests,262,https://root.cern,https://github.com/root-project/root/pull/9158#issuecomment-948682500,2,['test'],"['testReport', 'tests']"
Testability,Build failed on ROOT-ubuntu2004/soversion.; Running on root-ubuntu-2004-1.cern.ch:/home/sftnight/build/workspace/root-pullrequests-build; [See console output](https://lcgapp-services.cern.ch/root-jenkins/job/root-pullrequests-build/128594/console).; ### Errors:; - [2021-10-29T10:50:48.513Z] CMake Error at roofit/multiprocess/test/CMakeLists.txt:9 (target_link_libraries): ; - [2021-10-29T10:50:57.559Z] CMake Error at /home/sftnight/build/workspace/root-pullrequests-build/rootspi/jenkins/root-build.cmake:1128 (message):,MatchSource.ISSUE_COMMENT,root-project,root,v6-32-06,https://github.com/root-project/root/pull/9078#issuecomment-954645877:327,test,test,327,https://root.cern,https://github.com/root-project/root/pull/9078#issuecomment-954645877,1,['test'],['test']
Testability,Build failed on ROOT-ubuntu2004/soversion.; Running on root-ubuntu-2004-1.cern.ch:/home/sftnight/build/workspace/root-pullrequests-build; [See console output](https://lcgapp-services.cern.ch/root-jenkins/job/root-pullrequests-build/128636/console).; ### Failing tests:; - [projectroot.roofit.roofitZMQ.test.gtest_roofit_roofitZMQ_test_test_RooFitZMQ_HWM](https://lcgapp-services.cern.ch/root-jenkins/job/root-pullrequests-build/128636/testReport/projectroot.roofit.roofitZMQ/test/gtest_roofit_roofitZMQ_test_test_RooFitZMQ_HWM/); - [projectroot.roofit.multiprocess.test.gtest_roofit_multiprocess_test_test_RooFit_MultiProcess_Job](https://lcgapp-services.cern.ch/root-jenkins/job/root-pullrequests-build/128636/testReport/projectroot.roofit.multiprocess/test/gtest_roofit_multiprocess_test_test_RooFit_MultiProcess_Job/); - [projectroot.roofit.multiprocess.test.gtest_roofit_multiprocess_test_test_RooFit_MultiProcess_Messenger](https://lcgapp-services.cern.ch/root-jenkins/job/root-pullrequests-build/128636/testReport/projectroot.roofit.multiprocess/test/gtest_roofit_multiprocess_test_test_RooFit_MultiProcess_Messenger/); - [projectroot.roofit.roofitZMQ.test.gtest_roofit_roofitZMQ_test_test_RooFitZMQ_polling](https://lcgapp-services.cern.ch/root-jenkins/job/root-pullrequests-build/128636/testReport/projectroot.roofit.roofitZMQ/test/gtest_roofit_roofitZMQ_test_test_RooFitZMQ_polling/),MatchSource.ISSUE_COMMENT,root-project,root,v6-32-06,https://github.com/root-project/root/pull/9078#issuecomment-954699010:262,test,tests,262,https://root.cern,https://github.com/root-project/root/pull/9078#issuecomment-954699010,13,['test'],"['test', 'testReport', 'tests']"
Testability,Build failed on ROOT-ubuntu2004/soversion.; Running on root-ubuntu-2004-1.cern.ch:/home/sftnight/build/workspace/root-pullrequests-build; [See console output](https://lcgapp-services.cern.ch/root-jenkins/job/root-pullrequests-build/129249/console).; ### Failing tests:; - [projectroot.roottest.python.distrdf.roottest_python_distrdf_spark_test_reducer_merge](https://lcgapp-services.cern.ch/root-jenkins/job/root-pullrequests-build/129249/testReport/projectroot.roottest.python/distrdf/roottest_python_distrdf_spark_test_reducer_merge/); - [projectroot.roottest.python.distrdf.roottest_python_distrdf_spark_test_histo_write](https://lcgapp-services.cern.ch/root-jenkins/job/root-pullrequests-build/129249/testReport/projectroot.roottest.python/distrdf/roottest_python_distrdf_spark_test_histo_write/); - [projectroot.roottest.python.distrdf.roottest_python_distrdf_spark_test_inv_mass](https://lcgapp-services.cern.ch/root-jenkins/job/root-pullrequests-build/129249/testReport/projectroot.roottest.python/distrdf/roottest_python_distrdf_spark_test_inv_mass/); - [projectroot.bindings.pyroot.pythonizations.test.pyunittests_pyroot_pyz_rdataframe_asnumpy](https://lcgapp-services.cern.ch/root-jenkins/job/root-pullrequests-build/129249/testReport/projectroot.bindings.pyroot.pythonizations/test/pyunittests_pyroot_pyz_rdataframe_asnumpy/); - [projectroot.tree.dataframe.test.pyunittests_dataframe_histograms](https://lcgapp-services.cern.ch/root-jenkins/job/root-pullrequests-build/129249/testReport/projectroot.tree.dataframe/test/pyunittests_dataframe_histograms/),MatchSource.ISSUE_COMMENT,root-project,root,v6-32-06,https://github.com/root-project/root/pull/9128#issuecomment-961828734:262,test,tests,262,https://root.cern,https://github.com/root-project/root/pull/9128#issuecomment-961828734,10,['test'],"['test', 'testReport', 'tests']"
Testability,Build failed on ROOT-ubuntu2004/soversion.; Running on root-ubuntu-2004-1.cern.ch:/home/sftnight/build/workspace/root-pullrequests-build; [See console output](https://lcgapp-services.cern.ch/root-jenkins/job/root-pullrequests-build/129326/console).; ### Errors:; - [2021-11-05T19:14:07.595Z] FAILED: core/metacling/test/CMakeFiles/TClingTest.dir/TClingCallFuncTests.cxx.o ; - [2021-11-05T19:14:07.853Z] /home/sftnight/build/workspace/root-pullrequests-build/root/core/metacling/test/TClingCallFuncTests.cxx:296:23: error: missing template arguments before ‘RAII’ ; - [2021-11-05T19:14:07.853Z] /home/sftnight/build/workspace/root-pullrequests-build/root/core/metacling/test/TClingCallFuncTests.cxx:300:8: error: expected primary-expression before ‘)’ token,MatchSource.ISSUE_COMMENT,root-project,root,v6-32-06,https://github.com/root-project/root/pull/9244#issuecomment-962150457:315,test,test,315,https://root.cern,https://github.com/root-project/root/pull/9244#issuecomment-962150457,3,['test'],['test']
Testability,Build failed on ROOT-ubuntu2004/soversion.; Running on root-ubuntu-2004-1.cern.ch:/home/sftnight/build/workspace/root-pullrequests-build; [See console output](https://lcgapp-services.cern.ch/root-jenkins/job/root-pullrequests-build/129459/console).; ### Failing tests:; - [projectroot.roofit.multiprocess.test.gtest_roofit_multiprocess_test_test_RooFit_MultiProcess_Messenger](https://lcgapp-services.cern.ch/root-jenkins/job/root-pullrequests-build/129459/testReport/projectroot.roofit.multiprocess/test/gtest_roofit_multiprocess_test_test_RooFit_MultiProcess_Messenger/); - [projectroot.roofit.multiprocess.test.gtest_roofit_multiprocess_test_test_RooFit_MultiProcess_Job](https://lcgapp-services.cern.ch/root-jenkins/job/root-pullrequests-build/129459/testReport/projectroot.roofit.multiprocess/test/gtest_roofit_multiprocess_test_test_RooFit_MultiProcess_Job/); - [projectroot.roofit.roofitZMQ.test.gtest_roofit_roofitZMQ_test_test_RooFitZMQ_polling](https://lcgapp-services.cern.ch/root-jenkins/job/root-pullrequests-build/129459/testReport/projectroot.roofit.roofitZMQ/test/gtest_roofit_roofitZMQ_test_test_RooFitZMQ_polling/); - [projectroot.roofit.roofitZMQ.test.gtest_roofit_roofitZMQ_test_test_RooFitZMQ_load_balancing](https://lcgapp-services.cern.ch/root-jenkins/job/root-pullrequests-build/129459/testReport/projectroot.roofit.roofitZMQ/test/gtest_roofit_roofitZMQ_test_test_RooFitZMQ_load_balancing/),MatchSource.ISSUE_COMMENT,root-project,root,v6-32-06,https://github.com/root-project/root/pull/9078#issuecomment-964338235:262,test,tests,262,https://root.cern,https://github.com/root-project/root/pull/9078#issuecomment-964338235,13,['test'],"['test', 'testReport', 'tests']"
Testability,Build failed on ROOT-ubuntu2004/soversion.; Running on root-ubuntu-2004-1.cern.ch:/home/sftnight/build/workspace/root-pullrequests-build; [See console output](https://lcgapp-services.cern.ch/root-jenkins/job/root-pullrequests-build/129537/console).; ### Failing tests:; - [projectroot.roottest.root.hist.roottest_root_hist_h2root](https://lcgapp-services.cern.ch/root-jenkins/job/root-pullrequests-build/129537/testReport/projectroot.roottest.root/hist/roottest_root_hist_h2root/),MatchSource.ISSUE_COMMENT,root-project,root,v6-32-06,https://github.com/root-project/root/pull/9199#issuecomment-965051051:262,test,tests,262,https://root.cern,https://github.com/root-project/root/pull/9199#issuecomment-965051051,2,['test'],"['testReport', 'tests']"
Testability,Build failed on ROOT-ubuntu2004/soversion.; Running on root-ubuntu-2004-1.cern.ch:/home/sftnight/build/workspace/root-pullrequests-build; [See console output](https://lcgapp-services.cern.ch/root-jenkins/job/root-pullrequests-build/129714/console).; ### Failing tests:; - [projectroot.tmva.tmva.test.DNN.TMVA_DNN_MethodDL_Adam_Optimization_Cpu](https://lcgapp-services.cern.ch/root-jenkins/job/root-pullrequests-build/129714/testReport/projectroot.tmva.tmva.test/DNN/TMVA_DNN_MethodDL_Adam_Optimization_Cpu/),MatchSource.ISSUE_COMMENT,root-project,root,v6-32-06,https://github.com/root-project/root/pull/9267#issuecomment-966718676:262,test,tests,262,https://root.cern,https://github.com/root-project/root/pull/9267#issuecomment-966718676,4,['test'],"['test', 'testReport', 'tests']"
Testability,Build failed on ROOT-ubuntu2004/soversion.; Running on root-ubuntu-2004-1.cern.ch:/home/sftnight/build/workspace/root-pullrequests-build; [See console output](https://lcgapp-services.cern.ch/root-jenkins/job/root-pullrequests-build/129749/console).; ### Failing tests:; - [projectroot.roottest.root.hist.operator.roottest_root_hist_operator_runsparse](https://lcgapp-services.cern.ch/root-jenkins/job/root-pullrequests-build/129749/testReport/projectroot.roottest.root.hist/operator/roottest_root_hist_operator_runsparse/); - [projectroot.roottest.root.io.filemerger.roottest_root_io_filemerger_execFileMerger](https://lcgapp-services.cern.ch/root-jenkins/job/root-pullrequests-build/129749/testReport/projectroot.roottest.root.io/filemerger/roottest_root_io_filemerger_execFileMerger/); - [projectroot.test.test_stressHistFactory_interpreted](https://lcgapp-services.cern.ch/root-jenkins/job/root-pullrequests-build/129749/testReport/projectroot/test/test_stressHistFactory_interpreted/),MatchSource.ISSUE_COMMENT,root-project,root,v6-32-06,https://github.com/root-project/root/pull/9276#issuecomment-967097295:262,test,tests,262,https://root.cern,https://github.com/root-project/root/pull/9276#issuecomment-967097295,6,['test'],"['test', 'testReport', 'tests']"
Testability,Build failed on ROOT-ubuntu2004/soversion.; Running on root-ubuntu-2004-1.cern.ch:/home/sftnight/build/workspace/root-pullrequests-build; [See console output](https://lcgapp-services.cern.ch/root-jenkins/job/root-pullrequests-build/129875/console).; ### Errors:; - [2021-11-15T11:26:56.554Z] FAILED: math/vecops/test/CMakeFiles/vecops_rvec.dir/vecops_rvec.cxx.o ; - [2021-11-15T11:26:56.825Z] /home/sftnight/build/workspace/root-pullrequests-build/root/math/vecops/inc/ROOT/RVec.hxx:926:24: error: no match for ‘operator[]’ (operand types are ‘ROOT::Detail::VecOps::RVecImpl&lt;int&gt;’ and ‘ROOT::Detail::VecOps::RVecImpl&lt;int&gt;::size_type’ {aka ‘long unsigned int’}) ; - [2021-11-15T11:26:56.825Z] /home/sftnight/build/workspace/root-pullrequests-build/root/math/vecops/inc/ROOT/RVec.hxx:926:32: error: no match for ‘operator[]’ (operand types are ‘ROOT::Detail::VecOps::RVecImpl&lt;int&gt;’ and ‘ROOT::Detail::VecOps::RVecImpl&lt;int&gt;::size_type’ {aka ‘long unsigned int’}),MatchSource.ISSUE_COMMENT,root-project,root,v6-32-06,https://github.com/root-project/root/pull/9286#issuecomment-968814656:312,test,test,312,https://root.cern,https://github.com/root-project/root/pull/9286#issuecomment-968814656,1,['test'],['test']
Testability,Build failed on ROOT-ubuntu2004/soversion.; Running on root-ubuntu-2004-1.cern.ch:/home/sftnight/build/workspace/root-pullrequests-build; [See console output](https://lcgapp-services.cern.ch/root-jenkins/job/root-pullrequests-build/129938/console).; ### Errors:; - [2021-11-15T18:01:20.692Z] FAILED: tree/dataframe/test/CMakeFiles/datasource_sqlite.dir/datasource_sqlite.cxx.o ; - [2021-11-15T18:01:21.045Z] /home/sftnight/build/workspace/root-pullrequests-build/root/tree/dataframe/test/datasource_sqlite.cxx:205:4: error: ‘CheckDiagsRAII’ was not declared in this scope; did you mean ‘ROOTUnitTestSupport::CheckDiagsRAII’?,MatchSource.ISSUE_COMMENT,root-project,root,v6-32-06,https://github.com/root-project/root/pull/5591#issuecomment-969173578:315,test,test,315,https://root.cern,https://github.com/root-project/root/pull/5591#issuecomment-969173578,2,['test'],['test']
Testability,Build failed on ROOT-ubuntu2004/soversion.; Running on root-ubuntu-2004-1.cern.ch:/home/sftnight/build/workspace/root-pullrequests-build; [See console output](https://lcgapp-services.cern.ch/root-jenkins/job/root-pullrequests-build/129945/console).; ### Failing tests:; - [projectroot.core.metacling.test.gtest_core_metacling_test_TClingTest](https://lcgapp-services.cern.ch/root-jenkins/job/root-pullrequests-build/129945/testReport/projectroot.core.metacling/test/gtest_core_metacling_test_TClingTest/); - [projectroot.roottest.root.dataframe.roottest_root_dataframe_test_stringfiltercolumn](https://lcgapp-services.cern.ch/root-jenkins/job/root-pullrequests-build/129945/testReport/projectroot.roottest.root/dataframe/roottest_root_dataframe_test_stringfiltercolumn/); - [projectroot.roottest.root.dataframe.roottest_root_dataframe_misc](https://lcgapp-services.cern.ch/root-jenkins/job/root-pullrequests-build/129945/testReport/projectroot.roottest.root/dataframe/roottest_root_dataframe_misc/); - [projectroot.roottest.root.dataframe.roottest_root_dataframe_testIMT](https://lcgapp-services.cern.ch/root-jenkins/job/root-pullrequests-build/129945/testReport/projectroot.roottest.root/dataframe/roottest_root_dataframe_testIMT/),MatchSource.ISSUE_COMMENT,root-project,root,v6-32-06,https://github.com/root-project/root/pull/9295#issuecomment-969239400:262,test,tests,262,https://root.cern,https://github.com/root-project/root/pull/9295#issuecomment-969239400,7,['test'],"['test', 'testReport', 'tests']"
Testability,Build failed on ROOT-ubuntu2004/soversion.; Running on root-ubuntu-2004-1.cern.ch:/home/sftnight/build/workspace/root-pullrequests-build; [See console output](https://lcgapp-services.cern.ch/root-jenkins/job/root-pullrequests-build/129991/console).; ### Failing tests:; - [projectroot.roofit.roofit.test.gtest_roofit_roofit_test_testRooExponential](https://lcgapp-services.cern.ch/root-jenkins/job/root-pullrequests-build/129991/testReport/projectroot.roofit.roofit/test/gtest_roofit_roofit_test_testRooExponential/); - [projectroot.roofit.roofitcore.test.gtest_roofit_roofitcore_test_testRooRealVar](https://lcgapp-services.cern.ch/root-jenkins/job/root-pullrequests-build/129991/testReport/projectroot.roofit.roofitcore/test/gtest_roofit_roofitcore_test_testRooRealVar/); - [projectroot.roofit.roofitcore.test.gtest_roofit_roofitcore_test_testProxiesAndCategories](https://lcgapp-services.cern.ch/root-jenkins/job/root-pullrequests-build/129991/testReport/projectroot.roofit.roofitcore/test/gtest_roofit_roofitcore_test_testProxiesAndCategories/); - [projectroot.roofit.roostats.test.gtest_roofit_roostats_test_testHypoTestInvResult](https://lcgapp-services.cern.ch/root-jenkins/job/root-pullrequests-build/129991/testReport/projectroot.roofit.roostats/test/gtest_roofit_roostats_test_testHypoTestInvResult/); - [projectroot.tree.dataframe.test.gtest_tree_dataframe_test_dataframe_snapshot](https://lcgapp-services.cern.ch/root-jenkins/job/root-pullrequests-build/129991/testReport/projectroot.tree.dataframe/test/gtest_tree_dataframe_test_dataframe_snapshot/),MatchSource.ISSUE_COMMENT,root-project,root,v6-32-06,https://github.com/root-project/root/pull/5591#issuecomment-970170348:262,test,tests,262,https://root.cern,https://github.com/root-project/root/pull/5591#issuecomment-970170348,16,['test'],"['test', 'testReport', 'tests']"
Testability,Build failed on ROOT-ubuntu2004/soversion.; Running on root-ubuntu-2004-1.cern.ch:/home/sftnight/build/workspace/root-pullrequests-build; [See console output](https://lcgapp-services.cern.ch/root-jenkins/job/root-pullrequests-build/130477/console).; ### Warnings:; - [2021-11-23T15:42:17.495Z] /home/sftnight/build/workspace/root-pullrequests-build/root/roofit/multiprocess/src/worker.cxx:100:24: warning: declaration of ‘job_id’ shadows a previous local [-Wshadow] ; - [2021-11-23T15:42:19.660Z] /home/sftnight/build/workspace/root-pullrequests-build/root/roofit/multiprocess/test/test_Messenger.cxx:200:15: warning: variable ‘number’ set but not used [-Wunused-but-set-variable],MatchSource.ISSUE_COMMENT,root-project,root,v6-32-06,https://github.com/root-project/root/pull/9078#issuecomment-976771356:577,test,test,577,https://root.cern,https://github.com/root-project/root/pull/9078#issuecomment-976771356,1,['test'],['test']
Testability,Build failed on ROOT-ubuntu2004/soversion.; Running on root-ubuntu-2004-1.cern.ch:/home/sftnight/build/workspace/root-pullrequests-build; [See console output](https://lcgapp-services.cern.ch/root-jenkins/job/root-pullrequests-build/130498/console).; ### Failing tests:; - [projectroot.roottest.root.roofitstats.vectorisedPDFs.gtesttest_root_roofitstats_vectorisedPDFs_testArgusBG](https://lcgapp-services.cern.ch/root-jenkins/job/root-pullrequests-build/130498/testReport/projectroot.roottest.root.roofitstats/vectorisedPDFs/gtesttest_root_roofitstats_vectorisedPDFs_testArgusBG/); - [projectroot.roottest.root.roofitstats.vectorisedPDFs.gtesttest_root_roofitstats_vectorisedPDFs_testNestedPDFs](https://lcgapp-services.cern.ch/root-jenkins/job/root-pullrequests-build/130498/testReport/projectroot.roottest.root.roofitstats/vectorisedPDFs/gtesttest_root_roofitstats_vectorisedPDFs_testNestedPDFs/); - [projectroot.roofit.roofit.test.gtest_roofit_roofit_test_testSumW2Error](https://lcgapp-services.cern.ch/root-jenkins/job/root-pullrequests-build/130498/testReport/projectroot.roofit.roofit/test/gtest_roofit_roofit_test_testSumW2Error/); - [projectroot.roofit.roofitcore.test.gtest_roofit_roofitcore_test_testRooAbsPdf](https://lcgapp-services.cern.ch/root-jenkins/job/root-pullrequests-build/130498/testReport/projectroot.roofit.roofitcore/test/gtest_roofit_roofitcore_test_testRooAbsPdf/); - [projectroot.roofit.roofitcore.test.gtest_roofit_roofitcore_test_testTestStatistics](https://lcgapp-services.cern.ch/root-jenkins/job/root-pullrequests-build/130498/testReport/projectroot.roofit.roofitcore/test/gtest_roofit_roofitcore_test_testTestStatistics/); - [projectroot.roofit.roofitcore.test.gtest_roofit_roofitcore_test_testNaNPacker](https://lcgapp-services.cern.ch/root-jenkins/job/root-pullrequests-build/130498/testReport/projectroot.roofit.roofitcore/test/gtest_roofit_roofitcore_test_testNaNPacker/); - [projectroot.roofit.roofitcore.test.gtest_roofit_roofitcore_test_testLikelihoodSerial](,MatchSource.ISSUE_COMMENT,root-project,root,v6-32-06,https://github.com/root-project/root/pull/9324#issuecomment-976846852:262,test,tests,262,https://root.cern,https://github.com/root-project/root/pull/9324#issuecomment-976846852,4,['test'],"['test', 'testReport', 'tests']"
Testability,Build failed on ROOT-ubuntu2004/soversion.; Running on root-ubuntu-2004-1.cern.ch:/home/sftnight/build/workspace/root-pullrequests-build; [See console output](https://lcgapp-services.cern.ch/root-jenkins/job/root-pullrequests-build/130666/console).; ### Failing tests:; - [projectroot.roottest.root.hist.operator.roottest_root_hist_operator_runsparse](https://lcgapp-services.cern.ch/root-jenkins/job/root-pullrequests-build/130666/testReport/projectroot.roottest.root.hist/operator/roottest_root_hist_operator_runsparse/); - [projectroot.roottest.root.io.filemerger.roottest_root_io_filemerger_execFileMerger](https://lcgapp-services.cern.ch/root-jenkins/job/root-pullrequests-build/130666/testReport/projectroot.roottest.root.io/filemerger/roottest_root_io_filemerger_execFileMerger/); - [projectroot.roofit.roofitcore.test.gtest_roofit_roofitcore_test_testRooWrapperPdf](https://lcgapp-services.cern.ch/root-jenkins/job/root-pullrequests-build/130666/testReport/projectroot.roofit.roofitcore/test/gtest_roofit_roofitcore_test_testRooWrapperPdf/),MatchSource.ISSUE_COMMENT,root-project,root,v6-32-06,https://github.com/root-project/root/pull/9276#issuecomment-977719037:262,test,tests,262,https://root.cern,https://github.com/root-project/root/pull/9276#issuecomment-977719037,6,['test'],"['test', 'testReport', 'tests']"
Testability,Build failed on ROOT-ubuntu2004/soversion.; Running on root-ubuntu-2004-1.cern.ch:/home/sftnight/build/workspace/root-pullrequests-build; [See console output](https://lcgapp-services.cern.ch/root-jenkins/job/root-pullrequests-build/130701/console).; ### Failing tests:; - [projectroot.tree.tree.test.gtest_tree_tree_test_chain_setentrylist](https://lcgapp-services.cern.ch/root-jenkins/job/root-pullrequests-build/130701/testReport/projectroot.tree.tree/test/gtest_tree_tree_test_chain_setentrylist/),MatchSource.ISSUE_COMMENT,root-project,root,v6-32-06,https://github.com/root-project/root/pull/5591#issuecomment-977949779:262,test,tests,262,https://root.cern,https://github.com/root-project/root/pull/5591#issuecomment-977949779,4,['test'],"['test', 'testReport', 'tests']"
Testability,Build failed on ROOT-ubuntu2004/soversion.; Running on root-ubuntu-2004-1.cern.ch:/home/sftnight/build/workspace/root-pullrequests-build; [See console output](https://lcgapp-services.cern.ch/root-jenkins/job/root-pullrequests-build/130800/console).; ### Failing tests:; - [projectroot.tmva.tmva.test.envelope.gtest_tmva_tmva_test_envelope_TMVA_Envelope](https://lcgapp-services.cern.ch/root-jenkins/job/root-pullrequests-build/130800/testReport/projectroot.tmva.tmva.test/envelope/gtest_tmva_tmva_test_envelope_TMVA_Envelope/),MatchSource.ISSUE_COMMENT,root-project,root,v6-32-06,https://github.com/root-project/root/pull/5591#issuecomment-979286459:262,test,tests,262,https://root.cern,https://github.com/root-project/root/pull/5591#issuecomment-979286459,4,['test'],"['test', 'testReport', 'tests']"
Testability,"Build failed on ROOT-ubuntu2004/soversion.; Running on root-ubuntu-2004-1.cern.ch:/home/sftnight/build/workspace/root-pullrequests-build; [See console output](https://lcgapp-services.cern.ch/root-jenkins/job/root-pullrequests-build/131195/console).; ### Warnings:; - [2021-11-30T07:26:24.689Z] /home/sftnight/build/workspace/root-pullrequests-build/root/roofit/roofitcore/inc/TestStatistics/LikelihoodGradientWrapper.h:45:17: warning: ‘virtual void RooFit::TestStatistics::LikelihoodGradientWrapper::synchronizeParameterSettings(const std::vector&lt;ROOT::Fit::ParameterSettings&gt;&)’ was hidden [-Woverloaded-virtual] ; - [2021-11-30T07:26:24.689Z] /home/sftnight/build/workspace/root-pullrequests-build/root/roofit/roofitcore/inc/TestStatistics/LikelihoodGradientJob.h:47:9: warning: by ‘virtual void RooFit::TestStatistics::LikelihoodGradientJob::synchronizeParameterSettings(ROOT::Math::IMultiGenFunction*, const std::vector&lt;ROOT::Fit::ParameterSettings&gt;&)’ [-Woverloaded-virtual] ; - [2021-11-30T07:26:27.836Z] /home/sftnight/build/workspace/root-pullrequests-build/root/roofit/roofitcore/inc/TestStatistics/LikelihoodGradientWrapper.h:45:17: warning: ‘virtual void RooFit::TestStatistics::LikelihoodGradientWrapper::synchronizeParameterSettings(const std::vector&lt;ROOT::Fit::ParameterSettings&gt;&)’ was hidden [-Woverloaded-virtual] ; - [2021-11-30T07:26:27.836Z] /home/sftnight/build/workspace/root-pullrequests-build/root/roofit/roofitcore/inc/TestStatistics/LikelihoodGradientJob.h:47:9: warning: by ‘virtual void RooFit::TestStatistics::LikelihoodGradientJob::synchronizeParameterSettings(ROOT::Math::IMultiGenFunction*, const std::vector&lt;ROOT::Fit::ParameterSettings&gt;&)’ [-Woverloaded-virtual] ; - [2021-11-30T07:26:27.836Z] /home/sftnight/build/workspace/root-pullrequests-build/root/roofit/roofitcore/inc/TestStatistics/LikelihoodGradientWrapper.h:45:17: warning: ‘virtual void RooFit::TestStatistics::LikelihoodGradientWrapper::synchronizeParameterSettings(const std::vec",MatchSource.ISSUE_COMMENT,root-project,root,v6-32-06,https://github.com/root-project/root/pull/9349#issuecomment-982368821:376,Test,TestStatistics,376,https://root.cern,https://github.com/root-project/root/pull/9349#issuecomment-982368821,4,['Test'],['TestStatistics']
Testability,Build failed on ROOT-ubuntu2004/soversion.; Running on root-ubuntu-2004-1.cern.ch:/home/sftnight/build/workspace/root-pullrequests-build; [See console output](https://lcgapp-services.cern.ch/root-jenkins/job/root-pullrequests-build/131302/console).; ### Failing tests:; - [projectroot.roofit.roofitcore.test.gtest_roofit_roofitcore_test_testLikelihoodGradientJob](https://lcgapp-services.cern.ch/root-jenkins/job/root-pullrequests-build/131302/testReport/projectroot.roofit.roofitcore/test/gtest_roofit_roofitcore_test_testLikelihoodGradientJob/),MatchSource.ISSUE_COMMENT,root-project,root,v6-32-06,https://github.com/root-project/root/pull/9349#issuecomment-983588088:262,test,tests,262,https://root.cern,https://github.com/root-project/root/pull/9349#issuecomment-983588088,4,['test'],"['test', 'testReport', 'tests']"
Testability,Build failed on ROOT-ubuntu2004/soversion.; Running on root-ubuntu-2004-1.cern.ch:/home/sftnight/build/workspace/root-pullrequests-build; [See console output](https://lcgapp-services.cern.ch/root-jenkins/job/root-pullrequests-build/131354/console).; ### Errors:; - [2021-12-01T20:50:48.932Z] FAILED: roofit/roofitcore/CMakeFiles/RooFitCore.dir/src/TestStatistics/MinuitFcnGrad.cxx.o ; - [2021-12-01T20:50:49.207Z] /home/sftnight/build/workspace/root-pullrequests-build/root/roofit/roofitcore/res/TestStatistics/LikelihoodJob.h:17:10: fatal error: RooFit/MultiProcess/Job.h: No such file or directory,MatchSource.ISSUE_COMMENT,root-project,root,v6-32-06,https://github.com/root-project/root/pull/9349#issuecomment-984043587:348,Test,TestStatistics,348,https://root.cern,https://github.com/root-project/root/pull/9349#issuecomment-984043587,2,['Test'],['TestStatistics']
Testability,Build failed on ROOT-ubuntu2004/soversion.; Running on root-ubuntu-2004-1.cern.ch:/home/sftnight/build/workspace/root-pullrequests-build; [See console output](https://lcgapp-services.cern.ch/root-jenkins/job/root-pullrequests-build/131424/console).; ### Failing tests:; - [projectroot.bindings.experimental.distrdf.test.pyunittests_distrdf_unit_test_callable_generator](https://lcgapp-services.cern.ch/root-jenkins/job/root-pullrequests-build/131424/testReport/projectroot.bindings.experimental.distrdf/test/pyunittests_distrdf_unit_test_callable_generator/); - [projectroot.bindings.experimental.distrdf.test.pyunittests_distrdf_unit_test_node](https://lcgapp-services.cern.ch/root-jenkins/job/root-pullrequests-build/131424/testReport/projectroot.bindings.experimental.distrdf/test/pyunittests_distrdf_unit_test_node/); - [projectroot.bindings.experimental.distrdf.test.pyunittests_distrdf_unit_test_proxy](https://lcgapp-services.cern.ch/root-jenkins/job/root-pullrequests-build/131424/testReport/projectroot.bindings.experimental.distrdf/test/pyunittests_distrdf_unit_test_proxy/); - [projectroot.bindings.experimental.distrdf.test.backend.pyunittests_distrdf_unit_backend_test_common](https://lcgapp-services.cern.ch/root-jenkins/job/root-pullrequests-build/131424/testReport/projectroot.bindings.experimental.distrdf.test/backend/pyunittests_distrdf_unit_backend_test_common/); - [projectroot.bindings.experimental.distrdf.test.backend.pyunittests_distrdf_unit_backend_test_dist](https://lcgapp-services.cern.ch/root-jenkins/job/root-pullrequests-build/131424/testReport/projectroot.bindings.experimental.distrdf.test/backend/pyunittests_distrdf_unit_backend_test_dist/); - [projectroot.bindings.experimental.distrdf.test.backend.pyunittests_distrdf_unit_backend_test_spark](https://lcgapp-services.cern.ch/root-jenkins/job/root-pullrequests-build/131424/testReport/projectroot.bindings.experimental.distrdf.test/backend/pyunittests_distrdf_unit_backend_test_spark/); - [projectroot.roottest.pyt,MatchSource.ISSUE_COMMENT,root-project,root,v6-32-06,https://github.com/root-project/root/pull/9365#issuecomment-984478400:262,test,tests,262,https://root.cern,https://github.com/root-project/root/pull/9365#issuecomment-984478400,9,['test'],"['test', 'testReport', 'tests']"
Testability,Build failed on ROOT-ubuntu2004/soversion.; Running on root-ubuntu-2004-1.cern.ch:/home/sftnight/build/workspace/root-pullrequests-build; [See console output](https://lcgapp-services.cern.ch/root-jenkins/job/root-pullrequests-build/131610/console).; ### Failing tests:; - [projectroot.tmva.tmva.test.envelope.gtest_tmva_tmva_test_envelope_TMVA_Envelope](https://lcgapp-services.cern.ch/root-jenkins/job/root-pullrequests-build/131610/testReport/projectroot.tmva.tmva.test/envelope/gtest_tmva_tmva_test_envelope_TMVA_Envelope/),MatchSource.ISSUE_COMMENT,root-project,root,v6-32-06,https://github.com/root-project/root/pull/8944#issuecomment-984988489:262,test,tests,262,https://root.cern,https://github.com/root-project/root/pull/8944#issuecomment-984988489,4,['test'],"['test', 'testReport', 'tests']"
Testability,Build failed on ROOT-ubuntu2004/soversion.; Running on root-ubuntu-2004-1.cern.ch:/home/sftnight/build/workspace/root-pullrequests-build; [See console output](https://lcgapp-services.cern.ch/root-jenkins/job/root-pullrequests-build/131626/console).; ### Failing tests:; - [projectroot.tmva.tmva.test.envelope.gtest_tmva_tmva_test_envelope_TMVA_Classification](https://lcgapp-services.cern.ch/root-jenkins/job/root-pullrequests-build/131626/testReport/projectroot.tmva.tmva.test/envelope/gtest_tmva_tmva_test_envelope_TMVA_Classification/),MatchSource.ISSUE_COMMENT,root-project,root,v6-32-06,https://github.com/root-project/root/pull/8944#issuecomment-985454862:262,test,tests,262,https://root.cern,https://github.com/root-project/root/pull/8944#issuecomment-985454862,4,['test'],"['test', 'testReport', 'tests']"
Testability,Build failed on ROOT-ubuntu2004/soversion.; Running on root-ubuntu-2004-1.cern.ch:/home/sftnight/build/workspace/root-pullrequests-build; [See console output](https://lcgapp-services.cern.ch/root-jenkins/job/root-pullrequests-build/131889/console).; ### Errors:; - [2021-12-08T12:15:04.734Z] FAILED: core/G__Core.cxx lib/Core.pcm ; - [2021-12-08T12:15:06.150Z] /home/sftnight/build/workspace/root-pullrequests-build/build/include/module.modulemap:2687:10: error: redefinition of module 'RooFit/TestStatistics/RooAbsL.h' ; - [2021-12-08T12:15:06.150Z] /home/sftnight/build/workspace/root-pullrequests-build/build/include/module.modulemap:2688:10: error: redefinition of module 'RooFit/TestStatistics/RooBinnedL.h' ; - [2021-12-08T12:15:06.150Z] /home/sftnight/build/workspace/root-pullrequests-build/build/include/module.modulemap:2689:10: error: redefinition of module 'RooFit/TestStatistics/RooRealL.h' ; - [2021-12-08T12:15:06.150Z] /home/sftnight/build/workspace/root-pullrequests-build/build/include/module.modulemap:2690:10: error: redefinition of module 'RooFit/TestStatistics/RooSubsidiaryL.h' ; - [2021-12-08T12:15:06.150Z] /home/sftnight/build/workspace/root-pullrequests-build/build/include/module.modulemap:2691:10: error: redefinition of module 'RooFit/TestStatistics/RooSumL.h' ; - [2021-12-08T12:15:06.150Z] /home/sftnight/build/workspace/root-pullrequests-build/build/include/module.modulemap:2692:10: error: redefinition of module 'RooFit/TestStatistics/RooUnbinnedL.h' ; - [2021-12-08T12:15:06.150Z] /home/sftnight/build/workspace/root-pullrequests-build/build/include/module.modulemap:2696:10: error: redefinition of module 'RooFitLegacy/RooCatTypeLegacy.h' ; - [2021-12-08T12:15:06.150Z] /home/sftnight/build/workspace/root-pullrequests-build/build/include/module.modulemap:2697:10: error: redefinition of module 'RooFitLegacy/RooCategorySharedProperties.h' ; - [2021-12-08T12:15:06.150Z] /home/sftnight/build/workspace/root-pullrequests-build/build/include/module.modulemap:2698:10,MatchSource.ISSUE_COMMENT,root-project,root,v6-32-06,https://github.com/root-project/root/pull/9394#issuecomment-988760346:494,Test,TestStatistics,494,https://root.cern,https://github.com/root-project/root/pull/9394#issuecomment-988760346,3,['Test'],['TestStatistics']
Testability,Build failed on ROOT-ubuntu2004/soversion.; Running on root-ubuntu-2004-1.cern.ch:/home/sftnight/build/workspace/root-pullrequests-build; [See console output](https://lcgapp-services.cern.ch/root-jenkins/job/root-pullrequests-build/131931/console).; ### Failing tests:; - [projectroot.roottest.root.hist.operator.roottest_root_hist_operator_runsparse](https://lcgapp-services.cern.ch/root-jenkins/job/root-pullrequests-build/131931/testReport/projectroot.roottest.root.hist/operator/roottest_root_hist_operator_runsparse/); - [projectroot.roottest.root.io.filemerger.roottest_root_io_filemerger_execFileMerger](https://lcgapp-services.cern.ch/root-jenkins/job/root-pullrequests-build/131931/testReport/projectroot.roottest.root.io/filemerger/roottest_root_io_filemerger_execFileMerger/),MatchSource.ISSUE_COMMENT,root-project,root,v6-32-06,https://github.com/root-project/root/pull/9398#issuecomment-989757175:262,test,tests,262,https://root.cern,https://github.com/root-project/root/pull/9398#issuecomment-989757175,3,['test'],"['testReport', 'tests']"
Testability,Build failed on ROOT-ubuntu2004/soversion.; Running on root-ubuntu-2004-1.cern.ch:/home/sftnight/build/workspace/root-pullrequests-build; [See console output](https://lcgapp-services.cern.ch/root-jenkins/job/root-pullrequests-build/132045/console).; ### Failing tests:; - [projectroot.roottest.root.hist.operator.roottest_root_hist_operator_runsparse](https://lcgapp-services.cern.ch/root-jenkins/job/root-pullrequests-build/132045/testReport/projectroot.roottest.root.hist/operator/roottest_root_hist_operator_runsparse/); - [projectroot.roottest.root.io.filemerger.roottest_root_io_filemerger_execFileMerger](https://lcgapp-services.cern.ch/root-jenkins/job/root-pullrequests-build/132045/testReport/projectroot.roottest.root.io/filemerger/roottest_root_io_filemerger_execFileMerger/),MatchSource.ISSUE_COMMENT,root-project,root,v6-32-06,https://github.com/root-project/root/pull/9407#issuecomment-990726232:262,test,tests,262,https://root.cern,https://github.com/root-project/root/pull/9407#issuecomment-990726232,3,['test'],"['testReport', 'tests']"
Testability,Build failed on ROOT-ubuntu2004/soversion.; Running on root-ubuntu-2004-1.cern.ch:/home/sftnight/build/workspace/root-pullrequests-build; [See console output](https://lcgapp-services.cern.ch/root-jenkins/job/root-pullrequests-build/132066/console).; ### Failing tests:; - [projectroot.roottest.root.hist.operator.roottest_root_hist_operator_runsparse](https://lcgapp-services.cern.ch/root-jenkins/job/root-pullrequests-build/132066/testReport/projectroot.roottest.root.hist/operator/roottest_root_hist_operator_runsparse/); - [projectroot.roottest.root.io.filemerger.roottest_root_io_filemerger_execFileMerger](https://lcgapp-services.cern.ch/root-jenkins/job/root-pullrequests-build/132066/testReport/projectroot.roottest.root.io/filemerger/roottest_root_io_filemerger_execFileMerger/),MatchSource.ISSUE_COMMENT,root-project,root,v6-32-06,https://github.com/root-project/root/pull/9408#issuecomment-990871192:262,test,tests,262,https://root.cern,https://github.com/root-project/root/pull/9408#issuecomment-990871192,3,['test'],"['testReport', 'tests']"
Testability,Build failed on ROOT-ubuntu2004/soversion.; Running on root-ubuntu-2004-1.cern.ch:/home/sftnight/build/workspace/root-pullrequests-build; [See console output](https://lcgapp-services.cern.ch/root-jenkins/job/root-pullrequests-build/132248/console).; ### Failing tests:; - [projectroot.roofit.roofitcore.test.gtest_roofit_roofitcore_test_testLikelihoodSerial](https://lcgapp-services.cern.ch/root-jenkins/job/root-pullrequests-build/132248/testReport/projectroot.roofit.roofitcore/test/gtest_roofit_roofitcore_test_testLikelihoodSerial/),MatchSource.ISSUE_COMMENT,root-project,root,v6-32-06,https://github.com/root-project/root/pull/9420#issuecomment-991831014:262,test,tests,262,https://root.cern,https://github.com/root-project/root/pull/9420#issuecomment-991831014,4,['test'],"['test', 'testReport', 'tests']"
Testability,Build failed on ROOT-ubuntu2004/soversion.; Running on root-ubuntu-2004-1.cern.ch:/home/sftnight/build/workspace/root-pullrequests-build; [See console output](https://lcgapp-services.cern.ch/root-jenkins/job/root-pullrequests-build/132276/console).; ### Failing tests:; - [projectroot.roottest.root.hist.operator.roottest_root_hist_operator_runsparse](https://lcgapp-services.cern.ch/root-jenkins/job/root-pullrequests-build/132276/testReport/projectroot.roottest.root.hist/operator/roottest_root_hist_operator_runsparse/); - [projectroot.roottest.root.io.filemerger.roottest_root_io_filemerger_execFileMerger](https://lcgapp-services.cern.ch/root-jenkins/job/root-pullrequests-build/132276/testReport/projectroot.roottest.root.io/filemerger/roottest_root_io_filemerger_execFileMerger/),MatchSource.ISSUE_COMMENT,root-project,root,v6-32-06,https://github.com/root-project/root/pull/9426#issuecomment-992321448:262,test,tests,262,https://root.cern,https://github.com/root-project/root/pull/9426#issuecomment-992321448,3,['test'],"['testReport', 'tests']"
Testability,Build failed on ROOT-ubuntu2004/soversion.; Running on root-ubuntu-2004-1.cern.ch:/home/sftnight/build/workspace/root-pullrequests-build; [See console output](https://lcgapp-services.cern.ch/root-jenkins/job/root-pullrequests-build/132622/console).; ### Failing tests:; - [projectroot.test.test_stressroofit_interpreted](https://lcgapp-services.cern.ch/root-jenkins/job/root-pullrequests-build/132622/testReport/projectroot/test/test_stressroofit_interpreted/),MatchSource.ISSUE_COMMENT,root-project,root,v6-32-06,https://github.com/root-project/root/pull/9456#issuecomment-996138540:262,test,tests,262,https://root.cern,https://github.com/root-project/root/pull/9456#issuecomment-996138540,4,['test'],"['test', 'testReport', 'tests']"
Testability,Build failed on ROOT-ubuntu2004/soversion.; Running on root-ubuntu-2004-1.cern.ch:/home/sftnight/build/workspace/root-pullrequests-build; [See console output](https://lcgapp-services.cern.ch/root-jenkins/job/root-pullrequests-build/132654/console).; ### Failing tests:; - [projectroot.roottest.root.roofitstats.vectorisedPDFs.gtesttest_root_roofitstats_vectorisedPDFs_testJohnson](https://lcgapp-services.cern.ch/root-jenkins/job/root-pullrequests-build/132654/testReport/projectroot.roottest.root.roofitstats/vectorisedPDFs/gtesttest_root_roofitstats_vectorisedPDFs_testJohnson/),MatchSource.ISSUE_COMMENT,root-project,root,v6-32-06,https://github.com/root-project/root/pull/9458#issuecomment-996640963:262,test,tests,262,https://root.cern,https://github.com/root-project/root/pull/9458#issuecomment-996640963,2,['test'],"['testReport', 'tests']"
Testability,Build failed on ROOT-ubuntu2004/soversion.; Running on root-ubuntu-2004-1.cern.ch:/home/sftnight/build/workspace/root-pullrequests-build; [See console output](https://lcgapp-services.cern.ch/root-jenkins/job/root-pullrequests-build/132768/console).; ### Failing tests:; - [projectroot.tmva.tmva.test.envelope.gtest_tmva_tmva_test_envelope_TMVA_Classification](https://lcgapp-services.cern.ch/root-jenkins/job/root-pullrequests-build/132768/testReport/projectroot.tmva.tmva.test/envelope/gtest_tmva_tmva_test_envelope_TMVA_Classification/),MatchSource.ISSUE_COMMENT,root-project,root,v6-32-06,https://github.com/root-project/root/pull/9470#issuecomment-998033046:262,test,tests,262,https://root.cern,https://github.com/root-project/root/pull/9470#issuecomment-998033046,4,['test'],"['test', 'testReport', 'tests']"
Testability,Build failed on ROOT-ubuntu2004/soversion.; Running on root-ubuntu-2004-1.cern.ch:/home/sftnight/build/workspace/root-pullrequests-build; [See console output](https://lcgapp-services.cern.ch/root-jenkins/job/root-pullrequests-build/132796/console).; ### Failing tests:; - [projectroot.tmva.tmva.test.envelope.gtest_tmva_tmva_test_envelope_TMVA_Classification](https://lcgapp-services.cern.ch/root-jenkins/job/root-pullrequests-build/132796/testReport/projectroot.tmva.tmva.test/envelope/gtest_tmva_tmva_test_envelope_TMVA_Classification/),MatchSource.ISSUE_COMMENT,root-project,root,v6-32-06,https://github.com/root-project/root/pull/9475#issuecomment-998097538:262,test,tests,262,https://root.cern,https://github.com/root-project/root/pull/9475#issuecomment-998097538,4,['test'],"['test', 'testReport', 'tests']"
Testability,Build failed on ROOT-ubuntu2004/soversion.; Running on root-ubuntu-2004-1.cern.ch:/home/sftnight/build/workspace/root-pullrequests-build; [See console output](https://lcgapp-services.cern.ch/root-jenkins/job/root-pullrequests-build/132936/console).; ### Failing tests:; - [projectroot.roottest.root.meta.roottest_root_meta_runMemberComments](https://lcgapp-services.cern.ch/root-jenkins/job/root-pullrequests-build/132936/testReport/projectroot.roottest.root/meta/roottest_root_meta_runMemberComments/),MatchSource.ISSUE_COMMENT,root-project,root,v6-32-06,https://github.com/root-project/root/pull/9472#issuecomment-1005851110:262,test,tests,262,https://root.cern,https://github.com/root-project/root/pull/9472#issuecomment-1005851110,2,['test'],"['testReport', 'tests']"
Testability,Build failed on ROOT-ubuntu2004/soversion.; Running on root-ubuntu-2004-1.cern.ch:/home/sftnight/build/workspace/root-pullrequests-build; [See console output](https://lcgapp-services.cern.ch/root-jenkins/job/root-pullrequests-build/132943/console).; ### Failing tests:; - [projectroot.roottest.root.hist.operator.roottest_root_hist_operator_runsparse](https://lcgapp-services.cern.ch/root-jenkins/job/root-pullrequests-build/132943/testReport/projectroot.roottest.root.hist/operator/roottest_root_hist_operator_runsparse/); - [projectroot.roottest.root.io.filemerger.roottest_root_io_filemerger_execFileMerger](https://lcgapp-services.cern.ch/root-jenkins/job/root-pullrequests-build/132943/testReport/projectroot.roottest.root.io/filemerger/roottest_root_io_filemerger_execFileMerger/),MatchSource.ISSUE_COMMENT,root-project,root,v6-32-06,https://github.com/root-project/root/pull/9498#issuecomment-1005888982:262,test,tests,262,https://root.cern,https://github.com/root-project/root/pull/9498#issuecomment-1005888982,3,['test'],"['testReport', 'tests']"
Testability,Build failed on ROOT-ubuntu2004/soversion.; Running on root-ubuntu-2004-1.cern.ch:/home/sftnight/build/workspace/root-pullrequests-build; [See console output](https://lcgapp-services.cern.ch/root-jenkins/job/root-pullrequests-build/133111/console).; ### Failing tests:; - [projectroot.tmva.tmva.test.envelope.gtest_tmva_tmva_test_envelope_TMVA_Envelope](https://lcgapp-services.cern.ch/root-jenkins/job/root-pullrequests-build/133111/testReport/projectroot.tmva.tmva.test/envelope/gtest_tmva_tmva_test_envelope_TMVA_Envelope/),MatchSource.ISSUE_COMMENT,root-project,root,v6-32-06,https://github.com/root-project/root/pull/8994#issuecomment-1007380325:262,test,tests,262,https://root.cern,https://github.com/root-project/root/pull/8994#issuecomment-1007380325,4,['test'],"['test', 'testReport', 'tests']"
Testability,Build failed on ROOT-ubuntu2004/soversion.; Running on root-ubuntu-2004-1.cern.ch:/home/sftnight/build/workspace/root-pullrequests-build; [See console output](https://lcgapp-services.cern.ch/root-jenkins/job/root-pullrequests-build/133502/console).; ### Failing tests:; - [projectroot.test.test_periodic_build](https://lcgapp-services.cern.ch/root-jenkins/job/root-pullrequests-build/133502/testReport/projectroot/test/test_periodic_build/),MatchSource.ISSUE_COMMENT,root-project,root,v6-32-06,https://github.com/root-project/root/pull/9516#issuecomment-1009216952:262,test,tests,262,https://root.cern,https://github.com/root-project/root/pull/9516#issuecomment-1009216952,4,['test'],"['test', 'testReport', 'tests']"
Testability,Build failed on ROOT-ubuntu2004/soversion.; Running on root-ubuntu-2004-1.cern.ch:/home/sftnight/build/workspace/root-pullrequests-build; [See console output](https://lcgapp-services.cern.ch/root-jenkins/job/root-pullrequests-build/133593/console).; ### Failing tests:; - [projectroot.roottest.cling.specialobj.roottest_cling_specialobj_runf02](https://lcgapp-services.cern.ch/root-jenkins/job/root-pullrequests-build/133593/testReport/projectroot.roottest.cling/specialobj/roottest_cling_specialobj_runf02/),MatchSource.ISSUE_COMMENT,root-project,root,v6-32-06,https://github.com/root-project/root/pull/9537#issuecomment-1009903747:262,test,tests,262,https://root.cern,https://github.com/root-project/root/pull/9537#issuecomment-1009903747,2,['test'],"['testReport', 'tests']"
Testability,Build failed on ROOT-ubuntu2004/soversion.; Running on root-ubuntu-2004-1.cern.ch:/home/sftnight/build/workspace/root-pullrequests-build; [See console output](https://lcgapp-services.cern.ch/root-jenkins/job/root-pullrequests-build/133628/console).; ### Errors:; - [2022-01-11T12:53:01.815Z] FAILED: tree/dataframe/test/CMakeFiles/dataframe_helpers.dir/dataframe_helpers.cxx.o ; - [2022-01-11T12:53:02.436Z] /home/sftnight/build/workspace/root-pullrequests-build/root/tree/dataframe/inc/ROOT/RDFHelpers.hxx:121:17: error: no match for call to ‘(ROOT::Internal::RDF::GraphDrawing::GraphCreatorHelper) (ROOT::RDataFrame&)’ ; - [2022-01-11T12:53:02.436Z] /home/sftnight/build/workspace/root-pullrequests-build/root/tree/dataframe/inc/ROOT/RDFHelpers.hxx:121:17: error: no match for call to ‘(ROOT::Internal::RDF::GraphDrawing::GraphCreatorHelper) (ROOT::RDF::RResultPtr&lt;double&gt;&)’ ; - [2022-01-11T12:53:02.436Z] /home/sftnight/build/workspace/root-pullrequests-build/root/tree/dataframe/inc/ROOT/RDFHelpers.hxx:121:17: error: no match for call to ‘(ROOT::Internal::RDF::GraphDrawing::GraphCreatorHelper) (ROOT::RDF::RResultPtr&lt;long long unsigned int&gt;&)’ ; - [2022-01-11T12:53:02.436Z] /home/sftnight/build/workspace/root-pullrequests-build/root/tree/dataframe/inc/ROOT/RDFHelpers.hxx:140:33: error: no match for call to ‘(ROOT::Internal::RDF::GraphDrawing::GraphCreatorHelper) (ROOT::RDF::RResultPtr&lt;long long unsigned int&gt;&)’,MatchSource.ISSUE_COMMENT,root-project,root,v6-32-06,https://github.com/root-project/root/pull/9540#issuecomment-1009936077:315,test,test,315,https://root.cern,https://github.com/root-project/root/pull/9540#issuecomment-1009936077,1,['test'],['test']
Testability,Build failed on ROOT-ubuntu2004/soversion.; Running on root-ubuntu-2004-1.cern.ch:/home/sftnight/build/workspace/root-pullrequests-build; [See console output](https://lcgapp-services.cern.ch/root-jenkins/job/root-pullrequests-build/133719/console).; ### Failing tests:; - [projectroot.roottest.root.tree.index.roottest_root_tree_index_make](https://lcgapp-services.cern.ch/root-jenkins/job/root-pullrequests-build/133719/testReport/projectroot.roottest.root.tree/index/roottest_root_tree_index_make/),MatchSource.ISSUE_COMMENT,root-project,root,v6-32-06,https://github.com/root-project/root/pull/8170#issuecomment-1010307130:262,test,tests,262,https://root.cern,https://github.com/root-project/root/pull/8170#issuecomment-1010307130,2,['test'],"['testReport', 'tests']"
Testability,Build failed on ROOT-ubuntu2004/soversion.; Running on root-ubuntu-2004-1.cern.ch:/home/sftnight/build/workspace/root-pullrequests-build; [See console output](https://lcgapp-services.cern.ch/root-jenkins/job/root-pullrequests-build/133838/console).; ### Failing tests:; - [projectroot.test.test_check_nullptr](https://lcgapp-services.cern.ch/root-jenkins/job/root-pullrequests-build/133838/testReport/projectroot/test/test_check_nullptr/); - [projectroot.roottest.cling.exception.roottest_cling_exception_nullderef_macro](https://lcgapp-services.cern.ch/root-jenkins/job/root-pullrequests-build/133838/testReport/projectroot.roottest.cling/exception/roottest_cling_exception_nullderef_macro/); - [projectroot.roottest.cling.exception.roottest_cling_exception_nullderef_e](https://lcgapp-services.cern.ch/root-jenkins/job/root-pullrequests-build/133838/testReport/projectroot.roottest.cling/exception/roottest_cling_exception_nullderef_e/),MatchSource.ISSUE_COMMENT,root-project,root,v6-32-06,https://github.com/root-project/root/pull/9548#issuecomment-1011181391:262,test,tests,262,https://root.cern,https://github.com/root-project/root/pull/9548#issuecomment-1011181391,6,['test'],"['test', 'testReport', 'tests']"
Testability,Build failed on ROOT-ubuntu2004/soversion.; Running on root-ubuntu-2004-1.cern.ch:/home/sftnight/build/workspace/root-pullrequests-build; [See console output](https://lcgapp-services.cern.ch/root-jenkins/job/root-pullrequests-build/133901/console).; ### Failing tests:; - [projectroot.test.test_stressroofit_interpreted](https://lcgapp-services.cern.ch/root-jenkins/job/root-pullrequests-build/133901/testReport/projectroot/test/test_stressroofit_interpreted/); - [projectroot.roofit.roofitcore.test.gtest_roofit_roofitcore_test_testRooSimPdfBuilder](https://lcgapp-services.cern.ch/root-jenkins/job/root-pullrequests-build/133901/testReport/projectroot.roofit.roofitcore/test/gtest_roofit_roofitcore_test_testRooSimPdfBuilder/),MatchSource.ISSUE_COMMENT,root-project,root,v6-32-06,https://github.com/root-project/root/pull/9553#issuecomment-1011573546:262,test,tests,262,https://root.cern,https://github.com/root-project/root/pull/9553#issuecomment-1011573546,7,['test'],"['test', 'testReport', 'tests']"
Testability,Build failed on ROOT-ubuntu2004/soversion.; Running on root-ubuntu-2004-1.cern.ch:/home/sftnight/build/workspace/root-pullrequests-build; [See console output](https://lcgapp-services.cern.ch/root-jenkins/job/root-pullrequests-build/134097/console).; ### Failing tests:; - [projectroot.roottest.root.hist.operator.roottest_root_hist_operator_runsparse](https://lcgapp-services.cern.ch/root-jenkins/job/root-pullrequests-build/134097/testReport/projectroot.roottest.root.hist/operator/roottest_root_hist_operator_runsparse/); - [projectroot.roottest.root.io.filemerger.roottest_root_io_filemerger_execFileMerger](https://lcgapp-services.cern.ch/root-jenkins/job/root-pullrequests-build/134097/testReport/projectroot.roottest.root.io/filemerger/roottest_root_io_filemerger_execFileMerger/),MatchSource.ISSUE_COMMENT,root-project,root,v6-32-06,https://github.com/root-project/root/pull/9569#issuecomment-1012961023:262,test,tests,262,https://root.cern,https://github.com/root-project/root/pull/9569#issuecomment-1012961023,3,['test'],"['testReport', 'tests']"
Testability,Build failed on ROOT-ubuntu2004/soversion.; Running on root-ubuntu-2004-1.cern.ch:/home/sftnight/build/workspace/root-pullrequests-build; [See console output](https://lcgapp-services.cern.ch/root-jenkins/job/root-pullrequests-build/134195/console).; ### Failing tests:; - [projectroot.roottest.root.hist.operator.roottest_root_hist_operator_runsparse](https://lcgapp-services.cern.ch/root-jenkins/job/root-pullrequests-build/134195/testReport/projectroot.roottest.root.hist/operator/roottest_root_hist_operator_runsparse/); - [projectroot.roottest.root.io.filemerger.roottest_root_io_filemerger_execFileMerger](https://lcgapp-services.cern.ch/root-jenkins/job/root-pullrequests-build/134195/testReport/projectroot.roottest.root.io/filemerger/roottest_root_io_filemerger_execFileMerger/),MatchSource.ISSUE_COMMENT,root-project,root,v6-32-06,https://github.com/root-project/root/pull/9577#issuecomment-1013226109:262,test,tests,262,https://root.cern,https://github.com/root-project/root/pull/9577#issuecomment-1013226109,3,['test'],"['testReport', 'tests']"
Testability,Build failed on ROOT-ubuntu2004/soversion.; Running on root-ubuntu-2004-1.cern.ch:/home/sftnight/build/workspace/root-pullrequests-build; [See console output](https://lcgapp-services.cern.ch/root-jenkins/job/root-pullrequests-build/134216/console).; ### Failing tests:; - [projectroot.roottest.root.hist.operator.roottest_root_hist_operator_runsparse](https://lcgapp-services.cern.ch/root-jenkins/job/root-pullrequests-build/134216/testReport/projectroot.roottest.root.hist/operator/roottest_root_hist_operator_runsparse/); - [projectroot.roottest.root.io.filemerger.roottest_root_io_filemerger_execFileMerger](https://lcgapp-services.cern.ch/root-jenkins/job/root-pullrequests-build/134216/testReport/projectroot.roottest.root.io/filemerger/roottest_root_io_filemerger_execFileMerger/),MatchSource.ISSUE_COMMENT,root-project,root,v6-32-06,https://github.com/root-project/root/pull/9577#issuecomment-1013275319:262,test,tests,262,https://root.cern,https://github.com/root-project/root/pull/9577#issuecomment-1013275319,3,['test'],"['testReport', 'tests']"
Testability,Build failed on ROOT-ubuntu2004/soversion.; Running on root-ubuntu-2004-1.cern.ch:/home/sftnight/build/workspace/root-pullrequests-build; [See console output](https://lcgapp-services.cern.ch/root-jenkins/job/root-pullrequests-build/134223/console).; ### Failing tests:; - [projectroot.roottest.cling.specialobj.roottest_cling_specialobj_runf02](https://lcgapp-services.cern.ch/root-jenkins/job/root-pullrequests-build/134223/testReport/projectroot.roottest.cling/specialobj/roottest_cling_specialobj_runf02/),MatchSource.ISSUE_COMMENT,root-project,root,v6-32-06,https://github.com/root-project/root/pull/9579#issuecomment-1013294587:262,test,tests,262,https://root.cern,https://github.com/root-project/root/pull/9579#issuecomment-1013294587,2,['test'],"['testReport', 'tests']"
Testability,Build failed on ROOT-ubuntu2004/soversion.; Running on root-ubuntu-2004-1.cern.ch:/home/sftnight/build/workspace/root-pullrequests-build; [See console output](https://lcgapp-services.cern.ch/root-jenkins/job/root-pullrequests-build/134237/console).; ### Failing tests:; - [projectroot.roottest.cling.specialobj.roottest_cling_specialobj_runf02](https://lcgapp-services.cern.ch/root-jenkins/job/root-pullrequests-build/134237/testReport/projectroot.roottest.cling/specialobj/roottest_cling_specialobj_runf02/),MatchSource.ISSUE_COMMENT,root-project,root,v6-32-06,https://github.com/root-project/root/pull/9581#issuecomment-1013311583:262,test,tests,262,https://root.cern,https://github.com/root-project/root/pull/9581#issuecomment-1013311583,2,['test'],"['testReport', 'tests']"
Testability,Build failed on ROOT-ubuntu2004/soversion.; Running on root-ubuntu-2004-1.cern.ch:/home/sftnight/build/workspace/root-pullrequests-build; [See console output](https://lcgapp-services.cern.ch/root-jenkins/job/root-pullrequests-build/134251/console).; ### Failing tests:; - [projectroot.roottest.cling.specialobj.roottest_cling_specialobj_runf02](https://lcgapp-services.cern.ch/root-jenkins/job/root-pullrequests-build/134251/testReport/projectroot.roottest.cling/specialobj/roottest_cling_specialobj_runf02/),MatchSource.ISSUE_COMMENT,root-project,root,v6-32-06,https://github.com/root-project/root/pull/9486#issuecomment-1013343618:262,test,tests,262,https://root.cern,https://github.com/root-project/root/pull/9486#issuecomment-1013343618,2,['test'],"['testReport', 'tests']"
Testability,Build failed on ROOT-ubuntu2004/soversion.; Running on root-ubuntu-2004-1.cern.ch:/home/sftnight/build/workspace/root-pullrequests-build; [See console output](https://lcgapp-services.cern.ch/root-jenkins/job/root-pullrequests-build/134258/console).; ### Failing tests:; - [projectroot.roottest.cling.specialobj.roottest_cling_specialobj_runf02](https://lcgapp-services.cern.ch/root-jenkins/job/root-pullrequests-build/134258/testReport/projectroot.roottest.cling/specialobj/roottest_cling_specialobj_runf02/),MatchSource.ISSUE_COMMENT,root-project,root,v6-32-06,https://github.com/root-project/root/pull/3760#issuecomment-1013529102:262,test,tests,262,https://root.cern,https://github.com/root-project/root/pull/3760#issuecomment-1013529102,2,['test'],"['testReport', 'tests']"
Testability,Build failed on ROOT-ubuntu2004/soversion.; Running on root-ubuntu-2004-1.cern.ch:/home/sftnight/build/workspace/root-pullrequests-build; [See console output](https://lcgapp-services.cern.ch/root-jenkins/job/root-pullrequests-build/134265/console).; ### Failing tests:; - [projectroot.roottest.cling.specialobj.roottest_cling_specialobj_runf02](https://lcgapp-services.cern.ch/root-jenkins/job/root-pullrequests-build/134265/testReport/projectroot.roottest.cling/specialobj/roottest_cling_specialobj_runf02/),MatchSource.ISSUE_COMMENT,root-project,root,v6-32-06,https://github.com/root-project/root/pull/8429#issuecomment-1013592004:262,test,tests,262,https://root.cern,https://github.com/root-project/root/pull/8429#issuecomment-1013592004,2,['test'],"['testReport', 'tests']"
Testability,Build failed on ROOT-ubuntu2004/soversion.; Running on root-ubuntu-2004-1.cern.ch:/home/sftnight/build/workspace/root-pullrequests-build; [See console output](https://lcgapp-services.cern.ch/root-jenkins/job/root-pullrequests-build/134272/console).; ### Failing tests:; - [projectroot.roottest.cling.specialobj.roottest_cling_specialobj_runf02](https://lcgapp-services.cern.ch/root-jenkins/job/root-pullrequests-build/134272/testReport/projectroot.roottest.cling/specialobj/roottest_cling_specialobj_runf02/),MatchSource.ISSUE_COMMENT,root-project,root,v6-32-06,https://github.com/root-project/root/pull/9585#issuecomment-1013595811:262,test,tests,262,https://root.cern,https://github.com/root-project/root/pull/9585#issuecomment-1013595811,2,['test'],"['testReport', 'tests']"
Testability,Build failed on ROOT-ubuntu2004/soversion.; Running on root-ubuntu-2004-1.cern.ch:/home/sftnight/build/workspace/root-pullrequests-build; [See console output](https://lcgapp-services.cern.ch/root-jenkins/job/root-pullrequests-build/134279/console).; ### Failing tests:; - [projectroot.roottest.cling.specialobj.roottest_cling_specialobj_runf02](https://lcgapp-services.cern.ch/root-jenkins/job/root-pullrequests-build/134279/testReport/projectroot.roottest.cling/specialobj/roottest_cling_specialobj_runf02/),MatchSource.ISSUE_COMMENT,root-project,root,v6-32-06,https://github.com/root-project/root/pull/9586#issuecomment-1013643320:262,test,tests,262,https://root.cern,https://github.com/root-project/root/pull/9586#issuecomment-1013643320,2,['test'],"['testReport', 'tests']"
Testability,Build failed on ROOT-ubuntu2004/soversion.; Running on root-ubuntu-2004-1.cern.ch:/home/sftnight/build/workspace/root-pullrequests-build; [See console output](https://lcgapp-services.cern.ch/root-jenkins/job/root-pullrequests-build/134293/console).; ### Failing tests:; - [projectroot.roottest.cling.specialobj.roottest_cling_specialobj_runf02](https://lcgapp-services.cern.ch/root-jenkins/job/root-pullrequests-build/134293/testReport/projectroot.roottest.cling/specialobj/roottest_cling_specialobj_runf02/),MatchSource.ISSUE_COMMENT,root-project,root,v6-32-06,https://github.com/root-project/root/pull/9588#issuecomment-1013669655:262,test,tests,262,https://root.cern,https://github.com/root-project/root/pull/9588#issuecomment-1013669655,2,['test'],"['testReport', 'tests']"
Testability,Build failed on ROOT-ubuntu2004/soversion.; Running on root-ubuntu-2004-1.cern.ch:/home/sftnight/build/workspace/root-pullrequests-build; [See console output](https://lcgapp-services.cern.ch/root-jenkins/job/root-pullrequests-build/134300/console).; ### Failing tests:; - [projectroot.roottest.cling.specialobj.roottest_cling_specialobj_runf02](https://lcgapp-services.cern.ch/root-jenkins/job/root-pullrequests-build/134300/testReport/projectroot.roottest.cling/specialobj/roottest_cling_specialobj_runf02/),MatchSource.ISSUE_COMMENT,root-project,root,v6-32-06,https://github.com/root-project/root/pull/9589#issuecomment-1013673220:262,test,tests,262,https://root.cern,https://github.com/root-project/root/pull/9589#issuecomment-1013673220,2,['test'],"['testReport', 'tests']"
Testability,Build failed on ROOT-ubuntu2004/soversion.; Running on root-ubuntu-2004-1.cern.ch:/home/sftnight/build/workspace/root-pullrequests-build; [See console output](https://lcgapp-services.cern.ch/root-jenkins/job/root-pullrequests-build/134321/console).; ### Failing tests:; - [projectroot.core.metacling.test.gtest_core_metacling_test_TClingTest](https://lcgapp-services.cern.ch/root-jenkins/job/root-pullrequests-build/134321/testReport/projectroot.core.metacling/test/gtest_core_metacling_test_TClingTest/),MatchSource.ISSUE_COMMENT,root-project,root,v6-32-06,https://github.com/root-project/root/pull/9592#issuecomment-1013832743:262,test,tests,262,https://root.cern,https://github.com/root-project/root/pull/9592#issuecomment-1013832743,4,['test'],"['test', 'testReport', 'tests']"
Testability,Build failed on ROOT-ubuntu2004/soversion.; Running on root-ubuntu-2004-1.cern.ch:/home/sftnight/build/workspace/root-pullrequests-build; [See console output](https://lcgapp-services.cern.ch/root-jenkins/job/root-pullrequests-build/134328/console).; ### Failing tests:; - [projectroot.roottest.root.aclic.load.roottest_root_aclic_load_autoloadNamespace](https://lcgapp-services.cern.ch/root-jenkins/job/root-pullrequests-build/134328/testReport/projectroot.roottest.root.aclic/load/roottest_root_aclic_load_autoloadNamespace/); - [projectroot.roottest.root.meta.autoloading.classInNamespace.roottest_root_meta_autoloading_classInNamespace_execClassInNamespace_auto](https://lcgapp-services.cern.ch/root-jenkins/job/root-pullrequests-build/134328/testReport/projectroot.roottest.root.meta.autoloading/classInNamespace/roottest_root_meta_autoloading_classInNamespace_execClassInNamespace_auto/); - [projectroot.roottest.root.meta.autoloading.headerParsingOnDemand.roottest_root_meta_autoloading_headerParsingOnDemand_execCheckComplexTypedefs](https://lcgapp-services.cern.ch/root-jenkins/job/root-pullrequests-build/134328/testReport/projectroot.roottest.root.meta.autoloading/headerParsingOnDemand/roottest_root_meta_autoloading_headerParsingOnDemand_execCheckComplexTypedefs/),MatchSource.ISSUE_COMMENT,root-project,root,v6-32-06,https://github.com/root-project/root/pull/9592#issuecomment-1013844204:262,test,tests,262,https://root.cern,https://github.com/root-project/root/pull/9592#issuecomment-1013844204,4,['test'],"['testReport', 'tests']"
Testability,Build failed on ROOT-ubuntu2004/soversion.; Running on root-ubuntu-2004-1.cern.ch:/home/sftnight/build/workspace/root-pullrequests-build; [See console output](https://lcgapp-services.cern.ch/root-jenkins/job/root-pullrequests-build/134717/console).; ### Failing tests:; - [projectroot.roottest.root.hist.operator.roottest_root_hist_operator_runsparse](https://lcgapp-services.cern.ch/root-jenkins/job/root-pullrequests-build/134717/testReport/projectroot.roottest.root.hist/operator/roottest_root_hist_operator_runsparse/); - [projectroot.roottest.root.io.filemerger.roottest_root_io_filemerger_execFileMerger](https://lcgapp-services.cern.ch/root-jenkins/job/root-pullrequests-build/134717/testReport/projectroot.roottest.root.io/filemerger/roottest_root_io_filemerger_execFileMerger/),MatchSource.ISSUE_COMMENT,root-project,root,v6-32-06,https://github.com/root-project/root/pull/9634#issuecomment-1017665161:262,test,tests,262,https://root.cern,https://github.com/root-project/root/pull/9634#issuecomment-1017665161,3,['test'],"['testReport', 'tests']"
Testability,Build failed on ROOT-ubuntu2004/soversion.; Running on root-ubuntu-2004-1.cern.ch:/home/sftnight/build/workspace/root-pullrequests-build; [See console output](https://lcgapp-services.cern.ch/root-jenkins/job/root-pullrequests-build/134780/console).; ### Failing tests:; - [projectroot.roottest.root.hist.operator.roottest_root_hist_operator_runsparse](https://lcgapp-services.cern.ch/root-jenkins/job/root-pullrequests-build/134780/testReport/projectroot.roottest.root.hist/operator/roottest_root_hist_operator_runsparse/); - [projectroot.roottest.root.io.filemerger.roottest_root_io_filemerger_execFileMerger](https://lcgapp-services.cern.ch/root-jenkins/job/root-pullrequests-build/134780/testReport/projectroot.roottest.root.io/filemerger/roottest_root_io_filemerger_execFileMerger/),MatchSource.ISSUE_COMMENT,root-project,root,v6-32-06,https://github.com/root-project/root/pull/9642#issuecomment-1017928916:262,test,tests,262,https://root.cern,https://github.com/root-project/root/pull/9642#issuecomment-1017928916,3,['test'],"['testReport', 'tests']"
Testability,Build failed on ROOT-ubuntu2004/soversion.; Running on root-ubuntu-2004-1.cern.ch:/home/sftnight/build/workspace/root-pullrequests-build; [See console output](https://lcgapp-services.cern.ch/root-jenkins/job/root-pullrequests-build/135740/console).; ### Failing tests:; - [projectroot.test.test_stressHistFactory_interpreted](https://lcgapp-services.cern.ch/root-jenkins/job/root-pullrequests-build/135740/testReport/projectroot/test/test_stressHistFactory_interpreted/),MatchSource.ISSUE_COMMENT,root-project,root,v6-32-06,https://github.com/root-project/root/pull/9746#issuecomment-1024229619:262,test,tests,262,https://root.cern,https://github.com/root-project/root/pull/9746#issuecomment-1024229619,4,['test'],"['test', 'testReport', 'tests']"
Testability,Build failed on ROOT-ubuntu2004/soversion.; Running on root-ubuntu-2004-1.cern.ch:/home/sftnight/build/workspace/root-pullrequests-build; [See console output](https://lcgapp-services.cern.ch/root-jenkins/job/root-pullrequests-build/135782/console).; ### Failing tests:; - [projectroot.bindings.pyroot.pythonizations.test.pyunittests_pyroot_roofit_roodatahist_numpy](https://lcgapp-services.cern.ch/root-jenkins/job/root-pullrequests-build/135782/testReport/projectroot.bindings.pyroot.pythonizations/test/pyunittests_pyroot_roofit_roodatahist_numpy/); - [projectroot.bindings.pyroot.pythonizations.test.pyunittests_pyroot_roofit_roodataset_numpy](https://lcgapp-services.cern.ch/root-jenkins/job/root-pullrequests-build/135782/testReport/projectroot.bindings.pyroot.pythonizations/test/pyunittests_pyroot_roofit_roodataset_numpy/),MatchSource.ISSUE_COMMENT,root-project,root,v6-32-06,https://github.com/root-project/root/pull/9747#issuecomment-1024751501:262,test,tests,262,https://root.cern,https://github.com/root-project/root/pull/9747#issuecomment-1024751501,7,['test'],"['test', 'testReport', 'tests']"
Testability,Build failed on ROOT-ubuntu2004/soversion.; Running on root-ubuntu-2004-1.cern.ch:/home/sftnight/build/workspace/root-pullrequests-build; [See console output](https://lcgapp-services.cern.ch/root-jenkins/job/root-pullrequests-build/135826/console).; ### Failing tests:; - [projectroot.roottest.root.hist.operator.roottest_root_hist_operator_runsparse](https://lcgapp-services.cern.ch/root-jenkins/job/root-pullrequests-build/135826/testReport/projectroot.roottest.root.hist/operator/roottest_root_hist_operator_runsparse/); - [projectroot.roottest.root.io.filemerger.roottest_root_io_filemerger_execFileMerger](https://lcgapp-services.cern.ch/root-jenkins/job/root-pullrequests-build/135826/testReport/projectroot.roottest.root.io/filemerger/roottest_root_io_filemerger_execFileMerger/),MatchSource.ISSUE_COMMENT,root-project,root,v6-32-06,https://github.com/root-project/root/pull/9752#issuecomment-1024870791:262,test,tests,262,https://root.cern,https://github.com/root-project/root/pull/9752#issuecomment-1024870791,3,['test'],"['testReport', 'tests']"
Testability,Build failed on ROOT-ubuntu2004/soversion.; Running on root-ubuntu-2004-1.cern.ch:/home/sftnight/build/workspace/root-pullrequests-build; [See console output](https://lcgapp-services.cern.ch/root-jenkins/job/root-pullrequests-build/136157/console).; ### Failing tests:; - [projectroot.roottest.root.meta.tclass.roottest_root_meta_tclass_execState](https://lcgapp-services.cern.ch/root-jenkins/job/root-pullrequests-build/136157/testReport/projectroot.roottest.root.meta/tclass/roottest_root_meta_tclass_execState/),MatchSource.ISSUE_COMMENT,root-project,root,v6-32-06,https://github.com/root-project/root/pull/9782#issuecomment-1027253732:262,test,tests,262,https://root.cern,https://github.com/root-project/root/pull/9782#issuecomment-1027253732,2,['test'],"['testReport', 'tests']"
Testability,Build failed on ROOT-ubuntu2004/soversion.; Running on root-ubuntu-2004-1.cern.ch:/home/sftnight/build/workspace/root-pullrequests-build; [See console output](https://lcgapp-services.cern.ch/root-jenkins/job/root-pullrequests-build/136249/console).; ### Failing tests:; - [projectroot.roottest.root.io.json.roottest_root_io_json_make](https://lcgapp-services.cern.ch/root-jenkins/job/root-pullrequests-build/136249/testReport/projectroot.roottest.root.io/json/roottest_root_io_json_make/),MatchSource.ISSUE_COMMENT,root-project,root,v6-32-06,https://github.com/root-project/root/pull/9788#issuecomment-1027888289:262,test,tests,262,https://root.cern,https://github.com/root-project/root/pull/9788#issuecomment-1027888289,2,['test'],"['testReport', 'tests']"
Testability,Build failed on ROOT-ubuntu2004/soversion.; Running on root-ubuntu-2004-1.cern.ch:/home/sftnight/build/workspace/root-pullrequests-build; [See console output](https://lcgapp-services.cern.ch/root-jenkins/job/root-pullrequests-build/136534/console).; ### Failing tests:; - [projectroot.bindings.pyroot.pythonizations.test.pyunittests_pyroot_roofit_roojsonfactorywstool](https://lcgapp-services.cern.ch/root-jenkins/job/root-pullrequests-build/136534/testReport/projectroot.bindings.pyroot.pythonizations/test/pyunittests_pyroot_roofit_roojsonfactorywstool/),MatchSource.ISSUE_COMMENT,root-project,root,v6-32-06,https://github.com/root-project/root/pull/9804#issuecomment-1030406812:262,test,tests,262,https://root.cern,https://github.com/root-project/root/pull/9804#issuecomment-1030406812,4,['test'],"['test', 'testReport', 'tests']"
Testability,Build failed on ROOT-ubuntu2004/soversion.; Running on root-ubuntu-2004-1.cern.ch:/home/sftnight/build/workspace/root-pullrequests-build; [See console output](https://lcgapp-services.cern.ch/root-jenkins/job/root-pullrequests-build/136647/console).; ### Failing tests:; - [projectroot.math.mathcore.test.mathcore_stressGoFTest](https://lcgapp-services.cern.ch/root-jenkins/job/root-pullrequests-build/136647/testReport/projectroot.math.mathcore/test/mathcore_stressGoFTest/),MatchSource.ISSUE_COMMENT,root-project,root,v6-32-06,https://github.com/root-project/root/pull/9819#issuecomment-1030509540:262,test,tests,262,https://root.cern,https://github.com/root-project/root/pull/9819#issuecomment-1030509540,4,['test'],"['test', 'testReport', 'tests']"
Testability,Build failed on ROOT-ubuntu2004/soversion.; Running on root-ubuntu-2004-1.cern.ch:/home/sftnight/build/workspace/root-pullrequests-build; [See console output](https://lcgapp-services.cern.ch/root-jenkins/job/root-pullrequests-build/136668/console).; ### Failing tests:; - [projectroot.bindings.pyroot.pythonizations.test.pyunittests_pyroot_roofit_roojsonfactorywstool](https://lcgapp-services.cern.ch/root-jenkins/job/root-pullrequests-build/136668/testReport/projectroot.bindings.pyroot.pythonizations/test/pyunittests_pyroot_roofit_roojsonfactorywstool/),MatchSource.ISSUE_COMMENT,root-project,root,v6-32-06,https://github.com/root-project/root/pull/9821#issuecomment-1030524126:262,test,tests,262,https://root.cern,https://github.com/root-project/root/pull/9821#issuecomment-1030524126,4,['test'],"['test', 'testReport', 'tests']"
Testability,Build failed on ROOT-ubuntu2004/soversion.; Running on root-ubuntu-2004-1.cern.ch:/home/sftnight/build/workspace/root-pullrequests-build; [See console output](https://lcgapp-services.cern.ch/root-jenkins/job/root-pullrequests-build/136675/console).; ### Failing tests:; - [projectroot.roottest.root.hist.operator.roottest_root_hist_operator_runsparse](https://lcgapp-services.cern.ch/root-jenkins/job/root-pullrequests-build/136675/testReport/projectroot.roottest.root.hist/operator/roottest_root_hist_operator_runsparse/); - [projectroot.roottest.root.io.filemerger.roottest_root_io_filemerger_execFileMerger](https://lcgapp-services.cern.ch/root-jenkins/job/root-pullrequests-build/136675/testReport/projectroot.roottest.root.io/filemerger/roottest_root_io_filemerger_execFileMerger/),MatchSource.ISSUE_COMMENT,root-project,root,v6-32-06,https://github.com/root-project/root/pull/9822#issuecomment-1030529346:262,test,tests,262,https://root.cern,https://github.com/root-project/root/pull/9822#issuecomment-1030529346,3,['test'],"['testReport', 'tests']"
Testability,Build failed on ROOT-ubuntu2004/soversion.; Running on root-ubuntu-2004-1.cern.ch:/home/sftnight/build/workspace/root-pullrequests-build; [See console output](https://lcgapp-services.cern.ch/root-jenkins/job/root-pullrequests-build/136759/console).; ### Failing tests:; - [projectroot.roottest.python.distrdf.common.roottest_python_distrdf_common_common_test_rungraphs](https://lcgapp-services.cern.ch/root-jenkins/job/root-pullrequests-build/136759/testReport/projectroot.roottest.python.distrdf/common/roottest_python_distrdf_common_common_test_rungraphs/); - [projectroot.roottest.python.distrdf.spark.roottest_python_distrdf_spark_spark_test_rungraphs](https://lcgapp-services.cern.ch/root-jenkins/job/root-pullrequests-build/136759/testReport/projectroot.roottest.python.distrdf/spark/roottest_python_distrdf_spark_spark_test_rungraphs/),MatchSource.ISSUE_COMMENT,root-project,root,v6-32-06,https://github.com/root-project/root/pull/9826#issuecomment-1031353808:262,test,tests,262,https://root.cern,https://github.com/root-project/root/pull/9826#issuecomment-1031353808,3,['test'],"['testReport', 'tests']"
Testability,Build failed on ROOT-ubuntu2004/soversion.; Running on root-ubuntu-2004-1.cern.ch:/home/sftnight/build/workspace/root-pullrequests-build; [See console output](https://lcgapp-services.cern.ch/root-jenkins/job/root-pullrequests-build/136773/console).; ### Failing tests:; - [projectroot.roottest.root.hist.operator.roottest_root_hist_operator_runsparse](https://lcgapp-services.cern.ch/root-jenkins/job/root-pullrequests-build/136773/testReport/projectroot.roottest.root.hist/operator/roottest_root_hist_operator_runsparse/); - [projectroot.roottest.root.io.filemerger.roottest_root_io_filemerger_execFileMerger](https://lcgapp-services.cern.ch/root-jenkins/job/root-pullrequests-build/136773/testReport/projectroot.roottest.root.io/filemerger/roottest_root_io_filemerger_execFileMerger/),MatchSource.ISSUE_COMMENT,root-project,root,v6-32-06,https://github.com/root-project/root/pull/9828#issuecomment-1031395735:262,test,tests,262,https://root.cern,https://github.com/root-project/root/pull/9828#issuecomment-1031395735,3,['test'],"['testReport', 'tests']"
Testability,Build failed on ROOT-ubuntu2004/soversion.; Running on root-ubuntu-2004-1.cern.ch:/home/sftnight/build/workspace/root-pullrequests-build; [See console output](https://lcgapp-services.cern.ch/root-jenkins/job/root-pullrequests-build/136801/console).; ### Failing tests:; - [projectroot.roottest.python.distrdf.spark.roottest_python_distrdf_spark_spark_test_rungraphs](https://lcgapp-services.cern.ch/root-jenkins/job/root-pullrequests-build/136801/testReport/projectroot.roottest.python.distrdf/spark/roottest_python_distrdf_spark_spark_test_rungraphs/),MatchSource.ISSUE_COMMENT,root-project,root,v6-32-06,https://github.com/root-project/root/pull/9773#issuecomment-1031495697:262,test,tests,262,https://root.cern,https://github.com/root-project/root/pull/9773#issuecomment-1031495697,2,['test'],"['testReport', 'tests']"
Testability,Build failed on ROOT-ubuntu2004/soversion.; Running on root-ubuntu-2004-1.cern.ch:/home/sftnight/build/workspace/root-pullrequests-build; [See console output](https://lcgapp-services.cern.ch/root-jenkins/job/root-pullrequests-build/136810/console).; ### Failing tests:; - [projectroot.roottest.python.distrdf.common.roottest_python_distrdf_common_common_test_rungraphs](https://lcgapp-services.cern.ch/root-jenkins/job/root-pullrequests-build/136810/testReport/projectroot.roottest.python.distrdf/common/roottest_python_distrdf_common_common_test_rungraphs/),MatchSource.ISSUE_COMMENT,root-project,root,v6-32-06,https://github.com/root-project/root/pull/9830#issuecomment-1031674758:262,test,tests,262,https://root.cern,https://github.com/root-project/root/pull/9830#issuecomment-1031674758,2,['test'],"['testReport', 'tests']"
Testability,Build failed on ROOT-ubuntu2004/soversion.; Running on root-ubuntu-2004-1.cern.ch:/home/sftnight/build/workspace/root-pullrequests-build; [See console output](https://lcgapp-services.cern.ch/root-jenkins/job/root-pullrequests-build/137125/console).; ### Failing tests:; - [projectroot.roottest.python.distrdf.dask.roottest_python_distrdf_dask_dask_test_rungraphs](https://lcgapp-services.cern.ch/root-jenkins/job/root-pullrequests-build/137125/testReport/projectroot.roottest.python.distrdf/dask/roottest_python_distrdf_dask_dask_test_rungraphs/),MatchSource.ISSUE_COMMENT,root-project,root,v6-32-06,https://github.com/root-project/root/pull/9858#issuecomment-1035583239:262,test,tests,262,https://root.cern,https://github.com/root-project/root/pull/9858#issuecomment-1035583239,2,['test'],"['testReport', 'tests']"
Testability,Build failed on ROOT-ubuntu2004/soversion.; Running on root-ubuntu-2004-1.cern.ch:/home/sftnight/build/workspace/root-pullrequests-build; [See console output](https://lcgapp-services.cern.ch/root-jenkins/job/root-pullrequests-build/137146/console).; ### Failing tests:; - [projectroot.roottest.python.distrdf.dask.roottest_python_distrdf_dask_dask_test_rungraphs](https://lcgapp-services.cern.ch/root-jenkins/job/root-pullrequests-build/137146/testReport/projectroot.roottest.python.distrdf/dask/roottest_python_distrdf_dask_dask_test_rungraphs/),MatchSource.ISSUE_COMMENT,root-project,root,v6-32-06,https://github.com/root-project/root/pull/9851#issuecomment-1035635880:262,test,tests,262,https://root.cern,https://github.com/root-project/root/pull/9851#issuecomment-1035635880,2,['test'],"['testReport', 'tests']"
Testability,Build failed on ROOT-ubuntu2004/soversion.; Running on root-ubuntu-2004-1.cern.ch:/home/sftnight/build/workspace/root-pullrequests-build; [See console output](https://lcgapp-services.cern.ch/root-jenkins/job/root-pullrequests-build/137188/console).; ### Failing tests:; - [projectroot.roottest.python.distrdf.spark.roottest_python_distrdf_spark_spark_test_rungraphs](https://lcgapp-services.cern.ch/root-jenkins/job/root-pullrequests-build/137188/testReport/projectroot.roottest.python.distrdf/spark/roottest_python_distrdf_spark_spark_test_rungraphs/),MatchSource.ISSUE_COMMENT,root-project,root,v6-32-06,https://github.com/root-project/root/pull/9819#issuecomment-1035669718:262,test,tests,262,https://root.cern,https://github.com/root-project/root/pull/9819#issuecomment-1035669718,2,['test'],"['testReport', 'tests']"
Testability,Build failed on ROOT-ubuntu2004/soversion.; Running on root-ubuntu-2004-1.cern.ch:/home/sftnight/build/workspace/root-pullrequests-build; [See console output](https://lcgapp-services.cern.ch/root-jenkins/job/root-pullrequests-build/137195/console).; ### Failing tests:; - [projectroot.roottest.python.distrdf.dask.roottest_python_distrdf_dask_dask_test_rungraphs](https://lcgapp-services.cern.ch/root-jenkins/job/root-pullrequests-build/137195/testReport/projectroot.roottest.python.distrdf/dask/roottest_python_distrdf_dask_dask_test_rungraphs/); - [projectroot.roottest.python.distrdf.spark.roottest_python_distrdf_spark_spark_test_rungraphs](https://lcgapp-services.cern.ch/root-jenkins/job/root-pullrequests-build/137195/testReport/projectroot.roottest.python.distrdf/spark/roottest_python_distrdf_spark_spark_test_rungraphs/),MatchSource.ISSUE_COMMENT,root-project,root,v6-32-06,https://github.com/root-project/root/pull/9858#issuecomment-1036052557:262,test,tests,262,https://root.cern,https://github.com/root-project/root/pull/9858#issuecomment-1036052557,3,['test'],"['testReport', 'tests']"
Testability,Build failed on ROOT-ubuntu2004/soversion.; Running on root-ubuntu-2004-1.cern.ch:/home/sftnight/build/workspace/root-pullrequests-build; [See console output](https://lcgapp-services.cern.ch/root-jenkins/job/root-pullrequests-build/137217/console).; ### Failing tests:; - [projectroot.roottest.python.distrdf.spark.roottest_python_distrdf_spark_spark_test_rungraphs](https://lcgapp-services.cern.ch/root-jenkins/job/root-pullrequests-build/137217/testReport/projectroot.roottest.python.distrdf/spark/roottest_python_distrdf_spark_spark_test_rungraphs/),MatchSource.ISSUE_COMMENT,root-project,root,v6-32-06,https://github.com/root-project/root/pull/9855#issuecomment-1036340263:262,test,tests,262,https://root.cern,https://github.com/root-project/root/pull/9855#issuecomment-1036340263,2,['test'],"['testReport', 'tests']"
Testability,Build failed on ROOT-ubuntu2004/soversion.; Running on root-ubuntu-2004-1.cern.ch:/home/sftnight/build/workspace/root-pullrequests-build; [See console output](https://lcgapp-services.cern.ch/root-jenkins/job/root-pullrequests-build/137232/console).; ### Failing tests:; - [projectroot.roottest.python.distrdf.dask.roottest_python_distrdf_dask_dask_test_rungraphs](https://lcgapp-services.cern.ch/root-jenkins/job/root-pullrequests-build/137232/testReport/projectroot.roottest.python.distrdf/dask/roottest_python_distrdf_dask_dask_test_rungraphs/),MatchSource.ISSUE_COMMENT,root-project,root,v6-32-06,https://github.com/root-project/root/pull/9872#issuecomment-1036435018:262,test,tests,262,https://root.cern,https://github.com/root-project/root/pull/9872#issuecomment-1036435018,2,['test'],"['testReport', 'tests']"
Testability,Build failed on ROOT-ubuntu2004/soversion.; Running on root-ubuntu-2004-1.cern.ch:/home/sftnight/build/workspace/root-pullrequests-build; [See console output](https://lcgapp-services.cern.ch/root-jenkins/job/root-pullrequests-build/137246/console).; ### Failing tests:; - [projectroot.roottest.python.distrdf.dask.roottest_python_distrdf_dask_dask_test_rungraphs](https://lcgapp-services.cern.ch/root-jenkins/job/root-pullrequests-build/137246/testReport/projectroot.roottest.python.distrdf/dask/roottest_python_distrdf_dask_dask_test_rungraphs/),MatchSource.ISSUE_COMMENT,root-project,root,v6-32-06,https://github.com/root-project/root/pull/9871#issuecomment-1036464038:262,test,tests,262,https://root.cern,https://github.com/root-project/root/pull/9871#issuecomment-1036464038,2,['test'],"['testReport', 'tests']"
Testability,Build failed on ROOT-ubuntu2004/soversion.; Running on root-ubuntu-2004-1.cern.ch:/home/sftnight/build/workspace/root-pullrequests-build; [See console output](https://lcgapp-services.cern.ch/root-jenkins/job/root-pullrequests-build/137307/console).; ### Failing tests:; - [projectroot.roottest.python.distrdf.common.roottest_python_distrdf_common_common_test_rungraphs](https://lcgapp-services.cern.ch/root-jenkins/job/root-pullrequests-build/137307/testReport/projectroot.roottest.python.distrdf/common/roottest_python_distrdf_common_common_test_rungraphs/); - [projectroot.roottest.python.distrdf.spark.roottest_python_distrdf_spark_spark_test_rungraphs](https://lcgapp-services.cern.ch/root-jenkins/job/root-pullrequests-build/137307/testReport/projectroot.roottest.python.distrdf/spark/roottest_python_distrdf_spark_spark_test_rungraphs/),MatchSource.ISSUE_COMMENT,root-project,root,v6-32-06,https://github.com/root-project/root/pull/9875#issuecomment-1038904466:262,test,tests,262,https://root.cern,https://github.com/root-project/root/pull/9875#issuecomment-1038904466,3,['test'],"['testReport', 'tests']"
Testability,Build failed on ROOT-ubuntu2004/soversion.; Running on root-ubuntu-2004-1.cern.ch:/home/sftnight/build/workspace/root-pullrequests-build; [See console output](https://lcgapp-services.cern.ch/root-jenkins/job/root-pullrequests-build/137314/console).; ### Failing tests:; - [projectroot.roottest.cling.typedef_global.roottest_cling_typedef_global_scopeTest2](https://lcgapp-services.cern.ch/root-jenkins/job/root-pullrequests-build/137314/testReport/projectroot.roottest.cling/typedef_global/roottest_cling_typedef_global_scopeTest2/),MatchSource.ISSUE_COMMENT,root-project,root,v6-32-06,https://github.com/root-project/root/pull/9542#issuecomment-1038990343:262,test,tests,262,https://root.cern,https://github.com/root-project/root/pull/9542#issuecomment-1038990343,2,['test'],"['testReport', 'tests']"
Testability,Build failed on ROOT-ubuntu2004/soversion.; Running on root-ubuntu-2004-1.cern.ch:/home/sftnight/build/workspace/root-pullrequests-build; [See console output](https://lcgapp-services.cern.ch/root-jenkins/job/root-pullrequests-build/137321/console).; ### Failing tests:; - [projectroot.roottest.python.distrdf.spark.roottest_python_distrdf_spark_spark_test_rungraphs](https://lcgapp-services.cern.ch/root-jenkins/job/root-pullrequests-build/137321/testReport/projectroot.roottest.python.distrdf/spark/roottest_python_distrdf_spark_spark_test_rungraphs/),MatchSource.ISSUE_COMMENT,root-project,root,v6-32-06,https://github.com/root-project/root/pull/9876#issuecomment-1039018373:262,test,tests,262,https://root.cern,https://github.com/root-project/root/pull/9876#issuecomment-1039018373,2,['test'],"['testReport', 'tests']"
Testability,Build failed on ROOT-ubuntu2004/soversion.; Running on root-ubuntu-2004-1.cern.ch:/home/sftnight/build/workspace/root-pullrequests-build; [See console output](https://lcgapp-services.cern.ch/root-jenkins/job/root-pullrequests-build/137328/console).; ### Failing tests:; - [projectroot.roottest.python.distrdf.spark.roottest_python_distrdf_spark_spark_test_rungraphs](https://lcgapp-services.cern.ch/root-jenkins/job/root-pullrequests-build/137328/testReport/projectroot.roottest.python.distrdf/spark/roottest_python_distrdf_spark_spark_test_rungraphs/),MatchSource.ISSUE_COMMENT,root-project,root,v6-32-06,https://github.com/root-project/root/pull/9877#issuecomment-1039043749:262,test,tests,262,https://root.cern,https://github.com/root-project/root/pull/9877#issuecomment-1039043749,2,['test'],"['testReport', 'tests']"
Testability,Build failed on ROOT-ubuntu2004/soversion.; Running on root-ubuntu-2004-1.cern.ch:/home/sftnight/build/workspace/root-pullrequests-build; [See console output](https://lcgapp-services.cern.ch/root-jenkins/job/root-pullrequests-build/137342/console).; ### Failing tests:; - [projectroot.roottest.root.hist.operator.roottest_root_hist_operator_runsparse](https://lcgapp-services.cern.ch/root-jenkins/job/root-pullrequests-build/137342/testReport/projectroot.roottest.root.hist/operator/roottest_root_hist_operator_runsparse/); - [projectroot.roottest.root.io.filemerger.roottest_root_io_filemerger_execFileMerger](https://lcgapp-services.cern.ch/root-jenkins/job/root-pullrequests-build/137342/testReport/projectroot.roottest.root.io/filemerger/roottest_root_io_filemerger_execFileMerger/),MatchSource.ISSUE_COMMENT,root-project,root,v6-32-06,https://github.com/root-project/root/pull/9879#issuecomment-1039152238:262,test,tests,262,https://root.cern,https://github.com/root-project/root/pull/9879#issuecomment-1039152238,3,['test'],"['testReport', 'tests']"
Testability,Build failed on ROOT-ubuntu2004/soversion.; Running on root-ubuntu-2004-1.cern.ch:/home/sftnight/build/workspace/root-pullrequests-build; [See console output](https://lcgapp-services.cern.ch/root-jenkins/job/root-pullrequests-build/137349/console).; ### Failing tests:; - [projectroot.roottest.root.hist.operator.roottest_root_hist_operator_runsparse](https://lcgapp-services.cern.ch/root-jenkins/job/root-pullrequests-build/137349/testReport/projectroot.roottest.root.hist/operator/roottest_root_hist_operator_runsparse/); - [projectroot.roottest.root.io.filemerger.roottest_root_io_filemerger_execFileMerger](https://lcgapp-services.cern.ch/root-jenkins/job/root-pullrequests-build/137349/testReport/projectroot.roottest.root.io/filemerger/roottest_root_io_filemerger_execFileMerger/),MatchSource.ISSUE_COMMENT,root-project,root,v6-32-06,https://github.com/root-project/root/pull/9880#issuecomment-1039182133:262,test,tests,262,https://root.cern,https://github.com/root-project/root/pull/9880#issuecomment-1039182133,3,['test'],"['testReport', 'tests']"
Testability,Build failed on ROOT-ubuntu2004/soversion.; Running on root-ubuntu-2004-1.cern.ch:/home/sftnight/build/workspace/root-pullrequests-build; [See console output](https://lcgapp-services.cern.ch/root-jenkins/job/root-pullrequests-build/137370/console).; ### Failing tests:; - [projectroot.roottest.root.io.filemerger.roottest_root_io_filemerger_simple_lz4_compr_level9](https://lcgapp-services.cern.ch/root-jenkins/job/root-pullrequests-build/137370/testReport/projectroot.roottest.root.io/filemerger/roottest_root_io_filemerger_simple_lz4_compr_level9/); - [projectroot.roottest.root.io.filemerger.roottest_root_io_filemerger_simple_lzma_compr_level9](https://lcgapp-services.cern.ch/root-jenkins/job/root-pullrequests-build/137370/testReport/projectroot.roottest.root.io/filemerger/roottest_root_io_filemerger_simple_lzma_compr_level9/); - [projectroot.roottest.root.io.filemerger.roottest_root_io_filemerger_simplek_default_compr_deflevel](https://lcgapp-services.cern.ch/root-jenkins/job/root-pullrequests-build/137370/testReport/projectroot.roottest.root.io/filemerger/roottest_root_io_filemerger_simplek_default_compr_deflevel/); - [projectroot.roottest.root.io.filemerger.roottest_root_io_filemerger_simplek_lzma_compr_level9](https://lcgapp-services.cern.ch/root-jenkins/job/root-pullrequests-build/137370/testReport/projectroot.roottest.root.io/filemerger/roottest_root_io_filemerger_simplek_lzma_compr_level9/); - [projectroot.roottest.root.io.filemerger.roottest_root_io_filemerger_merged_lz4](https://lcgapp-services.cern.ch/root-jenkins/job/root-pullrequests-build/137370/testReport/projectroot.roottest.root.io/filemerger/roottest_root_io_filemerger_merged_lz4/); - [projectroot.roottest.root.io.filemerger.roottest_root_io_filemerger_simple_lz4_compr_level4](https://lcgapp-services.cern.ch/root-jenkins/job/root-pullrequests-build/137370/testReport/projectroot.roottest.root.io/filemerger/roottest_root_io_filemerger_simple_lz4_compr_level4/); - [projectroot.roottest.root.io.filemerger.ro,MatchSource.ISSUE_COMMENT,root-project,root,v6-32-06,https://github.com/root-project/root/pull/9883#issuecomment-1039616048:262,test,tests,262,https://root.cern,https://github.com/root-project/root/pull/9883#issuecomment-1039616048,3,['test'],"['testReport', 'tests']"
Testability,Build failed on ROOT-ubuntu2004/soversion.; Running on root-ubuntu-2004-1.cern.ch:/home/sftnight/build/workspace/root-pullrequests-build; [See console output](https://lcgapp-services.cern.ch/root-jenkins/job/root-pullrequests-build/137391/console).; ### Failing tests:; - [projectroot.roottest.root.hist.operator.roottest_root_hist_operator_runsparse](https://lcgapp-services.cern.ch/root-jenkins/job/root-pullrequests-build/137391/testReport/projectroot.roottest.root.hist/operator/roottest_root_hist_operator_runsparse/); - [projectroot.roottest.root.io.filemerger.roottest_root_io_filemerger_execFileMerger](https://lcgapp-services.cern.ch/root-jenkins/job/root-pullrequests-build/137391/testReport/projectroot.roottest.root.io/filemerger/roottest_root_io_filemerger_execFileMerger/),MatchSource.ISSUE_COMMENT,root-project,root,v6-32-06,https://github.com/root-project/root/pull/9879#issuecomment-1040047899:262,test,tests,262,https://root.cern,https://github.com/root-project/root/pull/9879#issuecomment-1040047899,3,['test'],"['testReport', 'tests']"
Testability,Build failed on ROOT-ubuntu2004/soversion.; Running on root-ubuntu-2004-1.cern.ch:/home/sftnight/build/workspace/root-pullrequests-build; [See console output](https://lcgapp-services.cern.ch/root-jenkins/job/root-pullrequests-build/137434/console).; ### Failing tests:; - [projectroot.roottest.python.distrdf.spark.roottest_python_distrdf_spark_spark_test_rungraphs](https://lcgapp-services.cern.ch/root-jenkins/job/root-pullrequests-build/137434/testReport/projectroot.roottest.python.distrdf/spark/roottest_python_distrdf_spark_spark_test_rungraphs/); - [projectroot.roottest.root.io.filemerger.roottest_root_io_filemerger_simple_lz4_compr_level9](https://lcgapp-services.cern.ch/root-jenkins/job/root-pullrequests-build/137434/testReport/projectroot.roottest.root.io/filemerger/roottest_root_io_filemerger_simple_lz4_compr_level9/); - [projectroot.roottest.root.io.filemerger.roottest_root_io_filemerger_simple_lzma_compr_level9](https://lcgapp-services.cern.ch/root-jenkins/job/root-pullrequests-build/137434/testReport/projectroot.roottest.root.io/filemerger/roottest_root_io_filemerger_simple_lzma_compr_level9/); - [projectroot.roottest.root.io.filemerger.roottest_root_io_filemerger_simplek_default_compr_deflevel](https://lcgapp-services.cern.ch/root-jenkins/job/root-pullrequests-build/137434/testReport/projectroot.roottest.root.io/filemerger/roottest_root_io_filemerger_simplek_default_compr_deflevel/); - [projectroot.roottest.root.io.filemerger.roottest_root_io_filemerger_simplek_lzma_compr_level9](https://lcgapp-services.cern.ch/root-jenkins/job/root-pullrequests-build/137434/testReport/projectroot.roottest.root.io/filemerger/roottest_root_io_filemerger_simplek_lzma_compr_level9/); - [projectroot.roottest.root.io.filemerger.roottest_root_io_filemerger_merged_lz4](https://lcgapp-services.cern.ch/root-jenkins/job/root-pullrequests-build/137434/testReport/projectroot.roottest.root.io/filemerger/roottest_root_io_filemerger_merged_lz4/); - [projectroot.roottest.root.io.filemerger.,MatchSource.ISSUE_COMMENT,root-project,root,v6-32-06,https://github.com/root-project/root/pull/9883#issuecomment-1040182917:262,test,tests,262,https://root.cern,https://github.com/root-project/root/pull/9883#issuecomment-1040182917,4,['test'],"['testReport', 'tests']"
Testability,Build failed on ROOT-ubuntu2004/soversion.; Running on root-ubuntu-2004-1.cern.ch:/home/sftnight/build/workspace/root-pullrequests-build; [See console output](https://lcgapp-services.cern.ch/root-jenkins/job/root-pullrequests-build/137490/console).; ### Failing tests:; - [projectroot.roottest.python.distrdf.common.roottest_python_distrdf_common_common_test_rungraphs](https://lcgapp-services.cern.ch/root-jenkins/job/root-pullrequests-build/137490/testReport/projectroot.roottest.python.distrdf/common/roottest_python_distrdf_common_common_test_rungraphs/); - [projectroot.roottest.python.distrdf.dask.roottest_python_distrdf_dask_dask_test_include_headers](https://lcgapp-services.cern.ch/root-jenkins/job/root-pullrequests-build/137490/testReport/projectroot.roottest.python.distrdf/dask/roottest_python_distrdf_dask_dask_test_include_headers/); - [projectroot.roottest.python.distrdf.dask.roottest_python_distrdf_dask_dask_test_histo_write](https://lcgapp-services.cern.ch/root-jenkins/job/root-pullrequests-build/137490/testReport/projectroot.roottest.python.distrdf/dask/roottest_python_distrdf_dask_dask_test_histo_write/); - [projectroot.roottest.python.distrdf.dask.roottest_python_distrdf_dask_dask_test_inv_mass](https://lcgapp-services.cern.ch/root-jenkins/job/root-pullrequests-build/137490/testReport/projectroot.roottest.python.distrdf/dask/roottest_python_distrdf_dask_dask_test_inv_mass/); - [projectroot.roottest.python.distrdf.dask.roottest_python_distrdf_dask_dask_test_rungraphs](https://lcgapp-services.cern.ch/root-jenkins/job/root-pullrequests-build/137490/testReport/projectroot.roottest.python.distrdf/dask/roottest_python_distrdf_dask_dask_test_rungraphs/); - [projectroot.roottest.python.distrdf.dask.roottest_python_distrdf_dask_dask_test_friend_trees](https://lcgapp-services.cern.ch/root-jenkins/job/root-pullrequests-build/137490/testReport/projectroot.roottest.python.distrdf/dask/roottest_python_distrdf_dask_dask_test_friend_trees/); - [projectroot.roottest.python.,MatchSource.ISSUE_COMMENT,root-project,root,v6-32-06,https://github.com/root-project/root/pull/9895#issuecomment-1040372095:262,test,tests,262,https://root.cern,https://github.com/root-project/root/pull/9895#issuecomment-1040372095,3,['test'],"['testReport', 'tests']"
Testability,Build failed on ROOT-ubuntu2004/soversion.; Running on root-ubuntu-2004-1.cern.ch:/home/sftnight/build/workspace/root-pullrequests-build; [See console output](https://lcgapp-services.cern.ch/root-jenkins/job/root-pullrequests-build/137511/console).; ### Failing tests:; - [projectroot.roottest.python.distrdf.spark.roottest_python_distrdf_spark_spark_test_rungraphs](https://lcgapp-services.cern.ch/root-jenkins/job/root-pullrequests-build/137511/testReport/projectroot.roottest.python.distrdf/spark/roottest_python_distrdf_spark_spark_test_rungraphs/),MatchSource.ISSUE_COMMENT,root-project,root,v6-32-06,https://github.com/root-project/root/pull/9896#issuecomment-1040456137:262,test,tests,262,https://root.cern,https://github.com/root-project/root/pull/9896#issuecomment-1040456137,2,['test'],"['testReport', 'tests']"
Testability,Build failed on ROOT-ubuntu2004/soversion.; Running on root-ubuntu-2004-1.cern.ch:/home/sftnight/build/workspace/root-pullrequests-build; [See console output](https://lcgapp-services.cern.ch/root-jenkins/job/root-pullrequests-build/137518/console).; ### Failing tests:; - [projectroot.roottest.python.distrdf.common.roottest_python_distrdf_common_common_test_rungraphs](https://lcgapp-services.cern.ch/root-jenkins/job/root-pullrequests-build/137518/testReport/projectroot.roottest.python.distrdf/common/roottest_python_distrdf_common_common_test_rungraphs/); - [projectroot.roottest.python.distrdf.dask.roottest_python_distrdf_dask_dask_test_include_headers](https://lcgapp-services.cern.ch/root-jenkins/job/root-pullrequests-build/137518/testReport/projectroot.roottest.python.distrdf/dask/roottest_python_distrdf_dask_dask_test_include_headers/); - [projectroot.roottest.python.distrdf.dask.roottest_python_distrdf_dask_dask_test_histo_write](https://lcgapp-services.cern.ch/root-jenkins/job/root-pullrequests-build/137518/testReport/projectroot.roottest.python.distrdf/dask/roottest_python_distrdf_dask_dask_test_histo_write/); - [projectroot.roottest.python.distrdf.dask.roottest_python_distrdf_dask_dask_test_inv_mass](https://lcgapp-services.cern.ch/root-jenkins/job/root-pullrequests-build/137518/testReport/projectroot.roottest.python.distrdf/dask/roottest_python_distrdf_dask_dask_test_inv_mass/); - [projectroot.roottest.python.distrdf.dask.roottest_python_distrdf_dask_dask_test_rungraphs](https://lcgapp-services.cern.ch/root-jenkins/job/root-pullrequests-build/137518/testReport/projectroot.roottest.python.distrdf/dask/roottest_python_distrdf_dask_dask_test_rungraphs/); - [projectroot.roottest.python.distrdf.dask.roottest_python_distrdf_dask_dask_test_friend_trees](https://lcgapp-services.cern.ch/root-jenkins/job/root-pullrequests-build/137518/testReport/projectroot.roottest.python.distrdf/dask/roottest_python_distrdf_dask_dask_test_friend_trees/); - [projectroot.roottest.python.,MatchSource.ISSUE_COMMENT,root-project,root,v6-32-06,https://github.com/root-project/root/pull/9895#issuecomment-1040493131:262,test,tests,262,https://root.cern,https://github.com/root-project/root/pull/9895#issuecomment-1040493131,3,['test'],"['testReport', 'tests']"
Testability,Build failed on ROOT-ubuntu2004/soversion.; Running on root-ubuntu-2004-1.cern.ch:/home/sftnight/build/workspace/root-pullrequests-build; [See console output](https://lcgapp-services.cern.ch/root-jenkins/job/root-pullrequests-build/137567/console).; ### Failing tests:; - [projectroot.roottest.python.distrdf.spark.roottest_python_distrdf_spark_spark_test_rungraphs](https://lcgapp-services.cern.ch/root-jenkins/job/root-pullrequests-build/137567/testReport/projectroot.roottest.python.distrdf/spark/roottest_python_distrdf_spark_spark_test_rungraphs/),MatchSource.ISSUE_COMMENT,root-project,root,v6-32-06,https://github.com/root-project/root/pull/9890#issuecomment-1041296435:262,test,tests,262,https://root.cern,https://github.com/root-project/root/pull/9890#issuecomment-1041296435,2,['test'],"['testReport', 'tests']"
Testability,Build failed on ROOT-ubuntu2004/soversion.; Running on root-ubuntu-2004-1.cern.ch:/home/sftnight/build/workspace/root-pullrequests-build; [See console output](https://lcgapp-services.cern.ch/root-jenkins/job/root-pullrequests-build/137770/console).; ### Failing tests:; - [projectroot.roottest.python.distrdf.spark.roottest_python_distrdf_spark_spark_test_rungraphs](https://lcgapp-services.cern.ch/root-jenkins/job/root-pullrequests-build/137770/testReport/projectroot.roottest.python.distrdf/spark/roottest_python_distrdf_spark_spark_test_rungraphs/),MatchSource.ISSUE_COMMENT,root-project,root,v6-32-06,https://github.com/root-project/root/pull/9914#issuecomment-1043071295:262,test,tests,262,https://root.cern,https://github.com/root-project/root/pull/9914#issuecomment-1043071295,2,['test'],"['testReport', 'tests']"
Testability,Build failed on ROOT-ubuntu2004/soversion.; Running on root-ubuntu-2004-1.cern.ch:/home/sftnight/build/workspace/root-pullrequests-build; [See console output](https://lcgapp-services.cern.ch/root-jenkins/job/root-pullrequests-build/137791/console).; ### Failing tests:; - [projectroot.roottest.python.distrdf.spark.roottest_python_distrdf_spark_spark_test_rungraphs](https://lcgapp-services.cern.ch/root-jenkins/job/root-pullrequests-build/137791/testReport/projectroot.roottest.python.distrdf/spark/roottest_python_distrdf_spark_spark_test_rungraphs/),MatchSource.ISSUE_COMMENT,root-project,root,v6-32-06,https://github.com/root-project/root/pull/9918#issuecomment-1043150478:262,test,tests,262,https://root.cern,https://github.com/root-project/root/pull/9918#issuecomment-1043150478,2,['test'],"['testReport', 'tests']"
Testability,Build failed on ROOT-ubuntu2004/soversion.; Running on root-ubuntu-2004-1.cern.ch:/home/sftnight/build/workspace/root-pullrequests-build; [See console output](https://lcgapp-services.cern.ch/root-jenkins/job/root-pullrequests-build/137798/console).; ### Failing tests:; - [projectroot.roottest.python.distrdf.dask.roottest_python_distrdf_dask_dask_test_rungraphs](https://lcgapp-services.cern.ch/root-jenkins/job/root-pullrequests-build/137798/testReport/projectroot.roottest.python.distrdf/dask/roottest_python_distrdf_dask_dask_test_rungraphs/),MatchSource.ISSUE_COMMENT,root-project,root,v6-32-06,https://github.com/root-project/root/pull/9919#issuecomment-1043182103:262,test,tests,262,https://root.cern,https://github.com/root-project/root/pull/9919#issuecomment-1043182103,2,['test'],"['testReport', 'tests']"
Testability,Build failed on ROOT-ubuntu2004/soversion.; Running on root-ubuntu-2004-1.cern.ch:/home/sftnight/build/workspace/root-pullrequests-build; [See console output](https://lcgapp-services.cern.ch/root-jenkins/job/root-pullrequests-build/137861/console).; ### Failing tests:; - [projectroot.roottest.python.distrdf.spark.roottest_python_distrdf_spark_spark_test_rungraphs](https://lcgapp-services.cern.ch/root-jenkins/job/root-pullrequests-build/137861/testReport/projectroot.roottest.python.distrdf/spark/roottest_python_distrdf_spark_spark_test_rungraphs/); - [projectroot.roottest.root.meta.roottest_root_meta_runMemberComments](https://lcgapp-services.cern.ch/root-jenkins/job/root-pullrequests-build/137861/testReport/projectroot.roottest.root/meta/roottest_root_meta_runMemberComments/); - [projectroot.roottest.root.io.filemerger.roottest_root_io_filemerger_simple_lz4_compr_level9](https://lcgapp-services.cern.ch/root-jenkins/job/root-pullrequests-build/137861/testReport/projectroot.roottest.root.io/filemerger/roottest_root_io_filemerger_simple_lz4_compr_level9/); - [projectroot.roottest.root.io.filemerger.roottest_root_io_filemerger_simple_lzma_compr_level9](https://lcgapp-services.cern.ch/root-jenkins/job/root-pullrequests-build/137861/testReport/projectroot.roottest.root.io/filemerger/roottest_root_io_filemerger_simple_lzma_compr_level9/); - [projectroot.roottest.root.io.filemerger.roottest_root_io_filemerger_simplek_default_compr_deflevel](https://lcgapp-services.cern.ch/root-jenkins/job/root-pullrequests-build/137861/testReport/projectroot.roottest.root.io/filemerger/roottest_root_io_filemerger_simplek_default_compr_deflevel/); - [projectroot.roottest.root.io.filemerger.roottest_root_io_filemerger_simplek_lzma_compr_level9](https://lcgapp-services.cern.ch/root-jenkins/job/root-pullrequests-build/137861/testReport/projectroot.roottest.root.io/filemerger/roottest_root_io_filemerger_simplek_lzma_compr_level9/); - [projectroot.roottest.root.io.filemerger.roottest_root_io_filem,MatchSource.ISSUE_COMMENT,root-project,root,v6-32-06,https://github.com/root-project/root/pull/9932#issuecomment-1044374101:262,test,tests,262,https://root.cern,https://github.com/root-project/root/pull/9932#issuecomment-1044374101,4,['test'],"['testReport', 'tests']"
Testability,Build failed on ROOT-ubuntu2004/soversion.; Running on root-ubuntu-2004-1.cern.ch:/home/sftnight/build/workspace/root-pullrequests-build; [See console output](https://lcgapp-services.cern.ch/root-jenkins/job/root-pullrequests-build/137896/console).; ### Failing tests:; - [projectroot.tmva.tmva.test.crossvalidation.gtest_tmva_tmva_test_crossvalidation_testCrossValidationIntVar](https://lcgapp-services.cern.ch/root-jenkins/job/root-pullrequests-build/137896/testReport/projectroot.tmva.tmva.test/crossvalidation/gtest_tmva_tmva_test_crossvalidation_testCrossValidationIntVar/),MatchSource.ISSUE_COMMENT,root-project,root,v6-32-06,https://github.com/root-project/root/pull/9935#issuecomment-1044535052:262,test,tests,262,https://root.cern,https://github.com/root-project/root/pull/9935#issuecomment-1044535052,4,['test'],"['test', 'testReport', 'tests']"
Testability,Build failed on ROOT-ubuntu2004/soversion.; Running on root-ubuntu-2004-1.cern.ch:/home/sftnight/build/workspace/root-pullrequests-build; [See console output](https://lcgapp-services.cern.ch/root-jenkins/job/root-pullrequests-build/137925/console).; ### Failing tests:; - [projectroot.roottest.python.distrdf.spark.roottest_python_distrdf_spark_spark_test_rungraphs](https://lcgapp-services.cern.ch/root-jenkins/job/root-pullrequests-build/137925/testReport/projectroot.roottest.python.distrdf/spark/roottest_python_distrdf_spark_spark_test_rungraphs/); - [projectroot.roottest.root.meta.roottest_root_meta_runMemberComments](https://lcgapp-services.cern.ch/root-jenkins/job/root-pullrequests-build/137925/testReport/projectroot.roottest.root/meta/roottest_root_meta_runMemberComments/),MatchSource.ISSUE_COMMENT,root-project,root,v6-32-06,https://github.com/root-project/root/pull/9932#issuecomment-1044903962:262,test,tests,262,https://root.cern,https://github.com/root-project/root/pull/9932#issuecomment-1044903962,3,['test'],"['testReport', 'tests']"
Testability,Build failed on ROOT-ubuntu2004/soversion.; Running on root-ubuntu-2004-1.cern.ch:/home/sftnight/build/workspace/root-pullrequests-build; [See console output](https://lcgapp-services.cern.ch/root-jenkins/job/root-pullrequests-build/137960/console).; ### Failing tests:; - [projectroot.bindings.experimental.distrdf.test.pyunittests_distrdf_unit_test_buildranges](https://lcgapp-services.cern.ch/root-jenkins/job/root-pullrequests-build/137960/testReport/projectroot.bindings.experimental.distrdf/test/pyunittests_distrdf_unit_test_buildranges/); - [projectroot.bindings.experimental.distrdf.test.pyunittests_distrdf_unit_test_node](https://lcgapp-services.cern.ch/root-jenkins/job/root-pullrequests-build/137960/testReport/projectroot.bindings.experimental.distrdf/test/pyunittests_distrdf_unit_test_node/); - [projectroot.bindings.experimental.distrdf.test.pyunittests_distrdf_unit_test_operation](https://lcgapp-services.cern.ch/root-jenkins/job/root-pullrequests-build/137960/testReport/projectroot.bindings.experimental.distrdf/test/pyunittests_distrdf_unit_test_operation/); - [projectroot.bindings.experimental.distrdf.test.pyunittests_distrdf_unit_test_proxy](https://lcgapp-services.cern.ch/root-jenkins/job/root-pullrequests-build/137960/testReport/projectroot.bindings.experimental.distrdf/test/pyunittests_distrdf_unit_test_proxy/); - [projectroot.bindings.experimental.distrdf.test.pyunittests_distrdf_unit_test_friendinfo](https://lcgapp-services.cern.ch/root-jenkins/job/root-pullrequests-build/137960/testReport/projectroot.bindings.experimental.distrdf/test/pyunittests_distrdf_unit_test_friendinfo/); - [projectroot.bindings.experimental.distrdf.test.pyunittests_distrdf_unit_test_callable_generator](https://lcgapp-services.cern.ch/root-jenkins/job/root-pullrequests-build/137960/testReport/projectroot.bindings.experimental.distrdf/test/pyunittests_distrdf_unit_test_callable_generator/); - [projectroot.bindings.experimental.distrdf.test.pyunittests_distrdf_unit_test_headnode](htt,MatchSource.ISSUE_COMMENT,root-project,root,v6-32-06,https://github.com/root-project/root/pull/9941#issuecomment-1046993608:262,test,tests,262,https://root.cern,https://github.com/root-project/root/pull/9941#issuecomment-1046993608,9,['test'],"['test', 'testReport', 'tests']"
Testability,Build failed on ROOT-ubuntu2004/soversion.; Running on root-ubuntu-2004-1.cern.ch:/home/sftnight/build/workspace/root-pullrequests-build; [See console output](https://lcgapp-services.cern.ch/root-jenkins/job/root-pullrequests-build/137974/console).; ### Failing tests:; - [projectroot.bindings.experimental.distrdf.test.pyunittests_distrdf_unit_test_callable_generator](https://lcgapp-services.cern.ch/root-jenkins/job/root-pullrequests-build/137974/testReport/projectroot.bindings.experimental.distrdf/test/pyunittests_distrdf_unit_test_callable_generator/); - [projectroot.bindings.experimental.distrdf.test.pyunittests_distrdf_unit_test_node](https://lcgapp-services.cern.ch/root-jenkins/job/root-pullrequests-build/137974/testReport/projectroot.bindings.experimental.distrdf/test/pyunittests_distrdf_unit_test_node/); - [projectroot.bindings.experimental.distrdf.test.pyunittests_distrdf_unit_test_proxy](https://lcgapp-services.cern.ch/root-jenkins/job/root-pullrequests-build/137974/testReport/projectroot.bindings.experimental.distrdf/test/pyunittests_distrdf_unit_test_proxy/); - [projectroot.bindings.experimental.distrdf.test.backend.pyunittests_distrdf_unit_backend_test_dist](https://lcgapp-services.cern.ch/root-jenkins/job/root-pullrequests-build/137974/testReport/projectroot.bindings.experimental.distrdf.test/backend/pyunittests_distrdf_unit_backend_test_dist/); - [projectroot.roottest.python.distrdf.common.roottest_python_distrdf_common_common_test_rungraphs](https://lcgapp-services.cern.ch/root-jenkins/job/root-pullrequests-build/137974/testReport/projectroot.roottest.python.distrdf/common/roottest_python_distrdf_common_common_test_rungraphs/); - [projectroot.roottest.python.distrdf.dask.roottest_python_distrdf_dask_dask_test_backend](https://lcgapp-services.cern.ch/root-jenkins/job/root-pullrequests-build/137974/testReport/projectroot.roottest.python.distrdf/dask/roottest_python_distrdf_dask_dask_test_backend/); - [projectroot.roottest.python.distrdf.dask.roottest_pyth,MatchSource.ISSUE_COMMENT,root-project,root,v6-32-06,https://github.com/root-project/root/pull/9941#issuecomment-1047086770:262,test,tests,262,https://root.cern,https://github.com/root-project/root/pull/9941#issuecomment-1047086770,9,['test'],"['test', 'testReport', 'tests']"
Testability,Build failed on ROOT-ubuntu2004/soversion.; Running on root-ubuntu-2004-1.cern.ch:/home/sftnight/build/workspace/root-pullrequests-build; [See console output](https://lcgapp-services.cern.ch/root-jenkins/job/root-pullrequests-build/137988/console).; ### Failing tests:; - [projectroot.bindings.experimental.distrdf.test.pyunittests_distrdf_unit_test_callable_generator](https://lcgapp-services.cern.ch/root-jenkins/job/root-pullrequests-build/137988/testReport/projectroot.bindings.experimental.distrdf/test/pyunittests_distrdf_unit_test_callable_generator/),MatchSource.ISSUE_COMMENT,root-project,root,v6-32-06,https://github.com/root-project/root/pull/9942#issuecomment-1047244165:262,test,tests,262,https://root.cern,https://github.com/root-project/root/pull/9942#issuecomment-1047244165,4,['test'],"['test', 'testReport', 'tests']"
Testability,Build failed on ROOT-ubuntu2004/soversion.; Running on root-ubuntu-2004-1.cern.ch:/home/sftnight/build/workspace/root-pullrequests-build; [See console output](https://lcgapp-services.cern.ch/root-jenkins/job/root-pullrequests-build/138023/console).; ### Failing tests:; - [projectroot.interpreter.clingtest_check_cling](https://lcgapp-services.cern.ch/root-jenkins/job/root-pullrequests-build/138023/testReport/projectroot/interpreter/clingtest_check_cling/); - [projectroot.roottest.root.meta.roottest_root_meta_countIncludePaths](https://lcgapp-services.cern.ch/root-jenkins/job/root-pullrequests-build/138023/testReport/projectroot.roottest.root/meta/roottest_root_meta_countIncludePaths/),MatchSource.ISSUE_COMMENT,root-project,root,v6-32-06,https://github.com/root-project/root/pull/9904#issuecomment-1047851394:262,test,tests,262,https://root.cern,https://github.com/root-project/root/pull/9904#issuecomment-1047851394,3,['test'],"['testReport', 'tests']"
Testability,Build failed on ROOT-ubuntu2004/soversion.; Running on root-ubuntu-2004-1.cern.ch:/home/sftnight/build/workspace/root-pullrequests-build; [See console output](https://lcgapp-services.cern.ch/root-jenkins/job/root-pullrequests-build/138065/console).; ### Failing tests:; - [projectroot.roottest.python.distrdf.spark.roottest_python_distrdf_spark_spark_test_rungraphs](https://lcgapp-services.cern.ch/root-jenkins/job/root-pullrequests-build/138065/testReport/projectroot.roottest.python.distrdf/spark/roottest_python_distrdf_spark_spark_test_rungraphs/),MatchSource.ISSUE_COMMENT,root-project,root,v6-32-06,https://github.com/root-project/root/pull/9904#issuecomment-1048088521:262,test,tests,262,https://root.cern,https://github.com/root-project/root/pull/9904#issuecomment-1048088521,2,['test'],"['testReport', 'tests']"
Testability,Build failed on ROOT-ubuntu2004/soversion.; Running on root-ubuntu-2004-1.cern.ch:/home/sftnight/build/workspace/root-pullrequests-build; [See console output](https://lcgapp-services.cern.ch/root-jenkins/job/root-pullrequests-build/138121/console).; ### Failing tests:; - [projectroot.roottest.python.distrdf.common.roottest_python_distrdf_common_common_test_rungraphs](https://lcgapp-services.cern.ch/root-jenkins/job/root-pullrequests-build/138121/testReport/projectroot.roottest.python.distrdf/common/roottest_python_distrdf_common_common_test_rungraphs/); - [projectroot.roottest.python.distrdf.spark.roottest_python_distrdf_spark_spark_test_rungraphs](https://lcgapp-services.cern.ch/root-jenkins/job/root-pullrequests-build/138121/testReport/projectroot.roottest.python.distrdf/spark/roottest_python_distrdf_spark_spark_test_rungraphs/),MatchSource.ISSUE_COMMENT,root-project,root,v6-32-06,https://github.com/root-project/root/pull/9963#issuecomment-1048884948:262,test,tests,262,https://root.cern,https://github.com/root-project/root/pull/9963#issuecomment-1048884948,3,['test'],"['testReport', 'tests']"
Testability,Build failed on ROOT-ubuntu2004/soversion.; Running on root-ubuntu-2004-1.cern.ch:/home/sftnight/build/workspace/root-pullrequests-build; [See console output](https://lcgapp-services.cern.ch/root-jenkins/job/root-pullrequests-build/138142/console).; ### Failing tests:; - [projectroot.roottest.root.roofitstats.roottest_root_roofitstats_read_scientificnotation](https://lcgapp-services.cern.ch/root-jenkins/job/root-pullrequests-build/138142/testReport/projectroot.roottest.root/roofitstats/roottest_root_roofitstats_read_scientificnotation/),MatchSource.ISSUE_COMMENT,root-project,root,v6-32-06,https://github.com/root-project/root/pull/9965#issuecomment-1049048156:262,test,tests,262,https://root.cern,https://github.com/root-project/root/pull/9965#issuecomment-1049048156,2,['test'],"['testReport', 'tests']"
Testability,Build failed on ROOT-ubuntu2004/soversion.; Running on root-ubuntu-2004-1.cern.ch:/home/sftnight/build/workspace/root-pullrequests-build; [See console output](https://lcgapp-services.cern.ch/root-jenkins/job/root-pullrequests-build/138149/console).; ### Failing tests:; - [projectroot.roottest.python.distrdf.dask.roottest_python_distrdf_dask_dask_test_rungraphs](https://lcgapp-services.cern.ch/root-jenkins/job/root-pullrequests-build/138149/testReport/projectroot.roottest.python.distrdf/dask/roottest_python_distrdf_dask_dask_test_rungraphs/),MatchSource.ISSUE_COMMENT,root-project,root,v6-32-06,https://github.com/root-project/root/pull/9965#issuecomment-1049365286:262,test,tests,262,https://root.cern,https://github.com/root-project/root/pull/9965#issuecomment-1049365286,2,['test'],"['testReport', 'tests']"
Testability,Build failed on ROOT-ubuntu2004/soversion.; Running on root-ubuntu-2004-1.cern.ch:/home/sftnight/build/workspace/root-pullrequests-build; [See console output](https://lcgapp-services.cern.ch/root-jenkins/job/root-pullrequests-build/138373/console).; ### Failing tests:; - [projectroot.roottest.python.distrdf.dask.roottest_python_distrdf_dask_dask_test_reducer_merge](https://lcgapp-services.cern.ch/root-jenkins/job/root-pullrequests-build/138373/testReport/projectroot.roottest.python.distrdf/dask/roottest_python_distrdf_dask_dask_test_reducer_merge/); - [projectroot.roottest.python.distrdf.spark.roottest_python_distrdf_spark_spark_test_reducer_merge](https://lcgapp-services.cern.ch/root-jenkins/job/root-pullrequests-build/138373/testReport/projectroot.roottest.python.distrdf/spark/roottest_python_distrdf_spark_spark_test_reducer_merge/),MatchSource.ISSUE_COMMENT,root-project,root,v6-32-06,https://github.com/root-project/root/pull/9995#issuecomment-1054382935:262,test,tests,262,https://root.cern,https://github.com/root-project/root/pull/9995#issuecomment-1054382935,3,['test'],"['testReport', 'tests']"
Testability,Build failed on ROOT-ubuntu2004/soversion.; Running on root-ubuntu-2004-1.cern.ch:/home/sftnight/build/workspace/root-pullrequests-build; [See console output](https://lcgapp-services.cern.ch/root-jenkins/job/root-pullrequests-build/138380/console).; ### Failing tests:; - [projectroot.roottest.python.distrdf.spark.roottest_python_distrdf_spark_spark_test_rungraphs](https://lcgapp-services.cern.ch/root-jenkins/job/root-pullrequests-build/138380/testReport/projectroot.roottest.python.distrdf/spark/roottest_python_distrdf_spark_spark_test_rungraphs/),MatchSource.ISSUE_COMMENT,root-project,root,v6-32-06,https://github.com/root-project/root/pull/9996#issuecomment-1054451460:262,test,tests,262,https://root.cern,https://github.com/root-project/root/pull/9996#issuecomment-1054451460,2,['test'],"['testReport', 'tests']"
Testability,Build failed on ROOT-ubuntu2004/soversion.; Running on root-ubuntu-2004-1.cern.ch:/home/sftnight/build/workspace/root-pullrequests-build; [See console output](https://lcgapp-services.cern.ch/root-jenkins/job/root-pullrequests-build/138387/console).; ### Failing tests:; - [projectroot.roottest.python.distrdf.spark.roottest_python_distrdf_spark_spark_test_rungraphs](https://lcgapp-services.cern.ch/root-jenkins/job/root-pullrequests-build/138387/testReport/projectroot.roottest.python.distrdf/spark/roottest_python_distrdf_spark_spark_test_rungraphs/),MatchSource.ISSUE_COMMENT,root-project,root,v6-32-06,https://github.com/root-project/root/pull/9987#issuecomment-1054478398:262,test,tests,262,https://root.cern,https://github.com/root-project/root/pull/9987#issuecomment-1054478398,2,['test'],"['testReport', 'tests']"
Testability,Build failed on ROOT-ubuntu2004/soversion.; Running on root-ubuntu-2004-1.cern.ch:/home/sftnight/build/workspace/root-pullrequests-build; [See console output](https://lcgapp-services.cern.ch/root-jenkins/job/root-pullrequests-build/138436/console).; ### Failing tests:; - [projectroot.roottest.python.distrdf.dask.roottest_python_distrdf_dask_dask_test_rungraphs](https://lcgapp-services.cern.ch/root-jenkins/job/root-pullrequests-build/138436/testReport/projectroot.roottest.python.distrdf/dask/roottest_python_distrdf_dask_dask_test_rungraphs/),MatchSource.ISSUE_COMMENT,root-project,root,v6-32-06,https://github.com/root-project/root/pull/9998#issuecomment-1054592314:262,test,tests,262,https://root.cern,https://github.com/root-project/root/pull/9998#issuecomment-1054592314,2,['test'],"['testReport', 'tests']"
Testability,Build failed on ROOT-ubuntu2004/soversion.; Running on root-ubuntu-2004-1.cern.ch:/home/sftnight/build/workspace/root-pullrequests-build; [See console output](https://lcgapp-services.cern.ch/root-jenkins/job/root-pullrequests-build/138450/console).; ### Failing tests:; - [projectroot.roottest.root.roofitstats.roottest_root_roofitstats_read_scientificnotation](https://lcgapp-services.cern.ch/root-jenkins/job/root-pullrequests-build/138450/testReport/projectroot.roottest.root/roofitstats/roottest_root_roofitstats_read_scientificnotation/),MatchSource.ISSUE_COMMENT,root-project,root,v6-32-06,https://github.com/root-project/root/pull/9999#issuecomment-1054612119:262,test,tests,262,https://root.cern,https://github.com/root-project/root/pull/9999#issuecomment-1054612119,2,['test'],"['testReport', 'tests']"
Testability,Build failed on ROOT-ubuntu2004/soversion.; Running on root-ubuntu-2004-1.cern.ch:/home/sftnight/build/workspace/root-pullrequests-build; [See console output](https://lcgapp-services.cern.ch/root-jenkins/job/root-pullrequests-build/138457/console).; ### Failing tests:; - [projectroot.roottest.python.distrdf.spark.roottest_python_distrdf_spark_spark_test_rungraphs](https://lcgapp-services.cern.ch/root-jenkins/job/root-pullrequests-build/138457/testReport/projectroot.roottest.python.distrdf/spark/roottest_python_distrdf_spark_spark_test_rungraphs/),MatchSource.ISSUE_COMMENT,root-project,root,v6-32-06,https://github.com/root-project/root/pull/10001#issuecomment-1055209039:262,test,tests,262,https://root.cern,https://github.com/root-project/root/pull/10001#issuecomment-1055209039,2,['test'],"['testReport', 'tests']"
Testability,Build failed on ROOT-ubuntu2004/soversion.; Running on root-ubuntu-2004-1.cern.ch:/home/sftnight/build/workspace/root-pullrequests-build; [See console output](https://lcgapp-services.cern.ch/root-jenkins/job/root-pullrequests-build/138521/console).; ### Failing tests:; - [projectroot.roottest.python.distrdf.dask.roottest_python_distrdf_dask_dask_test_rungraphs](https://lcgapp-services.cern.ch/root-jenkins/job/root-pullrequests-build/138521/testReport/projectroot.roottest.python.distrdf/dask/roottest_python_distrdf_dask_dask_test_rungraphs/),MatchSource.ISSUE_COMMENT,root-project,root,v6-32-06,https://github.com/root-project/root/pull/10006#issuecomment-1056670256:262,test,tests,262,https://root.cern,https://github.com/root-project/root/pull/10006#issuecomment-1056670256,2,['test'],"['testReport', 'tests']"
Testability,Build failed on ROOT-ubuntu2004/soversion.; Running on root-ubuntu-2004-1.cern.ch:/home/sftnight/build/workspace/root-pullrequests-build; [See console output](https://lcgapp-services.cern.ch/root-jenkins/job/root-pullrequests-build/138550/console).; ### Failing tests:; - [projectroot.tmva.tmva.test.crossvalidation.gtest_tmva_tmva_test_crossvalidation_testCrossValidationIntVar](https://lcgapp-services.cern.ch/root-jenkins/job/root-pullrequests-build/138550/testReport/projectroot.tmva.tmva.test/crossvalidation/gtest_tmva_tmva_test_crossvalidation_testCrossValidationIntVar/),MatchSource.ISSUE_COMMENT,root-project,root,v6-32-06,https://github.com/root-project/root/pull/10026#issuecomment-1057211491:262,test,tests,262,https://root.cern,https://github.com/root-project/root/pull/10026#issuecomment-1057211491,4,['test'],"['test', 'testReport', 'tests']"
Testability,Build failed on ROOT-ubuntu2004/soversion.; Running on root-ubuntu-2004-1.cern.ch:/home/sftnight/build/workspace/root-pullrequests-build; [See console output](https://lcgapp-services.cern.ch/root-jenkins/job/root-pullrequests-build/138571/console).; ### Failing tests:; - [projectroot.roottest.python.distrdf.spark.roottest_python_distrdf_spark_spark_test_rungraphs](https://lcgapp-services.cern.ch/root-jenkins/job/root-pullrequests-build/138571/testReport/projectroot.roottest.python.distrdf/spark/roottest_python_distrdf_spark_spark_test_rungraphs/),MatchSource.ISSUE_COMMENT,root-project,root,v6-32-06,https://github.com/root-project/root/pull/10029#issuecomment-1057316850:262,test,tests,262,https://root.cern,https://github.com/root-project/root/pull/10029#issuecomment-1057316850,2,['test'],"['testReport', 'tests']"
Testability,Build failed on ROOT-ubuntu2004/soversion.; Running on root-ubuntu-2004-1.cern.ch:/home/sftnight/build/workspace/root-pullrequests-build; [See console output](https://lcgapp-services.cern.ch/root-jenkins/job/root-pullrequests-build/138662/console).; ### Failing tests:; - [projectroot.tree.dataframe.test.pyunittests_dataframe_cache](https://lcgapp-services.cern.ch/root-jenkins/job/root-pullrequests-build/138662/testReport/projectroot.tree.dataframe/test/pyunittests_dataframe_cache/),MatchSource.ISSUE_COMMENT,root-project,root,v6-32-06,https://github.com/root-project/root/pull/10040#issuecomment-1058286545:262,test,tests,262,https://root.cern,https://github.com/root-project/root/pull/10040#issuecomment-1058286545,4,['test'],"['test', 'testReport', 'tests']"
Testability,Build failed on ROOT-ubuntu2004/soversion.; Running on root-ubuntu-2004-1.cern.ch:/home/sftnight/build/workspace/root-pullrequests-build; [See console output](https://lcgapp-services.cern.ch/root-jenkins/job/root-pullrequests-build/138760/console).; ### Failing tests:; - [projectroot.roottest.python.distrdf.dask.roottest_python_distrdf_dask_dask_test_rungraphs](https://lcgapp-services.cern.ch/root-jenkins/job/root-pullrequests-build/138760/testReport/projectroot.roottest.python.distrdf/dask/roottest_python_distrdf_dask_dask_test_rungraphs/),MatchSource.ISSUE_COMMENT,root-project,root,v6-32-06,https://github.com/root-project/root/pull/10053#issuecomment-1059351970:262,test,tests,262,https://root.cern,https://github.com/root-project/root/pull/10053#issuecomment-1059351970,2,['test'],"['testReport', 'tests']"
Testability,Build failed on ROOT-ubuntu2004/soversion.; Running on root-ubuntu-2004-1.cern.ch:/home/sftnight/build/workspace/root-pullrequests-build; [See console output](https://lcgapp-services.cern.ch/root-jenkins/job/root-pullrequests-build/138769/console).; ### Failing tests:; - [projectroot.roottest.python.distrdf.spark.roottest_python_distrdf_spark_spark_test_rungraphs](https://lcgapp-services.cern.ch/root-jenkins/job/root-pullrequests-build/138769/testReport/projectroot.roottest.python.distrdf/spark/roottest_python_distrdf_spark_spark_test_rungraphs/),MatchSource.ISSUE_COMMENT,root-project,root,v6-32-06,https://github.com/root-project/root/pull/10054#issuecomment-1059474186:262,test,tests,262,https://root.cern,https://github.com/root-project/root/pull/10054#issuecomment-1059474186,2,['test'],"['testReport', 'tests']"
Testability,Build failed on ROOT-ubuntu2004/soversion.; Running on root-ubuntu-2004-1.cern.ch:/home/sftnight/build/workspace/root-pullrequests-build; [See console output](https://lcgapp-services.cern.ch/root-jenkins/job/root-pullrequests-build/138804/console).; ### Failing tests:; - [projectroot.roottest.python.distrdf.spark.roottest_python_distrdf_spark_spark_test_rungraphs](https://lcgapp-services.cern.ch/root-jenkins/job/root-pullrequests-build/138804/testReport/projectroot.roottest.python.distrdf/spark/roottest_python_distrdf_spark_spark_test_rungraphs/),MatchSource.ISSUE_COMMENT,root-project,root,v6-32-06,https://github.com/root-project/root/pull/10022#issuecomment-1059845646:262,test,tests,262,https://root.cern,https://github.com/root-project/root/pull/10022#issuecomment-1059845646,2,['test'],"['testReport', 'tests']"
Testability,Build failed on ROOT-ubuntu2004/soversion.; Running on root-ubuntu-2004-1.cern.ch:/home/sftnight/build/workspace/root-pullrequests-build; [See console output](https://lcgapp-services.cern.ch/root-jenkins/job/root-pullrequests-build/138895/console).; ### Failing tests:; - [projectroot.roottest.python.distrdf.dask.roottest_python_distrdf_dask_dask_test_reducer_merge](https://lcgapp-services.cern.ch/root-jenkins/job/root-pullrequests-build/138895/testReport/projectroot.roottest.python.distrdf/dask/roottest_python_distrdf_dask_dask_test_reducer_merge/); - [projectroot.roottest.python.distrdf.spark.roottest_python_distrdf_spark_spark_test_rungraphs](https://lcgapp-services.cern.ch/root-jenkins/job/root-pullrequests-build/138895/testReport/projectroot.roottest.python.distrdf/spark/roottest_python_distrdf_spark_spark_test_rungraphs/),MatchSource.ISSUE_COMMENT,root-project,root,v6-32-06,https://github.com/root-project/root/pull/10070#issuecomment-1061346624:262,test,tests,262,https://root.cern,https://github.com/root-project/root/pull/10070#issuecomment-1061346624,3,['test'],"['testReport', 'tests']"
Testability,Build failed on ROOT-ubuntu2004/soversion.; Running on root-ubuntu-2004-1.cern.ch:/home/sftnight/build/workspace/root-pullrequests-build; [See console output](https://lcgapp-services.cern.ch/root-jenkins/job/root-pullrequests-build/138923/console).; ### Failing tests:; - [projectroot.roottest.python.distrdf.spark.roottest_python_distrdf_spark_spark_test_rungraphs](https://lcgapp-services.cern.ch/root-jenkins/job/root-pullrequests-build/138923/testReport/projectroot.roottest.python.distrdf/spark/roottest_python_distrdf_spark_spark_test_rungraphs/),MatchSource.ISSUE_COMMENT,root-project,root,v6-32-06,https://github.com/root-project/root/pull/10072#issuecomment-1061710295:262,test,tests,262,https://root.cern,https://github.com/root-project/root/pull/10072#issuecomment-1061710295,2,['test'],"['testReport', 'tests']"
Testability,Build failed on ROOT-ubuntu2004/soversion.; Running on root-ubuntu-2004-1.cern.ch:/home/sftnight/build/workspace/root-pullrequests-build; [See console output](https://lcgapp-services.cern.ch/root-jenkins/job/root-pullrequests-build/138958/console).; ### Failing tests:; - [projectroot.roottest.python.distrdf.spark.roottest_python_distrdf_spark_spark_test_rungraphs](https://lcgapp-services.cern.ch/root-jenkins/job/root-pullrequests-build/138958/testReport/projectroot.roottest.python.distrdf/spark/roottest_python_distrdf_spark_spark_test_rungraphs/),MatchSource.ISSUE_COMMENT,root-project,root,v6-32-06,https://github.com/root-project/root/pull/10074#issuecomment-1062001246:262,test,tests,262,https://root.cern,https://github.com/root-project/root/pull/10074#issuecomment-1062001246,2,['test'],"['testReport', 'tests']"
Testability,Build failed on ROOT-ubuntu2004/soversion.; Running on root-ubuntu-2004-1.cern.ch:/home/sftnight/build/workspace/root-pullrequests-build; [See console output](https://lcgapp-services.cern.ch/root-jenkins/job/root-pullrequests-build/138965/console).; ### Errors:; - [2022-03-08T17:50:51.690Z] FAILED: tree/tree/test/ElementStructDict.cxx tree/tree/test/libElementStructDict_rdict.pcm tree/tree/test/libElementStructDict.rootmap ; - [2022-03-08T17:50:51.690Z] /home/sftnight/build/workspace/root-pullrequests-build/build/include/ROOT/RConfig.hxx:22:10: fatal error: 'ROOT/RVersion.hxx' file not found ; - [2022-03-08T17:50:51.690Z] /home/sftnight/build/workspace/root-pullrequests-build/build/include/ROOT/RConfig.hxx:22:10: fatal error: 'ROOT/RVersion.hxx' file not found,MatchSource.ISSUE_COMMENT,root-project,root,v6-32-06,https://github.com/root-project/root/pull/10077#issuecomment-1062044617:310,test,test,310,https://root.cern,https://github.com/root-project/root/pull/10077#issuecomment-1062044617,3,['test'],['test']
Testability,Build failed on ROOT-ubuntu2004/soversion.; Running on root-ubuntu-2004-1.cern.ch:/home/sftnight/build/workspace/root-pullrequests-build; [See console output](https://lcgapp-services.cern.ch/root-jenkins/job/root-pullrequests-build/138993/console).; ### Failing tests:; - [projectroot.roottest.python.distrdf.dask.roottest_python_distrdf_dask_dask_test_rungraphs](https://lcgapp-services.cern.ch/root-jenkins/job/root-pullrequests-build/138993/testReport/projectroot.roottest.python.distrdf/dask/roottest_python_distrdf_dask_dask_test_rungraphs/),MatchSource.ISSUE_COMMENT,root-project,root,v6-32-06,https://github.com/root-project/root/pull/10079#issuecomment-1062426454:262,test,tests,262,https://root.cern,https://github.com/root-project/root/pull/10079#issuecomment-1062426454,2,['test'],"['testReport', 'tests']"
Testability,Build failed on ROOT-ubuntu2004/soversion.; Running on root-ubuntu-2004-1.cern.ch:/home/sftnight/build/workspace/root-pullrequests-build; [See console output](https://lcgapp-services.cern.ch/root-jenkins/job/root-pullrequests-build/139014/console).; ### Failing tests:; - [projectroot.bindings.pyroot.pythonizations.test.pyunittests_pyroot_roofit_roojsonfactorywstool](https://lcgapp-services.cern.ch/root-jenkins/job/root-pullrequests-build/139014/testReport/projectroot.bindings.pyroot.pythonizations/test/pyunittests_pyroot_roofit_roojsonfactorywstool/); - [projectroot.roofit.hs3.test.pyunittests_roofit_hs3_histfactory_json](https://lcgapp-services.cern.ch/root-jenkins/job/root-pullrequests-build/139014/testReport/projectroot.roofit.hs3/test/pyunittests_roofit_hs3_histfactory_json/),MatchSource.ISSUE_COMMENT,root-project,root,v6-32-06,https://github.com/root-project/root/pull/10082#issuecomment-1062873105:262,test,tests,262,https://root.cern,https://github.com/root-project/root/pull/10082#issuecomment-1062873105,7,['test'],"['test', 'testReport', 'tests']"
Testability,Build failed on ROOT-ubuntu2004/soversion.; Running on root-ubuntu-2004-1.cern.ch:/home/sftnight/build/workspace/root-pullrequests-build; [See console output](https://lcgapp-services.cern.ch/root-jenkins/job/root-pullrequests-build/139135/console).; ### Failing tests:; - [projectroot.roottest.python.distrdf.spark.roottest_python_distrdf_spark_spark_test_rungraphs](https://lcgapp-services.cern.ch/root-jenkins/job/root-pullrequests-build/139135/testReport/projectroot.roottest.python.distrdf/spark/roottest_python_distrdf_spark_spark_test_rungraphs/),MatchSource.ISSUE_COMMENT,root-project,root,v6-32-06,https://github.com/root-project/root/pull/10080#issuecomment-1063802331:262,test,tests,262,https://root.cern,https://github.com/root-project/root/pull/10080#issuecomment-1063802331,2,['test'],"['testReport', 'tests']"
Testability,Build failed on ROOT-ubuntu2004/soversion.; Running on root-ubuntu-2004-1.cern.ch:/home/sftnight/build/workspace/root-pullrequests-build; [See console output](https://lcgapp-services.cern.ch/root-jenkins/job/root-pullrequests-build/139149/console).; ### Failing tests:; - [projectroot.roottest.python.distrdf.common.roottest_python_distrdf_common_common_test_rungraphs](https://lcgapp-services.cern.ch/root-jenkins/job/root-pullrequests-build/139149/testReport/projectroot.roottest.python.distrdf/common/roottest_python_distrdf_common_common_test_rungraphs/); - [projectroot.roottest.python.distrdf.spark.roottest_python_distrdf_spark_spark_test_rungraphs](https://lcgapp-services.cern.ch/root-jenkins/job/root-pullrequests-build/139149/testReport/projectroot.roottest.python.distrdf/spark/roottest_python_distrdf_spark_spark_test_rungraphs/),MatchSource.ISSUE_COMMENT,root-project,root,v6-32-06,https://github.com/root-project/root/pull/10091#issuecomment-1064006529:262,test,tests,262,https://root.cern,https://github.com/root-project/root/pull/10091#issuecomment-1064006529,3,['test'],"['testReport', 'tests']"
Testability,Build failed on ROOT-ubuntu2004/soversion.; Running on root-ubuntu-2004-1.cern.ch:/home/sftnight/build/workspace/root-pullrequests-build; [See console output](https://lcgapp-services.cern.ch/root-jenkins/job/root-pullrequests-build/139170/console).; ### Failing tests:; - [projectroot.roottest.python.distrdf.dask.roottest_python_distrdf_dask_dask_test_variations](https://lcgapp-services.cern.ch/root-jenkins/job/root-pullrequests-build/139170/testReport/projectroot.roottest.python.distrdf/dask/roottest_python_distrdf_dask_dask_test_variations/); - [projectroot.roottest.python.distrdf.spark.roottest_python_distrdf_spark_spark_test_variations](https://lcgapp-services.cern.ch/root-jenkins/job/root-pullrequests-build/139170/testReport/projectroot.roottest.python.distrdf/spark/roottest_python_distrdf_spark_spark_test_variations/),MatchSource.ISSUE_COMMENT,root-project,root,v6-32-06,https://github.com/root-project/root/pull/9942#issuecomment-1064225064:262,test,tests,262,https://root.cern,https://github.com/root-project/root/pull/9942#issuecomment-1064225064,3,['test'],"['testReport', 'tests']"
Testability,Build failed on ROOT-ubuntu2004/soversion.; Running on root-ubuntu-2004-1.cern.ch:/home/sftnight/build/workspace/root-pullrequests-build; [See console output](https://lcgapp-services.cern.ch/root-jenkins/job/root-pullrequests-build/139178/console).; ### Failing tests:; - [projectroot.roottest.python.distrdf.common.roottest_python_distrdf_common_common_test_rungraphs](https://lcgapp-services.cern.ch/root-jenkins/job/root-pullrequests-build/139178/testReport/projectroot.roottest.python.distrdf/common/roottest_python_distrdf_common_common_test_rungraphs/),MatchSource.ISSUE_COMMENT,root-project,root,v6-32-06,https://github.com/root-project/root/pull/9942#issuecomment-1064287942:262,test,tests,262,https://root.cern,https://github.com/root-project/root/pull/9942#issuecomment-1064287942,2,['test'],"['testReport', 'tests']"
Testability,Build failed on ROOT-ubuntu2004/soversion.; Running on root-ubuntu-2004-1.cern.ch:/home/sftnight/build/workspace/root-pullrequests-build; [See console output](https://lcgapp-services.cern.ch/root-jenkins/job/root-pullrequests-build/139199/console).; ### Failing tests:; - [projectroot.roottest.python.distrdf.common.roottest_python_distrdf_common_common_test_rungraphs](https://lcgapp-services.cern.ch/root-jenkins/job/root-pullrequests-build/139199/testReport/projectroot.roottest.python.distrdf/common/roottest_python_distrdf_common_common_test_rungraphs/),MatchSource.ISSUE_COMMENT,root-project,root,v6-32-06,https://github.com/root-project/root/pull/9942#issuecomment-1065089230:262,test,tests,262,https://root.cern,https://github.com/root-project/root/pull/9942#issuecomment-1065089230,2,['test'],"['testReport', 'tests']"
Testability,Build failed on ROOT-ubuntu2004/soversion.; Running on root-ubuntu-2004-1.cern.ch:/home/sftnight/build/workspace/root-pullrequests-build; [See console output](https://lcgapp-services.cern.ch/root-jenkins/job/root-pullrequests-build/139332/console).; ### Failing tests:; - [projectroot.roottest.python.distrdf.dask.roottest_python_distrdf_dask_dask_test_rungraphs](https://lcgapp-services.cern.ch/root-jenkins/job/root-pullrequests-build/139332/testReport/projectroot.roottest.python.distrdf/dask/roottest_python_distrdf_dask_dask_test_rungraphs/),MatchSource.ISSUE_COMMENT,root-project,root,v6-32-06,https://github.com/root-project/root/pull/10109#issuecomment-1066687361:262,test,tests,262,https://root.cern,https://github.com/root-project/root/pull/10109#issuecomment-1066687361,2,['test'],"['testReport', 'tests']"
Testability,Build failed on ROOT-ubuntu2004/soversion.; Running on root-ubuntu-2004-1.cern.ch:/home/sftnight/build/workspace/root-pullrequests-build; [See console output](https://lcgapp-services.cern.ch/root-jenkins/job/root-pullrequests-build/139339/console).; ### Failing tests:; - [projectroot.roottest.python.distrdf.spark.roottest_python_distrdf_spark_spark_test_rungraphs](https://lcgapp-services.cern.ch/root-jenkins/job/root-pullrequests-build/139339/testReport/projectroot.roottest.python.distrdf/spark/roottest_python_distrdf_spark_spark_test_rungraphs/),MatchSource.ISSUE_COMMENT,root-project,root,v6-32-06,https://github.com/root-project/root/pull/10110#issuecomment-1066712861:262,test,tests,262,https://root.cern,https://github.com/root-project/root/pull/10110#issuecomment-1066712861,2,['test'],"['testReport', 'tests']"
Testability,Build failed on ROOT-ubuntu2004/soversion.; Running on root-ubuntu-2004-1.cern.ch:/home/sftnight/build/workspace/root-pullrequests-build; [See console output](https://lcgapp-services.cern.ch/root-jenkins/job/root-pullrequests-build/139410/console).; ### Failing tests:; - [projectroot.roottest.python.distrdf.spark.roottest_python_distrdf_spark_spark_test_rungraphs](https://lcgapp-services.cern.ch/root-jenkins/job/root-pullrequests-build/139410/testReport/projectroot.roottest.python.distrdf/spark/roottest_python_distrdf_spark_spark_test_rungraphs/),MatchSource.ISSUE_COMMENT,root-project,root,v6-32-06,https://github.com/root-project/root/pull/10118#issuecomment-1067779638:262,test,tests,262,https://root.cern,https://github.com/root-project/root/pull/10118#issuecomment-1067779638,2,['test'],"['testReport', 'tests']"
Testability,Build failed on ROOT-ubuntu2004/soversion.; Running on root-ubuntu-2004-1.cern.ch:/home/sftnight/build/workspace/root-pullrequests-build; [See console output](https://lcgapp-services.cern.ch/root-jenkins/job/root-pullrequests-build/139424/console).; ### Errors:; - [2022-03-15T12:01:47.050Z] FAILED: core/meta/test/CMakeFiles/testHashRecursiveRemove.dir/testHashRecursiveRemove.cxx.o ; - [2022-03-15T12:01:47.351Z] /home/sftnight/build/workspace/root-pullrequests-build/root/test/unit_testing_support/ROOTUnitTestSupport.h:46:21: error: ‘class TInterpreter’ has no member named ‘ReportDiagnosticsToErrorHandler’ ; - [2022-03-15T12:01:47.351Z] /home/sftnight/build/workspace/root-pullrequests-build/root/test/unit_testing_support/ROOTUnitTestSupport.h:49:21: error: ‘class TInterpreter’ has no member named ‘ReportDiagnosticsToErrorHandler’ ; - [2022-03-15T12:01:47.608Z] FAILED: core/metacling/test/CMakeFiles/TClingTest.dir/TClingCallFuncTests.cxx.o ; - [2022-03-15T12:01:47.893Z] /home/sftnight/build/workspace/root-pullrequests-build/root/test/unit_testing_support/ROOTUnitTestSupport.h:46:21: error: ‘class TInterpreter’ has no member named ‘ReportDiagnosticsToErrorHandler’ ; - [2022-03-15T12:01:47.893Z] /home/sftnight/build/workspace/root-pullrequests-build/root/test/unit_testing_support/ROOTUnitTestSupport.h:49:21: error: ‘class TInterpreter’ has no member named ‘ReportDiagnosticsToErrorHandler’ ; - [2022-03-15T12:01:47.893Z] /home/sftnight/build/workspace/root-pullrequests-build/root/core/metacling/test/TClingCallFuncTests.cxx:277:4: error: ‘Longptr_t’ was not declared in this scope; did you mean ‘uintptr_t’? ; - [2022-03-15T12:01:47.893Z] /home/sftnight/build/workspace/root-pullrequests-build/root/core/metacling/test/TClingCallFuncTests.cxx:279:73: error: ‘offset’ was not declared in this scope; did you mean ‘off_t’? ; - [2022-03-15T12:01:47.893Z] FAILED: core/metacling/test/CMakeFiles/TClingTest.dir/TClingTests.cxx.o ; - [2022-03-15T12:01:48.151Z] /home/sftnight/build/workspa,MatchSource.ISSUE_COMMENT,root-project,root,v6-32-06,https://github.com/root-project/root/pull/10120#issuecomment-1067906790:310,test,test,310,https://root.cern,https://github.com/root-project/root/pull/10120#issuecomment-1067906790,6,['test'],"['test', 'testHashRecursiveRemove']"
Testability,Build failed on ROOT-ubuntu2004/soversion.; Running on root-ubuntu-2004-1.cern.ch:/home/sftnight/build/workspace/root-pullrequests-build; [See console output](https://lcgapp-services.cern.ch/root-jenkins/job/root-pullrequests-build/139452/console).; ### Failing tests:; - [projectroot.roottest.root.hist.operator.roottest_root_hist_operator_runsparse](https://lcgapp-services.cern.ch/root-jenkins/job/root-pullrequests-build/139452/testReport/projectroot.roottest.root.hist/operator/roottest_root_hist_operator_runsparse/); - [projectroot.roottest.root.io.filemerger.roottest_root_io_filemerger_execFileMerger](https://lcgapp-services.cern.ch/root-jenkins/job/root-pullrequests-build/139452/testReport/projectroot.roottest.root.io/filemerger/roottest_root_io_filemerger_execFileMerger/),MatchSource.ISSUE_COMMENT,root-project,root,v6-32-06,https://github.com/root-project/root/pull/10123#issuecomment-1067970920:262,test,tests,262,https://root.cern,https://github.com/root-project/root/pull/10123#issuecomment-1067970920,3,['test'],"['testReport', 'tests']"
Testability,Build failed on ROOT-ubuntu2004/soversion.; Running on root-ubuntu-2004-1.cern.ch:/home/sftnight/build/workspace/root-pullrequests-build; [See console output](https://lcgapp-services.cern.ch/root-jenkins/job/root-pullrequests-build/139510/console).; ### Failing tests:; - [projectroot.roottest.cling.dict.roottest_cling_dict_rundefaultargs_compiled](https://lcgapp-services.cern.ch/root-jenkins/job/root-pullrequests-build/139510/testReport/projectroot.roottest.cling/dict/roottest_cling_dict_rundefaultargs_compiled/); - [projectroot.roottest.cling.specialobj.roottest_cling_specialobj_stlProxies](https://lcgapp-services.cern.ch/root-jenkins/job/root-pullrequests-build/139510/testReport/projectroot.roottest.cling/specialobj/roottest_cling_specialobj_stlProxies/); - [projectroot.roottest.python.basic.roottest_python_basic_datatype](https://lcgapp-services.cern.ch/root-jenkins/job/root-pullrequests-build/139510/testReport/projectroot.roottest.python/basic/roottest_python_basic_datatype/); - [projectroot.roottest.root.io.bigevent.roottest_root_io_bigevent_make](https://lcgapp-services.cern.ch/root-jenkins/job/root-pullrequests-build/139510/testReport/projectroot.roottest.root.io/bigevent/roottest_root_io_bigevent_make/); - [projectroot.roottest.root.io.compression.roottest_root_io_compression_make](https://lcgapp-services.cern.ch/root-jenkins/job/root-pullrequests-build/139510/testReport/projectroot.roottest.root.io/compression/roottest_root_io_compression_make/); - [projectroot.roottest.root.io.heritstl.roottest_root_io_heritstl_make](https://lcgapp-services.cern.ch/root-jenkins/job/root-pullrequests-build/139510/testReport/projectroot.roottest.root.io/heritstl/roottest_root_io_heritstl_make/); - [projectroot.roottest.root.treeformula.retobj.roottest_root_treeformula_retobj_make](https://lcgapp-services.cern.ch/root-jenkins/job/root-pullrequests-build/139510/testReport/projectroot.roottest.root.treeformula/retobj/roottest_root_treeformula_retobj_make/); - [projectroot.rootte,MatchSource.ISSUE_COMMENT,root-project,root,v6-32-06,https://github.com/root-project/root/pull/10132#issuecomment-1068611336:262,test,tests,262,https://root.cern,https://github.com/root-project/root/pull/10132#issuecomment-1068611336,4,['test'],"['testReport', 'tests']"
Testability,Build failed on ROOT-ubuntu2004/soversion.; Running on root-ubuntu-2004-1.cern.ch:/home/sftnight/build/workspace/root-pullrequests-build; [See console output](https://lcgapp-services.cern.ch/root-jenkins/job/root-pullrequests-build/139601/console).; ### Failing tests:; - [projectroot.roottest.python.distrdf.dask.roottest_python_distrdf_dask_dask_test_rungraphs](https://lcgapp-services.cern.ch/root-jenkins/job/root-pullrequests-build/139601/testReport/projectroot.roottest.python.distrdf/dask/roottest_python_distrdf_dask_dask_test_rungraphs/),MatchSource.ISSUE_COMMENT,root-project,root,v6-32-06,https://github.com/root-project/root/pull/10152#issuecomment-1070668756:262,test,tests,262,https://root.cern,https://github.com/root-project/root/pull/10152#issuecomment-1070668756,2,['test'],"['testReport', 'tests']"
Testability,Build failed on ROOT-ubuntu2004/soversion.; Running on root-ubuntu-2004-1.cern.ch:/home/sftnight/build/workspace/root-pullrequests-build; [See console output](https://lcgapp-services.cern.ch/root-jenkins/job/root-pullrequests-build/139622/console).; ### Failing tests:; - [projectroot.roottest.python.distrdf.common.roottest_python_distrdf_common_common_test_rungraphs](https://lcgapp-services.cern.ch/root-jenkins/job/root-pullrequests-build/139622/testReport/projectroot.roottest.python.distrdf/common/roottest_python_distrdf_common_common_test_rungraphs/); - [projectroot.roottest.root.meta.tclass.issue-6840.roottest_root_meta_tclass_issue_6840_pairCalculation](https://lcgapp-services.cern.ch/root-jenkins/job/root-pullrequests-build/139622/testReport/projectroot.roottest.root.meta.tclass/issue-6840/roottest_root_meta_tclass_issue_6840_pairCalculation/),MatchSource.ISSUE_COMMENT,root-project,root,v6-32-06,https://github.com/root-project/root/pull/10132#issuecomment-1071036561:262,test,tests,262,https://root.cern,https://github.com/root-project/root/pull/10132#issuecomment-1071036561,3,['test'],"['testReport', 'tests']"
Testability,Build failed on ROOT-ubuntu2004/soversion.; Running on root-ubuntu-2004-1.cern.ch:/home/sftnight/build/workspace/root-pullrequests-build; [See console output](https://lcgapp-services.cern.ch/root-jenkins/job/root-pullrequests-build/139629/console).; ### Failing tests:; - [projectroot.roottest.python.distrdf.spark.roottest_python_distrdf_spark_spark_test_rungraphs](https://lcgapp-services.cern.ch/root-jenkins/job/root-pullrequests-build/139629/testReport/projectroot.roottest.python.distrdf/spark/roottest_python_distrdf_spark_spark_test_rungraphs/),MatchSource.ISSUE_COMMENT,root-project,root,v6-32-06,https://github.com/root-project/root/pull/10145#issuecomment-1071069280:262,test,tests,262,https://root.cern,https://github.com/root-project/root/pull/10145#issuecomment-1071069280,2,['test'],"['testReport', 'tests']"
Testability,Build failed on ROOT-ubuntu2004/soversion.; Running on root-ubuntu-2004-1.cern.ch:/home/sftnight/build/workspace/root-pullrequests-build; [See console output](https://lcgapp-services.cern.ch/root-jenkins/job/root-pullrequests-build/139657/console).; ### Warnings:; - [2022-03-17T22:56:21.042Z] /home/sftnight/build/workspace/root-pullrequests-build/root/io/io/src/TStreamerInfo.cxx:2138:23: warning: declaration of ‘offset’ shadows a previous local [-Wshadow] . ### Failing tests:; - [projectroot.roottest.root.meta.tclass.issue-6840.roottest_root_meta_tclass_issue_6840_pairCalculation](https://lcgapp-services.cern.ch/root-jenkins/job/root-pullrequests-build/139657/testReport/projectroot.roottest.root.meta.tclass/issue-6840/roottest_root_meta_tclass_issue_6840_pairCalculation/),MatchSource.ISSUE_COMMENT,root-project,root,v6-32-06,https://github.com/root-project/root/pull/10132#issuecomment-1071803807:474,test,tests,474,https://root.cern,https://github.com/root-project/root/pull/10132#issuecomment-1071803807,2,['test'],"['testReport', 'tests']"
Testability,Build failed on ROOT-ubuntu2004/soversion.; Running on root-ubuntu-2004-1.cern.ch:/home/sftnight/build/workspace/root-pullrequests-build; [See console output](https://lcgapp-services.cern.ch/root-jenkins/job/root-pullrequests-build/139671/console).; ### Warnings:; - [2022-03-18T02:51:10.617Z] /home/sftnight/build/workspace/root-pullrequests-build/root/io/io/src/TStreamerInfo.cxx:2138:23: warning: declaration of ‘offset’ shadows a previous local [-Wshadow] . ### Failing tests:; - [projectroot.roottest.root.meta.tclass.issue-6840.roottest_root_meta_tclass_issue_6840_pairCalculation](https://lcgapp-services.cern.ch/root-jenkins/job/root-pullrequests-build/139671/testReport/projectroot.roottest.root.meta.tclass/issue-6840/roottest_root_meta_tclass_issue_6840_pairCalculation/),MatchSource.ISSUE_COMMENT,root-project,root,v6-32-06,https://github.com/root-project/root/pull/10132#issuecomment-1071986510:474,test,tests,474,https://root.cern,https://github.com/root-project/root/pull/10132#issuecomment-1071986510,2,['test'],"['testReport', 'tests']"
Testability,Build failed on ROOT-ubuntu2004/soversion.; Running on root-ubuntu-2004-1.cern.ch:/home/sftnight/build/workspace/root-pullrequests-build; [See console output](https://lcgapp-services.cern.ch/root-jenkins/job/root-pullrequests-build/139692/console).; ### Failing tests:; - [projectroot.roottest.python.distrdf.spark.roottest_python_distrdf_spark_spark_test_rungraphs](https://lcgapp-services.cern.ch/root-jenkins/job/root-pullrequests-build/139692/testReport/projectroot.roottest.python.distrdf/spark/roottest_python_distrdf_spark_spark_test_rungraphs/),MatchSource.ISSUE_COMMENT,root-project,root,v6-32-06,https://github.com/root-project/root/pull/10165#issuecomment-1072310807:262,test,tests,262,https://root.cern,https://github.com/root-project/root/pull/10165#issuecomment-1072310807,2,['test'],"['testReport', 'tests']"
Testability,Build failed on ROOT-ubuntu2004/soversion.; Running on root-ubuntu-2004-1.cern.ch:/home/sftnight/build/workspace/root-pullrequests-build; [See console output](https://lcgapp-services.cern.ch/root-jenkins/job/root-pullrequests-build/139727/console).; ### Failing tests:; - [projectroot.test.test_stressHistFactory_interpreted](https://lcgapp-services.cern.ch/root-jenkins/job/root-pullrequests-build/139727/testReport/projectroot/test/test_stressHistFactory_interpreted/); - [projectroot.test.test_stressroofit_interpreted](https://lcgapp-services.cern.ch/root-jenkins/job/root-pullrequests-build/139727/testReport/projectroot/test/test_stressroofit_interpreted/); - [projectroot.roofit.histfactory.test.gtest_roofit_histfactory_test_testHistFactory](https://lcgapp-services.cern.ch/root-jenkins/job/root-pullrequests-build/139727/testReport/projectroot.roofit.histfactory/test/gtest_roofit_histfactory_test_testHistFactory/); - [projectroot.roofit.hs3.test.pyunittests_roofit_hs3_histfactory_json](https://lcgapp-services.cern.ch/root-jenkins/job/root-pullrequests-build/139727/testReport/projectroot.roofit.hs3/test/pyunittests_roofit_hs3_histfactory_json/); - [projectroot.roofit.roofitcore.test.gtest_roofit_roofitcore_test_testProxiesAndCategories](https://lcgapp-services.cern.ch/root-jenkins/job/root-pullrequests-build/139727/testReport/projectroot.roofit.roofitcore/test/gtest_roofit_roofitcore_test_testProxiesAndCategories/); - [projectroot.roofit.roofitcore.test.gtest_roofit_roofitcore_test_testWorkspace](https://lcgapp-services.cern.ch/root-jenkins/job/root-pullrequests-build/139727/testReport/projectroot.roofit.roofitcore/test/gtest_roofit_roofitcore_test_testWorkspace/); - [projectroot.roottest.root.io.bigevent.roottest_root_io_bigevent_make](https://lcgapp-services.cern.ch/root-jenkins/job/root-pullrequests-build/139727/testReport/projectroot.roottest.root.io/bigevent/roottest_root_io_bigevent_make/); - [projectroot.roottest.root.io.compression.roottest_root_io_compression_ma,MatchSource.ISSUE_COMMENT,root-project,root,v6-32-06,https://github.com/root-project/root/pull/10132#issuecomment-1072440854:262,test,tests,262,https://root.cern,https://github.com/root-project/root/pull/10132#issuecomment-1072440854,11,['test'],"['test', 'testReport', 'tests']"
Testability,Build failed on ROOT-ubuntu2004/soversion.; Running on root-ubuntu-2004-1.cern.ch:/home/sftnight/build/workspace/root-pullrequests-build; [See console output](https://lcgapp-services.cern.ch/root-jenkins/job/root-pullrequests-build/139741/console).; ### Failing tests:; - [projectroot.roottest.python.distrdf.spark.roottest_python_distrdf_spark_spark_test_rungraphs](https://lcgapp-services.cern.ch/root-jenkins/job/root-pullrequests-build/139741/testReport/projectroot.roottest.python.distrdf/spark/roottest_python_distrdf_spark_spark_test_rungraphs/),MatchSource.ISSUE_COMMENT,root-project,root,v6-32-06,https://github.com/root-project/root/pull/10167#issuecomment-1072586865:262,test,tests,262,https://root.cern,https://github.com/root-project/root/pull/10167#issuecomment-1072586865,2,['test'],"['testReport', 'tests']"
Testability,Build failed on ROOT-ubuntu2004/soversion.; Running on root-ubuntu-2004-1.cern.ch:/home/sftnight/build/workspace/root-pullrequests-build; [See console output](https://lcgapp-services.cern.ch/root-jenkins/job/root-pullrequests-build/139783/console).; ### Failing tests:; - [projectroot.roottest.root.hist.operator.roottest_root_hist_operator_runsparse](https://lcgapp-services.cern.ch/root-jenkins/job/root-pullrequests-build/139783/testReport/projectroot.roottest.root.hist/operator/roottest_root_hist_operator_runsparse/); - [projectroot.roottest.root.io.filemerger.roottest_root_io_filemerger_execFileMerger](https://lcgapp-services.cern.ch/root-jenkins/job/root-pullrequests-build/139783/testReport/projectroot.roottest.root.io/filemerger/roottest_root_io_filemerger_execFileMerger/),MatchSource.ISSUE_COMMENT,root-project,root,v6-32-06,https://github.com/root-project/root/pull/10169#issuecomment-1072934250:262,test,tests,262,https://root.cern,https://github.com/root-project/root/pull/10169#issuecomment-1072934250,3,['test'],"['testReport', 'tests']"
Testability,Build failed on ROOT-ubuntu2004/soversion.; Running on root-ubuntu-2004-1.cern.ch:/home/sftnight/build/workspace/root-pullrequests-build; [See console output](https://lcgapp-services.cern.ch/root-jenkins/job/root-pullrequests-build/139797/console).; ### Failing tests:; - [projectroot.roottest.root.hist.operator.roottest_root_hist_operator_runsparse](https://lcgapp-services.cern.ch/root-jenkins/job/root-pullrequests-build/139797/testReport/projectroot.roottest.root.hist/operator/roottest_root_hist_operator_runsparse/); - [projectroot.roottest.root.io.filemerger.roottest_root_io_filemerger_execFileMerger](https://lcgapp-services.cern.ch/root-jenkins/job/root-pullrequests-build/139797/testReport/projectroot.roottest.root.io/filemerger/roottest_root_io_filemerger_execFileMerger/); - [projectroot.roofit.roofitcore.test.gtest_roofit_roofitcore_test_testProxiesAndCategories](https://lcgapp-services.cern.ch/root-jenkins/job/root-pullrequests-build/139797/testReport/projectroot.roofit.roofitcore/test/gtest_roofit_roofitcore_test_testProxiesAndCategories/),MatchSource.ISSUE_COMMENT,root-project,root,v6-32-06,https://github.com/root-project/root/pull/10173#issuecomment-1073384365:262,test,tests,262,https://root.cern,https://github.com/root-project/root/pull/10173#issuecomment-1073384365,6,['test'],"['test', 'testReport', 'tests']"
Testability,Build failed on ROOT-ubuntu2004/soversion.; Running on root-ubuntu-2004-1.cern.ch:/home/sftnight/build/workspace/root-pullrequests-build; [See console output](https://lcgapp-services.cern.ch/root-jenkins/job/root-pullrequests-build/139811/console).; ### Failing tests:; - [projectroot.roofit.roofitcore.test.gtest_roofit_roofitcore_test_testProxiesAndCategories](https://lcgapp-services.cern.ch/root-jenkins/job/root-pullrequests-build/139811/testReport/projectroot.roofit.roofitcore/test/gtest_roofit_roofitcore_test_testProxiesAndCategories/),MatchSource.ISSUE_COMMENT,root-project,root,v6-32-06,https://github.com/root-project/root/pull/10175#issuecomment-1073412052:262,test,tests,262,https://root.cern,https://github.com/root-project/root/pull/10175#issuecomment-1073412052,4,['test'],"['test', 'testReport', 'tests']"
Testability,Build failed on ROOT-ubuntu2004/soversion.; Running on root-ubuntu-2004-1.cern.ch:/home/sftnight/build/workspace/root-pullrequests-build; [See console output](https://lcgapp-services.cern.ch/root-jenkins/job/root-pullrequests-build/139874/console).; ### Failing tests:; - [projectroot.roottest.python.distrdf.spark.roottest_python_distrdf_spark_spark_test_rungraphs](https://lcgapp-services.cern.ch/root-jenkins/job/root-pullrequests-build/139874/testReport/projectroot.roottest.python.distrdf/spark/roottest_python_distrdf_spark_spark_test_rungraphs/),MatchSource.ISSUE_COMMENT,root-project,root,v6-32-06,https://github.com/root-project/root/pull/10187#issuecomment-1074129418:262,test,tests,262,https://root.cern,https://github.com/root-project/root/pull/10187#issuecomment-1074129418,2,['test'],"['testReport', 'tests']"
Testability,Build failed on ROOT-ubuntu2004/soversion.; Running on root-ubuntu-2004-1.cern.ch:/home/sftnight/build/workspace/root-pullrequests-build; [See console output](https://lcgapp-services.cern.ch/root-jenkins/job/root-pullrequests-build/139895/console).; ### Failing tests:; - [projectroot.roottest.python.distrdf.spark.roottest_python_distrdf_spark_spark_test_rungraphs](https://lcgapp-services.cern.ch/root-jenkins/job/root-pullrequests-build/139895/testReport/projectroot.roottest.python.distrdf/spark/roottest_python_distrdf_spark_spark_test_rungraphs/),MatchSource.ISSUE_COMMENT,root-project,root,v6-32-06,https://github.com/root-project/root/pull/10188#issuecomment-1074248048:262,test,tests,262,https://root.cern,https://github.com/root-project/root/pull/10188#issuecomment-1074248048,2,['test'],"['testReport', 'tests']"
Testability,Build failed on ROOT-ubuntu2004/soversion.; Running on root-ubuntu-2004-1.cern.ch:/home/sftnight/build/workspace/root-pullrequests-build; [See console output](https://lcgapp-services.cern.ch/root-jenkins/job/root-pullrequests-build/139902/console).; ### Failing tests:; - [projectroot.roottest.root.hist.operator.roottest_root_hist_operator_runsparse](https://lcgapp-services.cern.ch/root-jenkins/job/root-pullrequests-build/139902/testReport/projectroot.roottest.root.hist/operator/roottest_root_hist_operator_runsparse/); - [projectroot.roottest.root.io.filemerger.roottest_root_io_filemerger_execFileMerger](https://lcgapp-services.cern.ch/root-jenkins/job/root-pullrequests-build/139902/testReport/projectroot.roottest.root.io/filemerger/roottest_root_io_filemerger_execFileMerger/); - [projectroot.roofit.roofitcore.test.gtest_roofit_roofitcore_test_testProxiesAndCategories](https://lcgapp-services.cern.ch/root-jenkins/job/root-pullrequests-build/139902/testReport/projectroot.roofit.roofitcore/test/gtest_roofit_roofitcore_test_testProxiesAndCategories/),MatchSource.ISSUE_COMMENT,root-project,root,v6-32-06,https://github.com/root-project/root/pull/10189#issuecomment-1074277076:262,test,tests,262,https://root.cern,https://github.com/root-project/root/pull/10189#issuecomment-1074277076,6,['test'],"['test', 'testReport', 'tests']"
Testability,Build failed on ROOT-ubuntu2004/soversion.; Running on root-ubuntu-2004-1.cern.ch:/home/sftnight/build/workspace/root-pullrequests-build; [See console output](https://lcgapp-services.cern.ch/root-jenkins/job/root-pullrequests-build/139923/console).; ### Failing tests:; - [projectroot.roottest.python.distrdf.spark.roottest_python_distrdf_spark_spark_test_rungraphs](https://lcgapp-services.cern.ch/root-jenkins/job/root-pullrequests-build/139923/testReport/projectroot.roottest.python.distrdf/spark/roottest_python_distrdf_spark_spark_test_rungraphs/),MatchSource.ISSUE_COMMENT,root-project,root,v6-32-06,https://github.com/root-project/root/pull/9655#issuecomment-1074350975:262,test,tests,262,https://root.cern,https://github.com/root-project/root/pull/9655#issuecomment-1074350975,2,['test'],"['testReport', 'tests']"
Testability,Build failed on ROOT-ubuntu2004/soversion.; Running on root-ubuntu-2004-1.cern.ch:/home/sftnight/build/workspace/root-pullrequests-build; [See console output](https://lcgapp-services.cern.ch/root-jenkins/job/root-pullrequests-build/140014/console).; ### Failing tests:; - [projectroot.roottest.python.distrdf.dask.roottest_python_distrdf_dask_dask_test_rungraphs](https://lcgapp-services.cern.ch/root-jenkins/job/root-pullrequests-build/140014/testReport/projectroot.roottest.python.distrdf/dask/roottest_python_distrdf_dask_dask_test_rungraphs/),MatchSource.ISSUE_COMMENT,root-project,root,v6-32-06,https://github.com/root-project/root/pull/10198#issuecomment-1076263605:262,test,tests,262,https://root.cern,https://github.com/root-project/root/pull/10198#issuecomment-1076263605,2,['test'],"['testReport', 'tests']"
Testability,Build failed on ROOT-ubuntu2004/soversion.; Running on root-ubuntu-2004-1.cern.ch:/home/sftnight/build/workspace/root-pullrequests-build; [See console output](https://lcgapp-services.cern.ch/root-jenkins/job/root-pullrequests-build/140021/console).; ### Failing tests:; - [projectroot.roottest.python.distrdf.spark.roottest_python_distrdf_spark_spark_test_rungraphs](https://lcgapp-services.cern.ch/root-jenkins/job/root-pullrequests-build/140021/testReport/projectroot.roottest.python.distrdf/spark/roottest_python_distrdf_spark_spark_test_rungraphs/),MatchSource.ISSUE_COMMENT,root-project,root,v6-32-06,https://github.com/root-project/root/pull/10199#issuecomment-1076289999:262,test,tests,262,https://root.cern,https://github.com/root-project/root/pull/10199#issuecomment-1076289999,2,['test'],"['testReport', 'tests']"
Testability,Build failed on ROOT-ubuntu2004/soversion.; Running on root-ubuntu-2004-1.cern.ch:/home/sftnight/build/workspace/root-pullrequests-build; [See console output](https://lcgapp-services.cern.ch/root-jenkins/job/root-pullrequests-build/140063/console).; ### Failing tests:; - [projectroot.roottest.python.distrdf.spark.roottest_python_distrdf_spark_spark_test_rungraphs](https://lcgapp-services.cern.ch/root-jenkins/job/root-pullrequests-build/140063/testReport/projectroot.roottest.python.distrdf/spark/roottest_python_distrdf_spark_spark_test_rungraphs/),MatchSource.ISSUE_COMMENT,root-project,root,v6-32-06,https://github.com/root-project/root/pull/10204#issuecomment-1076407202:262,test,tests,262,https://root.cern,https://github.com/root-project/root/pull/10204#issuecomment-1076407202,2,['test'],"['testReport', 'tests']"
Testability,Build failed on ROOT-ubuntu2004/soversion.; Running on root-ubuntu-2004-1.cern.ch:/home/sftnight/build/workspace/root-pullrequests-build; [See console output](https://lcgapp-services.cern.ch/root-jenkins/job/root-pullrequests-build/140098/console).; ### Failing tests:; - [projectroot.roottest.root.hist.operator.roottest_root_hist_operator_runsparse](https://lcgapp-services.cern.ch/root-jenkins/job/root-pullrequests-build/140098/testReport/projectroot.roottest.root.hist/operator/roottest_root_hist_operator_runsparse/); - [projectroot.roottest.root.io.filemerger.roottest_root_io_filemerger_execFileMerger](https://lcgapp-services.cern.ch/root-jenkins/job/root-pullrequests-build/140098/testReport/projectroot.roottest.root.io/filemerger/roottest_root_io_filemerger_execFileMerger/); - [projectroot.roofit.roofitcore.test.gtest_roofit_roofitcore_test_testProxiesAndCategories](https://lcgapp-services.cern.ch/root-jenkins/job/root-pullrequests-build/140098/testReport/projectroot.roofit.roofitcore/test/gtest_roofit_roofitcore_test_testProxiesAndCategories/),MatchSource.ISSUE_COMMENT,root-project,root,v6-32-06,https://github.com/root-project/root/pull/10206#issuecomment-1076699352:262,test,tests,262,https://root.cern,https://github.com/root-project/root/pull/10206#issuecomment-1076699352,6,['test'],"['test', 'testReport', 'tests']"
Testability,Build failed on ROOT-ubuntu2004/soversion.; Running on root-ubuntu-2004-1.cern.ch:/home/sftnight/build/workspace/root-pullrequests-build; [See console output](https://lcgapp-services.cern.ch/root-jenkins/job/root-pullrequests-build/140133/console).; ### Failing tests:; - [projectroot.roottest.python.distrdf.spark.roottest_python_distrdf_spark_spark_test_rungraphs](https://lcgapp-services.cern.ch/root-jenkins/job/root-pullrequests-build/140133/testReport/projectroot.roottest.python.distrdf/spark/roottest_python_distrdf_spark_spark_test_rungraphs/),MatchSource.ISSUE_COMMENT,root-project,root,v6-32-06,https://github.com/root-project/root/pull/10121#issuecomment-1076727676:262,test,tests,262,https://root.cern,https://github.com/root-project/root/pull/10121#issuecomment-1076727676,2,['test'],"['testReport', 'tests']"
Testability,Build failed on ROOT-ubuntu2004/soversion.; Running on root-ubuntu-2004-1.cern.ch:/home/sftnight/build/workspace/root-pullrequests-build; [See console output](https://lcgapp-services.cern.ch/root-jenkins/job/root-pullrequests-build/140322/console).; ### Failing tests:; - [projectroot.roottest.python.distrdf.common.roottest_python_distrdf_common_common_test_rungraphs](https://lcgapp-services.cern.ch/root-jenkins/job/root-pullrequests-build/140322/testReport/projectroot.roottest.python.distrdf/common/roottest_python_distrdf_common_common_test_rungraphs/); - [projectroot.test.test_stressroofit_interpreted](https://lcgapp-services.cern.ch/root-jenkins/job/root-pullrequests-build/140322/testReport/projectroot/test/test_stressroofit_interpreted/); - [projectroot.roottest.root.io.bigevent.roottest_root_io_bigevent_make](https://lcgapp-services.cern.ch/root-jenkins/job/root-pullrequests-build/140322/testReport/projectroot.roottest.root.io/bigevent/roottest_root_io_bigevent_make/); - [projectroot.roottest.root.io.compression.roottest_root_io_compression_make](https://lcgapp-services.cern.ch/root-jenkins/job/root-pullrequests-build/140322/testReport/projectroot.roottest.root.io/compression/roottest_root_io_compression_make/); - [projectroot.roottest.root.meta.evolution.roottest_root_meta_evolution_runforeign](https://lcgapp-services.cern.ch/root-jenkins/job/root-pullrequests-build/140322/testReport/projectroot.roottest.root.meta/evolution/roottest_root_meta_evolution_runforeign/); - [projectroot.roottest.root.meta.autoloading.headerParsingOnDemand.roottest_root_meta_autoloading_headerParsingOnDemand_no_autoparse_write](https://lcgapp-services.cern.ch/root-jenkins/job/root-pullrequests-build/140322/testReport/projectroot.roottest.root.meta.autoloading/headerParsingOnDemand/roottest_root_meta_autoloading_headerParsingOnDemand_no_autoparse_write/); - [projectroot.roottest.root.meta.autoloading.headerParsingOnDemand.roottest_root_meta_autoloading_headerParsingOnDemand_no_autoparse,MatchSource.ISSUE_COMMENT,root-project,root,v6-32-06,https://github.com/root-project/root/pull/10230#issuecomment-1078446149:262,test,tests,262,https://root.cern,https://github.com/root-project/root/pull/10230#issuecomment-1078446149,6,['test'],"['test', 'testReport', 'tests']"
Testability,Build failed on ROOT-ubuntu2004/soversion.; Running on root-ubuntu-2004-1.cern.ch:/home/sftnight/build/workspace/root-pullrequests-build; [See console output](https://lcgapp-services.cern.ch/root-jenkins/job/root-pullrequests-build/140329/console).; ### Failing tests:; - [projectroot.roottest.python.distrdf.spark.roottest_python_distrdf_spark_spark_test_rungraphs](https://lcgapp-services.cern.ch/root-jenkins/job/root-pullrequests-build/140329/testReport/projectroot.roottest.python.distrdf/spark/roottest_python_distrdf_spark_spark_test_rungraphs/),MatchSource.ISSUE_COMMENT,root-project,root,v6-32-06,https://github.com/root-project/root/pull/10231#issuecomment-1078462923:262,test,tests,262,https://root.cern,https://github.com/root-project/root/pull/10231#issuecomment-1078462923,2,['test'],"['testReport', 'tests']"
Testability,Build failed on ROOT-ubuntu2004/soversion.; Running on root-ubuntu-2004-1.cern.ch:/home/sftnight/build/workspace/root-pullrequests-build; [See console output](https://lcgapp-services.cern.ch/root-jenkins/job/root-pullrequests-build/140343/console).; ### Failing tests:; - [projectroot.roottest.python.distrdf.common.roottest_python_distrdf_common_common_test_rungraphs](https://lcgapp-services.cern.ch/root-jenkins/job/root-pullrequests-build/140343/testReport/projectroot.roottest.python.distrdf/common/roottest_python_distrdf_common_common_test_rungraphs/),MatchSource.ISSUE_COMMENT,root-project,root,v6-32-06,https://github.com/root-project/root/pull/10228#issuecomment-1078758649:262,test,tests,262,https://root.cern,https://github.com/root-project/root/pull/10228#issuecomment-1078758649,2,['test'],"['testReport', 'tests']"
Testability,Build failed on ROOT-ubuntu2004/soversion.; Running on root-ubuntu-2004-1.cern.ch:/home/sftnight/build/workspace/root-pullrequests-build; [See console output](https://lcgapp-services.cern.ch/root-jenkins/job/root-pullrequests-build/140357/console).; ### Failing tests:; - [projectroot.roottest.python.distrdf.dask.roottest_python_distrdf_dask_dask_test_rungraphs](https://lcgapp-services.cern.ch/root-jenkins/job/root-pullrequests-build/140357/testReport/projectroot.roottest.python.distrdf/dask/roottest_python_distrdf_dask_dask_test_rungraphs/),MatchSource.ISSUE_COMMENT,root-project,root,v6-32-06,https://github.com/root-project/root/pull/10235#issuecomment-1078900640:262,test,tests,262,https://root.cern,https://github.com/root-project/root/pull/10235#issuecomment-1078900640,2,['test'],"['testReport', 'tests']"
Testability,Build failed on ROOT-ubuntu2004/soversion.; Running on root-ubuntu-2004-1.cern.ch:/home/sftnight/build/workspace/root-pullrequests-build; [See console output](https://lcgapp-services.cern.ch/root-jenkins/job/root-pullrequests-build/140378/console).; ### Failing tests:; - [projectroot.roottest.python.distrdf.common.roottest_python_distrdf_common_common_test_rungraphs](https://lcgapp-services.cern.ch/root-jenkins/job/root-pullrequests-build/140378/testReport/projectroot.roottest.python.distrdf/common/roottest_python_distrdf_common_common_test_rungraphs/),MatchSource.ISSUE_COMMENT,root-project,root,v6-32-06,https://github.com/root-project/root/pull/10241#issuecomment-1079738316:262,test,tests,262,https://root.cern,https://github.com/root-project/root/pull/10241#issuecomment-1079738316,2,['test'],"['testReport', 'tests']"
Testability,Build failed on ROOT-ubuntu2004/soversion.; Running on root-ubuntu-2004-1.cern.ch:/home/sftnight/build/workspace/root-pullrequests-build; [See console output](https://lcgapp-services.cern.ch/root-jenkins/job/root-pullrequests-build/140399/console).; ### Failing tests:; - [projectroot.roottest.python.distrdf.dask.roottest_python_distrdf_dask_dask_test_definepersample](https://lcgapp-services.cern.ch/root-jenkins/job/root-pullrequests-build/140399/testReport/projectroot.roottest.python.distrdf/dask/roottest_python_distrdf_dask_dask_test_definepersample/); - [projectroot.roottest.python.distrdf.spark.roottest_python_distrdf_spark_spark_test_definepersample](https://lcgapp-services.cern.ch/root-jenkins/job/root-pullrequests-build/140399/testReport/projectroot.roottest.python.distrdf/spark/roottest_python_distrdf_spark_spark_test_definepersample/); - [projectroot.tree.dataframe.test.gtest_tree_dataframe_test_dataframe_samplecallback](https://lcgapp-services.cern.ch/root-jenkins/job/root-pullrequests-build/140399/testReport/projectroot.tree.dataframe/test/gtest_tree_dataframe_test_dataframe_samplecallback/),MatchSource.ISSUE_COMMENT,root-project,root,v6-32-06,https://github.com/root-project/root/pull/10243#issuecomment-1080272114:262,test,tests,262,https://root.cern,https://github.com/root-project/root/pull/10243#issuecomment-1080272114,6,['test'],"['test', 'testReport', 'tests']"
Testability,Build failed on ROOT-ubuntu2004/soversion.; Running on root-ubuntu-2004-1.cern.ch:/home/sftnight/build/workspace/root-pullrequests-build; [See console output](https://lcgapp-services.cern.ch/root-jenkins/job/root-pullrequests-build/140483/console).; ### Failing tests:; - [projectroot.roottest.python.distrdf.dask.roottest_python_distrdf_dask_test_all](https://lcgapp-services.cern.ch/root-jenkins/job/root-pullrequests-build/140483/testReport/projectroot.roottest.python.distrdf/dask/roottest_python_distrdf_dask_test_all/); - [projectroot.roottest.python.distrdf.spark.roottest_python_distrdf_spark_test_all](https://lcgapp-services.cern.ch/root-jenkins/job/root-pullrequests-build/140483/testReport/projectroot.roottest.python.distrdf/spark/roottest_python_distrdf_spark_test_all/),MatchSource.ISSUE_COMMENT,root-project,root,v6-32-06,https://github.com/root-project/root/pull/10251#issuecomment-1080803377:262,test,tests,262,https://root.cern,https://github.com/root-project/root/pull/10251#issuecomment-1080803377,3,['test'],"['testReport', 'tests']"
Testability,Build failed on ROOT-ubuntu2004/soversion.; Running on root-ubuntu-2004-1.cern.ch:/home/sftnight/build/workspace/root-pullrequests-build; [See console output](https://lcgapp-services.cern.ch/root-jenkins/job/root-pullrequests-build/140602/console).; ### Failing tests:; - [projectroot.roofit.roofitcore.test.gtest_roofit_roofitcore_test_testRooSimultaneous](https://lcgapp-services.cern.ch/root-jenkins/job/root-pullrequests-build/140602/testReport/projectroot.roofit.roofitcore/test/gtest_roofit_roofitcore_test_testRooSimultaneous/),MatchSource.ISSUE_COMMENT,root-project,root,v6-32-06,https://github.com/root-project/root/pull/10231#issuecomment-1081710056:262,test,tests,262,https://root.cern,https://github.com/root-project/root/pull/10231#issuecomment-1081710056,4,['test'],"['test', 'testReport', 'tests']"
Testability,Build failed on ROOT-ubuntu2004/soversion.; Running on root-ubuntu-2004-1.cern.ch:/home/sftnight/build/workspace/root-pullrequests-build; [See console output](https://lcgapp-services.cern.ch/root-jenkins/job/root-pullrequests-build/140616/console).; ### Failing tests:; - [projectroot.roofit.roofitcore.test.gtest_roofit_roofitcore_test_testRooSimultaneous](https://lcgapp-services.cern.ch/root-jenkins/job/root-pullrequests-build/140616/testReport/projectroot.roofit.roofitcore/test/gtest_roofit_roofitcore_test_testRooSimultaneous/),MatchSource.ISSUE_COMMENT,root-project,root,v6-32-06,https://github.com/root-project/root/pull/9966#issuecomment-1081730499:262,test,tests,262,https://root.cern,https://github.com/root-project/root/pull/9966#issuecomment-1081730499,4,['test'],"['test', 'testReport', 'tests']"
Testability,Build failed on ROOT-ubuntu2004/soversion.; Running on root-ubuntu-2004-1.cern.ch:/home/sftnight/build/workspace/root-pullrequests-build; [See console output](https://lcgapp-services.cern.ch/root-jenkins/job/root-pullrequests-build/140623/console).; ### Failing tests:; - [projectroot.roofit.roofitcore.test.gtest_roofit_roofitcore_test_testRooSimultaneous](https://lcgapp-services.cern.ch/root-jenkins/job/root-pullrequests-build/140623/testReport/projectroot.roofit.roofitcore/test/gtest_roofit_roofitcore_test_testRooSimultaneous/),MatchSource.ISSUE_COMMENT,root-project,root,v6-32-06,https://github.com/root-project/root/pull/10213#issuecomment-1081753731:262,test,tests,262,https://root.cern,https://github.com/root-project/root/pull/10213#issuecomment-1081753731,4,['test'],"['test', 'testReport', 'tests']"
Testability,Build failed on ROOT-ubuntu2004/soversion.; Running on root-ubuntu-2004-1.cern.ch:/home/sftnight/build/workspace/root-pullrequests-build; [See console output](https://lcgapp-services.cern.ch/root-jenkins/job/root-pullrequests-build/140630/console).; ### Failing tests:; - [projectroot.roofit.roofitcore.test.gtest_roofit_roofitcore_test_testRooSimultaneous](https://lcgapp-services.cern.ch/root-jenkins/job/root-pullrequests-build/140630/testReport/projectroot.roofit.roofitcore/test/gtest_roofit_roofitcore_test_testRooSimultaneous/),MatchSource.ISSUE_COMMENT,root-project,root,v6-32-06,https://github.com/root-project/root/pull/10267#issuecomment-1081778735:262,test,tests,262,https://root.cern,https://github.com/root-project/root/pull/10267#issuecomment-1081778735,4,['test'],"['test', 'testReport', 'tests']"
Testability,Build failed on ROOT-ubuntu2004/soversion.; Running on root-ubuntu-2004-1.cern.ch:/home/sftnight/build/workspace/root-pullrequests-build; [See console output](https://lcgapp-services.cern.ch/root-jenkins/job/root-pullrequests-build/140637/console).; ### Failing tests:; - [projectroot.roofit.roofitcore.test.gtest_roofit_roofitcore_test_testRooSimultaneous](https://lcgapp-services.cern.ch/root-jenkins/job/root-pullrequests-build/140637/testReport/projectroot.roofit.roofitcore/test/gtest_roofit_roofitcore_test_testRooSimultaneous/),MatchSource.ISSUE_COMMENT,root-project,root,v6-32-06,https://github.com/root-project/root/pull/10268#issuecomment-1081892996:262,test,tests,262,https://root.cern,https://github.com/root-project/root/pull/10268#issuecomment-1081892996,4,['test'],"['test', 'testReport', 'tests']"
Testability,Build failed on ROOT-ubuntu2004/soversion.; Running on root-ubuntu-2004-1.cern.ch:/home/sftnight/build/workspace/root-pullrequests-build; [See console output](https://lcgapp-services.cern.ch/root-jenkins/job/root-pullrequests-build/140651/console).; ### Failing tests:; - [projectroot.roofit.roofitcore.test.gtest_roofit_roofitcore_test_testRooSimultaneous](https://lcgapp-services.cern.ch/root-jenkins/job/root-pullrequests-build/140651/testReport/projectroot.roofit.roofitcore/test/gtest_roofit_roofitcore_test_testRooSimultaneous/),MatchSource.ISSUE_COMMENT,root-project,root,v6-32-06,https://github.com/root-project/root/pull/9966#issuecomment-1081959992:262,test,tests,262,https://root.cern,https://github.com/root-project/root/pull/9966#issuecomment-1081959992,4,['test'],"['test', 'testReport', 'tests']"
Testability,Build failed on ROOT-ubuntu2004/soversion.; Running on root-ubuntu-2004-1.cern.ch:/home/sftnight/build/workspace/root-pullrequests-build; [See console output](https://lcgapp-services.cern.ch/root-jenkins/job/root-pullrequests-build/140693/console).; ### Failing tests:; - [projectroot.roofit.roofitcore.test.gtest_roofit_roofitcore_test_testRooSimultaneous](https://lcgapp-services.cern.ch/root-jenkins/job/root-pullrequests-build/140693/testReport/projectroot.roofit.roofitcore/test/gtest_roofit_roofitcore_test_testRooSimultaneous/),MatchSource.ISSUE_COMMENT,root-project,root,v6-32-06,https://github.com/root-project/root/pull/9966#issuecomment-1082051225:262,test,tests,262,https://root.cern,https://github.com/root-project/root/pull/9966#issuecomment-1082051225,4,['test'],"['test', 'testReport', 'tests']"
Testability,Build failed on ROOT-ubuntu2004/soversion.; Running on root-ubuntu-2004-1.cern.ch:/home/sftnight/build/workspace/root-pullrequests-build; [See console output](https://lcgapp-services.cern.ch/root-jenkins/job/root-pullrequests-build/140714/console).; ### Failing tests:; - [projectroot.roofit.roofitcore.test.gtest_roofit_roofitcore_test_testRooSimultaneous](https://lcgapp-services.cern.ch/root-jenkins/job/root-pullrequests-build/140714/testReport/projectroot.roofit.roofitcore/test/gtest_roofit_roofitcore_test_testRooSimultaneous/),MatchSource.ISSUE_COMMENT,root-project,root,v6-32-06,https://github.com/root-project/root/pull/9966#issuecomment-1082129699:262,test,tests,262,https://root.cern,https://github.com/root-project/root/pull/9966#issuecomment-1082129699,4,['test'],"['test', 'testReport', 'tests']"
Testability,Build failed on ROOT-ubuntu2004/soversion.; Running on root-ubuntu-2004-1.cern.ch:/home/sftnight/build/workspace/root-pullrequests-build; [See console output](https://lcgapp-services.cern.ch/root-jenkins/job/root-pullrequests-build/140742/console).; ### Failing tests:; - [projectroot.bindings.experimental.distrdf.test.pyunittests_distrdf_unit_test_ranges](https://lcgapp-services.cern.ch/root-jenkins/job/root-pullrequests-build/140742/testReport/projectroot.bindings.experimental.distrdf/test/pyunittests_distrdf_unit_test_ranges/); - [projectroot.bindings.experimental.distrdf.test.backend.pyunittests_distrdf_unit_backend_test_dist](https://lcgapp-services.cern.ch/root-jenkins/job/root-pullrequests-build/140742/testReport/projectroot.bindings.experimental.distrdf.test/backend/pyunittests_distrdf_unit_backend_test_dist/); - [projectroot.roofit.roofitcore.test.gtest_roofit_roofitcore_test_testRooSimultaneous](https://lcgapp-services.cern.ch/root-jenkins/job/root-pullrequests-build/140742/testReport/projectroot.roofit.roofitcore/test/gtest_roofit_roofitcore_test_testRooSimultaneous/),MatchSource.ISSUE_COMMENT,root-project,root,v6-32-06,https://github.com/root-project/root/pull/10098#issuecomment-1082303367:262,test,tests,262,https://root.cern,https://github.com/root-project/root/pull/10098#issuecomment-1082303367,10,['test'],"['test', 'testReport', 'tests']"
Testability,Build failed on ROOT-ubuntu2004/soversion.; Running on root-ubuntu-2004-1.cern.ch:/home/sftnight/build/workspace/root-pullrequests-build; [See console output](https://lcgapp-services.cern.ch/root-jenkins/job/root-pullrequests-build/140756/console).; ### Failing tests:; - [projectroot.roofit.roofitcore.test.gtest_roofit_roofitcore_test_testRooSimultaneous](https://lcgapp-services.cern.ch/root-jenkins/job/root-pullrequests-build/140756/testReport/projectroot.roofit.roofitcore/test/gtest_roofit_roofitcore_test_testRooSimultaneous/),MatchSource.ISSUE_COMMENT,root-project,root,v6-32-06,https://github.com/root-project/root/pull/10245#issuecomment-1082374775:262,test,tests,262,https://root.cern,https://github.com/root-project/root/pull/10245#issuecomment-1082374775,4,['test'],"['test', 'testReport', 'tests']"
Testability,Build failed on ROOT-ubuntu2004/soversion.; Running on root-ubuntu-2004-1.cern.ch:/home/sftnight/build/workspace/root-pullrequests-build; [See console output](https://lcgapp-services.cern.ch/root-jenkins/job/root-pullrequests-build/140763/console).; ### Failing tests:; - [projectroot.bindings.experimental.distrdf.test.pyunittests_distrdf_unit_test_ranges](https://lcgapp-services.cern.ch/root-jenkins/job/root-pullrequests-build/140763/testReport/projectroot.bindings.experimental.distrdf/test/pyunittests_distrdf_unit_test_ranges/); - [projectroot.bindings.experimental.distrdf.test.backend.pyunittests_distrdf_unit_backend_test_dist](https://lcgapp-services.cern.ch/root-jenkins/job/root-pullrequests-build/140763/testReport/projectroot.bindings.experimental.distrdf.test/backend/pyunittests_distrdf_unit_backend_test_dist/),MatchSource.ISSUE_COMMENT,root-project,root,v6-32-06,https://github.com/root-project/root/pull/10098#issuecomment-1082395741:262,test,tests,262,https://root.cern,https://github.com/root-project/root/pull/10098#issuecomment-1082395741,7,['test'],"['test', 'testReport', 'tests']"
Testability,Build failed on ROOT-ubuntu2004/soversion.; Running on root-ubuntu-2004-1.cern.ch:/home/sftnight/build/workspace/root-pullrequests-build; [See console output](https://lcgapp-services.cern.ch/root-jenkins/job/root-pullrequests-build/140770/console).; ### Failing tests:; - [projectroot.roottest.root.meta.evolution.roottest_root_meta_evolution_runforeign](https://lcgapp-services.cern.ch/root-jenkins/job/root-pullrequests-build/140770/testReport/projectroot.roottest.root.meta/evolution/roottest_root_meta_evolution_runforeign/),MatchSource.ISSUE_COMMENT,root-project,root,v6-32-06,https://github.com/root-project/root/pull/10230#issuecomment-1082509150:262,test,tests,262,https://root.cern,https://github.com/root-project/root/pull/10230#issuecomment-1082509150,2,['test'],"['testReport', 'tests']"
Testability,Build failed on ROOT-ubuntu2004/soversion.; Running on root-ubuntu-2004-1.cern.ch:/home/sftnight/build/workspace/root-pullrequests-build; [See console output](https://lcgapp-services.cern.ch/root-jenkins/job/root-pullrequests-build/140777/console).; ### Failing tests:; - [projectroot.roofit.roofitcore.test.gtest_roofit_roofitcore_test_testRooSimultaneous](https://lcgapp-services.cern.ch/root-jenkins/job/root-pullrequests-build/140777/testReport/projectroot.roofit.roofitcore/test/gtest_roofit_roofitcore_test_testRooSimultaneous/),MatchSource.ISSUE_COMMENT,root-project,root,v6-32-06,https://github.com/root-project/root/pull/10230#issuecomment-1082554525:262,test,tests,262,https://root.cern,https://github.com/root-project/root/pull/10230#issuecomment-1082554525,4,['test'],"['test', 'testReport', 'tests']"
Testability,Build failed on ROOT-ubuntu2004/soversion.; Running on root-ubuntu-2004-1.cern.ch:/home/sftnight/build/workspace/root-pullrequests-build; [See console output](https://lcgapp-services.cern.ch/root-jenkins/job/root-pullrequests-build/140791/console).; ### Failing tests:; - [projectroot.roofit.roofitcore.test.gtest_roofit_roofitcore_test_testRooSimultaneous](https://lcgapp-services.cern.ch/root-jenkins/job/root-pullrequests-build/140791/testReport/projectroot.roofit.roofitcore/test/gtest_roofit_roofitcore_test_testRooSimultaneous/),MatchSource.ISSUE_COMMENT,root-project,root,v6-32-06,https://github.com/root-project/root/pull/10098#issuecomment-1082764893:262,test,tests,262,https://root.cern,https://github.com/root-project/root/pull/10098#issuecomment-1082764893,4,['test'],"['test', 'testReport', 'tests']"
Testability,Build failed on ROOT-ubuntu2004/soversion.; Running on root-ubuntu-2004-1.cern.ch:/home/sftnight/build/workspace/root-pullrequests-build; [See console output](https://lcgapp-services.cern.ch/root-jenkins/job/root-pullrequests-build/140798/console).; ### Failing tests:; - [projectroot.roofit.roofitcore.test.gtest_roofit_roofitcore_test_testRooSimultaneous](https://lcgapp-services.cern.ch/root-jenkins/job/root-pullrequests-build/140798/testReport/projectroot.roofit.roofitcore/test/gtest_roofit_roofitcore_test_testRooSimultaneous/),MatchSource.ISSUE_COMMENT,root-project,root,v6-32-06,https://github.com/root-project/root/pull/10269#issuecomment-1082815946:262,test,tests,262,https://root.cern,https://github.com/root-project/root/pull/10269#issuecomment-1082815946,4,['test'],"['test', 'testReport', 'tests']"
Testability,Build failed on ROOT-ubuntu2004/soversion.; Running on root-ubuntu-2004-1.cern.ch:/home/sftnight/build/workspace/root-pullrequests-build; [See console output](https://lcgapp-services.cern.ch/root-jenkins/job/root-pullrequests-build/140812/console).; ### Failing tests:; - [projectroot.roofit.roofitcore.test.gtest_roofit_roofitcore_test_testRooSimultaneous](https://lcgapp-services.cern.ch/root-jenkins/job/root-pullrequests-build/140812/testReport/projectroot.roofit.roofitcore/test/gtest_roofit_roofitcore_test_testRooSimultaneous/),MatchSource.ISSUE_COMMENT,root-project,root,v6-32-06,https://github.com/root-project/root/pull/10269#issuecomment-1082878289:262,test,tests,262,https://root.cern,https://github.com/root-project/root/pull/10269#issuecomment-1082878289,4,['test'],"['test', 'testReport', 'tests']"
Testability,Build failed on ROOT-ubuntu2004/soversion.; Running on root-ubuntu-2004-1.cern.ch:/home/sftnight/build/workspace/root-pullrequests-build; [See console output](https://lcgapp-services.cern.ch/root-jenkins/job/root-pullrequests-build/141029/console).; ### Failing tests:; - [projectroot.roottest.root.hist.operator.roottest_root_hist_operator_runsparse](https://lcgapp-services.cern.ch/root-jenkins/job/root-pullrequests-build/141029/testReport/projectroot.roottest.root.hist/operator/roottest_root_hist_operator_runsparse/); - [projectroot.roottest.root.io.filemerger.roottest_root_io_filemerger_execFileMerger](https://lcgapp-services.cern.ch/root-jenkins/job/root-pullrequests-build/141029/testReport/projectroot.roottest.root.io/filemerger/roottest_root_io_filemerger_execFileMerger/); - [projectroot.roottest.root.meta.evolution.roottest_root_meta_evolution_runforeign](https://lcgapp-services.cern.ch/root-jenkins/job/root-pullrequests-build/141029/testReport/projectroot.roottest.root.meta/evolution/roottest_root_meta_evolution_runforeign/),MatchSource.ISSUE_COMMENT,root-project,root,v6-32-06,https://github.com/root-project/root/pull/10280#issuecomment-1083544324:262,test,tests,262,https://root.cern,https://github.com/root-project/root/pull/10280#issuecomment-1083544324,4,['test'],"['testReport', 'tests']"
Testability,Build failed on ROOT-ubuntu2004/soversion.; Running on root-ubuntu-2004-1.cern.ch:/home/sftnight/build/workspace/root-pullrequests-build; [See console output](https://lcgapp-services.cern.ch/root-jenkins/job/root-pullrequests-build/141156/console).; ### Failing tests:; - [projectroot.bindings.experimental.distrdf.test.backend.pyunittests_distrdf_unit_backend_test_dist](https://lcgapp-services.cern.ch/root-jenkins/job/root-pullrequests-build/141156/testReport/projectroot.bindings.experimental.distrdf.test/backend/pyunittests_distrdf_unit_backend_test_dist/); - [projectroot.roottest.python.distrdf.spark.roottest_python_distrdf_spark_test_all](https://lcgapp-services.cern.ch/root-jenkins/job/root-pullrequests-build/141156/testReport/projectroot.roottest.python.distrdf/spark/roottest_python_distrdf_spark_test_all/); - [projectroot.roottest.python.distrdf.dask.roottest_python_distrdf_dask_test_all](https://lcgapp-services.cern.ch/root-jenkins/job/root-pullrequests-build/141156/testReport/projectroot.roottest.python.distrdf/dask/roottest_python_distrdf_dask_test_all/),MatchSource.ISSUE_COMMENT,root-project,root,v6-32-06,https://github.com/root-project/root/pull/10098#issuecomment-1085146496:262,test,tests,262,https://root.cern,https://github.com/root-project/root/pull/10098#issuecomment-1085146496,6,['test'],"['test', 'testReport', 'tests']"
Testability,Build failed on ROOT-ubuntu2004/soversion.; Running on root-ubuntu-2004-1.cern.ch:/home/sftnight/build/workspace/root-pullrequests-build; [See console output](https://lcgapp-services.cern.ch/root-jenkins/job/root-pullrequests-build/141269/console).; ### Failing tests:; - [projectroot.bindings.experimental.distrdf.test.pyunittests_distrdf_unit_test_ranges](https://lcgapp-services.cern.ch/root-jenkins/job/root-pullrequests-build/141269/testReport/projectroot.bindings.experimental.distrdf/test/pyunittests_distrdf_unit_test_ranges/); - [projectroot.roottest.python.distrdf.dask.roottest_python_distrdf_dask_test_all](https://lcgapp-services.cern.ch/root-jenkins/job/root-pullrequests-build/141269/testReport/projectroot.roottest.python.distrdf/dask/roottest_python_distrdf_dask_test_all/); - [projectroot.roottest.python.distrdf.spark.roottest_python_distrdf_spark_test_all](https://lcgapp-services.cern.ch/root-jenkins/job/root-pullrequests-build/141269/testReport/projectroot.roottest.python.distrdf/spark/roottest_python_distrdf_spark_test_all/),MatchSource.ISSUE_COMMENT,root-project,root,v6-32-06,https://github.com/root-project/root/pull/10098#issuecomment-1085825732:262,test,tests,262,https://root.cern,https://github.com/root-project/root/pull/10098#issuecomment-1085825732,6,['test'],"['test', 'testReport', 'tests']"
Testability,"Build failed on ROOT-ubuntu2004/soversion.; Running on root-ubuntu-2004-1.cern.ch:/home/sftnight/build/workspace/root-pullrequests-build; [See console output](https://lcgapp-services.cern.ch/root-jenkins/job/root-pullrequests-build/141353/console).; ### Errors:; - [2022-04-02T22:06:39.010Z] /home/sftnight/build/workspace/root-pullrequests-build/build/tree/dataframe/test/module.modulemap:3:33: error: cannot emit module dataframe_splitcoll_arrayview: size must be explicitly specified for missing header file ""TwoFloats.h"" ; - [2022-04-02T22:06:39.010Z] /home/sftnight/build/workspace/root-pullrequests-build/build/tree/dataframe/test/module.modulemap:3:33: error: cannot emit module dataframe_splitcoll_arrayview: size must be explicitly specified for missing header file ""TwoFloats.h"" ; - [2022-04-02T22:08:03.499Z] /home/sftnight/build/workspace/root-pullrequests-build/build/tree/dataframe/test/module.modulemap:10:37: error: cannot emit module dataframe_simple: size must be explicitly specified for missing header file ""MaxSlotHelper.h"" ; - [2022-04-02T22:08:03.499Z] /home/sftnight/build/workspace/root-pullrequests-build/build/tree/dataframe/test/module.modulemap:11:36: error: cannot emit module dataframe_simple: size must be explicitly specified for missing header file ""SimpleFiller.h"" ; - [2022-04-02T22:08:03.499Z] /home/sftnight/build/workspace/root-pullrequests-build/build/tree/dataframe/test/module.modulemap:11:36: error: cannot emit module dataframe_simple: size must be explicitly specified for missing header file ""SimpleFiller.h"" ; - [2022-04-02T22:08:03.499Z] /home/sftnight/build/workspace/root-pullrequests-build/build/tree/dataframe/test/module.modulemap:10:37: error: cannot emit module dataframe_simple: size must be explicitly specified for missing header file ""MaxSlotHelper.h"" . ### Warnings:; - [2022-04-02T22:04:44.206Z] /home/sftnight/build/workspace/root-pullrequests-build/root/interpreter/cling/lib/Interpreter/IncrementalJIT.cpp:186:21: warning: moving a local",MatchSource.ISSUE_COMMENT,root-project,root,v6-32-06,https://github.com/root-project/root/pull/10294#issuecomment-1086732485:368,test,test,368,https://root.cern,https://github.com/root-project/root/pull/10294#issuecomment-1086732485,3,['test'],['test']
Testability,Build failed on ROOT-ubuntu2004/soversion.; Running on root-ubuntu-2004-1.cern.ch:/home/sftnight/build/workspace/root-pullrequests-build; [See console output](https://lcgapp-services.cern.ch/root-jenkins/job/root-pullrequests-build/141437/console).; ### Failing tests:; - [projectroot.roottest.python.distrdf.common.roottest_python_distrdf_common_test_all](https://lcgapp-services.cern.ch/root-jenkins/job/root-pullrequests-build/141437/testReport/projectroot.roottest.python.distrdf/common/roottest_python_distrdf_common_test_all/),MatchSource.ISSUE_COMMENT,root-project,root,v6-32-06,https://github.com/root-project/root/pull/10307#issuecomment-1087411295:262,test,tests,262,https://root.cern,https://github.com/root-project/root/pull/10307#issuecomment-1087411295,2,['test'],"['testReport', 'tests']"
Testability,Build failed on ROOT-ubuntu2004/soversion.; Running on root-ubuntu-2004-1.cern.ch:/home/sftnight/build/workspace/root-pullrequests-build; [See console output](https://lcgapp-services.cern.ch/root-jenkins/job/root-pullrequests-build/141535/console).; ### Failing tests:; - [projectroot.roottest.root.dataframe.roottest_root_dataframe_test_snapshot](https://lcgapp-services.cern.ch/root-jenkins/job/root-pullrequests-build/141535/testReport/projectroot.roottest.root/dataframe/roottest_root_dataframe_test_snapshot/),MatchSource.ISSUE_COMMENT,root-project,root,v6-32-06,https://github.com/root-project/root/pull/10319#issuecomment-1087857232:262,test,tests,262,https://root.cern,https://github.com/root-project/root/pull/10319#issuecomment-1087857232,2,['test'],"['testReport', 'tests']"
Testability,Build failed on ROOT-ubuntu2004/soversion.; Running on root-ubuntu-2004-1.cern.ch:/home/sftnight/build/workspace/root-pullrequests-build; [See console output](https://lcgapp-services.cern.ch/root-jenkins/job/root-pullrequests-build/141689/console).; ### Failing tests:; - [projectroot.roottest.python.distrdf.dask.roottest_python_distrdf_dask_test_all](https://lcgapp-services.cern.ch/root-jenkins/job/root-pullrequests-build/141689/testReport/projectroot.roottest.python.distrdf/dask/roottest_python_distrdf_dask_test_all/),MatchSource.ISSUE_COMMENT,root-project,root,v6-32-06,https://github.com/root-project/root/pull/10275#issuecomment-1089032095:262,test,tests,262,https://root.cern,https://github.com/root-project/root/pull/10275#issuecomment-1089032095,2,['test'],"['testReport', 'tests']"
Testability,Build failed on ROOT-ubuntu2004/soversion.; Running on root-ubuntu-2004-1.cern.ch:/home/sftnight/build/workspace/root-pullrequests-build; [See console output](https://lcgapp-services.cern.ch/root-jenkins/job/root-pullrequests-build/141724/console).; ### Failing tests:; - [projectroot.roottest.root.meta.evolution.roottest_root_meta_evolution_runforeign](https://lcgapp-services.cern.ch/root-jenkins/job/root-pullrequests-build/141724/testReport/projectroot.roottest.root.meta/evolution/roottest_root_meta_evolution_runforeign/),MatchSource.ISSUE_COMMENT,root-project,root,v6-32-06,https://github.com/root-project/root/pull/10335#issuecomment-1089640972:262,test,tests,262,https://root.cern,https://github.com/root-project/root/pull/10335#issuecomment-1089640972,2,['test'],"['testReport', 'tests']"
Testability,Build failed on ROOT-ubuntu2004/soversion.; Running on root-ubuntu-2004-1.cern.ch:/home/sftnight/build/workspace/root-pullrequests-build; [See console output](https://lcgapp-services.cern.ch/root-jenkins/job/root-pullrequests-build/141794/console).; ### Failing tests:; - [projectroot.roottest.root.hist.operator.roottest_root_hist_operator_runsparse](https://lcgapp-services.cern.ch/root-jenkins/job/root-pullrequests-build/141794/testReport/projectroot.roottest.root.hist/operator/roottest_root_hist_operator_runsparse/); - [projectroot.roottest.root.io.filemerger.roottest_root_io_filemerger_execFileMerger](https://lcgapp-services.cern.ch/root-jenkins/job/root-pullrequests-build/141794/testReport/projectroot.roottest.root.io/filemerger/roottest_root_io_filemerger_execFileMerger/); - [projectroot.roottest.root.meta.evolution.roottest_root_meta_evolution_runforeign](https://lcgapp-services.cern.ch/root-jenkins/job/root-pullrequests-build/141794/testReport/projectroot.roottest.root.meta/evolution/roottest_root_meta_evolution_runforeign/),MatchSource.ISSUE_COMMENT,root-project,root,v6-32-06,https://github.com/root-project/root/pull/10280#issuecomment-1090330786:262,test,tests,262,https://root.cern,https://github.com/root-project/root/pull/10280#issuecomment-1090330786,4,['test'],"['testReport', 'tests']"
Testability,Build failed on ROOT-ubuntu2004/soversion.; Running on root-ubuntu-2004-1.cern.ch:/home/sftnight/build/workspace/root-pullrequests-build; [See console output](https://lcgapp-services.cern.ch/root-jenkins/job/root-pullrequests-build/141801/console).; ### Failing tests:; - [projectroot.roottest.root.meta.evolution.roottest_root_meta_evolution_runforeign](https://lcgapp-services.cern.ch/root-jenkins/job/root-pullrequests-build/141801/testReport/projectroot.roottest.root.meta/evolution/roottest_root_meta_evolution_runforeign/),MatchSource.ISSUE_COMMENT,root-project,root,v6-32-06,https://github.com/root-project/root/pull/10335#issuecomment-1090368268:262,test,tests,262,https://root.cern,https://github.com/root-project/root/pull/10335#issuecomment-1090368268,2,['test'],"['testReport', 'tests']"
Testability,Build failed on ROOT-ubuntu2004/soversion.; Running on root-ubuntu-2004-1.cern.ch:/home/sftnight/build/workspace/root-pullrequests-build; [See console output](https://lcgapp-services.cern.ch/root-jenkins/job/root-pullrequests-build/141928/console).; ### Failing tests:; - [projectroot.test.test_stressHistFactory_interpreted](https://lcgapp-services.cern.ch/root-jenkins/job/root-pullrequests-build/141928/testReport/projectroot/test/test_stressHistFactory_interpreted/); - [projectroot.test.test_stressroofit_interpreted](https://lcgapp-services.cern.ch/root-jenkins/job/root-pullrequests-build/141928/testReport/projectroot/test/test_stressroofit_interpreted/); - [projectroot.roofit.histfactory.test.gtest_roofit_histfactory_test_testHistFactory](https://lcgapp-services.cern.ch/root-jenkins/job/root-pullrequests-build/141928/testReport/projectroot.roofit.histfactory/test/gtest_roofit_histfactory_test_testHistFactory/); - [projectroot.roofit.hs3.test.pyunittests_roofit_hs3_histfactory_json](https://lcgapp-services.cern.ch/root-jenkins/job/root-pullrequests-build/141928/testReport/projectroot.roofit.hs3/test/pyunittests_roofit_hs3_histfactory_json/),MatchSource.ISSUE_COMMENT,root-project,root,v6-32-06,https://github.com/root-project/root/pull/10349#issuecomment-1091793643:262,test,tests,262,https://root.cern,https://github.com/root-project/root/pull/10349#issuecomment-1091793643,13,['test'],"['test', 'testReport', 'tests']"
Testability,Build failed on ROOT-ubuntu2004/soversion.; Running on root-ubuntu-2004-1.cern.ch:/home/sftnight/build/workspace/root-pullrequests-build; [See console output](https://lcgapp-services.cern.ch/root-jenkins/job/root-pullrequests-build/141977/console).; ### Failing tests:; - [projectroot.test.test_stressHistFactory_interpreted](https://lcgapp-services.cern.ch/root-jenkins/job/root-pullrequests-build/141977/testReport/projectroot/test/test_stressHistFactory_interpreted/); - [projectroot.test.test_stressroofit_interpreted](https://lcgapp-services.cern.ch/root-jenkins/job/root-pullrequests-build/141977/testReport/projectroot/test/test_stressroofit_interpreted/); - [projectroot.roofit.histfactory.test.gtest_roofit_histfactory_test_testHistFactory](https://lcgapp-services.cern.ch/root-jenkins/job/root-pullrequests-build/141977/testReport/projectroot.roofit.histfactory/test/gtest_roofit_histfactory_test_testHistFactory/); - [projectroot.roofit.hs3.test.pyunittests_roofit_hs3_histfactory_json](https://lcgapp-services.cern.ch/root-jenkins/job/root-pullrequests-build/141977/testReport/projectroot.roofit.hs3/test/pyunittests_roofit_hs3_histfactory_json/),MatchSource.ISSUE_COMMENT,root-project,root,v6-32-06,https://github.com/root-project/root/pull/10349#issuecomment-1091955726:262,test,tests,262,https://root.cern,https://github.com/root-project/root/pull/10349#issuecomment-1091955726,13,['test'],"['test', 'testReport', 'tests']"
Testability,Build failed on ROOT-ubuntu2004/soversion.; Running on root-ubuntu-2004-1.cern.ch:/home/sftnight/build/workspace/root-pullrequests-build; [See console output](https://lcgapp-services.cern.ch/root-jenkins/job/root-pullrequests-build/142120/console).; ### Failing tests:; - [projectroot.roottest.root.roofitstats.vectorisedPDFs.gtesttest_root_roofitstats_vectorisedPDFs_testBernstein](https://lcgapp-services.cern.ch/root-jenkins/job/root-pullrequests-build/142120/testReport/projectroot.roottest.root.roofitstats/vectorisedPDFs/gtesttest_root_roofitstats_vectorisedPDFs_testBernstein/),MatchSource.ISSUE_COMMENT,root-project,root,v6-32-06,https://github.com/root-project/root/pull/10362#issuecomment-1093001125:262,test,tests,262,https://root.cern,https://github.com/root-project/root/pull/10362#issuecomment-1093001125,2,['test'],"['testReport', 'tests']"
Testability,Build failed on ROOT-ubuntu2004/soversion.; Running on root-ubuntu-2004-1.cern.ch:/home/sftnight/build/workspace/root-pullrequests-build; [See console output](https://lcgapp-services.cern.ch/root-jenkins/job/root-pullrequests-build/142211/console).; ### Failing tests:; - [projectroot.bindings.experimental.distrdf.test.backend.pyunittests_distrdf_unit_backend_test_dist](https://lcgapp-services.cern.ch/root-jenkins/job/root-pullrequests-build/142211/testReport/projectroot.bindings.experimental.distrdf.test/backend/pyunittests_distrdf_unit_backend_test_dist/); - [projectroot.roottest.python.distrdf.dask.roottest_python_distrdf_dask_test_all](https://lcgapp-services.cern.ch/root-jenkins/job/root-pullrequests-build/142211/testReport/projectroot.roottest.python.distrdf/dask/roottest_python_distrdf_dask_test_all/); - [projectroot.roottest.python.distrdf.spark.roottest_python_distrdf_spark_test_all](https://lcgapp-services.cern.ch/root-jenkins/job/root-pullrequests-build/142211/testReport/projectroot.roottest.python.distrdf/spark/roottest_python_distrdf_spark_test_all/),MatchSource.ISSUE_COMMENT,root-project,root,v6-32-06,https://github.com/root-project/root/pull/10368#issuecomment-1093423757:262,test,tests,262,https://root.cern,https://github.com/root-project/root/pull/10368#issuecomment-1093423757,6,['test'],"['test', 'testReport', 'tests']"
Testability,Build failed on ROOT-ubuntu2004/soversion.; Running on root-ubuntu-2004-1.cern.ch:/home/sftnight/build/workspace/root-pullrequests-build; [See console output](https://lcgapp-services.cern.ch/root-jenkins/job/root-pullrequests-build/142232/console).; ### Failing tests:; - [projectroot.roottest.python.distrdf.dask.roottest_python_distrdf_dask_test_all](https://lcgapp-services.cern.ch/root-jenkins/job/root-pullrequests-build/142232/testReport/projectroot.roottest.python.distrdf/dask/roottest_python_distrdf_dask_test_all/); - [projectroot.roottest.python.distrdf.spark.roottest_python_distrdf_spark_test_all](https://lcgapp-services.cern.ch/root-jenkins/job/root-pullrequests-build/142232/testReport/projectroot.roottest.python.distrdf/spark/roottest_python_distrdf_spark_test_all/),MatchSource.ISSUE_COMMENT,root-project,root,v6-32-06,https://github.com/root-project/root/pull/10368#issuecomment-1093827959:262,test,tests,262,https://root.cern,https://github.com/root-project/root/pull/10368#issuecomment-1093827959,3,['test'],"['testReport', 'tests']"
Testability,Build failed on ROOT-ubuntu2004/soversion.; Running on root-ubuntu-2004-1.cern.ch:/home/sftnight/build/workspace/root-pullrequests-build; [See console output](https://lcgapp-services.cern.ch/root-jenkins/job/root-pullrequests-build/142295/console).; ### Errors:; - [2022-04-11T09:57:55.085Z] FAILED: tree/tree/test/ElementStructDict.cxx tree/tree/test/libElementStructDict_rdict.pcm tree/tree/test/libElementStructDict.rootmap ; - [2022-04-11T09:57:55.085Z] /home/sftnight/build/workspace/root-pullrequests-build/build/include/ROOT/RConfig.hxx:22:10: fatal error: 'ROOT/RVersion.hxx' file not found ; - [2022-04-11T09:57:55.085Z] /home/sftnight/build/workspace/root-pullrequests-build/build/include/ROOT/RConfig.hxx:22:10: fatal error: 'ROOT/RVersion.hxx' file not found,MatchSource.ISSUE_COMMENT,root-project,root,v6-32-06,https://github.com/root-project/root/pull/10077#issuecomment-1094844474:310,test,test,310,https://root.cern,https://github.com/root-project/root/pull/10077#issuecomment-1094844474,3,['test'],['test']
Testability,Build failed on ROOT-ubuntu2004/soversion.; Running on root-ubuntu-2004-1.cern.ch:/home/sftnight/build/workspace/root-pullrequests-build; [See console output](https://lcgapp-services.cern.ch/root-jenkins/job/root-pullrequests-build/142323/console).; ### Failing tests:; - [projectroot.roottest.root.hist.operator.roottest_root_hist_operator_runsparse](https://lcgapp-services.cern.ch/root-jenkins/job/root-pullrequests-build/142323/testReport/projectroot.roottest.root.hist/operator/roottest_root_hist_operator_runsparse/); - [projectroot.roottest.root.io.filemerger.roottest_root_io_filemerger_execFileMerger](https://lcgapp-services.cern.ch/root-jenkins/job/root-pullrequests-build/142323/testReport/projectroot.roottest.root.io/filemerger/roottest_root_io_filemerger_execFileMerger/),MatchSource.ISSUE_COMMENT,root-project,root,v6-32-06,https://github.com/root-project/root/pull/10377#issuecomment-1095190608:262,test,tests,262,https://root.cern,https://github.com/root-project/root/pull/10377#issuecomment-1095190608,3,['test'],"['testReport', 'tests']"
Testability,Build failed on ROOT-ubuntu2004/soversion.; Running on root-ubuntu-2004-1.cern.ch:/home/sftnight/build/workspace/root-pullrequests-build; [See console output](https://lcgapp-services.cern.ch/root-jenkins/job/root-pullrequests-build/142436/console).; ### Failing tests:; - [projectroot.roottest.python.distrdf.dask.roottest_python_distrdf_dask_test_all](https://lcgapp-services.cern.ch/root-jenkins/job/root-pullrequests-build/142436/testReport/projectroot.roottest.python.distrdf/dask/roottest_python_distrdf_dask_test_all/); - [projectroot.roottest.python.distrdf.spark.roottest_python_distrdf_spark_test_all](https://lcgapp-services.cern.ch/root-jenkins/job/root-pullrequests-build/142436/testReport/projectroot.roottest.python.distrdf/spark/roottest_python_distrdf_spark_test_all/),MatchSource.ISSUE_COMMENT,root-project,root,v6-32-06,https://github.com/root-project/root/pull/10391#issuecomment-1097754167:262,test,tests,262,https://root.cern,https://github.com/root-project/root/pull/10391#issuecomment-1097754167,3,['test'],"['testReport', 'tests']"
Testability,Build failed on ROOT-ubuntu2004/soversion.; Running on root-ubuntu-2004-1.cern.ch:/home/sftnight/build/workspace/root-pullrequests-build; [See console output](https://lcgapp-services.cern.ch/root-jenkins/job/root-pullrequests-build/142549/console).; ### Failing tests:; - [projectroot.roottest.root.hist.roottest_root_hist_h2root](https://lcgapp-services.cern.ch/root-jenkins/job/root-pullrequests-build/142549/testReport/projectroot.roottest.root/hist/roottest_root_hist_h2root/); - [projectroot.test.test_stressroostats_interpreted](https://lcgapp-services.cern.ch/root-jenkins/job/root-pullrequests-build/142549/testReport/projectroot/test/test_stressroostats_interpreted/),MatchSource.ISSUE_COMMENT,root-project,root,v6-32-06,https://github.com/root-project/root/pull/10397#issuecomment-1098574143:262,test,tests,262,https://root.cern,https://github.com/root-project/root/pull/10397#issuecomment-1098574143,5,['test'],"['test', 'testReport', 'tests']"
Testability,Build failed on ROOT-ubuntu2004/soversion.; Running on root-ubuntu-2004-1.cern.ch:/home/sftnight/build/workspace/root-pullrequests-build; [See console output](https://lcgapp-services.cern.ch/root-jenkins/job/root-pullrequests-build/142668/console).; ### Errors:; - [2022-04-14T14:49:59.525Z] FAILED: core/cont/test/CMakeFiles/coreconttestUnit.dir/TSeqTests.cxx.o ; - [2022-04-14T14:49:59.784Z] /home/sftnight/build/workspace/root-pullrequests-build/root/core/cont/inc/ROOT/TSeq.hxx:84:32: error: non-constant condition for static assertion ; - [2022-04-14T14:49:59.784Z] /home/sftnight/build/workspace/root-pullrequests-build/root/core/cont/inc/ROOT/TSeq.hxx:84:32: error: ‘theStep’ is not a constant expression ; - [2022-04-14T14:49:59.784Z] FAILED: core/cont/test/CMakeFiles/TSeqTests.dir/TSeqTests.cxx.o ; - [2022-04-14T14:50:00.044Z] /home/sftnight/build/workspace/root-pullrequests-build/root/core/cont/inc/ROOT/TSeq.hxx:84:32: error: non-constant condition for static assertion ; - [2022-04-14T14:50:00.044Z] /home/sftnight/build/workspace/root-pullrequests-build/root/core/cont/inc/ROOT/TSeq.hxx:84:32: error: ‘theStep’ is not a constant expression,MatchSource.ISSUE_COMMENT,root-project,root,v6-32-06,https://github.com/root-project/root/pull/10407#issuecomment-1099266861:310,test,test,310,https://root.cern,https://github.com/root-project/root/pull/10407#issuecomment-1099266861,4,"['assert', 'test']","['assertion', 'test']"
Testability,Build failed on ROOT-ubuntu2004/soversion.; Running on root-ubuntu-2004-1.cern.ch:/home/sftnight/build/workspace/root-pullrequests-build; [See console output](https://lcgapp-services.cern.ch/root-jenkins/job/root-pullrequests-build/142795/console).; ### Failing tests:; - [projectroot.roofit.histfactory.test.gtest_roofit_histfactory_test_testHistFactory](https://lcgapp-services.cern.ch/root-jenkins/job/root-pullrequests-build/142795/testReport/projectroot.roofit.histfactory/test/gtest_roofit_histfactory_test_testHistFactory/); - [projectroot.roottest.root.io.bigevent.roottest_root_io_bigevent_make](https://lcgapp-services.cern.ch/root-jenkins/job/root-pullrequests-build/142795/testReport/projectroot.roottest.root.io/bigevent/roottest_root_io_bigevent_make/); - [projectroot.roottest.root.io.compression.roottest_root_io_compression_make](https://lcgapp-services.cern.ch/root-jenkins/job/root-pullrequests-build/142795/testReport/projectroot.roottest.root.io/compression/roottest_root_io_compression_make/),MatchSource.ISSUE_COMMENT,root-project,root,v6-32-06,https://github.com/root-project/root/pull/10416#issuecomment-1103191224:262,test,tests,262,https://root.cern,https://github.com/root-project/root/pull/10416#issuecomment-1103191224,6,['test'],"['test', 'testReport', 'tests']"
Testability,Build failed on ROOT-ubuntu2004/soversion.; Running on root-ubuntu-2004-1.cern.ch:/home/sftnight/build/workspace/root-pullrequests-build; [See console output](https://lcgapp-services.cern.ch/root-jenkins/job/root-pullrequests-build/142837/console).; ### Failing tests:; - [projectroot.math.mathcore.test.gtest_math_mathcore_test_GradientUnit](https://lcgapp-services.cern.ch/root-jenkins/job/root-pullrequests-build/142837/testReport/projectroot.math.mathcore/test/gtest_math_mathcore_test_GradientUnit/),MatchSource.ISSUE_COMMENT,root-project,root,v6-32-06,https://github.com/root-project/root/pull/10420#issuecomment-1103982804:262,test,tests,262,https://root.cern,https://github.com/root-project/root/pull/10420#issuecomment-1103982804,4,['test'],"['test', 'testReport', 'tests']"
Testability,Build failed on ROOT-ubuntu2004/soversion.; Running on root-ubuntu-2004-1.cern.ch:/home/sftnight/build/workspace/root-pullrequests-build; [See console output](https://lcgapp-services.cern.ch/root-jenkins/job/root-pullrequests-build/142851/console).; ### Failing tests:; - [projectroot.roottest.python.distrdf.dask.roottest_python_distrdf_dask_test_all](https://lcgapp-services.cern.ch/root-jenkins/job/root-pullrequests-build/142851/testReport/projectroot.roottest.python.distrdf/dask/roottest_python_distrdf_dask_test_all/),MatchSource.ISSUE_COMMENT,root-project,root,v6-32-06,https://github.com/root-project/root/pull/10421#issuecomment-1104016726:262,test,tests,262,https://root.cern,https://github.com/root-project/root/pull/10421#issuecomment-1104016726,2,['test'],"['testReport', 'tests']"
Testability,Build failed on ROOT-ubuntu2004/soversion.; Running on root-ubuntu-2004-1.cern.ch:/home/sftnight/build/workspace/root-pullrequests-build; [See console output](https://lcgapp-services.cern.ch/root-jenkins/job/root-pullrequests-build/142865/console).; ### Failing tests:; - [projectroot.math.mathcore.test.gtest_math_mathcore_test_GradientUnit](https://lcgapp-services.cern.ch/root-jenkins/job/root-pullrequests-build/142865/testReport/projectroot.math.mathcore/test/gtest_math_mathcore_test_GradientUnit/),MatchSource.ISSUE_COMMENT,root-project,root,v6-32-06,https://github.com/root-project/root/pull/10420#issuecomment-1104049332:262,test,tests,262,https://root.cern,https://github.com/root-project/root/pull/10420#issuecomment-1104049332,4,['test'],"['test', 'testReport', 'tests']"
Testability,Build failed on ROOT-ubuntu2004/soversion.; Running on root-ubuntu-2004-1.cern.ch:/home/sftnight/build/workspace/root-pullrequests-build; [See console output](https://lcgapp-services.cern.ch/root-jenkins/job/root-pullrequests-build/142880/console).; ### Failing tests:; - [projectroot.roottest.root.io.stdpair.roottest_root_io_stdpair_pairEnumEvo_0_0_0_1](https://lcgapp-services.cern.ch/root-jenkins/job/root-pullrequests-build/142880/testReport/projectroot.roottest.root.io/stdpair/roottest_root_io_stdpair_pairEnumEvo_0_0_0_1/); - [projectroot.roottest.root.io.stdpair.roottest_root_io_stdpair_pairEnumEvo_0_0_0_0](https://lcgapp-services.cern.ch/root-jenkins/job/root-pullrequests-build/142880/testReport/projectroot.roottest.root.io/stdpair/roottest_root_io_stdpair_pairEnumEvo_0_0_0_0/); - [projectroot.roottest.root.io.stdpair.roottest_root_io_stdpair_pairEnumEvo_0_1_0_0](https://lcgapp-services.cern.ch/root-jenkins/job/root-pullrequests-build/142880/testReport/projectroot.roottest.root.io/stdpair/roottest_root_io_stdpair_pairEnumEvo_0_1_0_0/); - [projectroot.roottest.root.io.stdpair.roottest_root_io_stdpair_pairEnumEvo_0_1_0_1](https://lcgapp-services.cern.ch/root-jenkins/job/root-pullrequests-build/142880/testReport/projectroot.roottest.root.io/stdpair/roottest_root_io_stdpair_pairEnumEvo_0_1_0_1/); - [projectroot.roottest.root.io.stdpair.roottest_root_io_stdpair_pairEnumEvo_1_0_0_1](https://lcgapp-services.cern.ch/root-jenkins/job/root-pullrequests-build/142880/testReport/projectroot.roottest.root.io/stdpair/roottest_root_io_stdpair_pairEnumEvo_1_0_0_1/); - [projectroot.roottest.root.io.stdpair.roottest_root_io_stdpair_pairEnumEvo_1_0_0_0](https://lcgapp-services.cern.ch/root-jenkins/job/root-pullrequests-build/142880/testReport/projectroot.roottest.root.io/stdpair/roottest_root_io_stdpair_pairEnumEvo_1_0_0_0/); - [projectroot.roottest.root.io.stdpair.roottest_root_io_stdpair_pairEnumEvo_1_1_0_0](https://lcgapp-services.cern.ch/root-jenkins/job/root-pullrequests-build/,MatchSource.ISSUE_COMMENT,root-project,root,v6-32-06,https://github.com/root-project/root/pull/10416#issuecomment-1104251517:262,test,tests,262,https://root.cern,https://github.com/root-project/root/pull/10416#issuecomment-1104251517,4,['test'],"['testReport', 'tests']"
Testability,Build failed on ROOT-ubuntu2004/soversion.; Running on root-ubuntu-2004-1.cern.ch:/home/sftnight/build/workspace/root-pullrequests-build; [See console output](https://lcgapp-services.cern.ch/root-jenkins/job/root-pullrequests-build/142976/console).; ### Failing tests:; - [projectroot.roottest.root.tree.index.roottest_root_tree_index_make](https://lcgapp-services.cern.ch/root-jenkins/job/root-pullrequests-build/142976/testReport/projectroot.roottest.root.tree/index/roottest_root_tree_index_make/),MatchSource.ISSUE_COMMENT,root-project,root,v6-32-06,https://github.com/root-project/root/pull/8170#issuecomment-1106194898:262,test,tests,262,https://root.cern,https://github.com/root-project/root/pull/8170#issuecomment-1106194898,2,['test'],"['testReport', 'tests']"
Testability,Build failed on ROOT-ubuntu2004/soversion.; Running on root-ubuntu-2004-1.cern.ch:/home/sftnight/build/workspace/root-pullrequests-build; [See console output](https://lcgapp-services.cern.ch/root-jenkins/job/root-pullrequests-build/143033/console).; ### Failing tests:; - [projectroot.roottest.python.distrdf.spark.roottest_python_distrdf_spark_test_all](https://lcgapp-services.cern.ch/root-jenkins/job/root-pullrequests-build/143033/testReport/projectroot.roottest.python.distrdf/spark/roottest_python_distrdf_spark_test_all/); - [projectroot.roottest.python.distrdf.dask.roottest_python_distrdf_dask_test_all](https://lcgapp-services.cern.ch/root-jenkins/job/root-pullrequests-build/143033/testReport/projectroot.roottest.python.distrdf/dask/roottest_python_distrdf_dask_test_all/); - [projectroot.roottest.root.tree.index.roottest_root_tree_index_make](https://lcgapp-services.cern.ch/root-jenkins/job/root-pullrequests-build/143033/testReport/projectroot.roottest.root.tree/index/roottest_root_tree_index_make/),MatchSource.ISSUE_COMMENT,root-project,root,v6-32-06,https://github.com/root-project/root/pull/8170#issuecomment-1108269188:262,test,tests,262,https://root.cern,https://github.com/root-project/root/pull/8170#issuecomment-1108269188,4,['test'],"['testReport', 'tests']"
Testability,Build failed on ROOT-ubuntu2004/soversion.; Running on root-ubuntu-2004-1.cern.ch:/home/sftnight/build/workspace/root-pullrequests-build; [See console output](https://lcgapp-services.cern.ch/root-jenkins/job/root-pullrequests-build/143040/console).; ### Failing tests:; - [projectroot.roottest.python.distrdf.dask.roottest_python_distrdf_dask_test_all](https://lcgapp-services.cern.ch/root-jenkins/job/root-pullrequests-build/143040/testReport/projectroot.roottest.python.distrdf/dask/roottest_python_distrdf_dask_test_all/); - [projectroot.roottest.python.distrdf.spark.roottest_python_distrdf_spark_test_all](https://lcgapp-services.cern.ch/root-jenkins/job/root-pullrequests-build/143040/testReport/projectroot.roottest.python.distrdf/spark/roottest_python_distrdf_spark_test_all/),MatchSource.ISSUE_COMMENT,root-project,root,v6-32-06,https://github.com/root-project/root/pull/10438#issuecomment-1108401487:262,test,tests,262,https://root.cern,https://github.com/root-project/root/pull/10438#issuecomment-1108401487,3,['test'],"['testReport', 'tests']"
Testability,Build failed on ROOT-ubuntu2004/soversion.; Running on root-ubuntu-2004-1.cern.ch:/home/sftnight/build/workspace/root-pullrequests-build; [See console output](https://lcgapp-services.cern.ch/root-jenkins/job/root-pullrequests-build/143048/console).; ### Failing tests:; - [projectroot.roottest.python.distrdf.dask.roottest_python_distrdf_dask_test_all](https://lcgapp-services.cern.ch/root-jenkins/job/root-pullrequests-build/143048/testReport/projectroot.roottest.python.distrdf/dask/roottest_python_distrdf_dask_test_all/); - [projectroot.roottest.python.distrdf.spark.roottest_python_distrdf_spark_test_all](https://lcgapp-services.cern.ch/root-jenkins/job/root-pullrequests-build/143048/testReport/projectroot.roottest.python.distrdf/spark/roottest_python_distrdf_spark_test_all/),MatchSource.ISSUE_COMMENT,root-project,root,v6-32-06,https://github.com/root-project/root/pull/10438#issuecomment-1108444889:262,test,tests,262,https://root.cern,https://github.com/root-project/root/pull/10438#issuecomment-1108444889,3,['test'],"['testReport', 'tests']"
Testability,Build failed on ROOT-ubuntu2004/soversion.; Running on root-ubuntu-2004-1.cern.ch:/home/sftnight/build/workspace/root-pullrequests-build; [See console output](https://lcgapp-services.cern.ch/root-jenkins/job/root-pullrequests-build/143069/console).; ### Failing tests:; - [projectroot.roottest.python.distrdf.dask.roottest_python_distrdf_dask_test_all](https://lcgapp-services.cern.ch/root-jenkins/job/root-pullrequests-build/143069/testReport/projectroot.roottest.python.distrdf/dask/roottest_python_distrdf_dask_test_all/); - [projectroot.roottest.python.distrdf.spark.roottest_python_distrdf_spark_test_all](https://lcgapp-services.cern.ch/root-jenkins/job/root-pullrequests-build/143069/testReport/projectroot.roottest.python.distrdf/spark/roottest_python_distrdf_spark_test_all/),MatchSource.ISSUE_COMMENT,root-project,root,v6-32-06,https://github.com/root-project/root/pull/10350#issuecomment-1108477468:262,test,tests,262,https://root.cern,https://github.com/root-project/root/pull/10350#issuecomment-1108477468,3,['test'],"['testReport', 'tests']"
Testability,Build failed on ROOT-ubuntu2004/soversion.; Running on root-ubuntu-2004-1.cern.ch:/home/sftnight/build/workspace/root-pullrequests-build; [See console output](https://lcgapp-services.cern.ch/root-jenkins/job/root-pullrequests-build/143076/console).; ### Failing tests:; - [projectroot.roottest.python.distrdf.dask.roottest_python_distrdf_dask_test_all](https://lcgapp-services.cern.ch/root-jenkins/job/root-pullrequests-build/143076/testReport/projectroot.roottest.python.distrdf/dask/roottest_python_distrdf_dask_test_all/); - [projectroot.roottest.python.distrdf.spark.roottest_python_distrdf_spark_test_all](https://lcgapp-services.cern.ch/root-jenkins/job/root-pullrequests-build/143076/testReport/projectroot.roottest.python.distrdf/spark/roottest_python_distrdf_spark_test_all/),MatchSource.ISSUE_COMMENT,root-project,root,v6-32-06,https://github.com/root-project/root/pull/8170#issuecomment-1108505239:262,test,tests,262,https://root.cern,https://github.com/root-project/root/pull/8170#issuecomment-1108505239,3,['test'],"['testReport', 'tests']"
Testability,Build failed on ROOT-ubuntu2004/soversion.; Running on root-ubuntu-2004-1.cern.ch:/home/sftnight/build/workspace/root-pullrequests-build; [See console output](https://lcgapp-services.cern.ch/root-jenkins/job/root-pullrequests-build/143090/console).; ### Failing tests:; - [projectroot.roottest.python.distrdf.dask.roottest_python_distrdf_dask_test_all](https://lcgapp-services.cern.ch/root-jenkins/job/root-pullrequests-build/143090/testReport/projectroot.roottest.python.distrdf/dask/roottest_python_distrdf_dask_test_all/); - [projectroot.roottest.python.distrdf.spark.roottest_python_distrdf_spark_test_all](https://lcgapp-services.cern.ch/root-jenkins/job/root-pullrequests-build/143090/testReport/projectroot.roottest.python.distrdf/spark/roottest_python_distrdf_spark_test_all/),MatchSource.ISSUE_COMMENT,root-project,root,v6-32-06,https://github.com/root-project/root/pull/10443#issuecomment-1108629175:262,test,tests,262,https://root.cern,https://github.com/root-project/root/pull/10443#issuecomment-1108629175,3,['test'],"['testReport', 'tests']"
Testability,Build failed on ROOT-ubuntu2004/soversion.; Running on root-ubuntu-2004-1.cern.ch:/home/sftnight/build/workspace/root-pullrequests-build; [See console output](https://lcgapp-services.cern.ch/root-jenkins/job/root-pullrequests-build/143484/console).; ### Failing tests:; - [projectroot.roottest.root.hist.operator.roottest_root_hist_operator_runsparse](https://lcgapp-services.cern.ch/root-jenkins/job/root-pullrequests-build/143484/testReport/projectroot.roottest.root.hist/operator/roottest_root_hist_operator_runsparse/); - [projectroot.roottest.root.io.filemerger.roottest_root_io_filemerger_execFileMerger](https://lcgapp-services.cern.ch/root-jenkins/job/root-pullrequests-build/143484/testReport/projectroot.roottest.root.io/filemerger/roottest_root_io_filemerger_execFileMerger/),MatchSource.ISSUE_COMMENT,root-project,root,v6-32-06,https://github.com/root-project/root/pull/10475#issuecomment-1111543679:262,test,tests,262,https://root.cern,https://github.com/root-project/root/pull/10475#issuecomment-1111543679,3,['test'],"['testReport', 'tests']"
Testability,Build failed on ROOT-ubuntu2004/soversion.; Running on root-ubuntu-2004-1.cern.ch:/home/sftnight/build/workspace/root-pullrequests-build; [See console output](https://lcgapp-services.cern.ch/root-jenkins/job/root-pullrequests-build/143659/console).; ### Failing tests:; - [projectroot.tree.dataframe.test.gtest_tree_dataframe_test_datasource_csv](https://lcgapp-services.cern.ch/root-jenkins/job/root-pullrequests-build/143659/testReport/projectroot.tree.dataframe/test/gtest_tree_dataframe_test_datasource_csv/),MatchSource.ISSUE_COMMENT,root-project,root,v6-32-06,https://github.com/root-project/root/pull/10488#issuecomment-1112549955:262,test,tests,262,https://root.cern,https://github.com/root-project/root/pull/10488#issuecomment-1112549955,4,['test'],"['test', 'testReport', 'tests']"
Testability,Build failed on ROOT-ubuntu2004/soversion.; Running on root-ubuntu-2004-1.cern.ch:/home/sftnight/build/workspace/root-pullrequests-build; [See console output](https://lcgapp-services.cern.ch/root-jenkins/job/root-pullrequests-build/143758/console).; ### Failing tests:; - [projectroot.roofit.roofitcore.test.gtest_roofit_roofitcore_test_testRooSimultaneous](https://lcgapp-services.cern.ch/root-jenkins/job/root-pullrequests-build/143758/testReport/projectroot.roofit.roofitcore/test/gtest_roofit_roofitcore_test_testRooSimultaneous/),MatchSource.ISSUE_COMMENT,root-project,root,v6-32-06,https://github.com/root-project/root/pull/10495#issuecomment-1113504727:262,test,tests,262,https://root.cern,https://github.com/root-project/root/pull/10495#issuecomment-1113504727,4,['test'],"['test', 'testReport', 'tests']"
Testability,Build failed on ROOT-ubuntu2004/soversion.; Running on root-ubuntu-2004-1.cern.ch:/home/sftnight/build/workspace/root-pullrequests-build; [See console output](https://lcgapp-services.cern.ch/root-jenkins/job/root-pullrequests-build/144508/console).; ### Failing tests:; - [projectroot.roottest.root.hist.roottest_root_hist_h2root](https://lcgapp-services.cern.ch/root-jenkins/job/root-pullrequests-build/144508/testReport/projectroot.roottest.root/hist/roottest_root_hist_h2root/); - [projectroot.interpreter.clingtest_check_cling](https://lcgapp-services.cern.ch/root-jenkins/job/root-pullrequests-build/144508/testReport/projectroot/interpreter/clingtest_check_cling/); - [projectroot.roottest.root.meta.roottest_root_meta_countIncludePaths](https://lcgapp-services.cern.ch/root-jenkins/job/root-pullrequests-build/144508/testReport/projectroot.roottest.root/meta/roottest_root_meta_countIncludePaths/),MatchSource.ISSUE_COMMENT,root-project,root,v6-32-06,https://github.com/root-project/root/pull/9904#issuecomment-1122861944:262,test,tests,262,https://root.cern,https://github.com/root-project/root/pull/9904#issuecomment-1122861944,4,['test'],"['testReport', 'tests']"
Testability,Build failed on ROOT-ubuntu2004/soversion.; Running on root-ubuntu-2004-1.cern.ch:/home/sftnight/build/workspace/root-pullrequests-build; [See console output](https://lcgapp-services.cern.ch/root-jenkins/job/root-pullrequests-build/144586/console).; ### Failing tests:; - [projectroot.roottest.root.hist.operator.roottest_root_hist_operator_runsparse](https://lcgapp-services.cern.ch/root-jenkins/job/root-pullrequests-build/144586/testReport/projectroot.roottest.root.hist/operator/roottest_root_hist_operator_runsparse/); - [projectroot.roottest.root.io.filemerger.roottest_root_io_filemerger_execFileMerger](https://lcgapp-services.cern.ch/root-jenkins/job/root-pullrequests-build/144586/testReport/projectroot.roottest.root.io/filemerger/roottest_root_io_filemerger_execFileMerger/),MatchSource.ISSUE_COMMENT,root-project,root,v6-32-06,https://github.com/root-project/root/pull/10564#issuecomment-1123828463:262,test,tests,262,https://root.cern,https://github.com/root-project/root/pull/10564#issuecomment-1123828463,3,['test'],"['testReport', 'tests']"
Testability,Build failed on ROOT-ubuntu2004/soversion.; Running on root-ubuntu-2004-1.cern.ch:/home/sftnight/build/workspace/root-pullrequests-build; [See console output](https://lcgapp-services.cern.ch/root-jenkins/job/root-pullrequests-build/144692/console).; ### Errors:; - [2022-05-12T15:19:04.260Z] FAILED: test/CMakeFiles/stressIterators.dir/stressIterators.cxx.o ; - [2022-05-12T15:19:04.260Z] /home/sftnight/build/workspace/root-pullrequests-build/root/test/stressIterators.h:160:41: error: no type named ‘difference_type’ in ‘class TIterCategory&lt;TMap&gt;’ ; - [2022-05-12T15:19:04.260Z] /home/sftnight/build/workspace/root-pullrequests-build/root/test/stressIterators.h:160:41: error: no type named ‘difference_type’ in ‘class TIterCategory&lt;TMap&gt;’ ; - [2022-05-12T15:19:04.260Z] /home/sftnight/build/workspace/root-pullrequests-build/root/test/stressIterators.h:160:41: error: no type named ‘difference_type’ in ‘class TIterCategory&lt;TBtree&gt;’ ; - [2022-05-12T15:19:04.260Z] /home/sftnight/build/workspace/root-pullrequests-build/root/test/stressIterators.h:160:41: error: no type named ‘difference_type’ in ‘class TIterCategory&lt;TBtree&gt;’ ; - [2022-05-12T15:19:04.260Z] /usr/include/c++/9/bits/stl_algo.h:162:34: error: no matching function for call to ‘__iterator_category(TIterCategory&lt;TMap&gt;&)’ ; - [2022-05-12T15:19:04.260Z] /usr/include/c++/9/bits/stl_iterator_base_types.h:205:5: error: no type named ‘iterator_category’ in ‘struct std::iterator_traits&lt;TIterCategory&lt;TMap&gt; &gt;’ ; - [2022-05-12T15:19:04.260Z] /usr/include/c++/9/bits/stl_algo.h:162:34: error: no matching function for call to ‘__iterator_category(TIterCategory&lt;TBtree&gt;&)’ ; - [2022-05-12T15:19:04.260Z] /usr/include/c++/9/bits/stl_iterator_base_types.h:205:5: error: no type named ‘iterator_category’ in ‘struct std::iterator_traits&lt;TIterCategory&lt;TBtree&gt; &gt;’,MatchSource.ISSUE_COMMENT,root-project,root,v6-32-06,https://github.com/root-project/root/pull/10571#issuecomment-1125124286:300,test,test,300,https://root.cern,https://github.com/root-project/root/pull/10571#issuecomment-1125124286,5,['test'],['test']
Testability,Build failed on ROOT-ubuntu2004/soversion.; Running on root-ubuntu-2004-1.cern.ch:/home/sftnight/build/workspace/root-pullrequests-build; [See console output](https://lcgapp-services.cern.ch/root-jenkins/job/root-pullrequests-build/144755/console).; ### Errors:; - [2022-05-13T11:27:43.174Z] FAILED: tree/dataframe/test/CMakeFiles/dataframe_merge_results.dir/dataframe_merge_results.cxx.o ; - [2022-05-13T11:27:44.212Z] /usr/include/c++/9/ext/new_allocator.h:146:4: error: no matching function for call to ‘ROOT::Internal::RDF::FillParHelper&lt;TStatistic&gt;::FillParHelper(ROOT::Internal::RDF::FillHelper)’,MatchSource.ISSUE_COMMENT,root-project,root,v6-32-06,https://github.com/root-project/root/pull/10575#issuecomment-1125957212:315,test,test,315,https://root.cern,https://github.com/root-project/root/pull/10575#issuecomment-1125957212,1,['test'],['test']
Testability,Build failed on ROOT-ubuntu2004/soversion.; Running on root-ubuntu-2004-1.cern.ch:/home/sftnight/build/workspace/root-pullrequests-build; [See console output](https://lcgapp-services.cern.ch/root-jenkins/job/root-pullrequests-build/145200/console).; ### Failing tests:; - [projectroot.roottest.root.io.filemerger.roottest_root_io_filemerger_execFileMerger](https://lcgapp-services.cern.ch/root-jenkins/job/root-pullrequests-build/145200/testReport/projectroot.roottest.root.io/filemerger/roottest_root_io_filemerger_execFileMerger/),MatchSource.ISSUE_COMMENT,root-project,root,v6-32-06,https://github.com/root-project/root/pull/10596#issuecomment-1128644803:262,test,tests,262,https://root.cern,https://github.com/root-project/root/pull/10596#issuecomment-1128644803,2,['test'],"['testReport', 'tests']"
Testability,Build failed on ROOT-ubuntu2004/soversion.; Running on root-ubuntu-2004-1.cern.ch:/home/sftnight/build/workspace/root-pullrequests-build; [See console output](https://lcgapp-services.cern.ch/root-jenkins/job/root-pullrequests-build/145333/console).; ### Errors:; - [2022-05-18T10:39:41.455Z] FAILED: tree/dataframe/test/CMakeFiles/dataframe_merge_results.dir/dataframe_merge_results.cxx.o ; - [2022-05-18T10:39:42.043Z] /usr/include/c++/9/ext/new_allocator.h:146:4: error: no matching function for call to ‘ROOT::Internal::RDF::FillParHelper&lt;TStatistic&gt;::FillParHelper(ROOT::Internal::RDF::FillHelper)’,MatchSource.ISSUE_COMMENT,root-project,root,v6-32-06,https://github.com/root-project/root/pull/10575#issuecomment-1129850834:315,test,test,315,https://root.cern,https://github.com/root-project/root/pull/10575#issuecomment-1129850834,1,['test'],['test']
Testability,Build failed on ROOT-ubuntu2004/soversion.; Running on root-ubuntu-2004-1.cern.ch:/home/sftnight/build/workspace/root-pullrequests-build; [See console output](https://lcgapp-services.cern.ch/root-jenkins/job/root-pullrequests-build/145411/console).; ### Failing tests:; - [projectroot.tree.dataframe.test.gtest_tree_dataframe_test_dataframe_vary](https://lcgapp-services.cern.ch/root-jenkins/job/root-pullrequests-build/145411/testReport/projectroot.tree.dataframe/test/gtest_tree_dataframe_test_dataframe_vary/),MatchSource.ISSUE_COMMENT,root-project,root,v6-32-06,https://github.com/root-project/root/pull/10607#issuecomment-1130224059:262,test,tests,262,https://root.cern,https://github.com/root-project/root/pull/10607#issuecomment-1130224059,4,['test'],"['test', 'testReport', 'tests']"
Testability,Build failed on ROOT-ubuntu2004/soversion.; Running on root-ubuntu-2004-1.cern.ch:/home/sftnight/build/workspace/root-pullrequests-build; [See console output](https://lcgapp-services.cern.ch/root-jenkins/job/root-pullrequests-build/145502/console).; ### Failing tests:; - [projectroot.roofit.roofitcore.test.gtest_roofit_roofitcore_test_testTestStatistics](https://lcgapp-services.cern.ch/root-jenkins/job/root-pullrequests-build/145502/testReport/projectroot.roofit.roofitcore/test/gtest_roofit_roofitcore_test_testTestStatistics/),MatchSource.ISSUE_COMMENT,root-project,root,v6-32-06,https://github.com/root-project/root/pull/10612#issuecomment-1130771686:262,test,tests,262,https://root.cern,https://github.com/root-project/root/pull/10612#issuecomment-1130771686,4,['test'],"['test', 'testReport', 'tests']"
Testability,Build failed on ROOT-ubuntu2004/soversion.; Running on root-ubuntu-2004-1.cern.ch:/home/sftnight/build/workspace/root-pullrequests-build; [See console output](https://lcgapp-services.cern.ch/root-jenkins/job/root-pullrequests-build/145698/console).; ### Failing tests:; - [projectroot.tree.dataframe.test.gtest_tree_dataframe_test_dataframe_vary](https://lcgapp-services.cern.ch/root-jenkins/job/root-pullrequests-build/145698/testReport/projectroot.tree.dataframe/test/gtest_tree_dataframe_test_dataframe_vary/),MatchSource.ISSUE_COMMENT,root-project,root,v6-32-06,https://github.com/root-project/root/pull/10607#issuecomment-1132551110:262,test,tests,262,https://root.cern,https://github.com/root-project/root/pull/10607#issuecomment-1132551110,4,['test'],"['test', 'testReport', 'tests']"
Testability,Build failed on ROOT-ubuntu2004/soversion.; Running on root-ubuntu-2004-1.cern.ch:/home/sftnight/build/workspace/root-pullrequests-build; [See console output](https://lcgapp-services.cern.ch/root-jenkins/job/root-pullrequests-build/145833/console).; ### Failing tests:; - [projectroot.roottest.root.hist.roottest_root_hist_h2root](https://lcgapp-services.cern.ch/root-jenkins/job/root-pullrequests-build/145833/testReport/projectroot.roottest.root/hist/roottest_root_hist_h2root/),MatchSource.ISSUE_COMMENT,root-project,root,v6-32-06,https://github.com/root-project/root/pull/10629#issuecomment-1134280641:262,test,tests,262,https://root.cern,https://github.com/root-project/root/pull/10629#issuecomment-1134280641,2,['test'],"['testReport', 'tests']"
Testability,Build failed on ROOT-ubuntu2004/soversion.; Running on root-ubuntu-2004-1.cern.ch:/home/sftnight/build/workspace/root-pullrequests-build; [See console output](https://lcgapp-services.cern.ch/root-jenkins/job/root-pullrequests-build/145903/console).; ### Warnings:; - [2022-05-23T15:26:37.956Z] Warning in &lt;CheckModuleValid&gt;: warning: Couldn't find in the following specified headers in the module Core: ; - [2022-05-23T15:26:42.495Z] Warning in &lt;CheckModuleValid&gt;: warning: Couldn't find in the following specified headers in the module Thread: . ### Failing tests:; - [projectroot.bindings.pyroot.pythonizations.test.pyunittests_pyroot_numbadeclare](https://lcgapp-services.cern.ch/root-jenkins/job/root-pullrequests-build/145903/testReport/projectroot.bindings.pyroot.pythonizations/test/pyunittests_pyroot_numbadeclare/); - [projectroot.roottest.cling.staticinit.ROOT-10426.roottest_cling_staticinit_ROOT_10426_ROOT_10426](https://lcgapp-services.cern.ch/root-jenkins/job/root-pullrequests-build/145903/testReport/projectroot.roottest.cling.staticinit/ROOT-10426/roottest_cling_staticinit_ROOT_10426_ROOT_10426/); - [projectroot.roottest.python.cling.roottest_python_cling_api](https://lcgapp-services.cern.ch/root-jenkins/job/root-pullrequests-build/145903/testReport/projectroot.roottest.python/cling/roottest_python_cling_api/); - [projectroot.roottest.python.cling.roottest_python_cling_class](https://lcgapp-services.cern.ch/root-jenkins/job/root-pullrequests-build/145903/testReport/projectroot.roottest.python/cling/roottest_python_cling_class/); - [projectroot.roottest.root.dataframe.roottest_root_dataframe_missingBranches](https://lcgapp-services.cern.ch/root-jenkins/job/root-pullrequests-build/145903/testReport/projectroot.roottest.root/dataframe/roottest_root_dataframe_missingBranches/); - [projectroot.roottest.root.meta.rootcling.roottest_root_meta_rootcling_includeInLinkdef](https://lcgapp-services.cern.ch/root-jenkins/job/root-pullrequests-build/145903/testReport/,MatchSource.ISSUE_COMMENT,root-project,root,v6-32-06,https://github.com/root-project/root/pull/10294#issuecomment-1134856062:571,test,tests,571,https://root.cern,https://github.com/root-project/root/pull/10294#issuecomment-1134856062,4,['test'],"['test', 'testReport', 'tests']"
Testability,Build failed on ROOT-ubuntu2004/soversion.; Running on root-ubuntu-2004-1.cern.ch:/home/sftnight/build/workspace/root-pullrequests-build; [See console output](https://lcgapp-services.cern.ch/root-jenkins/job/root-pullrequests-build/145980/console).; ### Warnings:; - [2022-05-24T14:18:01.387Z] Warning in &lt;CheckModuleValid&gt;: warning: Couldn't find in the following specified headers in the module Core: ; - [2022-05-24T14:18:05.979Z] Warning in &lt;CheckModuleValid&gt;: warning: Couldn't find in the following specified headers in the module Thread: . ### Failing tests:; - [projectroot.bindings.pyroot.pythonizations.test.pyunittests_pyroot_numbadeclare](https://lcgapp-services.cern.ch/root-jenkins/job/root-pullrequests-build/145980/testReport/projectroot.bindings.pyroot.pythonizations/test/pyunittests_pyroot_numbadeclare/); - [projectroot.roottest.cling.staticinit.ROOT-10426.roottest_cling_staticinit_ROOT_10426_ROOT_10426](https://lcgapp-services.cern.ch/root-jenkins/job/root-pullrequests-build/145980/testReport/projectroot.roottest.cling.staticinit/ROOT-10426/roottest_cling_staticinit_ROOT_10426_ROOT_10426/); - [projectroot.roottest.python.cling.roottest_python_cling_api](https://lcgapp-services.cern.ch/root-jenkins/job/root-pullrequests-build/145980/testReport/projectroot.roottest.python/cling/roottest_python_cling_api/); - [projectroot.roottest.python.cling.roottest_python_cling_class](https://lcgapp-services.cern.ch/root-jenkins/job/root-pullrequests-build/145980/testReport/projectroot.roottest.python/cling/roottest_python_cling_class/); - [projectroot.roottest.root.dataframe.roottest_root_dataframe_missingBranches](https://lcgapp-services.cern.ch/root-jenkins/job/root-pullrequests-build/145980/testReport/projectroot.roottest.root/dataframe/roottest_root_dataframe_missingBranches/); - [projectroot.roottest.root.meta.rootcling.roottest_root_meta_rootcling_includeInLinkdef](https://lcgapp-services.cern.ch/root-jenkins/job/root-pullrequests-build/145980/testReport/,MatchSource.ISSUE_COMMENT,root-project,root,v6-32-06,https://github.com/root-project/root/pull/10294#issuecomment-1136030338:571,test,tests,571,https://root.cern,https://github.com/root-project/root/pull/10294#issuecomment-1136030338,4,['test'],"['test', 'testReport', 'tests']"
Testability,Build failed on ROOT-ubuntu2004/soversion.; Running on root-ubuntu-2004-1.cern.ch:/home/sftnight/build/workspace/root-pullrequests-build; [See console output](https://lcgapp-services.cern.ch/root-jenkins/job/root-pullrequests-build/145994/console).; ### Failing tests:; - [projectroot.roofit.roofitcore.test.gtest_roofit_roofitcore_test_testLikelihoodGradientJob](https://lcgapp-services.cern.ch/root-jenkins/job/root-pullrequests-build/145994/testReport/projectroot.roofit.roofitcore/test/gtest_roofit_roofitcore_test_testLikelihoodGradientJob/); - [projectroot.roofit.roofitcore.test.gtest_roofit_roofitcore_test_testTestStatisticsPlot](https://lcgapp-services.cern.ch/root-jenkins/job/root-pullrequests-build/145994/testReport/projectroot.roofit.roofitcore/test/gtest_roofit_roofitcore_test_testTestStatisticsPlot/),MatchSource.ISSUE_COMMENT,root-project,root,v6-32-06,https://github.com/root-project/root/pull/10643#issuecomment-1136096739:262,test,tests,262,https://root.cern,https://github.com/root-project/root/pull/10643#issuecomment-1136096739,7,['test'],"['test', 'testReport', 'tests']"
Testability,Build failed on ROOT-ubuntu2004/soversion.; Running on root-ubuntu-2004-1.cern.ch:/home/sftnight/build/workspace/root-pullrequests-build; [See console output](https://lcgapp-services.cern.ch/root-jenkins/job/root-pullrequests-build/146051/console).; ### Warnings:; - [2022-05-25T11:26:37.990Z] Warning in &lt;CheckModuleValid&gt;: warning: Couldn't find in the following specified headers in the module Core: ; - [2022-05-25T11:26:42.714Z] Warning in &lt;CheckModuleValid&gt;: warning: Couldn't find in the following specified headers in the module Thread: . ### Failing tests:; - [projectroot.test.test_stressinterpreter](https://lcgapp-services.cern.ch/root-jenkins/job/root-pullrequests-build/146051/testReport/projectroot/test/test_stressinterpreter/); - [projectroot.bindings.pyroot.pythonizations.test.pyunittests_pyroot_numbadeclare](https://lcgapp-services.cern.ch/root-jenkins/job/root-pullrequests-build/146051/testReport/projectroot.bindings.pyroot.pythonizations/test/pyunittests_pyroot_numbadeclare/); - [projectroot.roottest.cling.other.roottest_cling_other_checkMissingSymbolExitCode](https://lcgapp-services.cern.ch/root-jenkins/job/root-pullrequests-build/146051/testReport/projectroot.roottest.cling/other/roottest_cling_other_checkMissingSymbolExitCode/); - [projectroot.roottest.cling.template.roottest_cling_template_runtemplatefriend](https://lcgapp-services.cern.ch/root-jenkins/job/root-pullrequests-build/146051/testReport/projectroot.roottest.cling/template/roottest_cling_template_runtemplatefriend/); - [projectroot.roottest.cling.staticinit.ROOT-10426.roottest_cling_staticinit_ROOT_10426_ROOT_10426](https://lcgapp-services.cern.ch/root-jenkins/job/root-pullrequests-build/146051/testReport/projectroot.roottest.cling.staticinit/ROOT-10426/roottest_cling_staticinit_ROOT_10426_ROOT_10426/); - [projectroot.roottest.python.cling.roottest_python_cling_api](https://lcgapp-services.cern.ch/root-jenkins/job/root-pullrequests-build/146051/testReport/projectroot.roottest.pyth,MatchSource.ISSUE_COMMENT,root-project,root,v6-32-06,https://github.com/root-project/root/pull/10294#issuecomment-1137149541:571,test,tests,571,https://root.cern,https://github.com/root-project/root/pull/10294#issuecomment-1137149541,7,['test'],"['test', 'testReport', 'tests']"
Testability,Build failed on ROOT-ubuntu2004/soversion.; Running on root-ubuntu-2004-1.cern.ch:/home/sftnight/build/workspace/root-pullrequests-build; [See console output](https://lcgapp-services.cern.ch/root-jenkins/job/root-pullrequests-build/146087/console).; ### Failing tests:; - [projectroot.tree.dataframe.test.gtest_tree_dataframe_test_dataframe_helpers](https://lcgapp-services.cern.ch/root-jenkins/job/root-pullrequests-build/146087/testReport/projectroot.tree.dataframe/test/gtest_tree_dataframe_test_dataframe_helpers/),MatchSource.ISSUE_COMMENT,root-project,root,v6-32-06,https://github.com/root-project/root/pull/10653#issuecomment-1137695283:262,test,tests,262,https://root.cern,https://github.com/root-project/root/pull/10653#issuecomment-1137695283,4,['test'],"['test', 'testReport', 'tests']"
Testability,Build failed on ROOT-ubuntu2004/soversion.; Running on root-ubuntu-2004-1.cern.ch:/home/sftnight/build/workspace/root-pullrequests-build; [See console output](https://lcgapp-services.cern.ch/root-jenkins/job/root-pullrequests-build/146094/console).; ### Warnings:; - [2022-05-26T16:26:18.882Z] Warning in &lt;CheckModuleValid&gt;: warning: Couldn't find in the following specified headers in the module Core: ; - [2022-05-26T16:26:23.096Z] Warning in &lt;CheckModuleValid&gt;: warning: Couldn't find in the following specified headers in the module Thread: . ### Failing tests:; - [projectroot.runtutorials.tutorial_pyroot_pyroot004_NumbaDeclare_py](https://lcgapp-services.cern.ch/root-jenkins/job/root-pullrequests-build/146094/testReport/projectroot/runtutorials/tutorial_pyroot_pyroot004_NumbaDeclare_py/); - [projectroot.bindings.pyroot.pythonizations.test.pyunittests_pyroot_numbadeclare](https://lcgapp-services.cern.ch/root-jenkins/job/root-pullrequests-build/146094/testReport/projectroot.bindings.pyroot.pythonizations/test/pyunittests_pyroot_numbadeclare/); - [projectroot.test.test_stressinterpreter](https://lcgapp-services.cern.ch/root-jenkins/job/root-pullrequests-build/146094/testReport/projectroot/test/test_stressinterpreter/); - [projectroot.roottest.cling.other.roottest_cling_other_checkMissingSymbolExitCode](https://lcgapp-services.cern.ch/root-jenkins/job/root-pullrequests-build/146094/testReport/projectroot.roottest.cling/other/roottest_cling_other_checkMissingSymbolExitCode/); - [projectroot.roottest.cling.template.roottest_cling_template_runtemplatefriend](https://lcgapp-services.cern.ch/root-jenkins/job/root-pullrequests-build/146094/testReport/projectroot.roottest.cling/template/roottest_cling_template_runtemplatefriend/); - [projectroot.roottest.cling.staticinit.ROOT-10426.roottest_cling_staticinit_ROOT_10426_ROOT_10426](https://lcgapp-services.cern.ch/root-jenkins/job/root-pullrequests-build/146094/testReport/projectroot.roottest.cling.staticinit/ROOT-10426,MatchSource.ISSUE_COMMENT,root-project,root,v6-32-06,https://github.com/root-project/root/pull/10294#issuecomment-1138813877:571,test,tests,571,https://root.cern,https://github.com/root-project/root/pull/10294#issuecomment-1138813877,4,['test'],"['test', 'testReport', 'tests']"
Testability,Build failed on ROOT-ubuntu2004/soversion.; Running on root-ubuntu-2004-1.cern.ch:/home/sftnight/build/workspace/root-pullrequests-build; [See console output](https://lcgapp-services.cern.ch/root-jenkins/job/root-pullrequests-build/146101/console).; ### Warnings:; - [2022-05-26T17:40:14.516Z] Warning in &lt;CheckModuleValid&gt;: warning: Couldn't find in the following specified headers in the module Core: ; - [2022-05-26T17:40:18.683Z] Warning in &lt;CheckModuleValid&gt;: warning: Couldn't find in the following specified headers in the module Thread: . ### Failing tests:; - [projectroot.bindings.pyroot.pythonizations.test.pyunittests_pyroot_numbadeclare](https://lcgapp-services.cern.ch/root-jenkins/job/root-pullrequests-build/146101/testReport/projectroot.bindings.pyroot.pythonizations/test/pyunittests_pyroot_numbadeclare/); - [projectroot.test.test_stressinterpreter](https://lcgapp-services.cern.ch/root-jenkins/job/root-pullrequests-build/146101/testReport/projectroot/test/test_stressinterpreter/); - [projectroot.roottest.cling.other.roottest_cling_other_checkMissingSymbolExitCode](https://lcgapp-services.cern.ch/root-jenkins/job/root-pullrequests-build/146101/testReport/projectroot.roottest.cling/other/roottest_cling_other_checkMissingSymbolExitCode/); - [projectroot.roottest.cling.template.roottest_cling_template_runtemplatefriend](https://lcgapp-services.cern.ch/root-jenkins/job/root-pullrequests-build/146101/testReport/projectroot.roottest.cling/template/roottest_cling_template_runtemplatefriend/); - [projectroot.roottest.cling.staticinit.ROOT-10426.roottest_cling_staticinit_ROOT_10426_ROOT_10426](https://lcgapp-services.cern.ch/root-jenkins/job/root-pullrequests-build/146101/testReport/projectroot.roottest.cling.staticinit/ROOT-10426/roottest_cling_staticinit_ROOT_10426_ROOT_10426/); - [projectroot.roottest.python.cling.roottest_python_cling_api](https://lcgapp-services.cern.ch/root-jenkins/job/root-pullrequests-build/146101/testReport/projectroot.roottest.pyth,MatchSource.ISSUE_COMMENT,root-project,root,v6-32-06,https://github.com/root-project/root/pull/10294#issuecomment-1138870944:571,test,tests,571,https://root.cern,https://github.com/root-project/root/pull/10294#issuecomment-1138870944,7,['test'],"['test', 'testReport', 'tests']"
Testability,Build failed on ROOT-ubuntu2004/soversion.; Running on root-ubuntu-2004-1.cern.ch:/home/sftnight/build/workspace/root-pullrequests-build; [See console output](https://lcgapp-services.cern.ch/root-jenkins/job/root-pullrequests-build/146229/console).; ### Failing tests:; - [projectroot.roofit.histfactory.test.gtest_roofit_histfactory_test_testHistFactory](https://lcgapp-services.cern.ch/root-jenkins/job/root-pullrequests-build/146229/testReport/projectroot.roofit.histfactory/test/gtest_roofit_histfactory_test_testHistFactory/); - [projectroot.roofit.hs3.test.pyunittests_roofit_hs3_histfactory_json](https://lcgapp-services.cern.ch/root-jenkins/job/root-pullrequests-build/146229/testReport/projectroot.roofit.hs3/test/pyunittests_roofit_hs3_histfactory_json/); - [projectroot.test.test_stressHistFactory_interpreted](https://lcgapp-services.cern.ch/root-jenkins/job/root-pullrequests-build/146229/testReport/projectroot/test/test_stressHistFactory_interpreted/),MatchSource.ISSUE_COMMENT,root-project,root,v6-32-06,https://github.com/root-project/root/pull/10670#issuecomment-1141369671:262,test,tests,262,https://root.cern,https://github.com/root-project/root/pull/10670#issuecomment-1141369671,10,['test'],"['test', 'testReport', 'tests']"
Testability,Build failed on ROOT-ubuntu2004/soversion.; Running on root-ubuntu-2004-1.cern.ch:/home/sftnight/build/workspace/root-pullrequests-build; [See console output](https://lcgapp-services.cern.ch/root-jenkins/job/root-pullrequests-build/146271/console).; ### Warnings:; - [2022-05-31T05:16:13.297Z] Warning in &lt;CheckModuleValid&gt;: warning: Couldn't find in the following specified headers in the module Core: ; - [2022-05-31T05:16:18.239Z] Warning in &lt;CheckModuleValid&gt;: warning: Couldn't find in the following specified headers in the module Thread: . ### Failing tests:; - [projectroot.bindings.pyroot.pythonizations.test.pyunittests_pyroot_numbadeclare](https://lcgapp-services.cern.ch/root-jenkins/job/root-pullrequests-build/146271/testReport/projectroot.bindings.pyroot.pythonizations/test/pyunittests_pyroot_numbadeclare/); - [projectroot.test.test_stressinterpreter](https://lcgapp-services.cern.ch/root-jenkins/job/root-pullrequests-build/146271/testReport/projectroot/test/test_stressinterpreter/); - [projectroot.roottest.cling.other.roottest_cling_other_checkMissingSymbolExitCode](https://lcgapp-services.cern.ch/root-jenkins/job/root-pullrequests-build/146271/testReport/projectroot.roottest.cling/other/roottest_cling_other_checkMissingSymbolExitCode/); - [projectroot.roottest.cling.template.roottest_cling_template_runtemplatefriend](https://lcgapp-services.cern.ch/root-jenkins/job/root-pullrequests-build/146271/testReport/projectroot.roottest.cling/template/roottest_cling_template_runtemplatefriend/); - [projectroot.roottest.cling.staticinit.ROOT-10426.roottest_cling_staticinit_ROOT_10426_ROOT_10426](https://lcgapp-services.cern.ch/root-jenkins/job/root-pullrequests-build/146271/testReport/projectroot.roottest.cling.staticinit/ROOT-10426/roottest_cling_staticinit_ROOT_10426_ROOT_10426/); - [projectroot.roottest.python.cling.roottest_python_cling_api](https://lcgapp-services.cern.ch/root-jenkins/job/root-pullrequests-build/146271/testReport/projectroot.roottest.pyth,MatchSource.ISSUE_COMMENT,root-project,root,v6-32-06,https://github.com/root-project/root/pull/10294#issuecomment-1141691406:571,test,tests,571,https://root.cern,https://github.com/root-project/root/pull/10294#issuecomment-1141691406,7,['test'],"['test', 'testReport', 'tests']"
Testability,Build failed on ROOT-ubuntu2004/soversion.; Running on root-ubuntu-2004-1.cern.ch:/home/sftnight/build/workspace/root-pullrequests-build; [See console output](https://lcgapp-services.cern.ch/root-jenkins/job/root-pullrequests-build/146348/console).; ### Failing tests:; - [projectroot.roottest.root.meta.roottest_root_meta_countIncludePaths](https://lcgapp-services.cern.ch/root-jenkins/job/root-pullrequests-build/146348/testReport/projectroot.roottest.root/meta/roottest_root_meta_countIncludePaths/),MatchSource.ISSUE_COMMENT,root-project,root,v6-32-06,https://github.com/root-project/root/pull/9904#issuecomment-1142135326:262,test,tests,262,https://root.cern,https://github.com/root-project/root/pull/9904#issuecomment-1142135326,2,['test'],"['testReport', 'tests']"
Testability,Build failed on ROOT-ubuntu2004/soversion.; Running on root-ubuntu-2004-1.cern.ch:/home/sftnight/build/workspace/root-pullrequests-build; [See console output](https://lcgapp-services.cern.ch/root-jenkins/job/root-pullrequests-build/146411/console).; ### Failing tests:; - [projectroot.tree.dataframe.test.gtest_tree_dataframe_test_dataframe_vary](https://lcgapp-services.cern.ch/root-jenkins/job/root-pullrequests-build/146411/testReport/projectroot.tree.dataframe/test/gtest_tree_dataframe_test_dataframe_vary/),MatchSource.ISSUE_COMMENT,root-project,root,v6-32-06,https://github.com/root-project/root/pull/10607#issuecomment-1143273215:262,test,tests,262,https://root.cern,https://github.com/root-project/root/pull/10607#issuecomment-1143273215,4,['test'],"['test', 'testReport', 'tests']"
Testability,Build failed on ROOT-ubuntu2004/soversion.; Running on root-ubuntu-2004-1.cern.ch:/home/sftnight/build/workspace/root-pullrequests-build; [See console output](https://lcgapp-services.cern.ch/root-jenkins/job/root-pullrequests-build/146425/console).; ### Warnings:; - [2022-06-01T09:15:56.693Z] Warning in &lt;CheckModuleValid&gt;: warning: Couldn't find in the following specified headers in the module Core: ; - [2022-06-01T09:16:01.306Z] Warning in &lt;CheckModuleValid&gt;: warning: Couldn't find in the following specified headers in the module Thread: . ### Failing tests:; - [projectroot.bindings.pyroot.pythonizations.test.pyunittests_pyroot_numbadeclare](https://lcgapp-services.cern.ch/root-jenkins/job/root-pullrequests-build/146425/testReport/projectroot.bindings.pyroot.pythonizations/test/pyunittests_pyroot_numbadeclare/); - [projectroot.roottest.cling.staticinit.ROOT-10426.roottest_cling_staticinit_ROOT_10426_ROOT_10426](https://lcgapp-services.cern.ch/root-jenkins/job/root-pullrequests-build/146425/testReport/projectroot.roottest.cling.staticinit/ROOT-10426/roottest_cling_staticinit_ROOT_10426_ROOT_10426/); - [projectroot.roottest.python.cling.roottest_python_cling_api](https://lcgapp-services.cern.ch/root-jenkins/job/root-pullrequests-build/146425/testReport/projectroot.roottest.python/cling/roottest_python_cling_api/); - [projectroot.roottest.python.cling.roottest_python_cling_class](https://lcgapp-services.cern.ch/root-jenkins/job/root-pullrequests-build/146425/testReport/projectroot.roottest.python/cling/roottest_python_cling_class/); - [projectroot.roottest.root.dataframe.roottest_root_dataframe_missingBranches](https://lcgapp-services.cern.ch/root-jenkins/job/root-pullrequests-build/146425/testReport/projectroot.roottest.root/dataframe/roottest_root_dataframe_missingBranches/); - [projectroot.roottest.root.meta.rootcling.roottest_root_meta_rootcling_includeInLinkdef](https://lcgapp-services.cern.ch/root-jenkins/job/root-pullrequests-build/146425/testReport/,MatchSource.ISSUE_COMMENT,root-project,root,v6-32-06,https://github.com/root-project/root/pull/10294#issuecomment-1143376103:571,test,tests,571,https://root.cern,https://github.com/root-project/root/pull/10294#issuecomment-1143376103,4,['test'],"['test', 'testReport', 'tests']"
Testability,Build failed on ROOT-ubuntu2004/soversion.; Running on root-ubuntu-2004-1.cern.ch:/home/sftnight/build/workspace/root-pullrequests-build; [See console output](https://lcgapp-services.cern.ch/root-jenkins/job/root-pullrequests-build/146496/console).; ### Warnings:; - [2022-06-01T12:48:16.729Z] Warning in &lt;CheckModuleValid&gt;: warning: Couldn't find in the following specified headers in the module Core: ; - [2022-06-01T12:48:20.931Z] Warning in &lt;CheckModuleValid&gt;: warning: Couldn't find in the following specified headers in the module Thread: . ### Failing tests:; - [projectroot.bindings.pyroot.pythonizations.test.pyunittests_pyroot_numbadeclare](https://lcgapp-services.cern.ch/root-jenkins/job/root-pullrequests-build/146496/testReport/projectroot.bindings.pyroot.pythonizations/test/pyunittests_pyroot_numbadeclare/); - [projectroot.roottest.cling.staticinit.ROOT-10426.roottest_cling_staticinit_ROOT_10426_ROOT_10426](https://lcgapp-services.cern.ch/root-jenkins/job/root-pullrequests-build/146496/testReport/projectroot.roottest.cling.staticinit/ROOT-10426/roottest_cling_staticinit_ROOT_10426_ROOT_10426/); - [projectroot.roottest.python.cling.roottest_python_cling_api](https://lcgapp-services.cern.ch/root-jenkins/job/root-pullrequests-build/146496/testReport/projectroot.roottest.python/cling/roottest_python_cling_api/); - [projectroot.roottest.python.cling.roottest_python_cling_class](https://lcgapp-services.cern.ch/root-jenkins/job/root-pullrequests-build/146496/testReport/projectroot.roottest.python/cling/roottest_python_cling_class/); - [projectroot.roottest.root.dataframe.roottest_root_dataframe_missingBranches](https://lcgapp-services.cern.ch/root-jenkins/job/root-pullrequests-build/146496/testReport/projectroot.roottest.root/dataframe/roottest_root_dataframe_missingBranches/); - [projectroot.test.test_stressinterpreter](https://lcgapp-services.cern.ch/root-jenkins/job/root-pullrequests-build/146496/testReport/projectroot/test/test_stressinterpreter/); - [p,MatchSource.ISSUE_COMMENT,root-project,root,v6-32-06,https://github.com/root-project/root/pull/10294#issuecomment-1143601593:571,test,tests,571,https://root.cern,https://github.com/root-project/root/pull/10294#issuecomment-1143601593,4,['test'],"['test', 'testReport', 'tests']"
Testability,Build failed on ROOT-ubuntu2004/soversion.; Running on root-ubuntu-2004-1.cern.ch:/home/sftnight/build/workspace/root-pullrequests-build; [See console output](https://lcgapp-services.cern.ch/root-jenkins/job/root-pullrequests-build/146661/console).; ### Warnings:; - [2022-06-02T14:54:58.077Z] Warning in &lt;CheckModuleValid&gt;: warning: Couldn't find in the following specified headers in the module Core: ; - [2022-06-02T14:55:02.744Z] Warning in &lt;CheckModuleValid&gt;: warning: Couldn't find in the following specified headers in the module Thread: . ### Failing tests:; - [projectroot.bindings.pyroot.pythonizations.test.pyunittests_pyroot_numbadeclare](https://lcgapp-services.cern.ch/root-jenkins/job/root-pullrequests-build/146661/testReport/projectroot.bindings.pyroot.pythonizations/test/pyunittests_pyroot_numbadeclare/); - [projectroot.roottest.root.dataframe.roottest_root_dataframe_missingBranches](https://lcgapp-services.cern.ch/root-jenkins/job/root-pullrequests-build/146661/testReport/projectroot.roottest.root/dataframe/roottest_root_dataframe_missingBranches/); - [projectroot.roottest.cling.staticinit.ROOT-10426.roottest_cling_staticinit_ROOT_10426_ROOT_10426](https://lcgapp-services.cern.ch/root-jenkins/job/root-pullrequests-build/146661/testReport/projectroot.roottest.cling.staticinit/ROOT-10426/roottest_cling_staticinit_ROOT_10426_ROOT_10426/); - [projectroot.roottest.python.cling.roottest_python_cling_api](https://lcgapp-services.cern.ch/root-jenkins/job/root-pullrequests-build/146661/testReport/projectroot.roottest.python/cling/roottest_python_cling_api/); - [projectroot.roottest.python.cling.roottest_python_cling_class](https://lcgapp-services.cern.ch/root-jenkins/job/root-pullrequests-build/146661/testReport/projectroot.roottest.python/cling/roottest_python_cling_class/); - [projectroot.test.test_stressinterpreter](https://lcgapp-services.cern.ch/root-jenkins/job/root-pullrequests-build/146661/testReport/projectroot/test/test_stressinterpreter/); - [p,MatchSource.ISSUE_COMMENT,root-project,root,v6-32-06,https://github.com/root-project/root/pull/10294#issuecomment-1144994613:571,test,tests,571,https://root.cern,https://github.com/root-project/root/pull/10294#issuecomment-1144994613,5,['test'],"['test', 'testReport', 'tests']"
Testability,Build failed on ROOT-ubuntu2004/soversion.; Running on root-ubuntu-2004-1.cern.ch:/home/sftnight/build/workspace/root-pullrequests-build; [See console output](https://lcgapp-services.cern.ch/root-jenkins/job/root-pullrequests-build/146677/console).; ### Warnings:; - [2022-06-02T18:36:14.700Z] Warning in &lt;CheckModuleValid&gt;: warning: Couldn't find in the following specified headers in the module Core: ; - [2022-06-02T18:36:20.122Z] Warning in &lt;CheckModuleValid&gt;: warning: Couldn't find in the following specified headers in the module Thread: . ### Failing tests:; - [projectroot.bindings.pyroot.pythonizations.test.pyunittests_pyroot_numbadeclare](https://lcgapp-services.cern.ch/root-jenkins/job/root-pullrequests-build/146677/testReport/projectroot.bindings.pyroot.pythonizations/test/pyunittests_pyroot_numbadeclare/); - [projectroot.test.test_stressinterpreter](https://lcgapp-services.cern.ch/root-jenkins/job/root-pullrequests-build/146677/testReport/projectroot/test/test_stressinterpreter/); - [projectroot.roottest.cling.other.roottest_cling_other_checkMissingSymbolExitCode](https://lcgapp-services.cern.ch/root-jenkins/job/root-pullrequests-build/146677/testReport/projectroot.roottest.cling/other/roottest_cling_other_checkMissingSymbolExitCode/); - [projectroot.roottest.cling.template.roottest_cling_template_runtemplatefriend](https://lcgapp-services.cern.ch/root-jenkins/job/root-pullrequests-build/146677/testReport/projectroot.roottest.cling/template/roottest_cling_template_runtemplatefriend/); - [projectroot.roottest.cling.staticinit.ROOT-10426.roottest_cling_staticinit_ROOT_10426_ROOT_10426](https://lcgapp-services.cern.ch/root-jenkins/job/root-pullrequests-build/146677/testReport/projectroot.roottest.cling.staticinit/ROOT-10426/roottest_cling_staticinit_ROOT_10426_ROOT_10426/); - [projectroot.roottest.python.cling.roottest_python_cling_api](https://lcgapp-services.cern.ch/root-jenkins/job/root-pullrequests-build/146677/testReport/projectroot.roottest.pyth,MatchSource.ISSUE_COMMENT,root-project,root,v6-32-06,https://github.com/root-project/root/pull/10294#issuecomment-1145216243:571,test,tests,571,https://root.cern,https://github.com/root-project/root/pull/10294#issuecomment-1145216243,7,['test'],"['test', 'testReport', 'tests']"
Testability,Build failed on ROOT-ubuntu2004/soversion.; Running on root-ubuntu-2004-1.cern.ch:/home/sftnight/build/workspace/root-pullrequests-build; [See console output](https://lcgapp-services.cern.ch/root-jenkins/job/root-pullrequests-build/146700/console).; ### Failing tests:; - [projectroot.roottest.python.pickle.roottest_python_pickle_write](https://lcgapp-services.cern.ch/root-jenkins/job/root-pullrequests-build/146700/testReport/projectroot.roottest.python/pickle/roottest_python_pickle_write/); - [projectroot.bindings.experimental.distrdf.test.pyunittests_distrdf_unit_test_ranges](https://lcgapp-services.cern.ch/root-jenkins/job/root-pullrequests-build/146700/testReport/projectroot.bindings.experimental.distrdf/test/pyunittests_distrdf_unit_test_ranges/); - [projectroot.bindings.pyroot.pythonizations.test.pyunittests_pyroot_pyz_pretty_printing](https://lcgapp-services.cern.ch/root-jenkins/job/root-pullrequests-build/146700/testReport/projectroot.bindings.pyroot.pythonizations/test/pyunittests_pyroot_pyz_pretty_printing/); - [projectroot.bindings.experimental.distrdf.test.backend.pyunittests_distrdf_unit_backend_test_dist](https://lcgapp-services.cern.ch/root-jenkins/job/root-pullrequests-build/146700/testReport/projectroot.bindings.experimental.distrdf.test/backend/pyunittests_distrdf_unit_backend_test_dist/); - [projectroot.bindings.experimental.distrdf.test.pyunittests_distrdf_unit_test_headnode](https://lcgapp-services.cern.ch/root-jenkins/job/root-pullrequests-build/146700/testReport/projectroot.bindings.experimental.distrdf/test/pyunittests_distrdf_unit_test_headnode/); - [projectroot.bindings.pyroot.pythonizations.test.pyunittests_pyroot_numbadeclare](https://lcgapp-services.cern.ch/root-jenkins/job/root-pullrequests-build/146700/testReport/projectroot.bindings.pyroot.pythonizations/test/pyunittests_pyroot_numbadeclare/); - [projectroot.test.test_stressinterpreter](https://lcgapp-services.cern.ch/root-jenkins/job/root-pullrequests-build/146700/testReport/projectroo,MatchSource.ISSUE_COMMENT,root-project,root,v6-32-06,https://github.com/root-project/root/pull/10696#issuecomment-1145771977:262,test,tests,262,https://root.cern,https://github.com/root-project/root/pull/10696#issuecomment-1145771977,7,['test'],"['test', 'testReport', 'tests']"
Testability,Build failed on ROOT-ubuntu2004/soversion.; Running on root-ubuntu-2004-1.cern.ch:/home/sftnight/build/workspace/root-pullrequests-build; [See console output](https://lcgapp-services.cern.ch/root-jenkins/job/root-pullrequests-build/146870/console).; ### Failing tests:; - [projectroot.tree.dataframe.test.gtest_tree_dataframe_test_dataframe_interface](https://lcgapp-services.cern.ch/root-jenkins/job/root-pullrequests-build/146870/testReport/projectroot.tree.dataframe/test/gtest_tree_dataframe_test_dataframe_interface/),MatchSource.ISSUE_COMMENT,root-project,root,v6-32-06,https://github.com/root-project/root/pull/10713#issuecomment-1150151895:262,test,tests,262,https://root.cern,https://github.com/root-project/root/pull/10713#issuecomment-1150151895,4,['test'],"['test', 'testReport', 'tests']"
Testability,Build failed on ROOT-ubuntu2004/soversion.; Running on root-ubuntu-2004-1.cern.ch:/home/sftnight/build/workspace/root-pullrequests-build; [See console output](https://lcgapp-services.cern.ch/root-jenkins/job/root-pullrequests-build/146905/console).; ### Failing tests:; - [projectroot.tree.dataframe.test.pyunittests_dataframe_cache](https://lcgapp-services.cern.ch/root-jenkins/job/root-pullrequests-build/146905/testReport/projectroot.tree.dataframe/test/pyunittests_dataframe_cache/); - [projectroot.tree.dataframe.test.gtest_tree_dataframe_test_dataframe_regression](https://lcgapp-services.cern.ch/root-jenkins/job/root-pullrequests-build/146905/testReport/projectroot.tree.dataframe/test/gtest_tree_dataframe_test_dataframe_regression/); - [projectroot.tree.dataframe.test.gtest_tree_dataframe_test_dataframe_interface](https://lcgapp-services.cern.ch/root-jenkins/job/root-pullrequests-build/146905/testReport/projectroot.tree.dataframe/test/gtest_tree_dataframe_test_dataframe_interface/); - [projectroot.tree.dataframe.test.gtest_tree_dataframe_test_dataframe_datasetspec](https://lcgapp-services.cern.ch/root-jenkins/job/root-pullrequests-build/146905/testReport/projectroot.tree.dataframe/test/gtest_tree_dataframe_test_dataframe_datasetspec/); - [projectroot.tree.dataframe.test.gtest_tree_dataframe_test_dataframe_simple](https://lcgapp-services.cern.ch/root-jenkins/job/root-pullrequests-build/146905/testReport/projectroot.tree.dataframe/test/gtest_tree_dataframe_test_dataframe_simple/),MatchSource.ISSUE_COMMENT,root-project,root,v6-32-06,https://github.com/root-project/root/pull/10716#issuecomment-1150850129:262,test,tests,262,https://root.cern,https://github.com/root-project/root/pull/10716#issuecomment-1150850129,16,['test'],"['test', 'testReport', 'tests']"
Testability,Build failed on ROOT-ubuntu2004/soversion.; Running on root-ubuntu-2004-1.cern.ch:/home/sftnight/build/workspace/root-pullrequests-build; [See console output](https://lcgapp-services.cern.ch/root-jenkins/job/root-pullrequests-build/146975/console).; ### Failing tests:; - [projectroot.tree.dataframe.test.gtest_tree_dataframe_test_dataframe_concurrency](https://lcgapp-services.cern.ch/root-jenkins/job/root-pullrequests-build/146975/testReport/projectroot.tree.dataframe/test/gtest_tree_dataframe_test_dataframe_concurrency/); - [projectroot.roottest.root.dataframe.roottest_root_dataframe_test_readTotemNtuple](https://lcgapp-services.cern.ch/root-jenkins/job/root-pullrequests-build/146975/testReport/projectroot.roottest.root/dataframe/roottest_root_dataframe_test_readTotemNtuple/); - [projectroot.roottest.root.dataframe.roottest_root_dataframe_missingBranches](https://lcgapp-services.cern.ch/root-jenkins/job/root-pullrequests-build/146975/testReport/projectroot.roottest.root/dataframe/roottest_root_dataframe_missingBranches/); - [projectroot.roottest.root.dataframe.roottest_root_dataframe_regression_snapshot](https://lcgapp-services.cern.ch/root-jenkins/job/root-pullrequests-build/146975/testReport/projectroot.roottest.root/dataframe/roottest_root_dataframe_regression_snapshot/); - [projectroot.roottest.root.dataframe.roottest_root_dataframe_test_snapshot](https://lcgapp-services.cern.ch/root-jenkins/job/root-pullrequests-build/146975/testReport/projectroot.roottest.root/dataframe/roottest_root_dataframe_test_snapshot/); - [projectroot.roottest.root.dataframe.roottest_root_dataframe_emptysource](https://lcgapp-services.cern.ch/root-jenkins/job/root-pullrequests-build/146975/testReport/projectroot.roottest.root/dataframe/roottest_root_dataframe_emptysource/); - [projectroot.tree.dataframe.test.gtest_tree_dataframe_test_dataframe_nodes](https://lcgapp-services.cern.ch/root-jenkins/job/root-pullrequests-build/146975/testReport/projectroot.tree.dataframe/test/gtest_tree_dataf,MatchSource.ISSUE_COMMENT,root-project,root,v6-32-06,https://github.com/root-project/root/pull/10729#issuecomment-1151669534:262,test,tests,262,https://root.cern,https://github.com/root-project/root/pull/10729#issuecomment-1151669534,6,['test'],"['test', 'testReport', 'tests']"
Testability,Build failed on ROOT-ubuntu2004/soversion.; Running on root-ubuntu-2004-1.cern.ch:/home/sftnight/build/workspace/root-pullrequests-build; [See console output](https://lcgapp-services.cern.ch/root-jenkins/job/root-pullrequests-build/147285/console).; ### Warnings:; - [2022-06-13T10:20:19.266Z] Warning in &lt;CheckModuleValid&gt;: warning: Couldn't find in the following specified headers in the module Core: ; - [2022-06-13T10:20:49.547Z] Warning in &lt;CheckModuleValid&gt;: warning: Couldn't find in the following specified headers in the module Thread: . ### Failing tests:; - [projectroot.bindings.pyroot.pythonizations.test.pyunittests_pyroot_numbadeclare](https://lcgapp-services.cern.ch/root-jenkins/job/root-pullrequests-build/147285/testReport/projectroot.bindings.pyroot.pythonizations/test/pyunittests_pyroot_numbadeclare/); - [projectroot.roottest.root.dataframe.roottest_root_dataframe_missingBranches](https://lcgapp-services.cern.ch/root-jenkins/job/root-pullrequests-build/147285/testReport/projectroot.roottest.root/dataframe/roottest_root_dataframe_missingBranches/); - [projectroot.roottest.cling.staticinit.ROOT-10426.roottest_cling_staticinit_ROOT_10426_ROOT_10426](https://lcgapp-services.cern.ch/root-jenkins/job/root-pullrequests-build/147285/testReport/projectroot.roottest.cling.staticinit/ROOT-10426/roottest_cling_staticinit_ROOT_10426_ROOT_10426/); - [projectroot.roottest.python.cling.roottest_python_cling_api](https://lcgapp-services.cern.ch/root-jenkins/job/root-pullrequests-build/147285/testReport/projectroot.roottest.python/cling/roottest_python_cling_api/); - [projectroot.roottest.python.cling.roottest_python_cling_class](https://lcgapp-services.cern.ch/root-jenkins/job/root-pullrequests-build/147285/testReport/projectroot.roottest.python/cling/roottest_python_cling_class/); - [projectroot.test.test_stressinterpreter](https://lcgapp-services.cern.ch/root-jenkins/job/root-pullrequests-build/147285/testReport/projectroot/test/test_stressinterpreter/); - [p,MatchSource.ISSUE_COMMENT,root-project,root,v6-32-06,https://github.com/root-project/root/pull/10294#issuecomment-1153767756:571,test,tests,571,https://root.cern,https://github.com/root-project/root/pull/10294#issuecomment-1153767756,5,['test'],"['test', 'testReport', 'tests']"
Testability,Build failed on ROOT-ubuntu2004/soversion.; Running on root-ubuntu-2004-3.cern.ch:/home/sftnight/build/workspace/root-pullrequests-build; [See console output](https://lcgapp-services.cern.ch/root-jenkins/job/root-pullrequests-build/127407/console).; ### Failing tests:; - [projectroot.roottest.python.distrdf.roottest_python_distrdf_spark_test_reducer_merge](https://lcgapp-services.cern.ch/root-jenkins/job/root-pullrequests-build/127407/testReport/projectroot.roottest.python/distrdf/roottest_python_distrdf_spark_test_reducer_merge/),MatchSource.ISSUE_COMMENT,root-project,root,v6-32-06,https://github.com/root-project/root/pull/9122#issuecomment-945803371:262,test,tests,262,https://root.cern,https://github.com/root-project/root/pull/9122#issuecomment-945803371,2,['test'],"['testReport', 'tests']"
Testability,Build failed on ROOT-ubuntu2004/soversion.; Running on root-ubuntu-2004-3.cern.ch:/home/sftnight/build/workspace/root-pullrequests-build; [See console output](https://lcgapp-services.cern.ch/root-jenkins/job/root-pullrequests-build/127421/console).; ### Failing tests:; - [projectroot.bindings.experimental.distrdf.test.pyunittests_distrdf_unit_test_callable_generator](https://lcgapp-services.cern.ch/root-jenkins/job/root-pullrequests-build/127421/testReport/projectroot.bindings.experimental.distrdf/test/pyunittests_distrdf_unit_test_callable_generator/); - [projectroot.bindings.experimental.distrdf.test.backend.pyunittests_distrdf_unit_backend_test_dist](https://lcgapp-services.cern.ch/root-jenkins/job/root-pullrequests-build/127421/testReport/projectroot.bindings.experimental.distrdf.test/backend/pyunittests_distrdf_unit_backend_test_dist/); - [projectroot.bindings.experimental.distrdf.test.backend.pyunittests_distrdf_unit_backend_test_spark](https://lcgapp-services.cern.ch/root-jenkins/job/root-pullrequests-build/127421/testReport/projectroot.bindings.experimental.distrdf.test/backend/pyunittests_distrdf_unit_backend_test_spark/); - [projectroot.roottest.python.distrdf.roottest_python_distrdf_spark_test_include_headers](https://lcgapp-services.cern.ch/root-jenkins/job/root-pullrequests-build/127421/testReport/projectroot.roottest.python/distrdf/roottest_python_distrdf_spark_test_include_headers/); - [projectroot.roottest.python.distrdf.roottest_python_distrdf_spark_test_inv_mass](https://lcgapp-services.cern.ch/root-jenkins/job/root-pullrequests-build/127421/testReport/projectroot.roottest.python/distrdf/roottest_python_distrdf_spark_test_inv_mass/); - [projectroot.roottest.python.distrdf.roottest_python_distrdf_spark_test_histo_write](https://lcgapp-services.cern.ch/root-jenkins/job/root-pullrequests-build/127421/testReport/projectroot.roottest.python/distrdf/roottest_python_distrdf_spark_test_histo_write/); - [projectroot.roottest.python.distrdf.roottest_python_di,MatchSource.ISSUE_COMMENT,root-project,root,v6-32-06,https://github.com/root-project/root/pull/9122#issuecomment-945892179:262,test,tests,262,https://root.cern,https://github.com/root-project/root/pull/9122#issuecomment-945892179,8,['test'],"['test', 'testReport', 'tests']"
Testability,Build failed on ROOT-ubuntu2004/soversion.; Running on root-ubuntu-2004-3.cern.ch:/home/sftnight/build/workspace/root-pullrequests-build; [See console output](https://lcgapp-services.cern.ch/root-jenkins/job/root-pullrequests-build/127428/console).; ### Failing tests:; - [projectroot.roottest.python.distrdf.roottest_python_distrdf_spark_test_reducer_merge](https://lcgapp-services.cern.ch/root-jenkins/job/root-pullrequests-build/127428/testReport/projectroot.roottest.python/distrdf/roottest_python_distrdf_spark_test_reducer_merge/),MatchSource.ISSUE_COMMENT,root-project,root,v6-32-06,https://github.com/root-project/root/pull/9122#issuecomment-945928703:262,test,tests,262,https://root.cern,https://github.com/root-project/root/pull/9122#issuecomment-945928703,2,['test'],"['testReport', 'tests']"
Testability,Build failed on ROOT-ubuntu2004/soversion.; Running on root-ubuntu-2004-3.cern.ch:/home/sftnight/build/workspace/root-pullrequests-build; [See console output](https://lcgapp-services.cern.ch/root-jenkins/job/root-pullrequests-build/127596/console).; ### Failing tests:; - [projectroot.roottest.python.distrdf.roottest_python_distrdf_spark_test_reducer_merge](https://lcgapp-services.cern.ch/root-jenkins/job/root-pullrequests-build/127596/testReport/projectroot.roottest.python/distrdf/roottest_python_distrdf_spark_test_reducer_merge/),MatchSource.ISSUE_COMMENT,root-project,root,v6-32-06,https://github.com/root-project/root/pull/9122#issuecomment-947728630:262,test,tests,262,https://root.cern,https://github.com/root-project/root/pull/9122#issuecomment-947728630,2,['test'],"['testReport', 'tests']"
Testability,Build failed on ROOT-ubuntu2004/soversion.; Running on root-ubuntu-2004-3.cern.ch:/home/sftnight/build/workspace/root-pullrequests-build; [See console output](https://lcgapp-services.cern.ch/root-jenkins/job/root-pullrequests-build/128122/console).; ### Failing tests:; - [projectroot.roottest.python.distrdf.spark.roottest_python_distrdf_spark_spark_test_include_headers](https://lcgapp-services.cern.ch/root-jenkins/job/root-pullrequests-build/128122/testReport/projectroot.roottest.python.distrdf/spark/roottest_python_distrdf_spark_spark_test_include_headers/),MatchSource.ISSUE_COMMENT,root-project,root,v6-32-06,https://github.com/root-project/root/pull/9183#issuecomment-951909135:262,test,tests,262,https://root.cern,https://github.com/root-project/root/pull/9183#issuecomment-951909135,2,['test'],"['testReport', 'tests']"
Testability,Build failed on ROOT-ubuntu2004/soversion.; Running on root-ubuntu-2004-3.cern.ch:/home/sftnight/build/workspace/root-pullrequests-build; [See console output](https://lcgapp-services.cern.ch/root-jenkins/job/root-pullrequests-build/128729/console).; ### Failing tests:; - [projectroot.bindings.experimental.distrdf.test.backend.pyunittests_distrdf_unit_backend_test_spark](https://lcgapp-services.cern.ch/root-jenkins/job/root-pullrequests-build/128729/testReport/projectroot.bindings.experimental.distrdf.test/backend/pyunittests_distrdf_unit_backend_test_spark/); - [projectroot.roottest.python.distrdf.roottest_python_distrdf_spark_test_reducer_merge](https://lcgapp-services.cern.ch/root-jenkins/job/root-pullrequests-build/128729/testReport/projectroot.roottest.python/distrdf/roottest_python_distrdf_spark_test_reducer_merge/),MatchSource.ISSUE_COMMENT,root-project,root,v6-32-06,https://github.com/root-project/root/pull/9216#issuecomment-955592048:262,test,tests,262,https://root.cern,https://github.com/root-project/root/pull/9216#issuecomment-955592048,5,['test'],"['test', 'testReport', 'tests']"
Testability,Build failed on ROOT-ubuntu2004/soversion.; Running on root-ubuntu-2004-3.cern.ch:/home/sftnight/build/workspace/root-pullrequests-build; [See console output](https://lcgapp-services.cern.ch/root-jenkins/job/root-pullrequests-build/128834/console).; ### Failing tests:; - [projectroot.roofit.multiprocess.test.gtest_roofit_multiprocess_test_test_RooFit_MultiProcess_Job](https://lcgapp-services.cern.ch/root-jenkins/job/root-pullrequests-build/128834/testReport/projectroot.roofit.multiprocess/test/gtest_roofit_multiprocess_test_test_RooFit_MultiProcess_Job/); - [projectroot.roofit.multiprocess.test.gtest_roofit_multiprocess_test_test_RooFit_MultiProcess_Messenger](https://lcgapp-services.cern.ch/root-jenkins/job/root-pullrequests-build/128834/testReport/projectroot.roofit.multiprocess/test/gtest_roofit_multiprocess_test_test_RooFit_MultiProcess_Messenger/); - [projectroot.roofit.roofitZMQ.test.gtest_roofit_roofitZMQ_test_test_RooFitZMQ_polling](https://lcgapp-services.cern.ch/root-jenkins/job/root-pullrequests-build/128834/testReport/projectroot.roofit.roofitZMQ/test/gtest_roofit_roofitZMQ_test_test_RooFitZMQ_polling/),MatchSource.ISSUE_COMMENT,root-project,root,v6-32-06,https://github.com/root-project/root/pull/9078#issuecomment-956433133:262,test,tests,262,https://root.cern,https://github.com/root-project/root/pull/9078#issuecomment-956433133,10,['test'],"['test', 'testReport', 'tests']"
Testability,Build failed on ROOT-ubuntu2004/soversion.; Running on root-ubuntu-2004-3.cern.ch:/home/sftnight/build/workspace/root-pullrequests-build; [See console output](https://lcgapp-services.cern.ch/root-jenkins/job/root-pullrequests-build/128939/console).; ### Failing tests:; - [projectroot.tree.dataframe.test.gtest_tree_dataframe_test_datasource_csv](https://lcgapp-services.cern.ch/root-jenkins/job/root-pullrequests-build/128939/testReport/projectroot.tree.dataframe/test/gtest_tree_dataframe_test_datasource_csv/),MatchSource.ISSUE_COMMENT,root-project,root,v6-32-06,https://github.com/root-project/root/pull/9224#issuecomment-957950223:262,test,tests,262,https://root.cern,https://github.com/root-project/root/pull/9224#issuecomment-957950223,4,['test'],"['test', 'testReport', 'tests']"
Testability,Build failed on ROOT-ubuntu2004/soversion.; Running on root-ubuntu-2004-3.cern.ch:/home/sftnight/build/workspace/root-pullrequests-build; [See console output](https://lcgapp-services.cern.ch/root-jenkins/job/root-pullrequests-build/128988/console).; ### Failing tests:; - [projectroot.tree.dataframe.test.gtest_tree_dataframe_test_datasource_csv](https://lcgapp-services.cern.ch/root-jenkins/job/root-pullrequests-build/128988/testReport/projectroot.tree.dataframe/test/gtest_tree_dataframe_test_datasource_csv/),MatchSource.ISSUE_COMMENT,root-project,root,v6-32-06,https://github.com/root-project/root/pull/9226#issuecomment-958746782:262,test,tests,262,https://root.cern,https://github.com/root-project/root/pull/9226#issuecomment-958746782,4,['test'],"['test', 'testReport', 'tests']"
Testability,Build failed on ROOT-ubuntu2004/soversion.; Running on root-ubuntu-2004-3.cern.ch:/home/sftnight/build/workspace/root-pullrequests-build; [See console output](https://lcgapp-services.cern.ch/root-jenkins/job/root-pullrequests-build/128995/console).; ### Failing tests:; - [projectroot.roofit.multiprocess.test.gtest_roofit_multiprocess_test_test_RooFit_MultiProcess_Job](https://lcgapp-services.cern.ch/root-jenkins/job/root-pullrequests-build/128995/testReport/projectroot.roofit.multiprocess/test/gtest_roofit_multiprocess_test_test_RooFit_MultiProcess_Job/); - [projectroot.roofit.multiprocess.test.gtest_roofit_multiprocess_test_test_RooFit_MultiProcess_Messenger](https://lcgapp-services.cern.ch/root-jenkins/job/root-pullrequests-build/128995/testReport/projectroot.roofit.multiprocess/test/gtest_roofit_multiprocess_test_test_RooFit_MultiProcess_Messenger/); - [projectroot.roofit.roofitZMQ.test.gtest_roofit_roofitZMQ_test_test_RooFitZMQ_polling](https://lcgapp-services.cern.ch/root-jenkins/job/root-pullrequests-build/128995/testReport/projectroot.roofit.roofitZMQ/test/gtest_roofit_roofitZMQ_test_test_RooFitZMQ_polling/),MatchSource.ISSUE_COMMENT,root-project,root,v6-32-06,https://github.com/root-project/root/pull/9078#issuecomment-959371504:262,test,tests,262,https://root.cern,https://github.com/root-project/root/pull/9078#issuecomment-959371504,10,['test'],"['test', 'testReport', 'tests']"
Testability,Build failed on ROOT-ubuntu2004/soversion.; Running on root-ubuntu-2004-3.cern.ch:/home/sftnight/build/workspace/root-pullrequests-build; [See console output](https://lcgapp-services.cern.ch/root-jenkins/job/root-pullrequests-build/129052/console).; ### Failing tests:; - [projectroot.roofit.roofitZMQ.test.gtest_roofit_roofitZMQ_test_test_RooFitZMQ_load_balancing](https://lcgapp-services.cern.ch/root-jenkins/job/root-pullrequests-build/129052/testReport/projectroot.roofit.roofitZMQ/test/gtest_roofit_roofitZMQ_test_test_RooFitZMQ_load_balancing/); - [projectroot.roofit.multiprocess.test.gtest_roofit_multiprocess_test_test_RooFit_MultiProcess_Job](https://lcgapp-services.cern.ch/root-jenkins/job/root-pullrequests-build/129052/testReport/projectroot.roofit.multiprocess/test/gtest_roofit_multiprocess_test_test_RooFit_MultiProcess_Job/); - [projectroot.roofit.roofitZMQ.test.gtest_roofit_roofitZMQ_test_test_RooFitZMQ_polling](https://lcgapp-services.cern.ch/root-jenkins/job/root-pullrequests-build/129052/testReport/projectroot.roofit.roofitZMQ/test/gtest_roofit_roofitZMQ_test_test_RooFitZMQ_polling/),MatchSource.ISSUE_COMMENT,root-project,root,v6-32-06,https://github.com/root-project/root/pull/9078#issuecomment-959837166:262,test,tests,262,https://root.cern,https://github.com/root-project/root/pull/9078#issuecomment-959837166,10,['test'],"['test', 'testReport', 'tests']"
Testability,Build failed on ROOT-ubuntu2004/soversion.; Running on root-ubuntu-2004-3.cern.ch:/home/sftnight/build/workspace/root-pullrequests-build; [See console output](https://lcgapp-services.cern.ch/root-jenkins/job/root-pullrequests-build/129151/console).; ### Errors:; - [2021-11-04T13:26:10.301Z] FAILED: hist/hist/test/CMakeFiles/testTMultiGraphGetHistogram.dir/test_TMultiGraph_GetHistogram.cxx.o ; - [2021-11-04T13:26:10.890Z] /home/sftnight/build/workspace/root-pullrequests-build/root/hist/hist/test/test_TMultiGraph_GetHistogram.cxx:5:10: fatal error: TCanvas.h: No such file or directory,MatchSource.ISSUE_COMMENT,root-project,root,v6-32-06,https://github.com/root-project/root/pull/9229#issuecomment-960923568:310,test,test,310,https://root.cern,https://github.com/root-project/root/pull/9229#issuecomment-960923568,3,['test'],"['test', 'testTMultiGraphGetHistogram']"
Testability,Build failed on ROOT-ubuntu2004/soversion.; Running on root-ubuntu-2004-3.cern.ch:/home/sftnight/build/workspace/root-pullrequests-build; [See console output](https://lcgapp-services.cern.ch/root-jenkins/job/root-pullrequests-build/129214/console).; ### Failing tests:; - [projectroot.tree.dataframe.test.gtest_tree_dataframe_test_dataframe_simple](https://lcgapp-services.cern.ch/root-jenkins/job/root-pullrequests-build/129214/testReport/projectroot.tree.dataframe/test/gtest_tree_dataframe_test_dataframe_simple/); - [projectroot.roottest.python.JupyROOT.roottest_python_JupyROOT_cppcompleter_doctest](https://lcgapp-services.cern.ch/root-jenkins/job/root-pullrequests-build/129214/testReport/projectroot.roottest.python/JupyROOT/roottest_python_JupyROOT_cppcompleter_doctest/); - [projectroot.core.thread.test.gtest_core_thread_test_testInterpreterLock](https://lcgapp-services.cern.ch/root-jenkins/job/root-pullrequests-build/129214/testReport/projectroot.core.thread/test/gtest_core_thread_test_testInterpreterLock/),MatchSource.ISSUE_COMMENT,root-project,root,v6-32-06,https://github.com/root-project/root/pull/7714#issuecomment-961217305:262,test,tests,262,https://root.cern,https://github.com/root-project/root/pull/7714#issuecomment-961217305,8,['test'],"['test', 'testReport', 'tests']"
Testability,Build failed on ROOT-ubuntu2004/soversion.; Running on root-ubuntu-2004-3.cern.ch:/home/sftnight/build/workspace/root-pullrequests-build; [See console output](https://lcgapp-services.cern.ch/root-jenkins/job/root-pullrequests-build/129228/console).; ### Failing tests:; - [projectroot.roofit.multiprocess.test.gtest_roofit_multiprocess_test_test_RooFit_MultiProcess_Job](https://lcgapp-services.cern.ch/root-jenkins/job/root-pullrequests-build/129228/testReport/projectroot.roofit.multiprocess/test/gtest_roofit_multiprocess_test_test_RooFit_MultiProcess_Job/); - [projectroot.roofit.multiprocess.test.gtest_roofit_multiprocess_test_test_RooFit_MultiProcess_Messenger](https://lcgapp-services.cern.ch/root-jenkins/job/root-pullrequests-build/129228/testReport/projectroot.roofit.multiprocess/test/gtest_roofit_multiprocess_test_test_RooFit_MultiProcess_Messenger/); - [projectroot.roofit.roofitZMQ.test.gtest_roofit_roofitZMQ_test_test_RooFitZMQ_load_balancing](https://lcgapp-services.cern.ch/root-jenkins/job/root-pullrequests-build/129228/testReport/projectroot.roofit.roofitZMQ/test/gtest_roofit_roofitZMQ_test_test_RooFitZMQ_load_balancing/); - [projectroot.roofit.roofitZMQ.test.gtest_roofit_roofitZMQ_test_test_RooFitZMQ_polling](https://lcgapp-services.cern.ch/root-jenkins/job/root-pullrequests-build/129228/testReport/projectroot.roofit.roofitZMQ/test/gtest_roofit_roofitZMQ_test_test_RooFitZMQ_polling/),MatchSource.ISSUE_COMMENT,root-project,root,v6-32-06,https://github.com/root-project/root/pull/9078#issuecomment-961250947:262,test,tests,262,https://root.cern,https://github.com/root-project/root/pull/9078#issuecomment-961250947,13,['test'],"['test', 'testReport', 'tests']"
Testability,Build failed on ROOT-ubuntu2004/soversion.; Running on root-ubuntu-2004-3.cern.ch:/home/sftnight/build/workspace/root-pullrequests-build; [See console output](https://lcgapp-services.cern.ch/root-jenkins/job/root-pullrequests-build/129672/console).; ### Failing tests:; - [projectroot.roofit.roofit.test.gtest_roofit_roofit_test_testRooBernstein](https://lcgapp-services.cern.ch/root-jenkins/job/root-pullrequests-build/129672/testReport/projectroot.roofit.roofit/test/gtest_roofit_roofit_test_testRooBernstein/); - [projectroot.roofit.roofit.test.gtest_roofit_roofit_test_testRooGaussian](https://lcgapp-services.cern.ch/root-jenkins/job/root-pullrequests-build/129672/testReport/projectroot.roofit.roofit/test/gtest_roofit_roofit_test_testRooGaussian/); - [projectroot.roofit.roofit.test.gtest_roofit_roofit_test_testRooPoisson](https://lcgapp-services.cern.ch/root-jenkins/job/root-pullrequests-build/129672/testReport/projectroot.roofit.roofit/test/gtest_roofit_roofit_test_testRooPoisson/); - [projectroot.roofit.roofitcore.test.gtest_roofit_roofitcore_test_simple](https://lcgapp-services.cern.ch/root-jenkins/job/root-pullrequests-build/129672/testReport/projectroot.roofit.roofitcore/test/gtest_roofit_roofitcore_test_simple/); - [projectroot.roofit.roofitcore.test.gtest_roofit_roofitcore_test_testRooCacheManager](https://lcgapp-services.cern.ch/root-jenkins/job/root-pullrequests-build/129672/testReport/projectroot.roofit.roofitcore/test/gtest_roofit_roofitcore_test_testRooCacheManager/); - [projectroot.roofit.roofit.test.gtest_roofit_roofit_test_testRooExponential](https://lcgapp-services.cern.ch/root-jenkins/job/root-pullrequests-build/129672/testReport/projectroot.roofit.roofit/test/gtest_roofit_roofit_test_testRooExponential/); - [projectroot.roofit.roofit.test.gtest_roofit_roofit_test_testRooCrystalBall](https://lcgapp-services.cern.ch/root-jenkins/job/root-pullrequests-build/129672/testReport/projectroot.roofit.roofit/test/gtest_roofit_roofit_test_testRooCrystalBall/); - [,MatchSource.ISSUE_COMMENT,root-project,root,v6-32-06,https://github.com/root-project/root/pull/9270#issuecomment-966373798:262,test,tests,262,https://root.cern,https://github.com/root-project/root/pull/9270#issuecomment-966373798,10,['test'],"['test', 'testReport', 'tests']"
Testability,Build failed on ROOT-ubuntu2004/soversion.; Running on root-ubuntu-2004-3.cern.ch:/home/sftnight/build/workspace/root-pullrequests-build; [See console output](https://lcgapp-services.cern.ch/root-jenkins/job/root-pullrequests-build/129756/console).; ### Failing tests:; - [projectroot.test.test_stressHistFactory_interpreted](https://lcgapp-services.cern.ch/root-jenkins/job/root-pullrequests-build/129756/testReport/projectroot/test/test_stressHistFactory_interpreted/),MatchSource.ISSUE_COMMENT,root-project,root,v6-32-06,https://github.com/root-project/root/pull/9271#issuecomment-967110789:262,test,tests,262,https://root.cern,https://github.com/root-project/root/pull/9271#issuecomment-967110789,4,['test'],"['test', 'testReport', 'tests']"
Testability,Build failed on ROOT-ubuntu2004/soversion.; Running on root-ubuntu-2004-3.cern.ch:/home/sftnight/build/workspace/root-pullrequests-build; [See console output](https://lcgapp-services.cern.ch/root-jenkins/job/root-pullrequests-build/129791/console).; ### Failing tests:; - [projectroot.roottest.root.hist.operator.roottest_root_hist_operator_runsparse](https://lcgapp-services.cern.ch/root-jenkins/job/root-pullrequests-build/129791/testReport/projectroot.roottest.root.hist/operator/roottest_root_hist_operator_runsparse/); - [projectroot.roottest.root.io.filemerger.roottest_root_io_filemerger_execFileMerger](https://lcgapp-services.cern.ch/root-jenkins/job/root-pullrequests-build/129791/testReport/projectroot.roottest.root.io/filemerger/roottest_root_io_filemerger_execFileMerger/),MatchSource.ISSUE_COMMENT,root-project,root,v6-32-06,https://github.com/root-project/root/pull/9281#issuecomment-967237115:262,test,tests,262,https://root.cern,https://github.com/root-project/root/pull/9281#issuecomment-967237115,3,['test'],"['testReport', 'tests']"
Testability,Build failed on ROOT-ubuntu2004/soversion.; Running on root-ubuntu-2004-3.cern.ch:/home/sftnight/build/workspace/root-pullrequests-build; [See console output](https://lcgapp-services.cern.ch/root-jenkins/job/root-pullrequests-build/129812/console).; ### Failing tests:; - [projectroot.bindings.experimental.distrdf.test.pyunittests_distrdf_unit_test_headnode](https://lcgapp-services.cern.ch/root-jenkins/job/root-pullrequests-build/129812/testReport/projectroot.bindings.experimental.distrdf/test/pyunittests_distrdf_unit_test_headnode/); - [projectroot.roottest.root.meta.MakeProject.roottest_root_meta_MakeProject_stltest](https://lcgapp-services.cern.ch/root-jenkins/job/root-pullrequests-build/129812/testReport/projectroot.roottest.root.meta/MakeProject/roottest_root_meta_MakeProject_stltest/); - [projectroot.tree.dataframe.test.pyunittests_dataframe_merge_results](https://lcgapp-services.cern.ch/root-jenkins/job/root-pullrequests-build/129812/testReport/projectroot.tree.dataframe/test/pyunittests_dataframe_merge_results/),MatchSource.ISSUE_COMMENT,root-project,root,v6-32-06,https://github.com/root-project/root/pull/9284#issuecomment-967256483:262,test,tests,262,https://root.cern,https://github.com/root-project/root/pull/9284#issuecomment-967256483,8,['test'],"['test', 'testReport', 'tests']"
Testability,Build failed on ROOT-ubuntu2004/soversion.; Running on root-ubuntu-2004-3.cern.ch:/home/sftnight/build/workspace/root-pullrequests-build; [See console output](https://lcgapp-services.cern.ch/root-jenkins/job/root-pullrequests-build/130057/console).; ### Failing tests:; - [projectroot.roofit.multiprocess.test.gtest_roofit_multiprocess_test_test_RooFit_MultiProcess_Job](https://lcgapp-services.cern.ch/root-jenkins/job/root-pullrequests-build/130057/testReport/projectroot.roofit.multiprocess/test/gtest_roofit_multiprocess_test_test_RooFit_MultiProcess_Job/); - [projectroot.roofit.multiprocess.test.gtest_roofit_multiprocess_test_test_RooFit_MultiProcess_Messenger](https://lcgapp-services.cern.ch/root-jenkins/job/root-pullrequests-build/130057/testReport/projectroot.roofit.multiprocess/test/gtest_roofit_multiprocess_test_test_RooFit_MultiProcess_Messenger/),MatchSource.ISSUE_COMMENT,root-project,root,v6-32-06,https://github.com/root-project/root/pull/9078#issuecomment-970656213:262,test,tests,262,https://root.cern,https://github.com/root-project/root/pull/9078#issuecomment-970656213,7,['test'],"['test', 'testReport', 'tests']"
Testability,Build failed on ROOT-ubuntu2004/soversion.; Running on root-ubuntu-2004-3.cern.ch:/home/sftnight/build/workspace/root-pullrequests-build; [See console output](https://lcgapp-services.cern.ch/root-jenkins/job/root-pullrequests-build/130179/console).; ### Failing tests:; - [projectroot.roottest.root.io.stdarray.roottest_root_io_stdarray_aclic03](https://lcgapp-services.cern.ch/root-jenkins/job/root-pullrequests-build/130179/testReport/projectroot.roottest.root.io/stdarray/roottest_root_io_stdarray_aclic03/),MatchSource.ISSUE_COMMENT,root-project,root,v6-32-06,https://github.com/root-project/root/pull/9078#issuecomment-971643712:262,test,tests,262,https://root.cern,https://github.com/root-project/root/pull/9078#issuecomment-971643712,2,['test'],"['testReport', 'tests']"
Testability,Build failed on ROOT-ubuntu2004/soversion.; Running on root-ubuntu-2004-3.cern.ch:/home/sftnight/build/workspace/root-pullrequests-build; [See console output](https://lcgapp-services.cern.ch/root-jenkins/job/root-pullrequests-build/130215/console).; ### Failing tests:; - [projectroot.roofit.multiprocess.test.gtest_roofit_multiprocess_test_test_RooFit_MultiProcess_Messenger](https://lcgapp-services.cern.ch/root-jenkins/job/root-pullrequests-build/130215/testReport/projectroot.roofit.multiprocess/test/gtest_roofit_multiprocess_test_test_RooFit_MultiProcess_Messenger/),MatchSource.ISSUE_COMMENT,root-project,root,v6-32-06,https://github.com/root-project/root/pull/9078#issuecomment-972089298:262,test,tests,262,https://root.cern,https://github.com/root-project/root/pull/9078#issuecomment-972089298,4,['test'],"['test', 'testReport', 'tests']"
Testability,Build failed on ROOT-ubuntu2004/soversion.; Running on root-ubuntu-2004-3.cern.ch:/home/sftnight/build/workspace/root-pullrequests-build; [See console output](https://lcgapp-services.cern.ch/root-jenkins/job/root-pullrequests-build/130393/console).; ### Failing tests:; - [projectroot.roofit.multiprocess.test.gtest_roofit_multiprocess_test_test_RooFit_MultiProcess_Job](https://lcgapp-services.cern.ch/root-jenkins/job/root-pullrequests-build/130393/testReport/projectroot.roofit.multiprocess/test/gtest_roofit_multiprocess_test_test_RooFit_MultiProcess_Job/); - [projectroot.roottest.root.io.json.roottest_root_io_json_make](https://lcgapp-services.cern.ch/root-jenkins/job/root-pullrequests-build/130393/testReport/projectroot.roottest.root.io/json/roottest_root_io_json_make/); - [projectroot.test.test_stressgraphics_interpreted](https://lcgapp-services.cern.ch/root-jenkins/job/root-pullrequests-build/130393/testReport/projectroot/test/test_stressgraphics_interpreted/),MatchSource.ISSUE_COMMENT,root-project,root,v6-32-06,https://github.com/root-project/root/pull/9078#issuecomment-975715617:262,test,tests,262,https://root.cern,https://github.com/root-project/root/pull/9078#issuecomment-975715617,8,['test'],"['test', 'testReport', 'tests']"
Testability,Build failed on ROOT-ubuntu2004/soversion.; Running on root-ubuntu-2004-3.cern.ch:/home/sftnight/build/workspace/root-pullrequests-build; [See console output](https://lcgapp-services.cern.ch/root-jenkins/job/root-pullrequests-build/130400/console).; ### Failing tests:; - [projectroot.roottest.root.io.json.roottest_root_io_json_make](https://lcgapp-services.cern.ch/root-jenkins/job/root-pullrequests-build/130400/testReport/projectroot.roottest.root.io/json/roottest_root_io_json_make/); - [projectroot.test.test_stressgraphics_interpreted](https://lcgapp-services.cern.ch/root-jenkins/job/root-pullrequests-build/130400/testReport/projectroot/test/test_stressgraphics_interpreted/),MatchSource.ISSUE_COMMENT,root-project,root,v6-32-06,https://github.com/root-project/root/pull/9317#issuecomment-975800330:262,test,tests,262,https://root.cern,https://github.com/root-project/root/pull/9317#issuecomment-975800330,5,['test'],"['test', 'testReport', 'tests']"
Testability,Build failed on ROOT-ubuntu2004/soversion.; Running on root-ubuntu-2004-3.cern.ch:/home/sftnight/build/workspace/root-pullrequests-build; [See console output](https://lcgapp-services.cern.ch/root-jenkins/job/root-pullrequests-build/130463/console).; ### Failing tests:; - [projectroot.roottest.root.hist.operator.roottest_root_hist_operator_runsparse](https://lcgapp-services.cern.ch/root-jenkins/job/root-pullrequests-build/130463/testReport/projectroot.roottest.root.hist/operator/roottest_root_hist_operator_runsparse/); - [projectroot.roottest.root.io.filemerger.roottest_root_io_filemerger_execFileMerger](https://lcgapp-services.cern.ch/root-jenkins/job/root-pullrequests-build/130463/testReport/projectroot.roottest.root.io/filemerger/roottest_root_io_filemerger_execFileMerger/),MatchSource.ISSUE_COMMENT,root-project,root,v6-32-06,https://github.com/root-project/root/pull/9276#issuecomment-976803362:262,test,tests,262,https://root.cern,https://github.com/root-project/root/pull/9276#issuecomment-976803362,3,['test'],"['testReport', 'tests']"
Testability,Build failed on ROOT-ubuntu2004/soversion.; Running on root-ubuntu-2004-3.cern.ch:/home/sftnight/build/workspace/root-pullrequests-build; [See console output](https://lcgapp-services.cern.ch/root-jenkins/job/root-pullrequests-build/131125/console).; ### Failing tests:; - [projectroot.bindings.experimental.distrdf.test.backend.pyunittests_distrdf_unit_backend_test_spark](https://lcgapp-services.cern.ch/root-jenkins/job/root-pullrequests-build/131125/testReport/projectroot.bindings.experimental.distrdf.test/backend/pyunittests_distrdf_unit_backend_test_spark/); - [projectroot.roottest.python.distrdf.dask.roottest_python_distrdf_dask_dask_test_histo_write](https://lcgapp-services.cern.ch/root-jenkins/job/root-pullrequests-build/131125/testReport/projectroot.roottest.python.distrdf/dask/roottest_python_distrdf_dask_dask_test_histo_write/); - [projectroot.roottest.python.distrdf.dask.roottest_python_distrdf_dask_dask_test_inv_mass](https://lcgapp-services.cern.ch/root-jenkins/job/root-pullrequests-build/131125/testReport/projectroot.roottest.python.distrdf/dask/roottest_python_distrdf_dask_dask_test_inv_mass/); - [projectroot.roottest.python.distrdf.dask.roottest_python_distrdf_dask_dask_test_friend_trees](https://lcgapp-services.cern.ch/root-jenkins/job/root-pullrequests-build/131125/testReport/projectroot.roottest.python.distrdf/dask/roottest_python_distrdf_dask_dask_test_friend_trees/); - [projectroot.roottest.python.distrdf.dask.roottest_python_distrdf_dask_dask_test_reducer_merge](https://lcgapp-services.cern.ch/root-jenkins/job/root-pullrequests-build/131125/testReport/projectroot.roottest.python.distrdf/dask/roottest_python_distrdf_dask_dask_test_reducer_merge/); - [projectroot.roottest.python.distrdf.spark.roottest_python_distrdf_spark_spark_test_histo_write](https://lcgapp-services.cern.ch/root-jenkins/job/root-pullrequests-build/131125/testReport/projectroot.roottest.python.distrdf/spark/roottest_python_distrdf_spark_spark_test_histo_write/); - [projectroot.root,MatchSource.ISSUE_COMMENT,root-project,root,v6-32-06,https://github.com/root-project/root/pull/9128#issuecomment-981729994:262,test,tests,262,https://root.cern,https://github.com/root-project/root/pull/9128#issuecomment-981729994,5,['test'],"['test', 'testReport', 'tests']"
Testability,Build failed on ROOT-ubuntu2004/soversion.; Running on root-ubuntu-2004-3.cern.ch:/home/sftnight/build/workspace/root-pullrequests-build; [See console output](https://lcgapp-services.cern.ch/root-jenkins/job/root-pullrequests-build/131682/console).; ### Failing tests:; - [projectroot.tmva.tmva.test.envelope.gtest_tmva_tmva_test_envelope_TMVA_Classification](https://lcgapp-services.cern.ch/root-jenkins/job/root-pullrequests-build/131682/testReport/projectroot.tmva.tmva.test/envelope/gtest_tmva_tmva_test_envelope_TMVA_Classification/),MatchSource.ISSUE_COMMENT,root-project,root,v6-32-06,https://github.com/root-project/root/pull/9377#issuecomment-985626916:262,test,tests,262,https://root.cern,https://github.com/root-project/root/pull/9377#issuecomment-985626916,4,['test'],"['test', 'testReport', 'tests']"
Testability,Build failed on ROOT-ubuntu2004/soversion.; Running on root-ubuntu-2004-3.cern.ch:/home/sftnight/build/workspace/root-pullrequests-build; [See console output](https://lcgapp-services.cern.ch/root-jenkins/job/root-pullrequests-build/132761/console).; ### Failing tests:; - [projectroot.roottest.root.meta.roottest_root_meta_runMemberComments](https://lcgapp-services.cern.ch/root-jenkins/job/root-pullrequests-build/132761/testReport/projectroot.roottest.root/meta/roottest_root_meta_runMemberComments/),MatchSource.ISSUE_COMMENT,root-project,root,v6-32-06,https://github.com/root-project/root/pull/9472#issuecomment-998028480:262,test,tests,262,https://root.cern,https://github.com/root-project/root/pull/9472#issuecomment-998028480,2,['test'],"['testReport', 'tests']"
Testability,Build failed on ROOT-ubuntu2004/soversion.; Running on root-ubuntu-2004-3.cern.ch:/home/sftnight/build/workspace/root-pullrequests-build; [See console output](https://lcgapp-services.cern.ch/root-jenkins/job/root-pullrequests-build/134006/console).; ### Failing tests:; - [projectroot.roottest.root.hist.operator.roottest_root_hist_operator_runsparse](https://lcgapp-services.cern.ch/root-jenkins/job/root-pullrequests-build/134006/testReport/projectroot.roottest.root.hist/operator/roottest_root_hist_operator_runsparse/); - [projectroot.roottest.root.io.filemerger.roottest_root_io_filemerger_execFileMerger](https://lcgapp-services.cern.ch/root-jenkins/job/root-pullrequests-build/134006/testReport/projectroot.roottest.root.io/filemerger/roottest_root_io_filemerger_execFileMerger/),MatchSource.ISSUE_COMMENT,root-project,root,v6-32-06,https://github.com/root-project/root/pull/9560#issuecomment-1012261403:262,test,tests,262,https://root.cern,https://github.com/root-project/root/pull/9560#issuecomment-1012261403,3,['test'],"['testReport', 'tests']"
Testability,Build failed on ROOT-ubuntu2004/soversion.; Running on root-ubuntu-2004-3.cern.ch:/home/sftnight/build/workspace/root-pullrequests-build; [See console output](https://lcgapp-services.cern.ch/root-jenkins/job/root-pullrequests-build/134188/console).; ### Failing tests:; - [projectroot.tree.dataframe.test.gtest_tree_dataframe_test_dataframe_interface](https://lcgapp-services.cern.ch/root-jenkins/job/root-pullrequests-build/134188/testReport/projectroot.tree.dataframe/test/gtest_tree_dataframe_test_dataframe_interface/),MatchSource.ISSUE_COMMENT,root-project,root,v6-32-06,https://github.com/root-project/root/pull/9551#issuecomment-1013223343:262,test,tests,262,https://root.cern,https://github.com/root-project/root/pull/9551#issuecomment-1013223343,4,['test'],"['test', 'testReport', 'tests']"
Testability,Build failed on ROOT-ubuntu2004/soversion.; Running on root-ubuntu-2004-3.cern.ch:/home/sftnight/build/workspace/root-pullrequests-build; [See console output](https://lcgapp-services.cern.ch/root-jenkins/job/root-pullrequests-build/134230/console).; ### Failing tests:; - [projectroot.roottest.root.hist.operator.roottest_root_hist_operator_runsparse](https://lcgapp-services.cern.ch/root-jenkins/job/root-pullrequests-build/134230/testReport/projectroot.roottest.root.hist/operator/roottest_root_hist_operator_runsparse/); - [projectroot.roottest.root.io.filemerger.roottest_root_io_filemerger_execFileMerger](https://lcgapp-services.cern.ch/root-jenkins/job/root-pullrequests-build/134230/testReport/projectroot.roottest.root.io/filemerger/roottest_root_io_filemerger_execFileMerger/),MatchSource.ISSUE_COMMENT,root-project,root,v6-32-06,https://github.com/root-project/root/pull/9580#issuecomment-1013311210:262,test,tests,262,https://root.cern,https://github.com/root-project/root/pull/9580#issuecomment-1013311210,3,['test'],"['testReport', 'tests']"
Testability,Build failed on ROOT-ubuntu2004/soversion.; Running on root-ubuntu-2004-3.cern.ch:/home/sftnight/build/workspace/root-pullrequests-build; [See console output](https://lcgapp-services.cern.ch/root-jenkins/job/root-pullrequests-build/134244/console).; ### Failing tests:; - [projectroot.roottest.cling.specialobj.roottest_cling_specialobj_runf02](https://lcgapp-services.cern.ch/root-jenkins/job/root-pullrequests-build/134244/testReport/projectroot.roottest.cling/specialobj/roottest_cling_specialobj_runf02/),MatchSource.ISSUE_COMMENT,root-project,root,v6-32-06,https://github.com/root-project/root/pull/9582#issuecomment-1013336093:262,test,tests,262,https://root.cern,https://github.com/root-project/root/pull/9582#issuecomment-1013336093,2,['test'],"['testReport', 'tests']"
Testability,Build failed on ROOT-ubuntu2004/soversion.; Running on root-ubuntu-2004-3.cern.ch:/home/sftnight/build/workspace/root-pullrequests-build; [See console output](https://lcgapp-services.cern.ch/root-jenkins/job/root-pullrequests-build/134463/console).; ### Failing tests:; - [projectroot.roofit.hs3.test.gtest_roofit_hs3_test_testRooFitHS3](https://lcgapp-services.cern.ch/root-jenkins/job/root-pullrequests-build/134463/testReport/projectroot.roofit.hs3/test/gtest_roofit_hs3_test_testRooFitHS3/),MatchSource.ISSUE_COMMENT,root-project,root,v6-32-06,https://github.com/root-project/root/pull/9480#issuecomment-1016533689:262,test,tests,262,https://root.cern,https://github.com/root-project/root/pull/9480#issuecomment-1016533689,4,['test'],"['test', 'testReport', 'tests']"
Testability,Build failed on ROOT-ubuntu2004/soversion.; Running on root-ubuntu-2004-3.cern.ch:/home/sftnight/build/workspace/root-pullrequests-build; [See console output](https://lcgapp-services.cern.ch/root-jenkins/job/root-pullrequests-build/134625/console).; ### Failing tests:; - [projectroot.roottest.root.hist.operator.roottest_root_hist_operator_runsparse](https://lcgapp-services.cern.ch/root-jenkins/job/root-pullrequests-build/134625/testReport/projectroot.roottest.root.hist/operator/roottest_root_hist_operator_runsparse/); - [projectroot.roottest.root.io.filemerger.roottest_root_io_filemerger_execFileMerger](https://lcgapp-services.cern.ch/root-jenkins/job/root-pullrequests-build/134625/testReport/projectroot.roottest.root.io/filemerger/roottest_root_io_filemerger_execFileMerger/),MatchSource.ISSUE_COMMENT,root-project,root,v6-32-06,https://github.com/root-project/root/pull/9620#issuecomment-1016921877:262,test,tests,262,https://root.cern,https://github.com/root-project/root/pull/9620#issuecomment-1016921877,3,['test'],"['testReport', 'tests']"
Testability,Build failed on ROOT-ubuntu2004/soversion.; Running on root-ubuntu-2004-3.cern.ch:/home/sftnight/build/workspace/root-pullrequests-build; [See console output](https://lcgapp-services.cern.ch/root-jenkins/job/root-pullrequests-build/135193/console).; ### Failing tests:; - [projectroot.roottest.root.dataframe.roottest_root_dataframe_test_ROOT9975](https://lcgapp-services.cern.ch/root-jenkins/job/root-pullrequests-build/135193/testReport/projectroot.roottest.root/dataframe/roottest_root_dataframe_test_ROOT9975/); - [projectroot.tree.dataframe.test.gtest_tree_dataframe_test_dataframe_interface](https://lcgapp-services.cern.ch/root-jenkins/job/root-pullrequests-build/135193/testReport/projectroot.tree.dataframe/test/gtest_tree_dataframe_test_dataframe_interface/); - [projectroot.tree.dataframe.test.gtest_tree_dataframe_test_dataframe_cache](https://lcgapp-services.cern.ch/root-jenkins/job/root-pullrequests-build/135193/testReport/projectroot.tree.dataframe/test/gtest_tree_dataframe_test_dataframe_cache/),MatchSource.ISSUE_COMMENT,root-project,root,v6-32-06,https://github.com/root-project/root/pull/9699#issuecomment-1021913361:262,test,tests,262,https://root.cern,https://github.com/root-project/root/pull/9699#issuecomment-1021913361,8,['test'],"['test', 'testReport', 'tests']"
Testability,Build failed on ROOT-ubuntu2004/soversion.; Running on root-ubuntu-2004-3.cern.ch:/home/sftnight/build/workspace/root-pullrequests-build; [See console output](https://lcgapp-services.cern.ch/root-jenkins/job/root-pullrequests-build/135908/console).; ### Failing tests:; - [projectroot.roottest.root.dataframe.roottest_root_dataframe_test_ROOT9975](https://lcgapp-services.cern.ch/root-jenkins/job/root-pullrequests-build/135908/testReport/projectroot.roottest.root/dataframe/roottest_root_dataframe_test_ROOT9975/),MatchSource.ISSUE_COMMENT,root-project,root,v6-32-06,https://github.com/root-project/root/pull/9762#issuecomment-1026000842:262,test,tests,262,https://root.cern,https://github.com/root-project/root/pull/9762#issuecomment-1026000842,2,['test'],"['testReport', 'tests']"
Testability,Build failed on ROOT-ubuntu2004/soversion.; Running on root-ubuntu-2004-3.cern.ch:/home/sftnight/build/workspace/root-pullrequests-build; [See console output](https://lcgapp-services.cern.ch/root-jenkins/job/root-pullrequests-build/136422/console).; ### Failing tests:; - [projectroot.bindings.pyroot.pythonizations.test.pyunittests_pyroot_roofit_roojsonfactorywstool](https://lcgapp-services.cern.ch/root-jenkins/job/root-pullrequests-build/136422/testReport/projectroot.bindings.pyroot.pythonizations/test/pyunittests_pyroot_roofit_roojsonfactorywstool/),MatchSource.ISSUE_COMMENT,root-project,root,v6-32-06,https://github.com/root-project/root/pull/9794#issuecomment-1029447949:262,test,tests,262,https://root.cern,https://github.com/root-project/root/pull/9794#issuecomment-1029447949,4,['test'],"['test', 'testReport', 'tests']"
Testability,Build failed on ROOT-ubuntu2004/soversion.; Running on root-ubuntu-2004-3.cern.ch:/home/sftnight/build/workspace/root-pullrequests-build; [See console output](https://lcgapp-services.cern.ch/root-jenkins/job/root-pullrequests-build/136443/console).; ### Failing tests:; - [projectroot.bindings.pyroot.pythonizations.test.pyunittests_pyroot_roofit_roojsonfactorywstool](https://lcgapp-services.cern.ch/root-jenkins/job/root-pullrequests-build/136443/testReport/projectroot.bindings.pyroot.pythonizations/test/pyunittests_pyroot_roofit_roojsonfactorywstool/),MatchSource.ISSUE_COMMENT,root-project,root,v6-32-06,https://github.com/root-project/root/pull/9802#issuecomment-1029465918:262,test,tests,262,https://root.cern,https://github.com/root-project/root/pull/9802#issuecomment-1029465918,4,['test'],"['test', 'testReport', 'tests']"
Testability,Build failed on ROOT-ubuntu2004/soversion.; Running on root-ubuntu-2004-3.cern.ch:/home/sftnight/build/workspace/root-pullrequests-build; [See console output](https://lcgapp-services.cern.ch/root-jenkins/job/root-pullrequests-build/136506/console).; ### Failing tests:; - [projectroot.bindings.pyroot.pythonizations.test.pyunittests_pyroot_roofit_roojsonfactorywstool](https://lcgapp-services.cern.ch/root-jenkins/job/root-pullrequests-build/136506/testReport/projectroot.bindings.pyroot.pythonizations/test/pyunittests_pyroot_roofit_roojsonfactorywstool/),MatchSource.ISSUE_COMMENT,root-project,root,v6-32-06,https://github.com/root-project/root/pull/9806#issuecomment-1029701830:262,test,tests,262,https://root.cern,https://github.com/root-project/root/pull/9806#issuecomment-1029701830,4,['test'],"['test', 'testReport', 'tests']"
Testability,Build failed on ROOT-ubuntu2004/soversion.; Running on root-ubuntu-2004-3.cern.ch:/home/sftnight/build/workspace/root-pullrequests-build; [See console output](https://lcgapp-services.cern.ch/root-jenkins/job/root-pullrequests-build/136513/console).; ### Failing tests:; - [projectroot.bindings.pyroot.pythonizations.test.pyunittests_pyroot_roofit_roojsonfactorywstool](https://lcgapp-services.cern.ch/root-jenkins/job/root-pullrequests-build/136513/testReport/projectroot.bindings.pyroot.pythonizations/test/pyunittests_pyroot_roofit_roojsonfactorywstool/),MatchSource.ISSUE_COMMENT,root-project,root,v6-32-06,https://github.com/root-project/root/pull/9808#issuecomment-1029902760:262,test,tests,262,https://root.cern,https://github.com/root-project/root/pull/9808#issuecomment-1029902760,4,['test'],"['test', 'testReport', 'tests']"
Testability,Build failed on ROOT-ubuntu2004/soversion.; Running on root-ubuntu-2004-3.cern.ch:/home/sftnight/build/workspace/root-pullrequests-build; [See console output](https://lcgapp-services.cern.ch/root-jenkins/job/root-pullrequests-build/137476/console).; ### Failing tests:; - [projectroot.roottest.python.distrdf.common.roottest_python_distrdf_common_common_test_rungraphs](https://lcgapp-services.cern.ch/root-jenkins/job/root-pullrequests-build/137476/testReport/projectroot.roottest.python.distrdf/common/roottest_python_distrdf_common_common_test_rungraphs/),MatchSource.ISSUE_COMMENT,root-project,root,v6-32-06,https://github.com/root-project/root/pull/9890#issuecomment-1040319405:262,test,tests,262,https://root.cern,https://github.com/root-project/root/pull/9890#issuecomment-1040319405,2,['test'],"['testReport', 'tests']"
Testability,Build failed on ROOT-ubuntu2004/soversion.; Running on root-ubuntu-2004-3.cern.ch:/home/sftnight/build/workspace/root-pullrequests-build; [See console output](https://lcgapp-services.cern.ch/root-jenkins/job/root-pullrequests-build/138198/console).; ### Failing tests:; - [projectroot.roottest.python.distrdf.common.roottest_python_distrdf_common_common_test_rungraphs](https://lcgapp-services.cern.ch/root-jenkins/job/root-pullrequests-build/138198/testReport/projectroot.roottest.python.distrdf/common/roottest_python_distrdf_common_common_test_rungraphs/),MatchSource.ISSUE_COMMENT,root-project,root,v6-32-06,https://github.com/root-project/root/pull/9976#issuecomment-1049941366:262,test,tests,262,https://root.cern,https://github.com/root-project/root/pull/9976#issuecomment-1049941366,2,['test'],"['testReport', 'tests']"
Testability,Build failed on ROOT-ubuntu2004/soversion.; Running on root-ubuntu-2004-3.cern.ch:/home/sftnight/build/workspace/root-pullrequests-build; [See console output](https://lcgapp-services.cern.ch/root-jenkins/job/root-pullrequests-build/139318/console).; ### Failing tests:; - [projectroot.roottest.python.distrdf.spark.roottest_python_distrdf_spark_spark_test_rungraphs](https://lcgapp-services.cern.ch/root-jenkins/job/root-pullrequests-build/139318/testReport/projectroot.roottest.python.distrdf/spark/roottest_python_distrdf_spark_spark_test_rungraphs/),MatchSource.ISSUE_COMMENT,root-project,root,v6-32-06,https://github.com/root-project/root/pull/10105#issuecomment-1066274118:262,test,tests,262,https://root.cern,https://github.com/root-project/root/pull/10105#issuecomment-1066274118,2,['test'],"['testReport', 'tests']"
Testability,Build failed on ROOT-ubuntu2004/soversion.; Running on root-ubuntu-2004-3.cern.ch:/home/sftnight/build/workspace/root-pullrequests-build; [See console output](https://lcgapp-services.cern.ch/root-jenkins/job/root-pullrequests-build/139353/console).; ### Failing tests:; - [projectroot.roottest.python.distrdf.common.roottest_python_distrdf_common_common_test_rungraphs](https://lcgapp-services.cern.ch/root-jenkins/job/root-pullrequests-build/139353/testReport/projectroot.roottest.python.distrdf/common/roottest_python_distrdf_common_common_test_rungraphs/); - [projectroot.runtutorials.tutorial_roostats_OneSidedFrequentistUpperLimitWithBands](https://lcgapp-services.cern.ch/root-jenkins/job/root-pullrequests-build/139353/testReport/projectroot/runtutorials/tutorial_roostats_OneSidedFrequentistUpperLimitWithBands/); - [projectroot.runtutorials.tutorial_roostats_StandardBayesianMCMCDemo](https://lcgapp-services.cern.ch/root-jenkins/job/root-pullrequests-build/139353/testReport/projectroot/runtutorials/tutorial_roostats_StandardBayesianMCMCDemo/); - [projectroot.runtutorials.tutorial_roostats_StandardBayesianNumericalDemo](https://lcgapp-services.cern.ch/root-jenkins/job/root-pullrequests-build/139353/testReport/projectroot/runtutorials/tutorial_roostats_StandardBayesianNumericalDemo/); - [projectroot.runtutorials.tutorial_roostats_StandardFeldmanCousinsDemo](https://lcgapp-services.cern.ch/root-jenkins/job/root-pullrequests-build/139353/testReport/projectroot/runtutorials/tutorial_roostats_StandardFeldmanCousinsDemo/); - [projectroot.runtutorials.tutorial_roostats_StandardFrequentistDiscovery](https://lcgapp-services.cern.ch/root-jenkins/job/root-pullrequests-build/139353/testReport/projectroot/runtutorials/tutorial_roostats_StandardFrequentistDiscovery/); - [projectroot.runtutorials.tutorial_roostats_StandardHistFactoryPlotsWithCategories](https://lcgapp-services.cern.ch/root-jenkins/job/root-pullrequests-build/139353/testReport/projectroot/runtutorials/tutorial_roostats_S,MatchSource.ISSUE_COMMENT,root-project,root,v6-32-06,https://github.com/root-project/root/pull/10104#issuecomment-1066875035:262,test,tests,262,https://root.cern,https://github.com/root-project/root/pull/10104#issuecomment-1066875035,4,['test'],"['testReport', 'tests']"
Testability,Build failed on ROOT-ubuntu2004/soversion.; Running on root-ubuntu-2004-3.cern.ch:/home/sftnight/build/workspace/root-pullrequests-build; [See console output](https://lcgapp-services.cern.ch/root-jenkins/job/root-pullrequests-build/139361/console).; ### Failing tests:; - [projectroot.roottest.python.distrdf.common.roottest_python_distrdf_common_common_test_rungraphs](https://lcgapp-services.cern.ch/root-jenkins/job/root-pullrequests-build/139361/testReport/projectroot.roottest.python.distrdf/common/roottest_python_distrdf_common_common_test_rungraphs/),MatchSource.ISSUE_COMMENT,root-project,root,v6-32-06,https://github.com/root-project/root/pull/10113#issuecomment-1066908136:262,test,tests,262,https://root.cern,https://github.com/root-project/root/pull/10113#issuecomment-1066908136,2,['test'],"['testReport', 'tests']"
Testability,Build failed on ROOT-ubuntu2004/soversion.; Running on root-ubuntu-2004-3.cern.ch:/home/sftnight/build/workspace/root-pullrequests-build; [See console output](https://lcgapp-services.cern.ch/root-jenkins/job/root-pullrequests-build/139382/console).; ### Failing tests:; - [projectroot.runtutorials.tutorial_roostats_StandardBayesianMCMCDemo](https://lcgapp-services.cern.ch/root-jenkins/job/root-pullrequests-build/139382/testReport/projectroot/runtutorials/tutorial_roostats_StandardBayesianMCMCDemo/); - [projectroot.runtutorials.tutorial_roostats_OneSidedFrequentistUpperLimitWithBands](https://lcgapp-services.cern.ch/root-jenkins/job/root-pullrequests-build/139382/testReport/projectroot/runtutorials/tutorial_roostats_OneSidedFrequentistUpperLimitWithBands/); - [projectroot.runtutorials.tutorial_roostats_StandardBayesianNumericalDemo](https://lcgapp-services.cern.ch/root-jenkins/job/root-pullrequests-build/139382/testReport/projectroot/runtutorials/tutorial_roostats_StandardBayesianNumericalDemo/); - [projectroot.runtutorials.tutorial_roostats_StandardFeldmanCousinsDemo](https://lcgapp-services.cern.ch/root-jenkins/job/root-pullrequests-build/139382/testReport/projectroot/runtutorials/tutorial_roostats_StandardFeldmanCousinsDemo/); - [projectroot.runtutorials.tutorial_roostats_StandardHistFactoryPlotsWithCategories](https://lcgapp-services.cern.ch/root-jenkins/job/root-pullrequests-build/139382/testReport/projectroot/runtutorials/tutorial_roostats_StandardHistFactoryPlotsWithCategories/); - [projectroot.runtutorials.tutorial_roostats_StandardFrequentistDiscovery](https://lcgapp-services.cern.ch/root-jenkins/job/root-pullrequests-build/139382/testReport/projectroot/runtutorials/tutorial_roostats_StandardFrequentistDiscovery/); - [projectroot.runtutorials.tutorial_roostats_StandardProfileInspectorDemo](https://lcgapp-services.cern.ch/root-jenkins/job/root-pullrequests-build/139382/testReport/projectroot/runtutorials/tutorial_roostats_StandardProfileInspectorDemo/); - [proj,MatchSource.ISSUE_COMMENT,root-project,root,v6-32-06,https://github.com/root-project/root/pull/10104#issuecomment-1067018949:262,test,tests,262,https://root.cern,https://github.com/root-project/root/pull/10104#issuecomment-1067018949,4,['test'],"['testReport', 'tests']"
Testability,Build failed on ROOT-ubuntu2004/soversion.; Running on root-ubuntu-2004-3.cern.ch:/home/sftnight/build/workspace/root-pullrequests-build; [See console output](https://lcgapp-services.cern.ch/root-jenkins/job/root-pullrequests-build/139473/console).; ### Failing tests:; - [projectroot.roottest.root.hist.operator.roottest_root_hist_operator_runsparse](https://lcgapp-services.cern.ch/root-jenkins/job/root-pullrequests-build/139473/testReport/projectroot.roottest.root.hist/operator/roottest_root_hist_operator_runsparse/); - [projectroot.roottest.root.io.filemerger.roottest_root_io_filemerger_execFileMerger](https://lcgapp-services.cern.ch/root-jenkins/job/root-pullrequests-build/139473/testReport/projectroot.roottest.root.io/filemerger/roottest_root_io_filemerger_execFileMerger/),MatchSource.ISSUE_COMMENT,root-project,root,v6-32-06,https://github.com/root-project/root/pull/10120#issuecomment-1068170915:262,test,tests,262,https://root.cern,https://github.com/root-project/root/pull/10120#issuecomment-1068170915,3,['test'],"['testReport', 'tests']"
Testability,Build failed on ROOT-ubuntu2004/soversion.; Running on root-ubuntu-2004-3.cern.ch:/home/sftnight/build/workspace/root-pullrequests-build; [See console output](https://lcgapp-services.cern.ch/root-jenkins/job/root-pullrequests-build/139480/console).; ### Failing tests:; - [projectroot.roottest.python.distrdf.spark.roottest_python_distrdf_spark_spark_test_rungraphs](https://lcgapp-services.cern.ch/root-jenkins/job/root-pullrequests-build/139480/testReport/projectroot.roottest.python.distrdf/spark/roottest_python_distrdf_spark_spark_test_rungraphs/),MatchSource.ISSUE_COMMENT,root-project,root,v6-32-06,https://github.com/root-project/root/pull/10127#issuecomment-1068202035:262,test,tests,262,https://root.cern,https://github.com/root-project/root/pull/10127#issuecomment-1068202035,2,['test'],"['testReport', 'tests']"
Testability,Build failed on ROOT-ubuntu2004/soversion.; Running on root-ubuntu-2004-3.cern.ch:/home/sftnight/build/workspace/root-pullrequests-build; [See console output](https://lcgapp-services.cern.ch/root-jenkins/job/root-pullrequests-build/140336/console).; ### Failing tests:; - [projectroot.test.test_stressroofit_interpreted](https://lcgapp-services.cern.ch/root-jenkins/job/root-pullrequests-build/140336/testReport/projectroot/test/test_stressroofit_interpreted/); - [projectroot.roottest.cling.specialobj.roottest_cling_specialobj_stlProxies](https://lcgapp-services.cern.ch/root-jenkins/job/root-pullrequests-build/140336/testReport/projectroot.roottest.cling/specialobj/roottest_cling_specialobj_stlProxies/); - [projectroot.roottest.python.basic.roottest_python_basic_datatype](https://lcgapp-services.cern.ch/root-jenkins/job/root-pullrequests-build/140336/testReport/projectroot.roottest.python/basic/roottest_python_basic_datatype/); - [projectroot.roottest.root.io.bigevent.roottest_root_io_bigevent_make](https://lcgapp-services.cern.ch/root-jenkins/job/root-pullrequests-build/140336/testReport/projectroot.roottest.root.io/bigevent/roottest_root_io_bigevent_make/); - [projectroot.roottest.root.io.compression.roottest_root_io_compression_make](https://lcgapp-services.cern.ch/root-jenkins/job/root-pullrequests-build/140336/testReport/projectroot.roottest.root.io/compression/roottest_root_io_compression_make/); - [projectroot.roottest.root.io.heritstl.roottest_root_io_heritstl_make](https://lcgapp-services.cern.ch/root-jenkins/job/root-pullrequests-build/140336/testReport/projectroot.roottest.root.io/heritstl/roottest_root_io_heritstl_make/); - [projectroot.roottest.root.meta.evolution.roottest_root_meta_evolution_runforeign](https://lcgapp-services.cern.ch/root-jenkins/job/root-pullrequests-build/140336/testReport/projectroot.roottest.root.meta/evolution/roottest_root_meta_evolution_runforeign/); - [projectroot.roottest.root.meta.autoloading.headerParsingOnDemand.roottest_root_m,MatchSource.ISSUE_COMMENT,root-project,root,v6-32-06,https://github.com/root-project/root/pull/10230#issuecomment-1078715140:262,test,tests,262,https://root.cern,https://github.com/root-project/root/pull/10230#issuecomment-1078715140,6,['test'],"['test', 'testReport', 'tests']"
Testability,Build failed on ROOT-ubuntu2004/soversion.; Running on root-ubuntu-2004-3.cern.ch:/home/sftnight/build/workspace/root-pullrequests-build; [See console output](https://lcgapp-services.cern.ch/root-jenkins/job/root-pullrequests-build/140546/console).; ### Failing tests:; - [projectroot.roofit.roofitcore.test.gtest_roofit_roofitcore_test_testRooSimultaneous](https://lcgapp-services.cern.ch/root-jenkins/job/root-pullrequests-build/140546/testReport/projectroot.roofit.roofitcore/test/gtest_roofit_roofitcore_test_testRooSimultaneous/),MatchSource.ISSUE_COMMENT,root-project,root,v6-32-06,https://github.com/root-project/root/pull/10256#issuecomment-1081219456:262,test,tests,262,https://root.cern,https://github.com/root-project/root/pull/10256#issuecomment-1081219456,4,['test'],"['test', 'testReport', 'tests']"
Testability,Build failed on ROOT-ubuntu2004/soversion.; Running on root-ubuntu-2004-3.cern.ch:/home/sftnight/build/workspace/root-pullrequests-build; [See console output](https://lcgapp-services.cern.ch/root-jenkins/job/root-pullrequests-build/140658/console).; ### Failing tests:; - [projectroot.roofit.roofitcore.test.gtest_roofit_roofitcore_test_testRooSimultaneous](https://lcgapp-services.cern.ch/root-jenkins/job/root-pullrequests-build/140658/testReport/projectroot.roofit.roofitcore/test/gtest_roofit_roofitcore_test_testRooSimultaneous/),MatchSource.ISSUE_COMMENT,root-project,root,v6-32-06,https://github.com/root-project/root/pull/10263#issuecomment-1081974015:262,test,tests,262,https://root.cern,https://github.com/root-project/root/pull/10263#issuecomment-1081974015,4,['test'],"['test', 'testReport', 'tests']"
Testability,Build failed on ROOT-ubuntu2004/soversion.; Running on root-ubuntu-2004-3.cern.ch:/home/sftnight/build/workspace/root-pullrequests-build; [See console output](https://lcgapp-services.cern.ch/root-jenkins/job/root-pullrequests-build/140672/console).; ### Failing tests:; - [projectroot.roofit.roofitcore.test.gtest_roofit_roofitcore_test_testRooSimultaneous](https://lcgapp-services.cern.ch/root-jenkins/job/root-pullrequests-build/140672/testReport/projectroot.roofit.roofitcore/test/gtest_roofit_roofitcore_test_testRooSimultaneous/),MatchSource.ISSUE_COMMENT,root-project,root,v6-32-06,https://github.com/root-project/root/pull/10270#issuecomment-1082029622:262,test,tests,262,https://root.cern,https://github.com/root-project/root/pull/10270#issuecomment-1082029622,4,['test'],"['test', 'testReport', 'tests']"
Testability,Build failed on ROOT-ubuntu2004/soversion.; Running on root-ubuntu-2004-3.cern.ch:/home/sftnight/build/workspace/root-pullrequests-build; [See console output](https://lcgapp-services.cern.ch/root-jenkins/job/root-pullrequests-build/141731/console).; ### Failing tests:; - [projectroot.roottest.root.hist.operator.roottest_root_hist_operator_runsparse](https://lcgapp-services.cern.ch/root-jenkins/job/root-pullrequests-build/141731/testReport/projectroot.roottest.root.hist/operator/roottest_root_hist_operator_runsparse/); - [projectroot.roottest.root.io.filemerger.roottest_root_io_filemerger_execFileMerger](https://lcgapp-services.cern.ch/root-jenkins/job/root-pullrequests-build/141731/testReport/projectroot.roottest.root.io/filemerger/roottest_root_io_filemerger_execFileMerger/); - [projectroot.roottest.root.meta.evolution.roottest_root_meta_evolution_runforeign](https://lcgapp-services.cern.ch/root-jenkins/job/root-pullrequests-build/141731/testReport/projectroot.roottest.root.meta/evolution/roottest_root_meta_evolution_runforeign/),MatchSource.ISSUE_COMMENT,root-project,root,v6-32-06,https://github.com/root-project/root/pull/10280#issuecomment-1089679935:262,test,tests,262,https://root.cern,https://github.com/root-project/root/pull/10280#issuecomment-1089679935,4,['test'],"['testReport', 'tests']"
Testability,Build failed on ROOT-ubuntu2004/soversion.; Running on root-ubuntu-2004-3.cern.ch:/home/sftnight/build/workspace/root-pullrequests-build; [See console output](https://lcgapp-services.cern.ch/root-jenkins/job/root-pullrequests-build/142478/console).; ### Failing tests:; - [projectroot.roottest.python.distrdf.dask.roottest_python_distrdf_dask_test_all](https://lcgapp-services.cern.ch/root-jenkins/job/root-pullrequests-build/142478/testReport/projectroot.roottest.python.distrdf/dask/roottest_python_distrdf_dask_test_all/),MatchSource.ISSUE_COMMENT,root-project,root,v6-32-06,https://github.com/root-project/root/pull/10392#issuecomment-1097953977:262,test,tests,262,https://root.cern,https://github.com/root-project/root/pull/10392#issuecomment-1097953977,2,['test'],"['testReport', 'tests']"
Testability,Build failed on ROOT-ubuntu2004/soversion.; Running on root-ubuntu-2004-3.cern.ch:/home/sftnight/build/workspace/root-pullrequests-build; [See console output](https://lcgapp-services.cern.ch/root-jenkins/job/root-pullrequests-build/142731/console).; ### Failing tests:; - [projectroot.roottest.python.distrdf.dask.roottest_python_distrdf_dask_test_all](https://lcgapp-services.cern.ch/root-jenkins/job/root-pullrequests-build/142731/testReport/projectroot.roottest.python.distrdf/dask/roottest_python_distrdf_dask_test_all/),MatchSource.ISSUE_COMMENT,root-project,root,v6-32-06,https://github.com/root-project/root/pull/10300#issuecomment-1101418527:262,test,tests,262,https://root.cern,https://github.com/root-project/root/pull/10300#issuecomment-1101418527,2,['test'],"['testReport', 'tests']"
Testability,Build failed on ROOT-ubuntu2004/soversion.; Running on root-ubuntu-2004-3.cern.ch:/home/sftnight/build/workspace/root-pullrequests-build; [See console output](https://lcgapp-services.cern.ch/root-jenkins/job/root-pullrequests-build/143358/console).; ### Failing tests:; - [projectroot.roottest.python.distrdf.common.roottest_python_distrdf_common_test_all](https://lcgapp-services.cern.ch/root-jenkins/job/root-pullrequests-build/143358/testReport/projectroot.roottest.python.distrdf/common/roottest_python_distrdf_common_test_all/),MatchSource.ISSUE_COMMENT,root-project,root,v6-32-06,https://github.com/root-project/root/pull/10336#issuecomment-1111129372:262,test,tests,262,https://root.cern,https://github.com/root-project/root/pull/10336#issuecomment-1111129372,2,['test'],"['testReport', 'tests']"
Testability,Build failed on ROOT-ubuntu2004/soversion.; Running on root-ubuntu-2004-3.cern.ch:/home/sftnight/build/workspace/root-pullrequests-build; [See console output](https://lcgapp-services.cern.ch/root-jenkins/job/root-pullrequests-build/146355/console).; ### Warnings:; - [2022-05-31T16:30:20.803Z] Warning in &lt;CheckModuleValid&gt;: warning: Couldn't find in the following specified headers in the module Core: ; - [2022-05-31T16:30:51.340Z] Warning in &lt;CheckModuleValid&gt;: warning: Couldn't find in the following specified headers in the module Thread: . ### Failing tests:; - [projectroot.bindings.pyroot.pythonizations.test.pyunittests_pyroot_numbadeclare](https://lcgapp-services.cern.ch/root-jenkins/job/root-pullrequests-build/146355/testReport/projectroot.bindings.pyroot.pythonizations/test/pyunittests_pyroot_numbadeclare/); - [projectroot.roottest.cling.staticinit.ROOT-10426.roottest_cling_staticinit_ROOT_10426_ROOT_10426](https://lcgapp-services.cern.ch/root-jenkins/job/root-pullrequests-build/146355/testReport/projectroot.roottest.cling.staticinit/ROOT-10426/roottest_cling_staticinit_ROOT_10426_ROOT_10426/); - [projectroot.roottest.python.cling.roottest_python_cling_api](https://lcgapp-services.cern.ch/root-jenkins/job/root-pullrequests-build/146355/testReport/projectroot.roottest.python/cling/roottest_python_cling_api/); - [projectroot.roottest.python.cling.roottest_python_cling_class](https://lcgapp-services.cern.ch/root-jenkins/job/root-pullrequests-build/146355/testReport/projectroot.roottest.python/cling/roottest_python_cling_class/); - [projectroot.roottest.root.dataframe.roottest_root_dataframe_missingBranches](https://lcgapp-services.cern.ch/root-jenkins/job/root-pullrequests-build/146355/testReport/projectroot.roottest.root/dataframe/roottest_root_dataframe_missingBranches/); - [projectroot.roottest.root.meta.rootcling.roottest_root_meta_rootcling_includeInLinkdef](https://lcgapp-services.cern.ch/root-jenkins/job/root-pullrequests-build/146355/testReport/,MatchSource.ISSUE_COMMENT,root-project,root,v6-32-06,https://github.com/root-project/root/pull/10294#issuecomment-1142398922:571,test,tests,571,https://root.cern,https://github.com/root-project/root/pull/10294#issuecomment-1142398922,4,['test'],"['test', 'testReport', 'tests']"
Testability,Build failed on ROOT-ubuntu2004/soversion.; Running on root-ubuntu-2004-3.cern.ch:/home/sftnight/build/workspace/root-pullrequests-build; [See console output](https://lcgapp-services.cern.ch/root-jenkins/job/root-pullrequests-build/146828/console).; ### Failing tests:; - [projectroot.roottest.root.hist.roottest_root_hist_h2root](https://lcgapp-services.cern.ch/root-jenkins/job/root-pullrequests-build/146828/testReport/projectroot.roottest.root/hist/roottest_root_hist_h2root/),MatchSource.ISSUE_COMMENT,root-project,root,v6-32-06,https://github.com/root-project/root/pull/10685#issuecomment-1148781439:262,test,tests,262,https://root.cern,https://github.com/root-project/root/pull/10685#issuecomment-1148781439,2,['test'],"['testReport', 'tests']"
Testability,Build failed on ROOT-ubuntu2204/cxx17.; Running on root-ubuntu-2204-1.cern.ch:/home/sftnight/build/workspace/root-pullrequests-build; [See console output](https://lcgapp-services.cern.ch/root-jenkins/job/root-pullrequests-build/157366/console).; ### Failing tests:; - [projectroot.roottest.root.io.uniquePointer.roottest_root_io_uniquePointer_aclicDataMemberSelection](https://lcgapp-services.cern.ch/root-jenkins/job/root-pullrequests-build/157366/testReport/projectroot.roottest.root.io/uniquePointer/roottest_root_io_uniquePointer_aclicDataMemberSelection/); - [projectroot.roottest.root.meta.MakeProject.roottest_root_meta_MakeProject_runaliceesd](https://lcgapp-services.cern.ch/root-jenkins/job/root-pullrequests-build/157366/testReport/projectroot.roottest.root.meta/MakeProject/roottest_root_meta_MakeProject_runaliceesd/),MatchSource.ISSUE_COMMENT,root-project,root,v6-32-06,https://github.com/root-project/root/pull/11518#issuecomment-1279033153:258,test,tests,258,https://root.cern,https://github.com/root-project/root/pull/11518#issuecomment-1279033153,3,['test'],"['testReport', 'tests']"
Testability,Build failed on ROOT-ubuntu2204/cxx17.; Running on root-ubuntu-2204-1.cern.ch:/home/sftnight/build/workspace/root-pullrequests-build; [See console output](https://lcgapp-services.cern.ch/root-jenkins/job/root-pullrequests-build/157472/console).; ### Warnings:; - [2022-10-15T17:23:04.712Z] /home/sftnight/build/workspace/root-pullrequests-build/root/net/http/civetweb/civetweb.c:12086:9: warning: ‘SHA1_Init’ is deprecated: Since OpenSSL 3.0 [-Wdeprecated-declarations] ; - [2022-10-15T17:23:04.713Z] /home/sftnight/build/workspace/root-pullrequests-build/root/net/http/civetweb/civetweb.c:12087:9: warning: ‘SHA1_Update’ is deprecated: Since OpenSSL 3.0 [-Wdeprecated-declarations] ; - [2022-10-15T17:23:04.713Z] /home/sftnight/build/workspace/root-pullrequests-build/root/net/http/civetweb/civetweb.c:12088:9: warning: ‘SHA1_Final’ is deprecated: Since OpenSSL 3.0 [-Wdeprecated-declarations] . ### Failing tests:; - [projectroot.roottest.root.dataframe.roottest_root_dataframe_test_snapshot_copyaddresses](https://lcgapp-services.cern.ch/root-jenkins/job/root-pullrequests-build/157472/testReport/projectroot.roottest.root/dataframe/roottest_root_dataframe_test_snapshot_copyaddresses/); - [projectroot.roottest.root.io.uniquePointer.roottest_root_io_uniquePointer_aclicDataMemberSelection](https://lcgapp-services.cern.ch/root-jenkins/job/root-pullrequests-build/157472/testReport/projectroot.roottest.root.io/uniquePointer/roottest_root_io_uniquePointer_aclicDataMemberSelection/); - [projectroot.roottest.root.meta.MakeProject.roottest_root_meta_MakeProject_runaliceesd](https://lcgapp-services.cern.ch/root-jenkins/job/root-pullrequests-build/157472/testReport/projectroot.roottest.root.meta/MakeProject/roottest_root_meta_MakeProject_runaliceesd/),MatchSource.ISSUE_COMMENT,root-project,root,v6-32-06,https://github.com/root-project/root/pull/11576#issuecomment-1279791503:909,test,tests,909,https://root.cern,https://github.com/root-project/root/pull/11576#issuecomment-1279791503,4,['test'],"['testReport', 'tests']"
Testability,Build failed on ROOT-ubuntu2204/cxx17.; Running on root-ubuntu-2204-1.cern.ch:/home/sftnight/build/workspace/root-pullrequests-build; [See console output](https://lcgapp-services.cern.ch/root-jenkins/job/root-pullrequests-build/157689/console).; ### Failing tests:; - [projectroot.roottest.root.io.uniquePointer.roottest_root_io_uniquePointer_aclicDataMemberSelection](https://lcgapp-services.cern.ch/root-jenkins/job/root-pullrequests-build/157689/testReport/projectroot.roottest.root.io/uniquePointer/roottest_root_io_uniquePointer_aclicDataMemberSelection/); - [projectroot.roottest.root.meta.MakeProject.roottest_root_meta_MakeProject_runaliceesd](https://lcgapp-services.cern.ch/root-jenkins/job/root-pullrequests-build/157689/testReport/projectroot.roottest.root.meta/MakeProject/roottest_root_meta_MakeProject_runaliceesd/),MatchSource.ISSUE_COMMENT,root-project,root,v6-32-06,https://github.com/root-project/root/pull/11595#issuecomment-1282366239:258,test,tests,258,https://root.cern,https://github.com/root-project/root/pull/11595#issuecomment-1282366239,3,['test'],"['testReport', 'tests']"
Testability,Build failed on ROOT-ubuntu2204/cxx17.; Running on root-ubuntu-2204-1.cern.ch:/home/sftnight/build/workspace/root-pullrequests-build; [See console output](https://lcgapp-services.cern.ch/root-jenkins/job/root-pullrequests-build/158702/console).; ### Failing tests:; - [projectroot.roottest.root.io.uniquePointer.roottest_root_io_uniquePointer_aclicDataMemberSelection](https://lcgapp-services.cern.ch/root-jenkins/job/root-pullrequests-build/158702/testReport/projectroot.roottest.root.io/uniquePointer/roottest_root_io_uniquePointer_aclicDataMemberSelection/); - [projectroot.roottest.root.meta.MakeProject.roottest_root_meta_MakeProject_runaliceesd](https://lcgapp-services.cern.ch/root-jenkins/job/root-pullrequests-build/158702/testReport/projectroot.roottest.root.meta/MakeProject/roottest_root_meta_MakeProject_runaliceesd/),MatchSource.ISSUE_COMMENT,root-project,root,v6-32-06,https://github.com/root-project/root/pull/11595#issuecomment-1307372382:258,test,tests,258,https://root.cern,https://github.com/root-project/root/pull/11595#issuecomment-1307372382,3,['test'],"['testReport', 'tests']"
Testability,Build failed on ROOT-ubuntu2204/cxx17.; Running on root-ubuntu-2204-1.cern.ch:/home/sftnight/build/workspace/root-pullrequests-build; [See console output](https://lcgapp-services.cern.ch/root-jenkins/job/root-pullrequests-build/158715/console).; ### Failing tests:; - [projectroot.roottest.root.io.uniquePointer.roottest_root_io_uniquePointer_aclicDataMemberSelection](https://lcgapp-services.cern.ch/root-jenkins/job/root-pullrequests-build/158715/testReport/projectroot.roottest.root.io/uniquePointer/roottest_root_io_uniquePointer_aclicDataMemberSelection/); - [projectroot.roottest.root.meta.MakeProject.roottest_root_meta_MakeProject_runaliceesd](https://lcgapp-services.cern.ch/root-jenkins/job/root-pullrequests-build/158715/testReport/projectroot.roottest.root.meta/MakeProject/roottest_root_meta_MakeProject_runaliceesd/),MatchSource.ISSUE_COMMENT,root-project,root,v6-32-06,https://github.com/root-project/root/pull/11641#issuecomment-1307494044:258,test,tests,258,https://root.cern,https://github.com/root-project/root/pull/11641#issuecomment-1307494044,3,['test'],"['testReport', 'tests']"
Testability,Build failed on ROOT-ubuntu2204/cxx17.; Running on root-ubuntu-2204-1.cern.ch:/home/sftnight/build/workspace/root-pullrequests-build; [See console output](https://lcgapp-services.cern.ch/root-jenkins/job/root-pullrequests-build/159266/console).; ### Warnings:; - [2022-11-16T15:03:56.922Z] /home/sftnight/build/workspace/root-pullrequests-build/build/tmva/sofie/test/ExpandSameSize_FromONNX.hxx:24:8: warning: unused variable ‘length’ [-Wunused-variable] ; - [2022-11-16T15:03:56.922Z] /home/sftnight/build/workspace/root-pullrequests-build/build/tmva/sofie/test/ExpandDiffSize_FromONNX.hxx:24:8: warning: unused variable ‘length’ [-Wunused-variable] . ### Failing tests:; - [projectroot.roottest.root.io.uniquePointer.roottest_root_io_uniquePointer_aclicDataMemberSelection](https://lcgapp-services.cern.ch/root-jenkins/job/root-pullrequests-build/159266/testReport/projectroot.roottest.root.io/uniquePointer/roottest_root_io_uniquePointer_aclicDataMemberSelection/); - [projectroot.roottest.root.meta.MakeProject.roottest_root_meta_MakeProject_runaliceesd](https://lcgapp-services.cern.ch/root-jenkins/job/root-pullrequests-build/159266/testReport/projectroot.roottest.root.meta/MakeProject/roottest_root_meta_MakeProject_runaliceesd/),MatchSource.ISSUE_COMMENT,root-project,root,v6-32-06,https://github.com/root-project/root/pull/11608#issuecomment-1317183246:362,test,test,362,https://root.cern,https://github.com/root-project/root/pull/11608#issuecomment-1317183246,5,['test'],"['test', 'testReport', 'tests']"
Testability,Build failed on ROOT-ubuntu2204/cxx17.; Running on root-ubuntu-2204-1.cern.ch:/home/sftnight/build/workspace/root-pullrequests-build; [See console output](https://lcgapp-services.cern.ch/root-jenkins/job/root-pullrequests-build/159357/console).; ### Failing tests:; - [projectroot.roottest.root.io.uniquePointer.roottest_root_io_uniquePointer_aclicDataMemberSelection](https://lcgapp-services.cern.ch/root-jenkins/job/root-pullrequests-build/159357/testReport/projectroot.roottest.root.io/uniquePointer/roottest_root_io_uniquePointer_aclicDataMemberSelection/); - [projectroot.roottest.root.meta.MakeProject.roottest_root_meta_MakeProject_runaliceesd](https://lcgapp-services.cern.ch/root-jenkins/job/root-pullrequests-build/159357/testReport/projectroot.roottest.root.meta/MakeProject/roottest_root_meta_MakeProject_runaliceesd/),MatchSource.ISSUE_COMMENT,root-project,root,v6-32-06,https://github.com/root-project/root/pull/11608#issuecomment-1318573172:258,test,tests,258,https://root.cern,https://github.com/root-project/root/pull/11608#issuecomment-1318573172,3,['test'],"['testReport', 'tests']"
Testability,Build failed on ROOT-ubuntu2204/cxx17.; Running on root-ubuntu-2204-1.cern.ch:/home/sftnight/build/workspace/root-pullrequests-build; [See console output](https://lcgapp-services.cern.ch/root-jenkins/job/root-pullrequests-build/159645/console).; ### Failing tests:; - [projectroot.roottest.root.io.uniquePointer.roottest_root_io_uniquePointer_aclicDataMemberSelection](https://lcgapp-services.cern.ch/root-jenkins/job/root-pullrequests-build/159645/testReport/projectroot.roottest.root.io/uniquePointer/roottest_root_io_uniquePointer_aclicDataMemberSelection/); - [projectroot.roottest.root.meta.MakeProject.roottest_root_meta_MakeProject_runaliceesd](https://lcgapp-services.cern.ch/root-jenkins/job/root-pullrequests-build/159645/testReport/projectroot.roottest.root.meta/MakeProject/roottest_root_meta_MakeProject_runaliceesd/); - [projectroot.tmva.pymva.test.PyMVA_Keras_Multiclass](https://lcgapp-services.cern.ch/root-jenkins/job/root-pullrequests-build/159645/testReport/projectroot.tmva.pymva/test/PyMVA_Keras_Multiclass/),MatchSource.ISSUE_COMMENT,root-project,root,v6-32-06,https://github.com/root-project/root/pull/11754#issuecomment-1324936670:258,test,tests,258,https://root.cern,https://github.com/root-project/root/pull/11754#issuecomment-1324936670,6,['test'],"['test', 'testReport', 'tests']"
Testability,Build failed on ROOT-ubuntu2204/cxx17.; Running on root-ubuntu-2204-2.cern.ch:/home/sftnight/build/workspace/root-pullrequests-build; [See console output](https://lcgapp-services.cern.ch/root-jenkins/job/root-pullrequests-build/158608/console).; ### Failing tests:; - [projectroot.roottest.root.io.uniquePointer.roottest_root_io_uniquePointer_aclicDataMemberSelection](https://lcgapp-services.cern.ch/root-jenkins/job/root-pullrequests-build/158608/testReport/projectroot.roottest.root.io/uniquePointer/roottest_root_io_uniquePointer_aclicDataMemberSelection/); - [projectroot.roottest.root.meta.MakeProject.roottest_root_meta_MakeProject_runaliceesd](https://lcgapp-services.cern.ch/root-jenkins/job/root-pullrequests-build/158608/testReport/projectroot.roottest.root.meta/MakeProject/roottest_root_meta_MakeProject_runaliceesd/),MatchSource.ISSUE_COMMENT,root-project,root,v6-32-06,https://github.com/root-project/root/pull/11459#issuecomment-1303289020:258,test,tests,258,https://root.cern,https://github.com/root-project/root/pull/11459#issuecomment-1303289020,3,['test'],"['testReport', 'tests']"
Testability,Build failed on ROOT-ubuntu2204/cxx17.; Running on root-ubuntu-2204-2.cern.ch:/home/sftnight/build/workspace/root-pullrequests-build; [See console output](https://lcgapp-services.cern.ch/root-jenkins/job/root-pullrequests-build/158705/console).; ### Failing tests:; - [projectroot.roottest.root.io.uniquePointer.roottest_root_io_uniquePointer_aclicDataMemberSelection](https://lcgapp-services.cern.ch/root-jenkins/job/root-pullrequests-build/158705/testReport/projectroot.roottest.root.io/uniquePointer/roottest_root_io_uniquePointer_aclicDataMemberSelection/); - [projectroot.roottest.root.meta.MakeProject.roottest_root_meta_MakeProject_runaliceesd](https://lcgapp-services.cern.ch/root-jenkins/job/root-pullrequests-build/158705/testReport/projectroot.roottest.root.meta/MakeProject/roottest_root_meta_MakeProject_runaliceesd/),MatchSource.ISSUE_COMMENT,root-project,root,v6-32-06,https://github.com/root-project/root/pull/11641#issuecomment-1307343058:258,test,tests,258,https://root.cern,https://github.com/root-project/root/pull/11641#issuecomment-1307343058,3,['test'],"['testReport', 'tests']"
Testability,Build failed on ROOT-ubuntu2204/cxx17.; Running on root-ubuntu-2204-2.cern.ch:/home/sftnight/build/workspace/root-pullrequests-build; [See console output](https://lcgapp-services.cern.ch/root-jenkins/job/root-pullrequests-build/159276/console).; ### Failing tests:; - [projectroot.roottest.root.io.uniquePointer.roottest_root_io_uniquePointer_aclicDataMemberSelection](https://lcgapp-services.cern.ch/root-jenkins/job/root-pullrequests-build/159276/testReport/projectroot.roottest.root.io/uniquePointer/roottest_root_io_uniquePointer_aclicDataMemberSelection/); - [projectroot.roottest.root.meta.MakeProject.roottest_root_meta_MakeProject_runaliceesd](https://lcgapp-services.cern.ch/root-jenkins/job/root-pullrequests-build/159276/testReport/projectroot.roottest.root.meta/MakeProject/roottest_root_meta_MakeProject_runaliceesd/),MatchSource.ISSUE_COMMENT,root-project,root,v6-32-06,https://github.com/root-project/root/pull/11721#issuecomment-1317204995:258,test,tests,258,https://root.cern,https://github.com/root-project/root/pull/11721#issuecomment-1317204995,3,['test'],"['testReport', 'tests']"
Testability,Build failed on ROOT-ubuntu2204/default.; Running on root-ubuntu-2204-1.cern.ch:/home/sftnight/build/workspace/root-pullrequests-build; [See console output](https://lcgapp-services.cern.ch/root-jenkins/job/root-pullrequests-build/150382/console).; ### Failing tests:; - [projectroot.roottest.root.io.uniquePointer.roottest_root_io_uniquePointer_simpleWriteRead](https://lcgapp-services.cern.ch/root-jenkins/job/root-pullrequests-build/150382/testReport/projectroot.roottest.root.io/uniquePointer/roottest_root_io_uniquePointer_simpleWriteRead/); - [projectroot.roottest.root.io.uniquePointer.roottest_root_io_uniquePointer_simpleRead](https://lcgapp-services.cern.ch/root-jenkins/job/root-pullrequests-build/150382/testReport/projectroot.roottest.root.io/uniquePointer/roottest_root_io_uniquePointer_simpleRead/); - [projectroot.roottest.root.io.uniquePointer.roottest_root_io_uniquePointer_aclicDataMemberSelection](https://lcgapp-services.cern.ch/root-jenkins/job/root-pullrequests-build/150382/testReport/projectroot.roottest.root.io/uniquePointer/roottest_root_io_uniquePointer_aclicDataMemberSelection/); - [projectroot.roottest.root.meta.MakeProject.roottest_root_meta_MakeProject_runaliceesd](https://lcgapp-services.cern.ch/root-jenkins/job/root-pullrequests-build/150382/testReport/projectroot.roottest.root.meta/MakeProject/roottest_root_meta_MakeProject_runaliceesd/); - [projectroot.roottest.root.meta.ROOT-7462.roottest_root_meta_ROOT_7462_make](https://lcgapp-services.cern.ch/root-jenkins/job/root-pullrequests-build/150382/testReport/projectroot.roottest.root.meta/ROOT-7462/roottest_root_meta_ROOT_7462_make/),MatchSource.ISSUE_COMMENT,root-project,root,v6-32-06,https://github.com/root-project/root/pull/11030#issuecomment-1192787028:260,test,tests,260,https://root.cern,https://github.com/root-project/root/pull/11030#issuecomment-1192787028,6,['test'],"['testReport', 'tests']"
Testability,Build failed on ROOT-ubuntu2204/default.; Running on root-ubuntu-2204-1.cern.ch:/home/sftnight/build/workspace/root-pullrequests-build; [See console output](https://lcgapp-services.cern.ch/root-jenkins/job/root-pullrequests-build/150385/console).; ### Failing tests:; - [projectroot.roottest.root.io.uniquePointer.roottest_root_io_uniquePointer_simpleWriteRead](https://lcgapp-services.cern.ch/root-jenkins/job/root-pullrequests-build/150385/testReport/projectroot.roottest.root.io/uniquePointer/roottest_root_io_uniquePointer_simpleWriteRead/); - [projectroot.roottest.root.io.uniquePointer.roottest_root_io_uniquePointer_simpleRead](https://lcgapp-services.cern.ch/root-jenkins/job/root-pullrequests-build/150385/testReport/projectroot.roottest.root.io/uniquePointer/roottest_root_io_uniquePointer_simpleRead/); - [projectroot.roottest.root.io.uniquePointer.roottest_root_io_uniquePointer_aclicDataMemberSelection](https://lcgapp-services.cern.ch/root-jenkins/job/root-pullrequests-build/150385/testReport/projectroot.roottest.root.io/uniquePointer/roottest_root_io_uniquePointer_aclicDataMemberSelection/); - [projectroot.roottest.root.meta.MakeProject.roottest_root_meta_MakeProject_runaliceesd](https://lcgapp-services.cern.ch/root-jenkins/job/root-pullrequests-build/150385/testReport/projectroot.roottest.root.meta/MakeProject/roottest_root_meta_MakeProject_runaliceesd/); - [projectroot.roottest.root.meta.ROOT-7462.roottest_root_meta_ROOT_7462_make](https://lcgapp-services.cern.ch/root-jenkins/job/root-pullrequests-build/150385/testReport/projectroot.roottest.root.meta/ROOT-7462/roottest_root_meta_ROOT_7462_make/),MatchSource.ISSUE_COMMENT,root-project,root,v6-32-06,https://github.com/root-project/root/pull/10971#issuecomment-1192934129:260,test,tests,260,https://root.cern,https://github.com/root-project/root/pull/10971#issuecomment-1192934129,6,['test'],"['testReport', 'tests']"
Testability,Build failed on ROOT-ubuntu2204/default.; Running on root-ubuntu-2204-1.cern.ch:/home/sftnight/build/workspace/root-pullrequests-build; [See console output](https://lcgapp-services.cern.ch/root-jenkins/job/root-pullrequests-build/150409/console).; ### Errors:; - [2022-07-22T21:45:41.510Z] /home/sftnight/build/workspace/root-pullrequests-build/build/tmva/sofie/test/Cast_FromONNX.hxx:18:1: error: ‘infer’ does not name a type ; - [2022-07-22T21:45:41.510Z] /home/sftnight/build/workspace/root-pullrequests-build/root/tmva/sofie/test/TestCustomModelsFromONNX.cxx:340:34: error: ‘struct TMVA_SOFIE_Cast::Session’ has no member named ‘infer’,MatchSource.ISSUE_COMMENT,root-project,root,v6-32-06,https://github.com/root-project/root/pull/11033#issuecomment-1192955695:362,test,test,362,https://root.cern,https://github.com/root-project/root/pull/11033#issuecomment-1192955695,3,"['Test', 'test']","['TestCustomModelsFromONNX', 'test']"
Testability,Build failed on ROOT-ubuntu2204/default.; Running on root-ubuntu-2204-1.cern.ch:/home/sftnight/build/workspace/root-pullrequests-build; [See console output](https://lcgapp-services.cern.ch/root-jenkins/job/root-pullrequests-build/150820/console).; ### Failing tests:; - [projectroot.roottest.root.io.uniquePointer.roottest_root_io_uniquePointer_simpleWriteRead](https://lcgapp-services.cern.ch/root-jenkins/job/root-pullrequests-build/150820/testReport/projectroot.roottest.root.io/uniquePointer/roottest_root_io_uniquePointer_simpleWriteRead/); - [projectroot.roottest.root.collection.roottest_root_collection_runDeleteWarning](https://lcgapp-services.cern.ch/root-jenkins/job/root-pullrequests-build/150820/testReport/projectroot.roottest.root/collection/roottest_root_collection_runDeleteWarning/); - [projectroot.roottest.root.io.uniquePointer.roottest_root_io_uniquePointer_simpleRead](https://lcgapp-services.cern.ch/root-jenkins/job/root-pullrequests-build/150820/testReport/projectroot.roottest.root.io/uniquePointer/roottest_root_io_uniquePointer_simpleRead/); - [projectroot.roottest.root.io.uniquePointer.roottest_root_io_uniquePointer_aclicDataMemberSelection](https://lcgapp-services.cern.ch/root-jenkins/job/root-pullrequests-build/150820/testReport/projectroot.roottest.root.io/uniquePointer/roottest_root_io_uniquePointer_aclicDataMemberSelection/); - [projectroot.roottest.root.meta.ROOT-7462.roottest_root_meta_ROOT_7462_make](https://lcgapp-services.cern.ch/root-jenkins/job/root-pullrequests-build/150820/testReport/projectroot.roottest.root.meta/ROOT-7462/roottest_root_meta_ROOT_7462_make/); - [projectroot.roottest.root.meta.MakeProject.roottest_root_meta_MakeProject_runaliceesd](https://lcgapp-services.cern.ch/root-jenkins/job/root-pullrequests-build/150820/testReport/projectroot.roottest.root.meta/MakeProject/roottest_root_meta_MakeProject_runaliceesd/),MatchSource.ISSUE_COMMENT,root-project,root,v6-32-06,https://github.com/root-project/root/pull/9666#issuecomment-1201104231:260,test,tests,260,https://root.cern,https://github.com/root-project/root/pull/9666#issuecomment-1201104231,7,['test'],"['testReport', 'tests']"
Testability,Build failed on ROOT-ubuntu2204/default.; Running on root-ubuntu-2204-1.cern.ch:/home/sftnight/build/workspace/root-pullrequests-build; [See console output](https://lcgapp-services.cern.ch/root-jenkins/job/root-pullrequests-build/150837/console).; ### Failing tests:; - [projectroot.roottest.root.io.uniquePointer.roottest_root_io_uniquePointer_simpleWriteRead](https://lcgapp-services.cern.ch/root-jenkins/job/root-pullrequests-build/150837/testReport/projectroot.roottest.root.io/uniquePointer/roottest_root_io_uniquePointer_simpleWriteRead/); - [projectroot.roottest.root.io.uniquePointer.roottest_root_io_uniquePointer_simpleRead](https://lcgapp-services.cern.ch/root-jenkins/job/root-pullrequests-build/150837/testReport/projectroot.roottest.root.io/uniquePointer/roottest_root_io_uniquePointer_simpleRead/); - [projectroot.roottest.root.io.uniquePointer.roottest_root_io_uniquePointer_aclicDataMemberSelection](https://lcgapp-services.cern.ch/root-jenkins/job/root-pullrequests-build/150837/testReport/projectroot.roottest.root.io/uniquePointer/roottest_root_io_uniquePointer_aclicDataMemberSelection/); - [projectroot.roottest.root.meta.ROOT-7462.roottest_root_meta_ROOT_7462_make](https://lcgapp-services.cern.ch/root-jenkins/job/root-pullrequests-build/150837/testReport/projectroot.roottest.root.meta/ROOT-7462/roottest_root_meta_ROOT_7462_make/); - [projectroot.roottest.root.meta.MakeProject.roottest_root_meta_MakeProject_runaliceesd](https://lcgapp-services.cern.ch/root-jenkins/job/root-pullrequests-build/150837/testReport/projectroot.roottest.root.meta/MakeProject/roottest_root_meta_MakeProject_runaliceesd/),MatchSource.ISSUE_COMMENT,root-project,root,v6-32-06,https://github.com/root-project/root/pull/11033#issuecomment-1201226675:260,test,tests,260,https://root.cern,https://github.com/root-project/root/pull/11033#issuecomment-1201226675,6,['test'],"['testReport', 'tests']"
Testability,Build failed on ROOT-ubuntu2204/default.; Running on root-ubuntu-2204-1.cern.ch:/home/sftnight/build/workspace/root-pullrequests-build; [See console output](https://lcgapp-services.cern.ch/root-jenkins/job/root-pullrequests-build/150898/console).; ### Errors:; - [2022-08-01T16:00:45.356Z] /home/sftnight/build/workspace/root-pullrequests-build/build/tmva/sofie/test/Cast_FromONNX.hxx:18:1: error: ‘infer’ does not name a type ; - [2022-08-01T16:00:45.356Z] /home/sftnight/build/workspace/root-pullrequests-build/root/tmva/sofie/test/TestCustomModelsFromONNX.cxx:340:34: error: ‘struct TMVA_SOFIE_Cast::Session’ has no member named ‘infer’,MatchSource.ISSUE_COMMENT,root-project,root,v6-32-06,https://github.com/root-project/root/pull/11033#issuecomment-1201395233:362,test,test,362,https://root.cern,https://github.com/root-project/root/pull/11033#issuecomment-1201395233,3,"['Test', 'test']","['TestCustomModelsFromONNX', 'test']"
Testability,Build failed on ROOT-ubuntu2204/default.; Running on root-ubuntu-2204-1.cern.ch:/home/sftnight/build/workspace/root-pullrequests-build; [See console output](https://lcgapp-services.cern.ch/root-jenkins/job/root-pullrequests-build/150940/console).; ### Failing tests:; - [projectroot.roottest.root.io.uniquePointer.roottest_root_io_uniquePointer_simpleWriteRead](https://lcgapp-services.cern.ch/root-jenkins/job/root-pullrequests-build/150940/testReport/projectroot.roottest.root.io/uniquePointer/roottest_root_io_uniquePointer_simpleWriteRead/); - [projectroot.roottest.root.io.uniquePointer.roottest_root_io_uniquePointer_simpleRead](https://lcgapp-services.cern.ch/root-jenkins/job/root-pullrequests-build/150940/testReport/projectroot.roottest.root.io/uniquePointer/roottest_root_io_uniquePointer_simpleRead/); - [projectroot.roottest.root.io.uniquePointer.roottest_root_io_uniquePointer_aclicDataMemberSelection](https://lcgapp-services.cern.ch/root-jenkins/job/root-pullrequests-build/150940/testReport/projectroot.roottest.root.io/uniquePointer/roottest_root_io_uniquePointer_aclicDataMemberSelection/); - [projectroot.roottest.root.meta.MakeProject.roottest_root_meta_MakeProject_runaliceesd](https://lcgapp-services.cern.ch/root-jenkins/job/root-pullrequests-build/150940/testReport/projectroot.roottest.root.meta/MakeProject/roottest_root_meta_MakeProject_runaliceesd/); - [projectroot.roottest.root.meta.ROOT-7462.roottest_root_meta_ROOT_7462_make](https://lcgapp-services.cern.ch/root-jenkins/job/root-pullrequests-build/150940/testReport/projectroot.roottest.root.meta/ROOT-7462/roottest_root_meta_ROOT_7462_make/),MatchSource.ISSUE_COMMENT,root-project,root,v6-32-06,https://github.com/root-project/root/pull/11030#issuecomment-1202314201:260,test,tests,260,https://root.cern,https://github.com/root-project/root/pull/11030#issuecomment-1202314201,6,['test'],"['testReport', 'tests']"
Testability,Build failed on ROOT-ubuntu2204/default.; Running on root-ubuntu-2204-1.cern.ch:/home/sftnight/build/workspace/root-pullrequests-build; [See console output](https://lcgapp-services.cern.ch/root-jenkins/job/root-pullrequests-build/151077/console).; ### Warnings:; - [2022-08-03T15:34:50.993Z] /usr/include/python3.10/numpy/__multiarray_api.h:1464:1: warning: ‘int _import_array()’ defined but not used [-Wunused-function] ; - [2022-08-03T15:34:53.692Z] /usr/include/python3.10/numpy/__multiarray_api.h:1464:1: warning: ‘int _import_array()’ defined but not used [-Wunused-function] ; - [2022-08-03T15:35:05.711Z] /usr/include/python3.10/numpy/__multiarray_api.h:1464:1: warning: ‘int _import_array()’ defined but not used [-Wunused-function] ; - [2022-08-03T15:35:07.311Z] /usr/include/python3.10/numpy/__multiarray_api.h:1464:1: warning: ‘int _import_array()’ defined but not used [-Wunused-function] . ### Failing tests:; - [projectroot.roottest.root.io.uniquePointer.roottest_root_io_uniquePointer_simpleWriteRead](https://lcgapp-services.cern.ch/root-jenkins/job/root-pullrequests-build/151077/testReport/projectroot.roottest.root.io/uniquePointer/roottest_root_io_uniquePointer_simpleWriteRead/); - [projectroot.roottest.root.io.uniquePointer.roottest_root_io_uniquePointer_simpleRead](https://lcgapp-services.cern.ch/root-jenkins/job/root-pullrequests-build/151077/testReport/projectroot.roottest.root.io/uniquePointer/roottest_root_io_uniquePointer_simpleRead/); - [projectroot.roottest.root.io.uniquePointer.roottest_root_io_uniquePointer_aclicDataMemberSelection](https://lcgapp-services.cern.ch/root-jenkins/job/root-pullrequests-build/151077/testReport/projectroot.roottest.root.io/uniquePointer/roottest_root_io_uniquePointer_aclicDataMemberSelection/); - [projectroot.roottest.root.meta.MakeProject.roottest_root_meta_MakeProject_runaliceesd](https://lcgapp-services.cern.ch/root-jenkins/job/root-pullrequests-build/151077/testReport/projectroot.roottest.root.meta/MakeProject/roottest_roo,MatchSource.ISSUE_COMMENT,root-project,root,v6-32-06,https://github.com/root-project/root/pull/11105#issuecomment-1204135919:915,test,tests,915,https://root.cern,https://github.com/root-project/root/pull/11105#issuecomment-1204135919,1,['test'],['tests']
Testability,Build failed on ROOT-ubuntu2204/default.; Running on root-ubuntu-2204-1.cern.ch:/home/sftnight/build/workspace/root-pullrequests-build; [See console output](https://lcgapp-services.cern.ch/root-jenkins/job/root-pullrequests-build/151120/console).; ### Warnings:; - [2022-08-04T09:55:25.370Z] /usr/include/python3.10/numpy/__multiarray_api.h:1464:1: warning: ‘int _import_array()’ defined but not used [-Wunused-function] ; - [2022-08-04T09:55:25.370Z] /usr/include/python3.10/numpy/__multiarray_api.h:1464:1: warning: ‘int _import_array()’ defined but not used [-Wunused-function] ; - [2022-08-04T09:55:31.055Z] /usr/include/python3.10/numpy/__multiarray_api.h:1464:1: warning: ‘int _import_array()’ defined but not used [-Wunused-function] ; - [2022-08-04T09:55:32.351Z] /usr/include/python3.10/numpy/__multiarray_api.h:1464:1: warning: ‘int _import_array()’ defined but not used [-Wunused-function] . ### Failing tests:; - [projectroot.roottest.root.collection.roottest_root_collection_runDeleteWarning](https://lcgapp-services.cern.ch/root-jenkins/job/root-pullrequests-build/151120/testReport/projectroot.roottest.root/collection/roottest_root_collection_runDeleteWarning/); - [projectroot.roottest.root.io.uniquePointer.roottest_root_io_uniquePointer_simpleWriteRead](https://lcgapp-services.cern.ch/root-jenkins/job/root-pullrequests-build/151120/testReport/projectroot.roottest.root.io/uniquePointer/roottest_root_io_uniquePointer_simpleWriteRead/); - [projectroot.roottest.root.io.uniquePointer.roottest_root_io_uniquePointer_simpleRead](https://lcgapp-services.cern.ch/root-jenkins/job/root-pullrequests-build/151120/testReport/projectroot.roottest.root.io/uniquePointer/roottest_root_io_uniquePointer_simpleRead/); - [projectroot.roottest.root.io.uniquePointer.roottest_root_io_uniquePointer_aclicDataMemberSelection](https://lcgapp-services.cern.ch/root-jenkins/job/root-pullrequests-build/151120/testReport/projectroot.roottest.root.io/uniquePointer/roottest_root_io_uniquePointer_aclicDat,MatchSource.ISSUE_COMMENT,root-project,root,v6-32-06,https://github.com/root-project/root/pull/11110#issuecomment-1205041207:915,test,tests,915,https://root.cern,https://github.com/root-project/root/pull/11110#issuecomment-1205041207,1,['test'],['tests']
Testability,Build failed on ROOT-ubuntu2204/default.; Running on root-ubuntu-2204-1.cern.ch:/home/sftnight/build/workspace/root-pullrequests-build; [See console output](https://lcgapp-services.cern.ch/root-jenkins/job/root-pullrequests-build/151142/console).; ### Warnings:; - [2022-08-04T12:53:28.951Z] /usr/include/python3.10/numpy/__multiarray_api.h:1464:1: warning: ‘int _import_array()’ defined but not used [-Wunused-function] ; - [2022-08-04T12:53:28.951Z] /usr/include/python3.10/numpy/__multiarray_api.h:1464:1: warning: ‘int _import_array()’ defined but not used [-Wunused-function] ; - [2022-08-04T12:53:38.266Z] /usr/include/python3.10/numpy/__multiarray_api.h:1464:1: warning: ‘int _import_array()’ defined but not used [-Wunused-function] ; - [2022-08-04T12:53:46.543Z] /usr/include/python3.10/numpy/__multiarray_api.h:1464:1: warning: ‘int _import_array()’ defined but not used [-Wunused-function] . ### Failing tests:; - [projectroot.runtutorials.tutorial_tmva_TMVA_SOFIE_RDataFrame](https://lcgapp-services.cern.ch/root-jenkins/job/root-pullrequests-build/151142/testReport/projectroot/runtutorials/tutorial_tmva_TMVA_SOFIE_RDataFrame/); - [projectroot.runtutorials.tutorial_tmva_keras_ApplicationClassificationKeras_py](https://lcgapp-services.cern.ch/root-jenkins/job/root-pullrequests-build/151142/testReport/projectroot/runtutorials/tutorial_tmva_keras_ApplicationClassificationKeras_py/); - [projectroot.runtutorials.tutorial_tmva_keras_ApplicationRegressionKeras_py](https://lcgapp-services.cern.ch/root-jenkins/job/root-pullrequests-build/151142/testReport/projectroot/runtutorials/tutorial_tmva_keras_ApplicationRegressionKeras_py/); - [projectroot.runtutorials.tutorial_tmva_keras_GenerateModel_py](https://lcgapp-services.cern.ch/root-jenkins/job/root-pullrequests-build/151142/testReport/projectroot/runtutorials/tutorial_tmva_keras_GenerateModel_py/); - [projectroot.runtutorials.tutorial_tmva_keras_MulticlassKeras_py](https://lcgapp-services.cern.ch/root-jenkins/job/root-pullreques,MatchSource.ISSUE_COMMENT,root-project,root,v6-32-06,https://github.com/root-project/root/pull/11110#issuecomment-1205268667:915,test,tests,915,https://root.cern,https://github.com/root-project/root/pull/11110#issuecomment-1205268667,1,['test'],['tests']
Testability,Build failed on ROOT-ubuntu2204/default.; Running on root-ubuntu-2204-1.cern.ch:/home/sftnight/build/workspace/root-pullrequests-build; [See console output](https://lcgapp-services.cern.ch/root-jenkins/job/root-pullrequests-build/151171/console).; ### Warnings:; - [2022-08-04T15:37:13.469Z] /usr/include/python3.10/numpy/__multiarray_api.h:1464:1: warning: ‘int _import_array()’ defined but not used [-Wunused-function] ; - [2022-08-04T15:37:13.469Z] /usr/include/python3.10/numpy/__multiarray_api.h:1464:1: warning: ‘int _import_array()’ defined but not used [-Wunused-function] ; - [2022-08-04T15:37:21.333Z] /usr/include/python3.10/numpy/__multiarray_api.h:1464:1: warning: ‘int _import_array()’ defined but not used [-Wunused-function] ; - [2022-08-04T15:37:24.743Z] /usr/include/python3.10/numpy/__multiarray_api.h:1464:1: warning: ‘int _import_array()’ defined but not used [-Wunused-function] . ### Failing tests:; - [projectroot.runtutorials.tutorial_tmva_TMVA_SOFIE_RDataFrame](https://lcgapp-services.cern.ch/root-jenkins/job/root-pullrequests-build/151171/testReport/projectroot/runtutorials/tutorial_tmva_TMVA_SOFIE_RDataFrame/); - [projectroot.runtutorials.tutorial_tmva_keras_ApplicationClassificationKeras_py](https://lcgapp-services.cern.ch/root-jenkins/job/root-pullrequests-build/151171/testReport/projectroot/runtutorials/tutorial_tmva_keras_ApplicationClassificationKeras_py/); - [projectroot.runtutorials.tutorial_tmva_keras_ApplicationRegressionKeras_py](https://lcgapp-services.cern.ch/root-jenkins/job/root-pullrequests-build/151171/testReport/projectroot/runtutorials/tutorial_tmva_keras_ApplicationRegressionKeras_py/); - [projectroot.runtutorials.tutorial_tmva_keras_MulticlassKeras_py](https://lcgapp-services.cern.ch/root-jenkins/job/root-pullrequests-build/151171/testReport/projectroot/runtutorials/tutorial_tmva_keras_MulticlassKeras_py/); - [projectroot.roottest.root.collection.roottest_root_collection_runDeleteWarning](https://lcgapp-services.cern.ch/root-jenkins/,MatchSource.ISSUE_COMMENT,root-project,root,v6-32-06,https://github.com/root-project/root/pull/11110#issuecomment-1205477551:915,test,tests,915,https://root.cern,https://github.com/root-project/root/pull/11110#issuecomment-1205477551,1,['test'],['tests']
Testability,Build failed on ROOT-ubuntu2204/default.; Running on root-ubuntu-2204-1.cern.ch:/home/sftnight/build/workspace/root-pullrequests-build; [See console output](https://lcgapp-services.cern.ch/root-jenkins/job/root-pullrequests-build/151208/console).; ### Warnings:; - [2022-08-04T19:19:46.227Z] /usr/include/python3.10/numpy/__multiarray_api.h:1464:1: warning: ‘int _import_array()’ defined but not used [-Wunused-function] ; - [2022-08-04T19:19:47.363Z] /usr/include/python3.10/numpy/__multiarray_api.h:1464:1: warning: ‘int _import_array()’ defined but not used [-Wunused-function] ; - [2022-08-04T19:19:51.687Z] /usr/include/python3.10/numpy/__multiarray_api.h:1464:1: warning: ‘int _import_array()’ defined but not used [-Wunused-function] ; - [2022-08-04T19:19:53.750Z] /usr/include/python3.10/numpy/__multiarray_api.h:1464:1: warning: ‘int _import_array()’ defined but not used [-Wunused-function] . ### Failing tests:; - [projectroot.roottest.root.collection.roottest_root_collection_runDeleteWarning](https://lcgapp-services.cern.ch/root-jenkins/job/root-pullrequests-build/151208/testReport/projectroot.roottest.root/collection/roottest_root_collection_runDeleteWarning/); - [projectroot.roottest.root.io.uniquePointer.roottest_root_io_uniquePointer_simpleWriteRead](https://lcgapp-services.cern.ch/root-jenkins/job/root-pullrequests-build/151208/testReport/projectroot.roottest.root.io/uniquePointer/roottest_root_io_uniquePointer_simpleWriteRead/); - [projectroot.roottest.root.io.uniquePointer.roottest_root_io_uniquePointer_simpleRead](https://lcgapp-services.cern.ch/root-jenkins/job/root-pullrequests-build/151208/testReport/projectroot.roottest.root.io/uniquePointer/roottest_root_io_uniquePointer_simpleRead/); - [projectroot.roottest.root.io.uniquePointer.roottest_root_io_uniquePointer_aclicDataMemberSelection](https://lcgapp-services.cern.ch/root-jenkins/job/root-pullrequests-build/151208/testReport/projectroot.roottest.root.io/uniquePointer/roottest_root_io_uniquePointer_aclicDat,MatchSource.ISSUE_COMMENT,root-project,root,v6-32-06,https://github.com/root-project/root/pull/11033#issuecomment-1205684422:915,test,tests,915,https://root.cern,https://github.com/root-project/root/pull/11033#issuecomment-1205684422,1,['test'],['tests']
Testability,Build failed on ROOT-ubuntu2204/default.; Running on root-ubuntu-2204-1.cern.ch:/home/sftnight/build/workspace/root-pullrequests-build; [See console output](https://lcgapp-services.cern.ch/root-jenkins/job/root-pullrequests-build/151265/console).; ### Warnings:; - [2022-08-05T07:13:15.169Z] /usr/include/python3.10/numpy/__multiarray_api.h:1464:1: warning: ‘int _import_array()’ defined but not used [-Wunused-function] ; - [2022-08-05T07:13:15.169Z] /usr/include/python3.10/numpy/__multiarray_api.h:1464:1: warning: ‘int _import_array()’ defined but not used [-Wunused-function] ; - [2022-08-05T07:13:20.429Z] /usr/include/python3.10/numpy/__multiarray_api.h:1464:1: warning: ‘int _import_array()’ defined but not used [-Wunused-function] ; - [2022-08-05T07:13:21.980Z] /usr/include/python3.10/numpy/__multiarray_api.h:1464:1: warning: ‘int _import_array()’ defined but not used [-Wunused-function] . ### Failing tests:; - [projectroot.runtutorials.tutorial_tmva_pytorch_RegressionPyTorch_py](https://lcgapp-services.cern.ch/root-jenkins/job/root-pullrequests-build/151265/testReport/projectroot/runtutorials/tutorial_tmva_pytorch_RegressionPyTorch_py/); - [projectroot.runtutorials.tutorial_tmva_TMVA_SOFIE_RDataFrame](https://lcgapp-services.cern.ch/root-jenkins/job/root-pullrequests-build/151265/testReport/projectroot/runtutorials/tutorial_tmva_TMVA_SOFIE_RDataFrame/); - [projectroot.runtutorials.tutorial_tmva_TMVA_RNN_Classification_py](https://lcgapp-services.cern.ch/root-jenkins/job/root-pullrequests-build/151265/testReport/projectroot/runtutorials/tutorial_tmva_TMVA_RNN_Classification_py/); - [projectroot.runtutorials.tutorial_tmva_keras_ApplicationClassificationKeras_py](https://lcgapp-services.cern.ch/root-jenkins/job/root-pullrequests-build/151265/testReport/projectroot/runtutorials/tutorial_tmva_keras_ApplicationClassificationKeras_py/); - [projectroot.runtutorials.tutorial_tmva_keras_ApplicationRegressionKeras_py](https://lcgapp-services.cern.ch/root-jenkins/job/root-pullr,MatchSource.ISSUE_COMMENT,root-project,root,v6-32-06,https://github.com/root-project/root/pull/11069#issuecomment-1206153821:915,test,tests,915,https://root.cern,https://github.com/root-project/root/pull/11069#issuecomment-1206153821,1,['test'],['tests']
Testability,Build failed on ROOT-ubuntu2204/default.; Running on root-ubuntu-2204-1.cern.ch:/home/sftnight/build/workspace/root-pullrequests-build; [See console output](https://lcgapp-services.cern.ch/root-jenkins/job/root-pullrequests-build/151324/console).; ### Warnings:; - [2022-08-05T13:09:40.822Z] /usr/include/python3.10/numpy/__multiarray_api.h:1464:1: warning: ‘int _import_array()’ defined but not used [-Wunused-function] ; - [2022-08-05T13:09:45.527Z] /usr/include/python3.10/numpy/__multiarray_api.h:1464:1: warning: ‘int _import_array()’ defined but not used [-Wunused-function] ; - [2022-08-05T13:09:49.970Z] /usr/include/python3.10/numpy/__multiarray_api.h:1464:1: warning: ‘int _import_array()’ defined but not used [-Wunused-function] ; - [2022-08-05T13:10:00.901Z] /usr/include/python3.10/numpy/__multiarray_api.h:1464:1: warning: ‘int _import_array()’ defined but not used [-Wunused-function] . ### Failing tests:; - [projectroot.runtutorials.tutorial_tmva_TMVA_SOFIE_RDataFrame](https://lcgapp-services.cern.ch/root-jenkins/job/root-pullrequests-build/151324/testReport/projectroot/runtutorials/tutorial_tmva_TMVA_SOFIE_RDataFrame/); - [projectroot.runtutorials.tutorial_tmva_TMVARegressionApplication](https://lcgapp-services.cern.ch/root-jenkins/job/root-pullrequests-build/151324/testReport/projectroot/runtutorials/tutorial_tmva_TMVARegressionApplication/); - [projectroot.runtutorials.tutorial_tmva_tmva003_RReader_py](https://lcgapp-services.cern.ch/root-jenkins/job/root-pullrequests-build/151324/testReport/projectroot/runtutorials/tutorial_tmva_tmva003_RReader_py/); - [projectroot.runtutorials.tutorial_tmva_TMVA_RNN_Classification_py](https://lcgapp-services.cern.ch/root-jenkins/job/root-pullrequests-build/151324/testReport/projectroot/runtutorials/tutorial_tmva_TMVA_RNN_Classification_py/); - [projectroot.runtutorials.tutorial_tmva_keras_RegressionKeras_py](https://lcgapp-services.cern.ch/root-jenkins/job/root-pullrequests-build/151324/testReport/projectroot/runtutorials/tu,MatchSource.ISSUE_COMMENT,root-project,root,v6-32-06,https://github.com/root-project/root/pull/11069#issuecomment-1206479725:915,test,tests,915,https://root.cern,https://github.com/root-project/root/pull/11069#issuecomment-1206479725,1,['test'],['tests']
Testability,Build failed on ROOT-ubuntu2204/default.; Running on root-ubuntu-2204-1.cern.ch:/home/sftnight/build/workspace/root-pullrequests-build; [See console output](https://lcgapp-services.cern.ch/root-jenkins/job/root-pullrequests-build/151689/console).; ### Warnings:; - [2022-08-10T12:54:11.200Z] /usr/include/python3.10/numpy/__multiarray_api.h:1464:1: warning: ‘int _import_array()’ defined but not used [-Wunused-function] ; - [2022-08-10T12:54:11.200Z] /usr/include/python3.10/numpy/__multiarray_api.h:1464:1: warning: ‘int _import_array()’ defined but not used [-Wunused-function] ; - [2022-08-10T12:54:21.065Z] /usr/include/python3.10/numpy/__multiarray_api.h:1464:1: warning: ‘int _import_array()’ defined but not used [-Wunused-function] ; - [2022-08-10T12:54:22.412Z] /usr/include/python3.10/numpy/__multiarray_api.h:1464:1: warning: ‘int _import_array()’ defined but not used [-Wunused-function] . ### Failing tests:; - [projectroot.roottest.root.io.uniquePointer.roottest_root_io_uniquePointer_simpleWriteRead](https://lcgapp-services.cern.ch/root-jenkins/job/root-pullrequests-build/151689/testReport/projectroot.roottest.root.io/uniquePointer/roottest_root_io_uniquePointer_simpleWriteRead/); - [projectroot.bindings.pyroot.pythonizations.test.pyunittests_pyroot_pyz_rtensor](https://lcgapp-services.cern.ch/root-jenkins/job/root-pullrequests-build/151689/testReport/projectroot.bindings.pyroot.pythonizations/test/pyunittests_pyroot_pyz_rtensor/); - [projectroot.runtutorials.tutorial_tmva_TMVA_SOFIE_RDataFrame](https://lcgapp-services.cern.ch/root-jenkins/job/root-pullrequests-build/151689/testReport/projectroot/runtutorials/tutorial_tmva_TMVA_SOFIE_RDataFrame/); - [projectroot.runtutorials.tutorial_tmva_TMVARegressionApplication](https://lcgapp-services.cern.ch/root-jenkins/job/root-pullrequests-build/151689/testReport/projectroot/runtutorials/tutorial_tmva_TMVARegressionApplication/); - [projectroot.runtutorials.tutorial_tmva_tmva003_RReader_py](https://lcgapp-services.cern.ch/ro,MatchSource.ISSUE_COMMENT,root-project,root,v6-32-06,https://github.com/root-project/root/pull/11069#issuecomment-1210681750:915,test,tests,915,https://root.cern,https://github.com/root-project/root/pull/11069#issuecomment-1210681750,1,['test'],['tests']
Testability,Build failed on ROOT-ubuntu2204/default.; Running on root-ubuntu-2204-1.cern.ch:/home/sftnight/build/workspace/root-pullrequests-build; [See console output](https://lcgapp-services.cern.ch/root-jenkins/job/root-pullrequests-build/151845/console).; ### Warnings:; - [2022-08-12T16:09:56.332Z] /usr/include/python3.10/numpy/__multiarray_api.h:1464:1: warning: ‘int _import_array()’ defined but not used [-Wunused-function] ; - [2022-08-12T16:10:01.497Z] /usr/include/python3.10/numpy/__multiarray_api.h:1464:1: warning: ‘int _import_array()’ defined but not used [-Wunused-function] ; - [2022-08-12T16:10:08.038Z] /usr/include/python3.10/numpy/__multiarray_api.h:1464:1: warning: ‘int _import_array()’ defined but not used [-Wunused-function] ; - [2022-08-12T16:10:19.407Z] /usr/include/python3.10/numpy/__multiarray_api.h:1464:1: warning: ‘int _import_array()’ defined but not used [-Wunused-function] . ### Failing tests:; - [projectroot.roottest.root.io.uniquePointer.roottest_root_io_uniquePointer_simpleWriteRead](https://lcgapp-services.cern.ch/root-jenkins/job/root-pullrequests-build/151845/testReport/projectroot.roottest.root.io/uniquePointer/roottest_root_io_uniquePointer_simpleWriteRead/); - [projectroot.roottest.root.io.uniquePointer.roottest_root_io_uniquePointer_simpleRead](https://lcgapp-services.cern.ch/root-jenkins/job/root-pullrequests-build/151845/testReport/projectroot.roottest.root.io/uniquePointer/roottest_root_io_uniquePointer_simpleRead/); - [projectroot.roottest.root.io.uniquePointer.roottest_root_io_uniquePointer_aclicDataMemberSelection](https://lcgapp-services.cern.ch/root-jenkins/job/root-pullrequests-build/151845/testReport/projectroot.roottest.root.io/uniquePointer/roottest_root_io_uniquePointer_aclicDataMemberSelection/); - [projectroot.roottest.root.meta.ROOT-7462.roottest_root_meta_ROOT_7462_make](https://lcgapp-services.cern.ch/root-jenkins/job/root-pullrequests-build/151845/testReport/projectroot.roottest.root.meta/ROOT-7462/roottest_root_meta_ROOT_7,MatchSource.ISSUE_COMMENT,root-project,root,v6-32-06,https://github.com/root-project/root/pull/11033#issuecomment-1213297158:915,test,tests,915,https://root.cern,https://github.com/root-project/root/pull/11033#issuecomment-1213297158,1,['test'],['tests']
Testability,Build failed on ROOT-ubuntu2204/default.; Running on root-ubuntu-2204-1.cern.ch:/home/sftnight/build/workspace/root-pullrequests-build; [See console output](https://lcgapp-services.cern.ch/root-jenkins/job/root-pullrequests-build/151867/console).; ### Warnings:; - [2022-08-15T11:14:25.069Z] /usr/include/python3.10/numpy/__multiarray_api.h:1464:1: warning: ‘int _import_array()’ defined but not used [-Wunused-function] ; - [2022-08-15T11:14:25.069Z] /usr/include/python3.10/numpy/__multiarray_api.h:1464:1: warning: ‘int _import_array()’ defined but not used [-Wunused-function] ; - [2022-08-15T11:14:30.679Z] /usr/include/python3.10/numpy/__multiarray_api.h:1464:1: warning: ‘int _import_array()’ defined but not used [-Wunused-function] ; - [2022-08-15T11:14:32.288Z] /usr/include/python3.10/numpy/__multiarray_api.h:1464:1: warning: ‘int _import_array()’ defined but not used [-Wunused-function] . ### Failing tests:; - [projectroot.roottest.root.collection.roottest_root_collection_runDeleteWarning](https://lcgapp-services.cern.ch/root-jenkins/job/root-pullrequests-build/151867/testReport/projectroot.roottest.root/collection/roottest_root_collection_runDeleteWarning/); - [projectroot.roottest.root.io.uniquePointer.roottest_root_io_uniquePointer_simpleWriteRead](https://lcgapp-services.cern.ch/root-jenkins/job/root-pullrequests-build/151867/testReport/projectroot.roottest.root.io/uniquePointer/roottest_root_io_uniquePointer_simpleWriteRead/); - [projectroot.roottest.root.io.uniquePointer.roottest_root_io_uniquePointer_simpleRead](https://lcgapp-services.cern.ch/root-jenkins/job/root-pullrequests-build/151867/testReport/projectroot.roottest.root.io/uniquePointer/roottest_root_io_uniquePointer_simpleRead/); - [projectroot.roottest.root.io.uniquePointer.roottest_root_io_uniquePointer_aclicDataMemberSelection](https://lcgapp-services.cern.ch/root-jenkins/job/root-pullrequests-build/151867/testReport/projectroot.roottest.root.io/uniquePointer/roottest_root_io_uniquePointer_aclicDat,MatchSource.ISSUE_COMMENT,root-project,root,v6-32-06,https://github.com/root-project/root/pull/11185#issuecomment-1214906691:915,test,tests,915,https://root.cern,https://github.com/root-project/root/pull/11185#issuecomment-1214906691,1,['test'],['tests']
Testability,Build failed on ROOT-ubuntu2204/default.; Running on root-ubuntu-2204-1.cern.ch:/home/sftnight/build/workspace/root-pullrequests-build; [See console output](https://lcgapp-services.cern.ch/root-jenkins/job/root-pullrequests-build/151961/console).; ### Warnings:; - [2022-08-16T10:30:35.727Z] /usr/include/python3.10/numpy/__multiarray_api.h:1464:1: warning: ‘int _import_array()’ defined but not used [-Wunused-function] ; - [2022-08-16T10:30:37.493Z] /usr/include/python3.10/numpy/__multiarray_api.h:1464:1: warning: ‘int _import_array()’ defined but not used [-Wunused-function] ; - [2022-08-16T10:30:41.320Z] /usr/include/python3.10/numpy/__multiarray_api.h:1464:1: warning: ‘int _import_array()’ defined but not used [-Wunused-function] ; - [2022-08-16T10:30:44.739Z] /usr/include/python3.10/numpy/__multiarray_api.h:1464:1: warning: ‘int _import_array()’ defined but not used [-Wunused-function] . ### Failing tests:; - [projectroot.roottest.root.dataframe.roottest_root_dataframe_test_snapshot_copyaddresses](https://lcgapp-services.cern.ch/root-jenkins/job/root-pullrequests-build/151961/testReport/projectroot.roottest.root/dataframe/roottest_root_dataframe_test_snapshot_copyaddresses/); - [projectroot.roottest.root.io.uniquePointer.roottest_root_io_uniquePointer_simpleWriteRead](https://lcgapp-services.cern.ch/root-jenkins/job/root-pullrequests-build/151961/testReport/projectroot.roottest.root.io/uniquePointer/roottest_root_io_uniquePointer_simpleWriteRead/); - [projectroot.roottest.root.io.uniquePointer.roottest_root_io_uniquePointer_simpleRead](https://lcgapp-services.cern.ch/root-jenkins/job/root-pullrequests-build/151961/testReport/projectroot.roottest.root.io/uniquePointer/roottest_root_io_uniquePointer_simpleRead/); - [projectroot.roottest.root.io.uniquePointer.roottest_root_io_uniquePointer_aclicDataMemberSelection](https://lcgapp-services.cern.ch/root-jenkins/job/root-pullrequests-build/151961/testReport/projectroot.roottest.root.io/uniquePointer/roottest_root_io_uniq,MatchSource.ISSUE_COMMENT,root-project,root,v6-32-06,https://github.com/root-project/root/pull/11033#issuecomment-1216466789:915,test,tests,915,https://root.cern,https://github.com/root-project/root/pull/11033#issuecomment-1216466789,1,['test'],['tests']
Testability,Build failed on ROOT-ubuntu2204/default.; Running on root-ubuntu-2204-1.cern.ch:/home/sftnight/build/workspace/root-pullrequests-build; [See console output](https://lcgapp-services.cern.ch/root-jenkins/job/root-pullrequests-build/152165/console).; ### Warnings:; - [2022-08-17T12:50:03.456Z] /usr/include/python3.10/numpy/__multiarray_api.h:1464:1: warning: ‘int _import_array()’ defined but not used [-Wunused-function] ; - [2022-08-17T12:50:04.243Z] /usr/include/python3.10/numpy/__multiarray_api.h:1464:1: warning: ‘int _import_array()’ defined but not used [-Wunused-function] ; - [2022-08-17T12:50:09.937Z] /usr/include/python3.10/numpy/__multiarray_api.h:1464:1: warning: ‘int _import_array()’ defined but not used [-Wunused-function] ; - [2022-08-17T12:50:11.751Z] /usr/include/python3.10/numpy/__multiarray_api.h:1464:1: warning: ‘int _import_array()’ defined but not used [-Wunused-function] . ### Failing tests:; - [projectroot.roottest.root.io.uniquePointer.roottest_root_io_uniquePointer_simpleWriteRead](https://lcgapp-services.cern.ch/root-jenkins/job/root-pullrequests-build/152165/testReport/projectroot.roottest.root.io/uniquePointer/roottest_root_io_uniquePointer_simpleWriteRead/); - [projectroot.runtutorials.tutorial_tmva_TMVA_RNN_Classification_py](https://lcgapp-services.cern.ch/root-jenkins/job/root-pullrequests-build/152165/testReport/projectroot/runtutorials/tutorial_tmva_TMVA_RNN_Classification_py/); - [projectroot.roottest.root.collection.roottest_root_collection_runDeleteWarning](https://lcgapp-services.cern.ch/root-jenkins/job/root-pullrequests-build/152165/testReport/projectroot.roottest.root/collection/roottest_root_collection_runDeleteWarning/); - [projectroot.roottest.root.io.uniquePointer.roottest_root_io_uniquePointer_simpleRead](https://lcgapp-services.cern.ch/root-jenkins/job/root-pullrequests-build/152165/testReport/projectroot.roottest.root.io/uniquePointer/roottest_root_io_uniquePointer_simpleRead/); - [projectroot.roottest.root.io.uniquePointer.,MatchSource.ISSUE_COMMENT,root-project,root,v6-32-06,https://github.com/root-project/root/pull/11069#issuecomment-1218014484:915,test,tests,915,https://root.cern,https://github.com/root-project/root/pull/11069#issuecomment-1218014484,1,['test'],['tests']
Testability,Build failed on ROOT-ubuntu2204/default.; Running on root-ubuntu-2204-1.cern.ch:/home/sftnight/build/workspace/root-pullrequests-build; [See console output](https://lcgapp-services.cern.ch/root-jenkins/job/root-pullrequests-build/152354/console).; ### Warnings:; - [2022-08-19T08:57:51.579Z] /usr/include/python3.10/numpy/__multiarray_api.h:1464:1: warning: ‘int _import_array()’ defined but not used [-Wunused-function] ; - [2022-08-19T08:57:53.823Z] /usr/include/python3.10/numpy/__multiarray_api.h:1464:1: warning: ‘int _import_array()’ defined but not used [-Wunused-function] ; - [2022-08-19T08:58:05.001Z] /usr/include/python3.10/numpy/__multiarray_api.h:1464:1: warning: ‘int _import_array()’ defined but not used [-Wunused-function] ; - [2022-08-19T08:58:05.258Z] /usr/include/python3.10/numpy/__multiarray_api.h:1464:1: warning: ‘int _import_array()’ defined but not used [-Wunused-function] . ### Failing tests:; - [projectroot.roottest.root.io.uniquePointer.roottest_root_io_uniquePointer_simpleWriteRead](https://lcgapp-services.cern.ch/root-jenkins/job/root-pullrequests-build/152354/testReport/projectroot.roottest.root.io/uniquePointer/roottest_root_io_uniquePointer_simpleWriteRead/); - [projectroot.roottest.root.io.uniquePointer.roottest_root_io_uniquePointer_simpleRead](https://lcgapp-services.cern.ch/root-jenkins/job/root-pullrequests-build/152354/testReport/projectroot.roottest.root.io/uniquePointer/roottest_root_io_uniquePointer_simpleRead/); - [projectroot.roottest.root.io.uniquePointer.roottest_root_io_uniquePointer_aclicDataMemberSelection](https://lcgapp-services.cern.ch/root-jenkins/job/root-pullrequests-build/152354/testReport/projectroot.roottest.root.io/uniquePointer/roottest_root_io_uniquePointer_aclicDataMemberSelection/); - [projectroot.roottest.root.meta.MakeProject.roottest_root_meta_MakeProject_runaliceesd](https://lcgapp-services.cern.ch/root-jenkins/job/root-pullrequests-build/152354/testReport/projectroot.roottest.root.meta/MakeProject/roottest_roo,MatchSource.ISSUE_COMMENT,root-project,root,v6-32-06,https://github.com/root-project/root/pull/10971#issuecomment-1220441877:915,test,tests,915,https://root.cern,https://github.com/root-project/root/pull/10971#issuecomment-1220441877,1,['test'],['tests']
Testability,Build failed on ROOT-ubuntu2204/default.; Running on root-ubuntu-2204-1.cern.ch:/home/sftnight/build/workspace/root-pullrequests-build; [See console output](https://lcgapp-services.cern.ch/root-jenkins/job/root-pullrequests-build/153264/console).; ### Warnings:; - [2022-08-30T16:14:42.325Z] /usr/include/python3.10/numpy/__multiarray_api.h:1464:1: warning: ‘int _import_array()’ defined but not used [-Wunused-function] ; - [2022-08-30T16:14:46.698Z] /usr/include/python3.10/numpy/__multiarray_api.h:1464:1: warning: ‘int _import_array()’ defined but not used [-Wunused-function] ; - [2022-08-30T16:14:57.776Z] /usr/include/python3.10/numpy/__multiarray_api.h:1464:1: warning: ‘int _import_array()’ defined but not used [-Wunused-function] ; - [2022-08-30T16:14:58.037Z] /usr/include/python3.10/numpy/__multiarray_api.h:1464:1: warning: ‘int _import_array()’ defined but not used [-Wunused-function] . ### Failing tests:; - [projectroot.roottest.root.io.uniquePointer.roottest_root_io_uniquePointer_simpleWriteRead](https://lcgapp-services.cern.ch/root-jenkins/job/root-pullrequests-build/153264/testReport/projectroot.roottest.root.io/uniquePointer/roottest_root_io_uniquePointer_simpleWriteRead/); - [projectroot.roottest.root.io.uniquePointer.roottest_root_io_uniquePointer_simpleRead](https://lcgapp-services.cern.ch/root-jenkins/job/root-pullrequests-build/153264/testReport/projectroot.roottest.root.io/uniquePointer/roottest_root_io_uniquePointer_simpleRead/); - [projectroot.roottest.root.io.uniquePointer.roottest_root_io_uniquePointer_aclicDataMemberSelection](https://lcgapp-services.cern.ch/root-jenkins/job/root-pullrequests-build/153264/testReport/projectroot.roottest.root.io/uniquePointer/roottest_root_io_uniquePointer_aclicDataMemberSelection/); - [projectroot.roottest.root.meta.MakeProject.roottest_root_meta_MakeProject_runaliceesd](https://lcgapp-services.cern.ch/root-jenkins/job/root-pullrequests-build/153264/testReport/projectroot.roottest.root.meta/MakeProject/roottest_roo,MatchSource.ISSUE_COMMENT,root-project,root,v6-32-06,https://github.com/root-project/root/pull/11258#issuecomment-1231901774:915,test,tests,915,https://root.cern,https://github.com/root-project/root/pull/11258#issuecomment-1231901774,1,['test'],['tests']
Testability,Build failed on ROOT-ubuntu2204/default.; Running on root-ubuntu-2204-1.cern.ch:/home/sftnight/build/workspace/root-pullrequests-build; [See console output](https://lcgapp-services.cern.ch/root-jenkins/job/root-pullrequests-build/153344/console).; ### Warnings:; - [2022-08-31T08:32:29.912Z] /usr/include/python3.10/numpy/__multiarray_api.h:1464:1: warning: ‘int _import_array()’ defined but not used [-Wunused-function] ; - [2022-08-31T08:32:32.118Z] /usr/include/python3.10/numpy/__multiarray_api.h:1464:1: warning: ‘int _import_array()’ defined but not used [-Wunused-function] ; - [2022-08-31T08:32:35.677Z] /usr/include/python3.10/numpy/__multiarray_api.h:1464:1: warning: ‘int _import_array()’ defined but not used [-Wunused-function] ; - [2022-08-31T08:32:39.967Z] /usr/include/python3.10/numpy/__multiarray_api.h:1464:1: warning: ‘int _import_array()’ defined but not used [-Wunused-function] . ### Failing tests:; - [projectroot.roottest.root.io.uniquePointer.roottest_root_io_uniquePointer_simpleWriteRead](https://lcgapp-services.cern.ch/root-jenkins/job/root-pullrequests-build/153344/testReport/projectroot.roottest.root.io/uniquePointer/roottest_root_io_uniquePointer_simpleWriteRead/); - [projectroot.roottest.root.io.uniquePointer.roottest_root_io_uniquePointer_simpleRead](https://lcgapp-services.cern.ch/root-jenkins/job/root-pullrequests-build/153344/testReport/projectroot.roottest.root.io/uniquePointer/roottest_root_io_uniquePointer_simpleRead/); - [projectroot.roottest.root.io.uniquePointer.roottest_root_io_uniquePointer_aclicDataMemberSelection](https://lcgapp-services.cern.ch/root-jenkins/job/root-pullrequests-build/153344/testReport/projectroot.roottest.root.io/uniquePointer/roottest_root_io_uniquePointer_aclicDataMemberSelection/); - [projectroot.roottest.root.meta.MakeProject.roottest_root_meta_MakeProject_runaliceesd](https://lcgapp-services.cern.ch/root-jenkins/job/root-pullrequests-build/153344/testReport/projectroot.roottest.root.meta/MakeProject/roottest_roo,MatchSource.ISSUE_COMMENT,root-project,root,v6-32-06,https://github.com/root-project/root/pull/11258#issuecomment-1232648553:915,test,tests,915,https://root.cern,https://github.com/root-project/root/pull/11258#issuecomment-1232648553,1,['test'],['tests']
Testability,Build failed on ROOT-ubuntu2204/default.; Running on root-ubuntu-2204-1.cern.ch:/home/sftnight/build/workspace/root-pullrequests-build; [See console output](https://lcgapp-services.cern.ch/root-jenkins/job/root-pullrequests-build/153396/console).; ### Warnings:; - [2022-08-31T14:06:30.861Z] /usr/include/python3.10/numpy/__multiarray_api.h:1464:1: warning: ‘int _import_array()’ defined but not used [-Wunused-function] ; - [2022-08-31T14:06:33.927Z] /usr/include/python3.10/numpy/__multiarray_api.h:1464:1: warning: ‘int _import_array()’ defined but not used [-Wunused-function] ; - [2022-08-31T14:06:44.872Z] /usr/include/python3.10/numpy/__multiarray_api.h:1464:1: warning: ‘int _import_array()’ defined but not used [-Wunused-function] ; - [2022-08-31T14:06:48.799Z] /usr/include/python3.10/numpy/__multiarray_api.h:1464:1: warning: ‘int _import_array()’ defined but not used [-Wunused-function] . ### Failing tests:; - [projectroot.roottest.root.io.uniquePointer.roottest_root_io_uniquePointer_simpleWriteRead](https://lcgapp-services.cern.ch/root-jenkins/job/root-pullrequests-build/153396/testReport/projectroot.roottest.root.io/uniquePointer/roottest_root_io_uniquePointer_simpleWriteRead/); - [projectroot.roottest.root.io.uniquePointer.roottest_root_io_uniquePointer_simpleRead](https://lcgapp-services.cern.ch/root-jenkins/job/root-pullrequests-build/153396/testReport/projectroot.roottest.root.io/uniquePointer/roottest_root_io_uniquePointer_simpleRead/); - [projectroot.roottest.root.io.uniquePointer.roottest_root_io_uniquePointer_aclicDataMemberSelection](https://lcgapp-services.cern.ch/root-jenkins/job/root-pullrequests-build/153396/testReport/projectroot.roottest.root.io/uniquePointer/roottest_root_io_uniquePointer_aclicDataMemberSelection/); - [projectroot.roottest.root.meta.MakeProject.roottest_root_meta_MakeProject_runaliceesd](https://lcgapp-services.cern.ch/root-jenkins/job/root-pullrequests-build/153396/testReport/projectroot.roottest.root.meta/MakeProject/roottest_roo,MatchSource.ISSUE_COMMENT,root-project,root,v6-32-06,https://github.com/root-project/root/pull/11073#issuecomment-1233004982:915,test,tests,915,https://root.cern,https://github.com/root-project/root/pull/11073#issuecomment-1233004982,1,['test'],['tests']
Testability,Build failed on ROOT-ubuntu2204/default.; Running on root-ubuntu-2204-1.cern.ch:/home/sftnight/build/workspace/root-pullrequests-build; [See console output](https://lcgapp-services.cern.ch/root-jenkins/job/root-pullrequests-build/153404/console).; ### Warnings:; - [2022-08-31T20:16:40.205Z] /usr/include/python3.10/numpy/__multiarray_api.h:1464:1: warning: ‘int _import_array()’ defined but not used [-Wunused-function] ; - [2022-08-31T20:16:43.622Z] /usr/include/python3.10/numpy/__multiarray_api.h:1464:1: warning: ‘int _import_array()’ defined but not used [-Wunused-function] ; - [2022-08-31T20:16:48.001Z] /usr/include/python3.10/numpy/__multiarray_api.h:1464:1: warning: ‘int _import_array()’ defined but not used [-Wunused-function] ; - [2022-08-31T20:16:51.735Z] /usr/include/python3.10/numpy/__multiarray_api.h:1464:1: warning: ‘int _import_array()’ defined but not used [-Wunused-function] . ### Failing tests:; - [projectroot.roottest.root.io.uniquePointer.roottest_root_io_uniquePointer_simpleWriteRead](https://lcgapp-services.cern.ch/root-jenkins/job/root-pullrequests-build/153404/testReport/projectroot.roottest.root.io/uniquePointer/roottest_root_io_uniquePointer_simpleWriteRead/); - [projectroot.roottest.root.io.uniquePointer.roottest_root_io_uniquePointer_simpleRead](https://lcgapp-services.cern.ch/root-jenkins/job/root-pullrequests-build/153404/testReport/projectroot.roottest.root.io/uniquePointer/roottest_root_io_uniquePointer_simpleRead/); - [projectroot.roottest.root.io.uniquePointer.roottest_root_io_uniquePointer_aclicDataMemberSelection](https://lcgapp-services.cern.ch/root-jenkins/job/root-pullrequests-build/153404/testReport/projectroot.roottest.root.io/uniquePointer/roottest_root_io_uniquePointer_aclicDataMemberSelection/); - [projectroot.roottest.root.meta.MakeProject.roottest_root_meta_MakeProject_runaliceesd](https://lcgapp-services.cern.ch/root-jenkins/job/root-pullrequests-build/153404/testReport/projectroot.roottest.root.meta/MakeProject/roottest_roo,MatchSource.ISSUE_COMMENT,root-project,root,v6-32-06,https://github.com/root-project/root/pull/11198#issuecomment-1233390268:915,test,tests,915,https://root.cern,https://github.com/root-project/root/pull/11198#issuecomment-1233390268,1,['test'],['tests']
Testability,Build failed on ROOT-ubuntu2204/default.; Running on root-ubuntu-2204-1.cern.ch:/home/sftnight/build/workspace/root-pullrequests-build; [See console output](https://lcgapp-services.cern.ch/root-jenkins/job/root-pullrequests-build/153791/console).; ### Warnings:; - [2022-09-07T10:25:13.825Z] /usr/include/python3.10/numpy/__multiarray_api.h:1464:1: warning: ‘int _import_array()’ defined but not used [-Wunused-function] ; - [2022-09-07T10:25:16.393Z] /usr/include/python3.10/numpy/__multiarray_api.h:1464:1: warning: ‘int _import_array()’ defined but not used [-Wunused-function] ; - [2022-09-07T10:25:24.816Z] /usr/include/python3.10/numpy/__multiarray_api.h:1464:1: warning: ‘int _import_array()’ defined but not used [-Wunused-function] ; - [2022-09-07T10:25:25.074Z] /usr/include/python3.10/numpy/__multiarray_api.h:1464:1: warning: ‘int _import_array()’ defined but not used [-Wunused-function] . ### Failing tests:; - [projectroot.roottest.root.io.uniquePointer.roottest_root_io_uniquePointer_simpleWriteRead](https://lcgapp-services.cern.ch/root-jenkins/job/root-pullrequests-build/153791/testReport/projectroot.roottest.root.io/uniquePointer/roottest_root_io_uniquePointer_simpleWriteRead/); - [projectroot.roottest.root.io.uniquePointer.roottest_root_io_uniquePointer_simpleRead](https://lcgapp-services.cern.ch/root-jenkins/job/root-pullrequests-build/153791/testReport/projectroot.roottest.root.io/uniquePointer/roottest_root_io_uniquePointer_simpleRead/); - [projectroot.roottest.root.io.uniquePointer.roottest_root_io_uniquePointer_aclicDataMemberSelection](https://lcgapp-services.cern.ch/root-jenkins/job/root-pullrequests-build/153791/testReport/projectroot.roottest.root.io/uniquePointer/roottest_root_io_uniquePointer_aclicDataMemberSelection/); - [projectroot.roottest.root.meta.MakeProject.roottest_root_meta_MakeProject_runaliceesd](https://lcgapp-services.cern.ch/root-jenkins/job/root-pullrequests-build/153791/testReport/projectroot.roottest.root.meta/MakeProject/roottest_roo,MatchSource.ISSUE_COMMENT,root-project,root,v6-32-06,https://github.com/root-project/root/pull/11317#issuecomment-1239217466:915,test,tests,915,https://root.cern,https://github.com/root-project/root/pull/11317#issuecomment-1239217466,1,['test'],['tests']
Testability,Build failed on ROOT-ubuntu2204/default.; Running on root-ubuntu-2204-1.cern.ch:/home/sftnight/build/workspace/root-pullrequests-build; [See console output](https://lcgapp-services.cern.ch/root-jenkins/job/root-pullrequests-build/153814/console).; ### Errors:; - [2022-09-07T14:00:05.377Z] 1294/2282 Test #987: tutorial-tmva-TMVA_SOFIE_ONNX .....................................................................***Failed Error regular expression found in output. Regex=[: error:] 1.01 sec . ### Warnings:; - [2022-09-07T13:48:55.655Z] /home/sftnight/build/workspace/root-pullrequests-build/root/net/http/civetweb/civetweb.c:12086:9: warning: ‘SHA1_Init’ is deprecated: Since OpenSSL 3.0 [-Wdeprecated-declarations] ; - [2022-09-07T13:48:55.655Z] /home/sftnight/build/workspace/root-pullrequests-build/root/net/http/civetweb/civetweb.c:12087:9: warning: ‘SHA1_Update’ is deprecated: Since OpenSSL 3.[ 83%] Building CXX object graf2d/postscript/CMakeFiles/G__Postscript.dir/G__Postscript.cxx.o ; - [2022-09-07T13:48:55.655Z] /home/sftnight/build/workspace/root-pullrequests-build/root/net/http/civetweb/civetweb.c:12088:9: warning: ‘SHA1_Final’ is deprecated: Since OpenSSL 3.0 [-Wdeprecated-declarations] ; - [2022-09-07T13:49:58.783Z] /usr/include/python3.10/numpy/__multiarray_api.h:1464:1: warning: ‘int _import_array()’ defined but not used [-Wunused-function] ; - [2022-09-07T13:49:58.783Z] /usr/include/python3.10/numpy/__multiarray_api.h:1464:1: warning: ‘int _import_array()’ defined but not used [-Wunused-function] ; - [2022-09-07T13:50:04.446Z] /usr/include/python3.10/numpy/__multiarray_api.h:1464:1: warning: ‘int _import_array()’ defined but not used [-Wunused-function] ; - [2022-09-07T13:50:09.696Z] /usr/include/python3.10/numpy/__multiarray_api.h:1464:1: warning: ‘int _import_array()’ defined but not used [-Wunused-function] . ### Failing tests:; - [projectroot.runtutorials.tutorial_tmva_TMVARegressionApplication](https://lcgapp-services.cern.ch/root-jenkins/job/root-pullrequests-,MatchSource.ISSUE_COMMENT,root-project,root,v6-32-06,https://github.com/root-project/root/pull/11325#issuecomment-1239491328:300,Test,Test,300,https://root.cern,https://github.com/root-project/root/pull/11325#issuecomment-1239491328,1,['Test'],['Test']
Testability,Build failed on ROOT-ubuntu2204/default.; Running on root-ubuntu-2204-1.cern.ch:/home/sftnight/build/workspace/root-pullrequests-build; [See console output](https://lcgapp-services.cern.ch/root-jenkins/job/root-pullrequests-build/153922/console).; ### Warnings:; - [2022-09-09T07:18:08.385Z] /usr/include/python3.10/numpy/__multiarray_api.h:1464:1: warning: ‘int _import_array()’ defined but not used [-Wunused-function] ; - [2022-09-09T07:18:11.772Z] /usr/include/python3.10/numpy/__multiarray_api.h:1464:1: warning: ‘int _import_array()’ defined but not used [-Wunused-function] ; - [2022-09-09T07:18:14.296Z] /usr/include/python3.10/numpy/__multiarray_api.h:1464:1: warning: ‘int _import_array()’ defined but not used [-Wunused-function] ; - [2022-09-09T07:18:19.442Z] /usr/include/python3.10/numpy/__multiarray_api.h:1464:1: warning: ‘int _import_array()’ defined but not used [-Wunused-function] . ### Failing tests:; - [projectroot.roottest.root.io.uniquePointer.roottest_root_io_uniquePointer_simpleWriteRead](https://lcgapp-services.cern.ch/root-jenkins/job/root-pullrequests-build/153922/testReport/projectroot.roottest.root.io/uniquePointer/roottest_root_io_uniquePointer_simpleWriteRead/); - [projectroot.roottest.root.collection.roottest_root_collection_runDeleteWarning](https://lcgapp-services.cern.ch/root-jenkins/job/root-pullrequests-build/153922/testReport/projectroot.roottest.root/collection/roottest_root_collection_runDeleteWarning/); - [projectroot.runtutorials.tutorial_tmva_TMVA_CNN_Classification_py](https://lcgapp-services.cern.ch/root-jenkins/job/root-pullrequests-build/153922/testReport/projectroot/runtutorials/tutorial_tmva_TMVA_CNN_Classification_py/); - [projectroot.roottest.root.io.uniquePointer.roottest_root_io_uniquePointer_simpleRead](https://lcgapp-services.cern.ch/root-jenkins/job/root-pullrequests-build/153922/testReport/projectroot.roottest.root.io/uniquePointer/roottest_root_io_uniquePointer_simpleRead/); - [projectroot.roottest.root.io.uniquePointer.,MatchSource.ISSUE_COMMENT,root-project,root,v6-32-06,https://github.com/root-project/root/pull/11335#issuecomment-1241642514:915,test,tests,915,https://root.cern,https://github.com/root-project/root/pull/11335#issuecomment-1241642514,1,['test'],['tests']
Testability,Build failed on ROOT-ubuntu2204/default.; Running on root-ubuntu-2204-1.cern.ch:/home/sftnight/build/workspace/root-pullrequests-build; [See console output](https://lcgapp-services.cern.ch/root-jenkins/job/root-pullrequests-build/153930/console).; ### Warnings:; - [2022-09-09T08:26:42.884Z] /usr/include/python3.10/numpy/__multiarray_api.h:1464:1: warning: ‘int _import_array()’ defined but not used [-Wunused-function] ; - [2022-09-09T08:26:42.884Z] /usr/include/python3.10/numpy/__multiarray_api.h:1464:1: warning: ‘int _import_array()’ defined but not used [-Wunused-function] ; - [2022-09-09T08:26:51.538Z] /usr/include/python3.10/numpy/__multiarray_api.h:1464:1: warning: ‘int _import_array()’ defined but not used [-Wunused-function] ; - [2022-09-09T08:26:53.173Z] /usr/include/python3.10/numpy/__multiarray_api.h:1464:1: warning: ‘int _import_array()’ defined but not used [-Wunused-function] . ### Failing tests:; - [projectroot.runtutorials.tutorial_tmva_TMVARegressionApplication](https://lcgapp-services.cern.ch/root-jenkins/job/root-pullrequests-build/153930/testReport/projectroot/runtutorials/tutorial_tmva_TMVARegressionApplication/); - [projectroot.roottest.root.io.uniquePointer.roottest_root_io_uniquePointer_simpleWriteRead](https://lcgapp-services.cern.ch/root-jenkins/job/root-pullrequests-build/153930/testReport/projectroot.roottest.root.io/uniquePointer/roottest_root_io_uniquePointer_simpleWriteRead/); - [projectroot.roottest.root.collection.roottest_root_collection_runDeleteWarning](https://lcgapp-services.cern.ch/root-jenkins/job/root-pullrequests-build/153930/testReport/projectroot.roottest.root/collection/roottest_root_collection_runDeleteWarning/); - [projectroot.runtutorials.tutorial_tmva_TMVA_CNN_Classification_py](https://lcgapp-services.cern.ch/root-jenkins/job/root-pullrequests-build/153930/testReport/projectroot/runtutorials/tutorial_tmva_TMVA_CNN_Classification_py/); - [projectroot.roottest.root.io.uniquePointer.roottest_root_io_uniquePointer_simpleRea,MatchSource.ISSUE_COMMENT,root-project,root,v6-32-06,https://github.com/root-project/root/pull/11335#issuecomment-1241718288:915,test,tests,915,https://root.cern,https://github.com/root-project/root/pull/11335#issuecomment-1241718288,1,['test'],['tests']
Testability,Build failed on ROOT-ubuntu2204/default.; Running on root-ubuntu-2204-1.cern.ch:/home/sftnight/build/workspace/root-pullrequests-build; [See console output](https://lcgapp-services.cern.ch/root-jenkins/job/root-pullrequests-build/153953/console).; ### Warnings:; - [2022-09-09T10:07:35.364Z] /usr/include/python3.10/numpy/__multiarray_api.h:1464:1: warning: ‘int _import_array()’ defined but not used [-Wunused-function] ; - [2022-09-09T10:07:35.364Z] /usr/include/python3.10/numpy/__multiarray_api.h:1464:1: warning: ‘int _import_array()’ defined but not used [-Wunused-function] ; - [2022-09-09T10:07:43.809Z] /usr/include/python3.10/numpy/__multiarray_api.h:1464:1: warning: ‘int _import_array()’ defined but not used [-Wunused-function] ; - [2022-09-09T10:07:45.226Z] /usr/include/python3.10/numpy/__multiarray_api.h:1464:1: warning: ‘int _import_array()’ defined but not used [-Wunused-function] . ### Failing tests:; - [projectroot.roottest.root.io.uniquePointer.roottest_root_io_uniquePointer_simpleWriteRead](https://lcgapp-services.cern.ch/root-jenkins/job/root-pullrequests-build/153953/testReport/projectroot.roottest.root.io/uniquePointer/roottest_root_io_uniquePointer_simpleWriteRead/); - [projectroot.roottest.root.io.uniquePointer.roottest_root_io_uniquePointer_simpleRead](https://lcgapp-services.cern.ch/root-jenkins/job/root-pullrequests-build/153953/testReport/projectroot.roottest.root.io/uniquePointer/roottest_root_io_uniquePointer_simpleRead/); - [projectroot.roottest.root.io.uniquePointer.roottest_root_io_uniquePointer_aclicDataMemberSelection](https://lcgapp-services.cern.ch/root-jenkins/job/root-pullrequests-build/153953/testReport/projectroot.roottest.root.io/uniquePointer/roottest_root_io_uniquePointer_aclicDataMemberSelection/); - [projectroot.roottest.root.meta.ROOT-7462.roottest_root_meta_ROOT_7462_make](https://lcgapp-services.cern.ch/root-jenkins/job/root-pullrequests-build/153953/testReport/projectroot.roottest.root.meta/ROOT-7462/roottest_root_meta_ROOT_7,MatchSource.ISSUE_COMMENT,root-project,root,v6-32-06,https://github.com/root-project/root/pull/11335#issuecomment-1241830743:915,test,tests,915,https://root.cern,https://github.com/root-project/root/pull/11335#issuecomment-1241830743,1,['test'],['tests']
Testability,Build failed on ROOT-ubuntu2204/default.; Running on root-ubuntu-2204-1.cern.ch:/home/sftnight/build/workspace/root-pullrequests-build; [See console output](https://lcgapp-services.cern.ch/root-jenkins/job/root-pullrequests-build/154605/console).; ### Warnings:; - [2022-09-19T13:57:53.697Z] /usr/include/python3.10/numpy/__multiarray_api.h:1464:1: warning: ‘int _import_array()’ defined but not used [-Wunused-function] ; - [2022-09-19T13:58:00.104Z] /usr/include/python3.10/numpy/__multiarray_api.h:1464:1: warning: ‘int _import_array()’ defined but not used [-Wunused-function] ; - [2022-09-19T13:58:21.997Z] /usr/include/python3.10/numpy/__multiarray_api.h:1464:1: warning: ‘int _import_array()’ defined but not used [-Wunused-function] ; - [2022-09-19T13:58:22.287Z] /usr/include/python3.10/numpy/__multiarray_api.h:1464:1: warning: ‘int _import_array()’ defined but not used [-Wunused-function] ; - [2022-09-19T13:59:54.972Z] /home/sftnight/build/workspace/root-pullrequests-build/build/tmva/sofie/test/Shape_FromONNX.hxx:20:35: warning: unused parameter ‘tensor_X’ [-Wunused-parameter],MatchSource.ISSUE_COMMENT,root-project,root,v6-32-06,https://github.com/root-project/root/pull/11379#issuecomment-1251062068:1004,test,test,1004,https://root.cern,https://github.com/root-project/root/pull/11379#issuecomment-1251062068,1,['test'],['test']
Testability,Build failed on ROOT-ubuntu2204/default.; Running on root-ubuntu-2204-1.cern.ch:/home/sftnight/build/workspace/root-pullrequests-build; [See console output](https://lcgapp-services.cern.ch/root-jenkins/job/root-pullrequests-build/154702/console).; ### Warnings:; - [2022-09-20T08:18:48.747Z] /usr/include/python3.10/numpy/__multiarray_api.h:1464:1: warning: ‘int _import_array()’ defined but not used [-Wunused-function] ; - [2022-09-20T08:18:52.930Z] /usr/include/python3.10/numpy/__multiarray_api.h:1464:1: warning: ‘int _import_array()’ defined but not used [-Wunused-function] ; - [2022-09-20T08:19:01.602Z] /usr/include/python3.10/numpy/__multiarray_api.h:1464:1: warning: ‘int _import_array()’ defined but not used [-Wunused-function] ; - [2022-09-20T08:19:02.691Z] /usr/include/python3.10/numpy/__multiarray_api.h:1464:1: warning: ‘int _import_array()’ defined but not used [-Wunused-function] ; - [2022-09-20T08:20:13.957Z] /home/sftnight/build/workspace/root-pullrequests-build/build/tmva/sofie/test/Shape_FromONNX.hxx:20:35: warning: unused parameter ‘tensor_X’ [-Wunused-parameter],MatchSource.ISSUE_COMMENT,root-project,root,v6-32-06,https://github.com/root-project/root/pull/11389#issuecomment-1252005472:1004,test,test,1004,https://root.cern,https://github.com/root-project/root/pull/11389#issuecomment-1252005472,1,['test'],['test']
Testability,Build failed on ROOT-ubuntu2204/default.; Running on root-ubuntu-2204-1.cern.ch:/home/sftnight/build/workspace/root-pullrequests-build; [See console output](https://lcgapp-services.cern.ch/root-jenkins/job/root-pullrequests-build/154745/console).; ### Warnings:; - [2022-09-20T14:44:09.114Z] /usr/include/python3.10/numpy/__multiarray_api.h:1464:1: warning: ‘int _import_array()’ defined but not used [-Wunused-function] ; - [2022-09-20T14:44:13.706Z] /usr/include/python3.10/numpy/__multiarray_api.h:1464:1: warning: ‘int _import_array()’ defined but not used [-Wunused-function] ; - [2022-09-20T14:44:21.625Z] /usr/include/python3.10/numpy/__multiarray_api.h:1464:1: warning: ‘int _import_array()’ defined but not used [-Wunused-function] ; - [2022-09-20T14:44:27.422Z] /usr/include/python3.10/numpy/__multiarray_api.h:1464:1: warning: ‘int _import_array()’ defined but not used [-Wunused-function] ; - [2022-09-20T14:44:45.892Z] /home/sftnight/build/workspace/root-pullrequests-build/build/tmva/sofie/test/Shape_FromONNX.hxx:20:35: warning: unused parameter ‘tensor_X’ [-Wunused-parameter],MatchSource.ISSUE_COMMENT,root-project,root,v6-32-06,https://github.com/root-project/root/pull/11073#issuecomment-1252465068:1004,test,test,1004,https://root.cern,https://github.com/root-project/root/pull/11073#issuecomment-1252465068,1,['test'],['test']
Testability,Build failed on ROOT-ubuntu2204/default.; Running on root-ubuntu-2204-1.cern.ch:/home/sftnight/build/workspace/root-pullrequests-build; [See console output](https://lcgapp-services.cern.ch/root-jenkins/job/root-pullrequests-build/154875/console).; ### Warnings:; - [2022-09-21T13:14:14.909Z] /usr/include/python3.10/numpy/__multiarray_api.h:1464:1: warning: ‘int _import_array()’ defined but not used [-Wunused-function] ; - [2022-09-21T13:14:19.162Z] /usr/include/python3.10/numpy/__multiarray_api.h:1464:1: warning: ‘int _import_array()’ defined but not used [-Wunused-function] ; - [2022-09-21T13:14:25.321Z] /usr/include/python3.10/numpy/__multiarray_api.h:1464:1: warning: ‘int _import_array()’ defined but not used [-Wunused-function] ; - [2022-09-21T13:14:28.382Z] /usr/include/python3.10/numpy/__multiarray_api.h:1464:1: warning: ‘int _import_array()’ defined but not used [-Wunused-function] ; - [2022-09-21T13:14:32.729Z] /home/sftnight/build/workspace/root-pullrequests-build/build/tmva/sofie/test/Shape_FromONNX.hxx:20:35: warning: unused parameter ‘tensor_X’ [-Wunused-parameter],MatchSource.ISSUE_COMMENT,root-project,root,v6-32-06,https://github.com/root-project/root/pull/11403#issuecomment-1253696039:1004,test,test,1004,https://root.cern,https://github.com/root-project/root/pull/11403#issuecomment-1253696039,1,['test'],['test']
Testability,Build failed on ROOT-ubuntu2204/default.; Running on root-ubuntu-2204-1.cern.ch:/home/sftnight/build/workspace/root-pullrequests-build; [See console output](https://lcgapp-services.cern.ch/root-jenkins/job/root-pullrequests-build/155719/console).; ### Warnings:; - [2022-09-28T17:05:35.896Z] /usr/include/python3.10/numpy/__multiarray_api.h:1464:1: warning: ‘int _import_array()’ defined but not used [-Wunused-function] ; - [2022-09-28T17:05:37.512Z] /usr/include/python3.10/numpy/__multiarray_api.h:1464:1: warning: ‘int _import_array()’ defined but not used [-Wunused-function] ; - [2022-09-28T17:05:37.776Z] /usr/include/python3.10/numpy/__multiarray_api.h:1464:1: warning: ‘int _import_array()’ defined but not used [-Wunused-function] ; - [2022-09-28T17:05:55.083Z] /usr/include/python3.10/numpy/__multiarray_api.h:1464:1: warning: ‘int _import_array()’ defined but not used [-Wunused-function] ; - [2022-09-28T17:06:01.207Z] /usr/include/python3.10/numpy/__multiarray_api.h:1464:1: warning: ‘int _import_array()’ defined but not used [-Wunused-function] ; - [2022-09-28T17:07:14.320Z] /home/sftnight/build/workspace/root-pullrequests-build/build/tmva/sofie/test/Shape_FromONNX.hxx:20:35: warning: unused parameter ‘tensor_X’ [-Wunused-parameter],MatchSource.ISSUE_COMMENT,root-project,root,v6-32-06,https://github.com/root-project/root/pull/11459#issuecomment-1261208554:1164,test,test,1164,https://root.cern,https://github.com/root-project/root/pull/11459#issuecomment-1261208554,1,['test'],['test']
Testability,Build failed on ROOT-ubuntu2204/default.; Running on root-ubuntu-2204-1.cern.ch:/home/sftnight/build/workspace/root-pullrequests-build; [See console output](https://lcgapp-services.cern.ch/root-jenkins/job/root-pullrequests-build/155924/console).; ### Failing tests:; - [projectroot.roottest.root.io.uniquePointer.roottest_root_io_uniquePointer_aclicDataMemberSelection](https://lcgapp-services.cern.ch/root-jenkins/job/root-pullrequests-build/155924/testReport/projectroot.roottest.root.io/uniquePointer/roottest_root_io_uniquePointer_aclicDataMemberSelection/); - [projectroot.roottest.root.meta.MakeProject.roottest_root_meta_MakeProject_runaliceesd](https://lcgapp-services.cern.ch/root-jenkins/job/root-pullrequests-build/155924/testReport/projectroot.roottest.root.meta/MakeProject/roottest_root_meta_MakeProject_runaliceesd/); - [projectroot.roottest.root.meta.ROOT-7462.roottest_root_meta_ROOT_7462_make](https://lcgapp-services.cern.ch/root-jenkins/job/root-pullrequests-build/155924/testReport/projectroot.roottest.root.meta/ROOT-7462/roottest_root_meta_ROOT_7462_make/),MatchSource.ISSUE_COMMENT,root-project,root,v6-32-06,https://github.com/root-project/root/pull/11469#issuecomment-1263436246:260,test,tests,260,https://root.cern,https://github.com/root-project/root/pull/11469#issuecomment-1263436246,4,['test'],"['testReport', 'tests']"
Testability,Build failed on ROOT-ubuntu2204/default.; Running on root-ubuntu-2204-1.cern.ch:/home/sftnight/build/workspace/root-pullrequests-build; [See console output](https://lcgapp-services.cern.ch/root-jenkins/job/root-pullrequests-build/156188/console).; ### Failing tests:; - [projectroot.roottest.root.io.uniquePointer.roottest_root_io_uniquePointer_aclicDataMemberSelection](https://lcgapp-services.cern.ch/root-jenkins/job/root-pullrequests-build/156188/testReport/projectroot.roottest.root.io/uniquePointer/roottest_root_io_uniquePointer_aclicDataMemberSelection/); - [projectroot.roottest.root.meta.MakeProject.roottest_root_meta_MakeProject_runaliceesd](https://lcgapp-services.cern.ch/root-jenkins/job/root-pullrequests-build/156188/testReport/projectroot.roottest.root.meta/MakeProject/roottest_root_meta_MakeProject_runaliceesd/); - [projectroot.roottest.root.meta.ROOT-7462.roottest_root_meta_ROOT_7462_make](https://lcgapp-services.cern.ch/root-jenkins/job/root-pullrequests-build/156188/testReport/projectroot.roottest.root.meta/ROOT-7462/roottest_root_meta_ROOT_7462_make/),MatchSource.ISSUE_COMMENT,root-project,root,v6-32-06,https://github.com/root-project/root/pull/11387#issuecomment-1265472874:260,test,tests,260,https://root.cern,https://github.com/root-project/root/pull/11387#issuecomment-1265472874,4,['test'],"['testReport', 'tests']"
Testability,Build failed on ROOT-ubuntu2204/default.; Running on root-ubuntu-2204-1.cern.ch:/home/sftnight/build/workspace/root-pullrequests-build; [See console output](https://lcgapp-services.cern.ch/root-jenkins/job/root-pullrequests-build/156213/console).; ### Failing tests:; - [projectroot.roottest.root.io.uniquePointer.roottest_root_io_uniquePointer_aclicDataMemberSelection](https://lcgapp-services.cern.ch/root-jenkins/job/root-pullrequests-build/156213/testReport/projectroot.roottest.root.io/uniquePointer/roottest_root_io_uniquePointer_aclicDataMemberSelection/); - [projectroot.roottest.root.meta.MakeProject.roottest_root_meta_MakeProject_runaliceesd](https://lcgapp-services.cern.ch/root-jenkins/job/root-pullrequests-build/156213/testReport/projectroot.roottest.root.meta/MakeProject/roottest_root_meta_MakeProject_runaliceesd/); - [projectroot.roottest.root.meta.ROOT-7462.roottest_root_meta_ROOT_7462_make](https://lcgapp-services.cern.ch/root-jenkins/job/root-pullrequests-build/156213/testReport/projectroot.roottest.root.meta/ROOT-7462/roottest_root_meta_ROOT_7462_make/),MatchSource.ISSUE_COMMENT,root-project,root,v6-32-06,https://github.com/root-project/root/pull/11481#issuecomment-1265668139:260,test,tests,260,https://root.cern,https://github.com/root-project/root/pull/11481#issuecomment-1265668139,4,['test'],"['testReport', 'tests']"
Testability,Build failed on ROOT-ubuntu2204/default.; Running on root-ubuntu-2204-1.cern.ch:/home/sftnight/build/workspace/root-pullrequests-build; [See console output](https://lcgapp-services.cern.ch/root-jenkins/job/root-pullrequests-build/156822/console).; ### Failing tests:; - [projectroot.roottest.root.io.uniquePointer.roottest_root_io_uniquePointer_aclicDataMemberSelection](https://lcgapp-services.cern.ch/root-jenkins/job/root-pullrequests-build/156822/testReport/projectroot.roottest.root.io/uniquePointer/roottest_root_io_uniquePointer_aclicDataMemberSelection/); - [projectroot.roottest.root.meta.MakeProject.roottest_root_meta_MakeProject_runaliceesd](https://lcgapp-services.cern.ch/root-jenkins/job/root-pullrequests-build/156822/testReport/projectroot.roottest.root.meta/MakeProject/roottest_root_meta_MakeProject_runaliceesd/); - [projectroot.roottest.root.meta.ROOT-7462.roottest_root_meta_ROOT_7462_make](https://lcgapp-services.cern.ch/root-jenkins/job/root-pullrequests-build/156822/testReport/projectroot.roottest.root.meta/ROOT-7462/roottest_root_meta_ROOT_7462_make/),MatchSource.ISSUE_COMMENT,root-project,root,v6-32-06,https://github.com/root-project/root/pull/11415#issuecomment-1273133548:260,test,tests,260,https://root.cern,https://github.com/root-project/root/pull/11415#issuecomment-1273133548,4,['test'],"['testReport', 'tests']"
Testability,Build failed on ROOT-ubuntu2204/default.; Running on root-ubuntu-2204-1.cern.ch:/home/sftnight/build/workspace/root-pullrequests-build; [See console output](https://lcgapp-services.cern.ch/root-jenkins/job/root-pullrequests-build/156919/console).; ### Failing tests:; - [projectroot.roottest.root.io.uniquePointer.roottest_root_io_uniquePointer_aclicDataMemberSelection](https://lcgapp-services.cern.ch/root-jenkins/job/root-pullrequests-build/156919/testReport/projectroot.roottest.root.io/uniquePointer/roottest_root_io_uniquePointer_aclicDataMemberSelection/); - [projectroot.roottest.root.meta.MakeProject.roottest_root_meta_MakeProject_runaliceesd](https://lcgapp-services.cern.ch/root-jenkins/job/root-pullrequests-build/156919/testReport/projectroot.roottest.root.meta/MakeProject/roottest_root_meta_MakeProject_runaliceesd/); - [projectroot.roottest.root.meta.ROOT-7462.roottest_root_meta_ROOT_7462_make](https://lcgapp-services.cern.ch/root-jenkins/job/root-pullrequests-build/156919/testReport/projectroot.roottest.root.meta/ROOT-7462/roottest_root_meta_ROOT_7462_make/),MatchSource.ISSUE_COMMENT,root-project,root,v6-32-06,https://github.com/root-project/root/pull/11529#issuecomment-1274388038:260,test,tests,260,https://root.cern,https://github.com/root-project/root/pull/11529#issuecomment-1274388038,4,['test'],"['testReport', 'tests']"
Testability,Build failed on ROOT-ubuntu2204/default.; Running on root-ubuntu-2204-1.cern.ch:/home/sftnight/build/workspace/root-pullrequests-build; [See console output](https://lcgapp-services.cern.ch/root-jenkins/job/root-pullrequests-build/157087/console).; ### Failing tests:; - [projectroot.runtutorials.tutorial_tmva_TMVARegressionApplication](https://lcgapp-services.cern.ch/root-jenkins/job/root-pullrequests-build/157087/testReport/projectroot/runtutorials/tutorial_tmva_TMVARegressionApplication/); - [projectroot.roottest.root.io.uniquePointer.roottest_root_io_uniquePointer_aclicDataMemberSelection](https://lcgapp-services.cern.ch/root-jenkins/job/root-pullrequests-build/157087/testReport/projectroot.roottest.root.io/uniquePointer/roottest_root_io_uniquePointer_aclicDataMemberSelection/); - [projectroot.roottest.root.meta.ROOT-7462.roottest_root_meta_ROOT_7462_make](https://lcgapp-services.cern.ch/root-jenkins/job/root-pullrequests-build/157087/testReport/projectroot.roottest.root.meta/ROOT-7462/roottest_root_meta_ROOT_7462_make/); - [projectroot.roottest.root.meta.MakeProject.roottest_root_meta_MakeProject_runaliceesd](https://lcgapp-services.cern.ch/root-jenkins/job/root-pullrequests-build/157087/testReport/projectroot.roottest.root.meta/MakeProject/roottest_root_meta_MakeProject_runaliceesd/),MatchSource.ISSUE_COMMENT,root-project,root,v6-32-06,https://github.com/root-project/root/pull/11546#issuecomment-1276083087:260,test,tests,260,https://root.cern,https://github.com/root-project/root/pull/11546#issuecomment-1276083087,5,['test'],"['testReport', 'tests']"
Testability,Build failed on ROOT-ubuntu2204/default.; Running on root-ubuntu-2204-1.cern.ch:/home/sftnight/build/workspace/root-pullrequests-build; [See console output](https://lcgapp-services.cern.ch/root-jenkins/job/root-pullrequests-build/157160/console).; ### Failing tests:; - [projectroot.roottest.root.io.uniquePointer.roottest_root_io_uniquePointer_aclicDataMemberSelection](https://lcgapp-services.cern.ch/root-jenkins/job/root-pullrequests-build/157160/testReport/projectroot.roottest.root.io/uniquePointer/roottest_root_io_uniquePointer_aclicDataMemberSelection/); - [projectroot.roottest.root.meta.MakeProject.roottest_root_meta_MakeProject_runaliceesd](https://lcgapp-services.cern.ch/root-jenkins/job/root-pullrequests-build/157160/testReport/projectroot.roottest.root.meta/MakeProject/roottest_root_meta_MakeProject_runaliceesd/),MatchSource.ISSUE_COMMENT,root-project,root,v6-32-06,https://github.com/root-project/root/pull/11551#issuecomment-1276786809:260,test,tests,260,https://root.cern,https://github.com/root-project/root/pull/11551#issuecomment-1276786809,3,['test'],"['testReport', 'tests']"
Testability,Build failed on ROOT-ubuntu2204/default.; Running on root-ubuntu-2204-1.cern.ch:/home/sftnight/build/workspace/root-pullrequests-build; [See console output](https://lcgapp-services.cern.ch/root-jenkins/job/root-pullrequests-build/157218/console).; ### Failing tests:; - [projectroot.roottest.root.io.uniquePointer.roottest_root_io_uniquePointer_aclicDataMemberSelection](https://lcgapp-services.cern.ch/root-jenkins/job/root-pullrequests-build/157218/testReport/projectroot.roottest.root.io/uniquePointer/roottest_root_io_uniquePointer_aclicDataMemberSelection/); - [projectroot.roottest.root.meta.ROOT-7462.roottest_root_meta_ROOT_7462_make](https://lcgapp-services.cern.ch/root-jenkins/job/root-pullrequests-build/157218/testReport/projectroot.roottest.root.meta/ROOT-7462/roottest_root_meta_ROOT_7462_make/); - [projectroot.roottest.root.meta.MakeProject.roottest_root_meta_MakeProject_runaliceesd](https://lcgapp-services.cern.ch/root-jenkins/job/root-pullrequests-build/157218/testReport/projectroot.roottest.root.meta/MakeProject/roottest_root_meta_MakeProject_runaliceesd/),MatchSource.ISSUE_COMMENT,root-project,root,v6-32-06,https://github.com/root-project/root/pull/11415#issuecomment-1277303957:260,test,tests,260,https://root.cern,https://github.com/root-project/root/pull/11415#issuecomment-1277303957,4,['test'],"['testReport', 'tests']"
Testability,Build failed on ROOT-ubuntu2204/default.; Running on root-ubuntu-2204-1.cern.ch:/home/sftnight/build/workspace/root-pullrequests-build; [See console output](https://lcgapp-services.cern.ch/root-jenkins/job/root-pullrequests-build/157390/console).; ### Failing tests:; - [projectroot.roottest.root.io.uniquePointer.roottest_root_io_uniquePointer_aclicDataMemberSelection](https://lcgapp-services.cern.ch/root-jenkins/job/root-pullrequests-build/157390/testReport/projectroot.roottest.root.io/uniquePointer/roottest_root_io_uniquePointer_aclicDataMemberSelection/); - [projectroot.roottest.root.meta.MakeProject.roottest_root_meta_MakeProject_runaliceesd](https://lcgapp-services.cern.ch/root-jenkins/job/root-pullrequests-build/157390/testReport/projectroot.roottest.root.meta/MakeProject/roottest_root_meta_MakeProject_runaliceesd/),MatchSource.ISSUE_COMMENT,root-project,root,v6-32-06,https://github.com/root-project/root/pull/11518#issuecomment-1279094822:260,test,tests,260,https://root.cern,https://github.com/root-project/root/pull/11518#issuecomment-1279094822,3,['test'],"['testReport', 'tests']"
Testability,Build failed on ROOT-ubuntu2204/default.; Running on root-ubuntu-2204-1.cern.ch:/home/sftnight/build/workspace/root-pullrequests-build; [See console output](https://lcgapp-services.cern.ch/root-jenkins/job/root-pullrequests-build/157452/console).; ### Failing tests:; - [projectroot.roottest.root.io.uniquePointer.roottest_root_io_uniquePointer_aclicDataMemberSelection](https://lcgapp-services.cern.ch/root-jenkins/job/root-pullrequests-build/157452/testReport/projectroot.roottest.root.io/uniquePointer/roottest_root_io_uniquePointer_aclicDataMemberSelection/); - [projectroot.roottest.root.meta.MakeProject.roottest_root_meta_MakeProject_runaliceesd](https://lcgapp-services.cern.ch/root-jenkins/job/root-pullrequests-build/157452/testReport/projectroot.roottest.root.meta/MakeProject/roottest_root_meta_MakeProject_runaliceesd/),MatchSource.ISSUE_COMMENT,root-project,root,v6-32-06,https://github.com/root-project/root/pull/11518#issuecomment-1279714201:260,test,tests,260,https://root.cern,https://github.com/root-project/root/pull/11518#issuecomment-1279714201,3,['test'],"['testReport', 'tests']"
Testability,Build failed on ROOT-ubuntu2204/default.; Running on root-ubuntu-2204-1.cern.ch:/home/sftnight/build/workspace/root-pullrequests-build; [See console output](https://lcgapp-services.cern.ch/root-jenkins/job/root-pullrequests-build/158593/console).; ### Failing tests:; - [projectroot.roottest.root.io.uniquePointer.roottest_root_io_uniquePointer_aclicDataMemberSelection](https://lcgapp-services.cern.ch/root-jenkins/job/root-pullrequests-build/158593/testReport/projectroot.roottest.root.io/uniquePointer/roottest_root_io_uniquePointer_aclicDataMemberSelection/); - [projectroot.roottest.root.meta.MakeProject.roottest_root_meta_MakeProject_runaliceesd](https://lcgapp-services.cern.ch/root-jenkins/job/root-pullrequests-build/158593/testReport/projectroot.roottest.root.meta/MakeProject/roottest_root_meta_MakeProject_runaliceesd/),MatchSource.ISSUE_COMMENT,root-project,root,v6-32-06,https://github.com/root-project/root/pull/11652#issuecomment-1303271958:260,test,tests,260,https://root.cern,https://github.com/root-project/root/pull/11652#issuecomment-1303271958,3,['test'],"['testReport', 'tests']"
Testability,Build failed on ROOT-ubuntu2204/default.; Running on root-ubuntu-2204-1.cern.ch:/home/sftnight/build/workspace/root-pullrequests-build; [See console output](https://lcgapp-services.cern.ch/root-jenkins/job/root-pullrequests-build/183705/console).; ### Failing tests:; - [projectroot.runtutorials.test_import_numba](https://lcgapp-services.cern.ch/root-jenkins/job/root-pullrequests-build/183705/testReport/projectroot/runtutorials/test_import_numba/); - [projectroot.test.test_stressgraphics_interpreted](https://lcgapp-services.cern.ch/root-jenkins/job/root-pullrequests-build/183705/testReport/projectroot/test/test_stressgraphics_interpreted/); - [projectroot.bindings.pyroot.pythonizations.test.test_import_numba](https://lcgapp-services.cern.ch/root-jenkins/job/root-pullrequests-build/183705/testReport/projectroot.bindings.pyroot.pythonizations/test/test_import_numba/); - [projectroot.bindings.pyroot.pythonizations.test.pyunittests_pyroot_dependency_versions](https://lcgapp-services.cern.ch/root-jenkins/job/root-pullrequests-build/183705/testReport/projectroot.bindings.pyroot.pythonizations/test/pyunittests_pyroot_dependency_versions/); - [projectroot.roottest.python.numba.roottest_python_numba_numba](https://lcgapp-services.cern.ch/root-jenkins/job/root-pullrequests-build/183705/testReport/projectroot.roottest.python/numba/roottest_python_numba_numba/),MatchSource.ISSUE_COMMENT,root-project,root,v6-32-06,https://github.com/root-project/root/pull/11208#issuecomment-1699896523:260,test,tests,260,https://root.cern,https://github.com/root-project/root/pull/11208#issuecomment-1699896523,12,['test'],"['test', 'testReport', 'tests']"
Testability,Build failed on ROOT-ubuntu2204/default.; Running on root-ubuntu-2204-1.cern.ch:/home/sftnight/build/workspace/root-pullrequests-build; [See console output](https://lcgapp-services.cern.ch/root-jenkins/job/root-pullrequests-build/183754/console).; ### Failing tests:; - [projectroot.runtutorials.test_import_numba](https://lcgapp-services.cern.ch/root-jenkins/job/root-pullrequests-build/183754/testReport/projectroot/runtutorials/test_import_numba/); - [projectroot.bindings.pyroot.pythonizations.test.test_import_numba](https://lcgapp-services.cern.ch/root-jenkins/job/root-pullrequests-build/183754/testReport/projectroot.bindings.pyroot.pythonizations/test/test_import_numba/); - [projectroot.bindings.pyroot.pythonizations.test.pyunittests_pyroot_dependency_versions](https://lcgapp-services.cern.ch/root-jenkins/job/root-pullrequests-build/183754/testReport/projectroot.bindings.pyroot.pythonizations/test/pyunittests_pyroot_dependency_versions/); - [projectroot.bindings.pyroot.pythonizations.test.pyunittests_pyroot_pyz_sofie_gnn](https://lcgapp-services.cern.ch/root-jenkins/job/root-pullrequests-build/183754/testReport/projectroot.bindings.pyroot.pythonizations/test/pyunittests_pyroot_pyz_sofie_gnn/); - [projectroot.roottest.python.numba.roottest_python_numba_numba](https://lcgapp-services.cern.ch/root-jenkins/job/root-pullrequests-build/183754/testReport/projectroot.roottest.python/numba/roottest_python_numba_numba/); - [projectroot.tmva.pymva.test.gtest_tmva_pymva_test_TestRModelParserPyTorch](https://lcgapp-services.cern.ch/root-jenkins/job/root-pullrequests-build/183754/testReport/projectroot.tmva.pymva/test/gtest_tmva_pymva_test_TestRModelParserPyTorch/); - [projectroot.test.test_stressgraphics_interpreted](https://lcgapp-services.cern.ch/root-jenkins/job/root-pullrequests-build/183754/testReport/projectroot/test/test_stressgraphics_interpreted/),MatchSource.ISSUE_COMMENT,root-project,root,v6-32-06,https://github.com/root-project/root/pull/11208#issuecomment-1701080839:260,test,tests,260,https://root.cern,https://github.com/root-project/root/pull/11208#issuecomment-1701080839,18,['test'],"['test', 'testReport', 'tests']"
Testability,Build failed on ROOT-ubuntu2204/default.; Running on root-ubuntu-2204-2.cern.ch:/home/sftnight/build/workspace/root-pullrequests-build; [See console output](https://lcgapp-services.cern.ch/root-jenkins/job/root-pullrequests-build/151172/console).; ### Failing tests:; - [projectroot.roottest.root.io.uniquePointer.roottest_root_io_uniquePointer_simpleWriteRead](https://lcgapp-services.cern.ch/root-jenkins/job/root-pullrequests-build/151172/testReport/projectroot.roottest.root.io/uniquePointer/roottest_root_io_uniquePointer_simpleWriteRead/); - [projectroot.roottest.root.io.uniquePointer.roottest_root_io_uniquePointer_simpleRead](https://lcgapp-services.cern.ch/root-jenkins/job/root-pullrequests-build/151172/testReport/projectroot.roottest.root.io/uniquePointer/roottest_root_io_uniquePointer_simpleRead/); - [projectroot.roottest.root.io.uniquePointer.roottest_root_io_uniquePointer_aclicDataMemberSelection](https://lcgapp-services.cern.ch/root-jenkins/job/root-pullrequests-build/151172/testReport/projectroot.roottest.root.io/uniquePointer/roottest_root_io_uniquePointer_aclicDataMemberSelection/); - [projectroot.roottest.root.meta.MakeProject.roottest_root_meta_MakeProject_runaliceesd](https://lcgapp-services.cern.ch/root-jenkins/job/root-pullrequests-build/151172/testReport/projectroot.roottest.root.meta/MakeProject/roottest_root_meta_MakeProject_runaliceesd/); - [projectroot.roottest.root.meta.ROOT-7462.roottest_root_meta_ROOT_7462_make](https://lcgapp-services.cern.ch/root-jenkins/job/root-pullrequests-build/151172/testReport/projectroot.roottest.root.meta/ROOT-7462/roottest_root_meta_ROOT_7462_make/),MatchSource.ISSUE_COMMENT,root-project,root,v6-32-06,https://github.com/root-project/root/pull/11072#issuecomment-1205511558:260,test,tests,260,https://root.cern,https://github.com/root-project/root/pull/11072#issuecomment-1205511558,6,['test'],"['testReport', 'tests']"
Testability,Build failed on ROOT-ubuntu2204/default.; Running on root-ubuntu-2204-2.cern.ch:/home/sftnight/build/workspace/root-pullrequests-build; [See console output](https://lcgapp-services.cern.ch/root-jenkins/job/root-pullrequests-build/151273/console).; ### Failing tests:; - [projectroot.roottest.root.collection.roottest_root_collection_runDeleteWarning](https://lcgapp-services.cern.ch/root-jenkins/job/root-pullrequests-build/151273/testReport/projectroot.roottest.root/collection/roottest_root_collection_runDeleteWarning/); - [projectroot.roottest.root.io.uniquePointer.roottest_root_io_uniquePointer_simpleWriteRead](https://lcgapp-services.cern.ch/root-jenkins/job/root-pullrequests-build/151273/testReport/projectroot.roottest.root.io/uniquePointer/roottest_root_io_uniquePointer_simpleWriteRead/); - [projectroot.roottest.root.io.uniquePointer.roottest_root_io_uniquePointer_simpleRead](https://lcgapp-services.cern.ch/root-jenkins/job/root-pullrequests-build/151273/testReport/projectroot.roottest.root.io/uniquePointer/roottest_root_io_uniquePointer_simpleRead/); - [projectroot.roottest.root.io.uniquePointer.roottest_root_io_uniquePointer_aclicDataMemberSelection](https://lcgapp-services.cern.ch/root-jenkins/job/root-pullrequests-build/151273/testReport/projectroot.roottest.root.io/uniquePointer/roottest_root_io_uniquePointer_aclicDataMemberSelection/); - [projectroot.roottest.root.meta.MakeProject.roottest_root_meta_MakeProject_runaliceesd](https://lcgapp-services.cern.ch/root-jenkins/job/root-pullrequests-build/151273/testReport/projectroot.roottest.root.meta/MakeProject/roottest_root_meta_MakeProject_runaliceesd/); - [projectroot.roottest.root.meta.ROOT-7462.roottest_root_meta_ROOT_7462_make](https://lcgapp-services.cern.ch/root-jenkins/job/root-pullrequests-build/151273/testReport/projectroot.roottest.root.meta/ROOT-7462/roottest_root_meta_ROOT_7462_make/),MatchSource.ISSUE_COMMENT,root-project,root,v6-32-06,https://github.com/root-project/root/pull/11110#issuecomment-1206180016:260,test,tests,260,https://root.cern,https://github.com/root-project/root/pull/11110#issuecomment-1206180016,7,['test'],"['testReport', 'tests']"
Testability,Build failed on ROOT-ubuntu2204/default.; Running on root-ubuntu-2204-2.cern.ch:/home/sftnight/build/workspace/root-pullrequests-build; [See console output](https://lcgapp-services.cern.ch/root-jenkins/job/root-pullrequests-build/152689/console).; ### Warnings:; - [2022-08-23T16:36:24.018Z] /home/sftnight/build/workspace/root-pullrequests-build/root/core/metacling/src/TClingCallFunc.cxx:1539:20: warning: ‘this’ pointer is null [-Wnonnull] ; - [2022-08-23T16:48:34.783Z] /home/sftnight/build/workspace/root-pullrequests-build/build/tmva/sofie/test/Shape_FromONNX.hxx:20:35: warning: unused parameter ‘tensor_X’ [-Wunused-parameter] . ### Failing tests:; - [projectroot.roottest.root.collection.roottest_root_collection_runDeleteWarning](https://lcgapp-services.cern.ch/root-jenkins/job/root-pullrequests-build/152689/testReport/projectroot.roottest.root/collection/roottest_root_collection_runDeleteWarning/); - [projectroot.roottest.root.io.uniquePointer.roottest_root_io_uniquePointer_simpleWriteRead](https://lcgapp-services.cern.ch/root-jenkins/job/root-pullrequests-build/152689/testReport/projectroot.roottest.root.io/uniquePointer/roottest_root_io_uniquePointer_simpleWriteRead/); - [projectroot.roottest.root.io.uniquePointer.roottest_root_io_uniquePointer_simpleRead](https://lcgapp-services.cern.ch/root-jenkins/job/root-pullrequests-build/152689/testReport/projectroot.roottest.root.io/uniquePointer/roottest_root_io_uniquePointer_simpleRead/); - [projectroot.roottest.root.io.uniquePointer.roottest_root_io_uniquePointer_aclicDataMemberSelection](https://lcgapp-services.cern.ch/root-jenkins/job/root-pullrequests-build/152689/testReport/projectroot.roottest.root.io/uniquePointer/roottest_root_io_uniquePointer_aclicDataMemberSelection/); - [projectroot.roottest.root.meta.MakeProject.roottest_root_meta_MakeProject_runaliceesd](https://lcgapp-services.cern.ch/root-jenkins/job/root-pullrequests-build/152689/testReport/projectroot.roottest.root.meta/MakeProject/roottest_root_meta_Mak,MatchSource.ISSUE_COMMENT,root-project,root,v6-32-06,https://github.com/root-project/root/pull/11086#issuecomment-1224352096:546,test,test,546,https://root.cern,https://github.com/root-project/root/pull/11086#issuecomment-1224352096,3,['test'],"['test', 'testReport', 'tests']"
Testability,Build failed on ROOT-ubuntu2204/default.; Running on root-ubuntu-2204-2.cern.ch:/home/sftnight/build/workspace/root-pullrequests-build; [See console output](https://lcgapp-services.cern.ch/root-jenkins/job/root-pullrequests-build/154228/console).; ### Warnings:; - [2022-09-13T14:35:25.071Z] /home/sftnight/build/workspace/root-pullrequests-build/build/tmva/sofie/test/Shape_FromONNX.hxx:20:35: warning: unused parameter ‘tensor_X’ [-Wunused-parameter] . ### Failing tests:; - [projectroot.roottest.root.io.uniquePointer.roottest_root_io_uniquePointer_simpleWriteRead](https://lcgapp-services.cern.ch/root-jenkins/job/root-pullrequests-build/154228/testReport/projectroot.roottest.root.io/uniquePointer/roottest_root_io_uniquePointer_simpleWriteRead/); - [projectroot.roottest.root.io.uniquePointer.roottest_root_io_uniquePointer_simpleRead](https://lcgapp-services.cern.ch/root-jenkins/job/root-pullrequests-build/154228/testReport/projectroot.roottest.root.io/uniquePointer/roottest_root_io_uniquePointer_simpleRead/); - [projectroot.roottest.root.io.uniquePointer.roottest_root_io_uniquePointer_aclicDataMemberSelection](https://lcgapp-services.cern.ch/root-jenkins/job/root-pullrequests-build/154228/testReport/projectroot.roottest.root.io/uniquePointer/roottest_root_io_uniquePointer_aclicDataMemberSelection/); - [projectroot.roottest.root.meta.ROOT-7462.roottest_root_meta_ROOT_7462_make](https://lcgapp-services.cern.ch/root-jenkins/job/root-pullrequests-build/154228/testReport/projectroot.roottest.root.meta/ROOT-7462/roottest_root_meta_ROOT_7462_make/); - [projectroot.roottest.root.meta.MakeProject.roottest_root_meta_MakeProject_runaliceesd](https://lcgapp-services.cern.ch/root-jenkins/job/root-pullrequests-build/154228/testReport/projectroot.roottest.root.meta/MakeProject/roottest_root_meta_MakeProject_runaliceesd/); - [projectroot.tmva.sofie.test.gtest_tmva_sofie_test_TestCustomModelsFromONNX](https://lcgapp-services.cern.ch/root-jenkins/job/root-pullrequests-build/154228/testRep,MatchSource.ISSUE_COMMENT,root-project,root,v6-32-06,https://github.com/root-project/root/pull/11309#issuecomment-1245529778:364,test,test,364,https://root.cern,https://github.com/root-project/root/pull/11309#issuecomment-1245529778,4,['test'],"['test', 'testReport', 'tests']"
Testability,Build failed on ROOT-ubuntu2204/default.; Running on root-ubuntu-2204-2.cern.ch:/home/sftnight/build/workspace/root-pullrequests-build; [See console output](https://lcgapp-services.cern.ch/root-jenkins/job/root-pullrequests-build/154607/console).; ### Warnings:; - [2022-09-19T14:06:13.600Z] /home/sftnight/build/workspace/root-pullrequests-build/build/tmva/sofie/test/Shape_FromONNX.hxx:20:35: warning: unused parameter ‘tensor_X’ [-Wunused-parameter] . ### Failing tests:; - [projectroot.roottest.root.collection.roottest_root_collection_runDeleteWarning](https://lcgapp-services.cern.ch/root-jenkins/job/root-pullrequests-build/154607/testReport/projectroot.roottest.root/collection/roottest_root_collection_runDeleteWarning/); - [projectroot.roottest.root.io.uniquePointer.roottest_root_io_uniquePointer_aclicDataMemberSelection](https://lcgapp-services.cern.ch/root-jenkins/job/root-pullrequests-build/154607/testReport/projectroot.roottest.root.io/uniquePointer/roottest_root_io_uniquePointer_aclicDataMemberSelection/); - [projectroot.roottest.root.meta.MakeProject.roottest_root_meta_MakeProject_runaliceesd](https://lcgapp-services.cern.ch/root-jenkins/job/root-pullrequests-build/154607/testReport/projectroot.roottest.root.meta/MakeProject/roottest_root_meta_MakeProject_runaliceesd/); - [projectroot.roottest.root.meta.ROOT-7462.roottest_root_meta_ROOT_7462_make](https://lcgapp-services.cern.ch/root-jenkins/job/root-pullrequests-build/154607/testReport/projectroot.roottest.root.meta/ROOT-7462/roottest_root_meta_ROOT_7462_make/); - [projectroot.tmva.sofie.test.gtest_tmva_sofie_test_TestCustomModelsFromONNX](https://lcgapp-services.cern.ch/root-jenkins/job/root-pullrequests-build/154607/testReport/projectroot.tmva.sofie/test/gtest_tmva_sofie_test_TestCustomModelsFromONNX/),MatchSource.ISSUE_COMMENT,root-project,root,v6-32-06,https://github.com/root-project/root/pull/11382#issuecomment-1251092660:364,test,test,364,https://root.cern,https://github.com/root-project/root/pull/11382#issuecomment-1251092660,9,['test'],"['test', 'testReport', 'tests']"
Testability,Build failed on ROOT-ubuntu2204/nortcxxmod.; Running on root-ubuntu-2204-1.cern.ch:/home/sftnight/build/workspace/root-pullrequests-build; [See console output](https://lcgapp-services.cern.ch/root-jenkins/job/root-pullrequests-build/177294/console).; ### Errors:; - [2023-06-16T09:16:24.058Z] /home/sftnight/build/workspace/root-pullrequests-build/root/test/stressHistoFit.cxx:404:14: error: redefinition of ‘const double minX’ ; - [2023-06-16T09:16:24.058Z] /home/sftnight/build/workspace/root-pullrequests-build/root/test/stressHistoFit.cxx:405:14: error: redefinition of ‘const double maxX’ ; - [2023-06-16T09:16:24.058Z] /home/sftnight/build/workspace/root-pullrequests-build/root/test/stressHistoFit.cxx:406:14: error: redefinition of ‘const double minY’ ; - [2023-06-16T09:16:24.058Z] /home/sftnight/build/workspace/root-pullrequests-build/root/test/stressHistoFit.cxx:407:14: error: redefinition of ‘const double maxY’ ; - [2023-06-16T09:16:24.058Z] /home/sftnight/build/workspace/root-pullrequests-build/root/test/stressHistoFit.cxx:408:11: error: redefinition of ‘const int nbinsX’ ; - [2023-06-16T09:16:24.058Z] /home/sftnight/build/workspace/root-pullrequests-build/root/test/stressHistoFit.cxx:409:11: error: redefinition of ‘const int nbinsY’ ; - [2023-06-16T09:16:24.058Z] /home/sftnight/build/workspace/root-pullrequests-build/root/test/stressHistoFit.cxx:412:6: error: multiple definition of ‘enum testOpt’ ; - [2023-06-16T09:16:24.058Z] /home/sftnight/build/workspace/root-pullrequests-build/root/test/stressHistoFit.cxx:423:5: error: redefinition of ‘int defaultOptions’,MatchSource.ISSUE_COMMENT,root-project,root,v6-32-06,https://github.com/root-project/root/pull/13036#issuecomment-1594379396:353,test,test,353,https://root.cern,https://github.com/root-project/root/pull/13036#issuecomment-1594379396,9,['test'],"['test', 'testOpt']"
Testability,Build failed on ROOT-ubuntu2204/nortcxxmod.; Running on root-ubuntu-2204-1.cern.ch:/home/sftnight/build/workspace/root-pullrequests-build; [See console output](https://lcgapp-services.cern.ch/root-jenkins/job/root-pullrequests-build/177509/console).; ### Failing tests:; - [projectroot.test.test_stressHistFactory_interpreted](https://lcgapp-services.cern.ch/root-jenkins/job/root-pullrequests-build/177509/testReport/projectroot/test/test_stressHistFactory_interpreted/); - [projectroot.roofit.histfactory.test.gtest_roofit_histfactory_test_testHistFactory](https://lcgapp-services.cern.ch/root-jenkins/job/root-pullrequests-build/177509/testReport/projectroot.roofit.histfactory/test/gtest_roofit_histfactory_test_testHistFactory/); - [projectroot.roofit.hs3.test.gtest_roofit_hs3_test_testHS3HistFactory](https://lcgapp-services.cern.ch/root-jenkins/job/root-pullrequests-build/177509/testReport/projectroot.roofit.hs3/test/gtest_roofit_hs3_test_testHS3HistFactory/),MatchSource.ISSUE_COMMENT,root-project,root,v6-32-06,https://github.com/root-project/root/pull/13052#issuecomment-1599061161:263,test,tests,263,https://root.cern,https://github.com/root-project/root/pull/13052#issuecomment-1599061161,10,['test'],"['test', 'testReport', 'tests']"
Testability,Build failed on ROOT-ubuntu2204/nortcxxmod.; Running on root-ubuntu-2204-1.cern.ch:/home/sftnight/build/workspace/root-pullrequests-build; [See console output](https://lcgapp-services.cern.ch/root-jenkins/job/root-pullrequests-build/178283/console).; ### Failing tests:; - [projectroot.bindings.pyroot.pythonizations.test.pyunittests_pyroot_roofit_rooworkspace](https://lcgapp-services.cern.ch/root-jenkins/job/root-pullrequests-build/178283/testReport/projectroot.bindings.pyroot.pythonizations/test/pyunittests_pyroot_roofit_rooworkspace/),MatchSource.ISSUE_COMMENT,root-project,root,v6-32-06,https://github.com/root-project/root/pull/12994#issuecomment-1611426072:263,test,tests,263,https://root.cern,https://github.com/root-project/root/pull/12994#issuecomment-1611426072,4,['test'],"['test', 'testReport', 'tests']"
Testability,Build failed on ROOT-ubuntu2204/nortcxxmod.; Running on root-ubuntu-2204-1.cern.ch:/home/sftnight/build/workspace/root-pullrequests-build; [See console output](https://lcgapp-services.cern.ch/root-jenkins/job/root-pullrequests-build/178564/console).; ### Failing tests:; - [projectroot.roottest.cling.typedef_global.roottest_cling_typedef_global_scopeTest](https://lcgapp-services.cern.ch/root-jenkins/job/root-pullrequests-build/178564/testReport/projectroot.roottest.cling/typedef_global/roottest_cling_typedef_global_scopeTest/),MatchSource.ISSUE_COMMENT,root-project,root,v6-32-06,https://github.com/root-project/root/pull/13144#issuecomment-1614949136:263,test,tests,263,https://root.cern,https://github.com/root-project/root/pull/13144#issuecomment-1614949136,2,['test'],"['testReport', 'tests']"
Testability,Build failed on ROOT-ubuntu2204/nortcxxmod.; Running on root-ubuntu-2204-1.cern.ch:/home/sftnight/build/workspace/root-pullrequests-build; [See console output](https://lcgapp-services.cern.ch/root-jenkins/job/root-pullrequests-build/178571/console).; ### Failing tests:; - [projectroot.roottest.root.dataframe.roottest_root_dataframe_par](https://lcgapp-services.cern.ch/root-jenkins/job/root-pullrequests-build/178571/testReport/projectroot.roottest.root/dataframe/roottest_root_dataframe_par/); - [projectroot.roottest.root.multicore.roottest_root_multicore_ttree_write_imt](https://lcgapp-services.cern.ch/root-jenkins/job/root-pullrequests-build/178571/testReport/projectroot.roottest.root/multicore/roottest_root_multicore_ttree_write_imt/); - [projectroot.tmva.tmva.test.DNN.TMVA_DNN_Regression_Cpu](https://lcgapp-services.cern.ch/root-jenkins/job/root-pullrequests-build/178571/testReport/projectroot.tmva.tmva.test/DNN/TMVA_DNN_Regression_Cpu/); - [projectroot.tree.dataframe.test.gtest_tree_dataframe_test_dataframe_snapshot](https://lcgapp-services.cern.ch/root-jenkins/job/root-pullrequests-build/178571/testReport/projectroot.tree.dataframe/test/gtest_tree_dataframe_test_dataframe_snapshot/),MatchSource.ISSUE_COMMENT,root-project,root,v6-32-06,https://github.com/root-project/root/pull/13145#issuecomment-1615061659:263,test,tests,263,https://root.cern,https://github.com/root-project/root/pull/13145#issuecomment-1615061659,9,['test'],"['test', 'testReport', 'tests']"
Testability,Build failed on ROOT-ubuntu2204/nortcxxmod.; Running on root-ubuntu-2204-1.cern.ch:/home/sftnight/build/workspace/root-pullrequests-build; [See console output](https://lcgapp-services.cern.ch/root-jenkins/job/root-pullrequests-build/178613/console).; ### Failing tests:; - [projectroot.bindings.experimental.distrdf.test.pyunittests_distrdf_unit_test_ranges](https://lcgapp-services.cern.ch/root-jenkins/job/root-pullrequests-build/178613/testReport/projectroot.bindings.experimental.distrdf/test/pyunittests_distrdf_unit_test_ranges/); - [projectroot.bindings.experimental.distrdf.test.backend.pyunittests_distrdf_unit_backend_test_dist](https://lcgapp-services.cern.ch/root-jenkins/job/root-pullrequests-build/178613/testReport/projectroot.bindings.experimental.distrdf.test/backend/pyunittests_distrdf_unit_backend_test_dist/); - [projectroot.bindings.experimental.distrdf.test.backend.pyunittests_distrdf_unit_backend_test_graph_caching](https://lcgapp-services.cern.ch/root-jenkins/job/root-pullrequests-build/178613/testReport/projectroot.bindings.experimental.distrdf.test/backend/pyunittests_distrdf_unit_backend_test_graph_caching/); - [projectroot.roofit.roofitcore.test.gtest_roofit_roofitcore_test_testRooAbsReal](https://lcgapp-services.cern.ch/root-jenkins/job/root-pullrequests-build/178613/testReport/projectroot.roofit.roofitcore/test/gtest_roofit_roofitcore_test_testRooAbsReal/); - [projectroot.roottest.python.cmdLineUtils.roottest_python_cmdLineUtils_NameCyclesRootls](https://lcgapp-services.cern.ch/root-jenkins/job/root-pullrequests-build/178613/testReport/projectroot.roottest.python/cmdLineUtils/roottest_python_cmdLineUtils_NameCyclesRootls/); - [projectroot.roottest.python.distrdf.spark.roottest_python_distrdf_spark_test_all](https://lcgapp-services.cern.ch/root-jenkins/job/root-pullrequests-build/178613/testReport/projectroot.roottest.python.distrdf/spark/roottest_python_distrdf_spark_test_all/); - [projectroot.roottest.root.dataframe.roottest_root_dataframe_test_re,MatchSource.ISSUE_COMMENT,root-project,root,v6-32-06,https://github.com/root-project/root/pull/13149#issuecomment-1615282149:263,test,tests,263,https://root.cern,https://github.com/root-project/root/pull/13149#issuecomment-1615282149,8,['test'],"['test', 'testReport', 'tests']"
Testability,Build failed on ROOT-ubuntu2204/nortcxxmod.; Running on root-ubuntu-2204-1.cern.ch:/home/sftnight/build/workspace/root-pullrequests-build; [See console output](https://lcgapp-services.cern.ch/root-jenkins/job/root-pullrequests-build/179529/console).; ### Failing tests:; - [projectroot.bindings.experimental.distrdf.test.pyunittests_distrdf_unit_test_friendinfo](https://lcgapp-services.cern.ch/root-jenkins/job/root-pullrequests-build/179529/testReport/projectroot.bindings.experimental.distrdf/test/pyunittests_distrdf_unit_test_friendinfo/); - [projectroot.bindings.experimental.distrdf.test.pyunittests_distrdf_unit_test_headnode](https://lcgapp-services.cern.ch/root-jenkins/job/root-pullrequests-build/179529/testReport/projectroot.bindings.experimental.distrdf/test/pyunittests_distrdf_unit_test_headnode/); - [projectroot.bindings.experimental.distrdf.test.pyunittests_distrdf_unit_test_callable_generator](https://lcgapp-services.cern.ch/root-jenkins/job/root-pullrequests-build/179529/testReport/projectroot.bindings.experimental.distrdf/test/pyunittests_distrdf_unit_test_callable_generator/); - [projectroot.bindings.experimental.distrdf.test.pyunittests_distrdf_unit_test_node](https://lcgapp-services.cern.ch/root-jenkins/job/root-pullrequests-build/179529/testReport/projectroot.bindings.experimental.distrdf/test/pyunittests_distrdf_unit_test_node/); - [projectroot.bindings.experimental.distrdf.test.pyunittests_distrdf_unit_test_ranges](https://lcgapp-services.cern.ch/root-jenkins/job/root-pullrequests-build/179529/testReport/projectroot.bindings.experimental.distrdf/test/pyunittests_distrdf_unit_test_ranges/); - [projectroot.bindings.experimental.distrdf.test.pyunittests_distrdf_unit_test_proxy](https://lcgapp-services.cern.ch/root-jenkins/job/root-pullrequests-build/179529/testReport/projectroot.bindings.experimental.distrdf/test/pyunittests_distrdf_unit_test_proxy/); - [projectroot.bindings.experimental.distrdf.test.backend.pyunittests_distrdf_unit_backend_test_dist](ht,MatchSource.ISSUE_COMMENT,root-project,root,v6-32-06,https://github.com/root-project/root/pull/13232#issuecomment-1631293210:263,test,tests,263,https://root.cern,https://github.com/root-project/root/pull/13232#issuecomment-1631293210,9,['test'],"['test', 'testReport', 'tests']"
Testability,Build failed on ROOT-ubuntu2204/nortcxxmod.; Running on root-ubuntu-2204-1.cern.ch:/home/sftnight/build/workspace/root-pullrequests-build; [See console output](https://lcgapp-services.cern.ch/root-jenkins/job/root-pullrequests-build/179697/console).; ### Failing tests:; - [projectroot.roottest.root.core.roottest_root_core_execStatusBitsCheck](https://lcgapp-services.cern.ch/root-jenkins/job/root-pullrequests-build/179697/testReport/projectroot.roottest.root/core/roottest_root_core_execStatusBitsCheck/),MatchSource.ISSUE_COMMENT,root-project,root,v6-32-06,https://github.com/root-project/root/pull/13243#issuecomment-1634572635:263,test,tests,263,https://root.cern,https://github.com/root-project/root/pull/13243#issuecomment-1634572635,2,['test'],"['testReport', 'tests']"
Testability,Build failed on ROOT-ubuntu2204/nortcxxmod.; Running on root-ubuntu-2204-1.cern.ch:/home/sftnight/build/workspace/root-pullrequests-build; [See console output](https://lcgapp-services.cern.ch/root-jenkins/job/root-pullrequests-build/179944/console).; ### Failing tests:; - [projectroot.tree.dataframe.test.gtest_tree_dataframe_test_dataframe_datasetspec](https://lcgapp-services.cern.ch/root-jenkins/job/root-pullrequests-build/179944/testReport/projectroot.tree.dataframe/test/gtest_tree_dataframe_test_dataframe_datasetspec/),MatchSource.ISSUE_COMMENT,root-project,root,v6-32-06,https://github.com/root-project/root/pull/12485#issuecomment-1637893976:263,test,tests,263,https://root.cern,https://github.com/root-project/root/pull/12485#issuecomment-1637893976,4,['test'],"['test', 'testReport', 'tests']"
Testability,Build failed on ROOT-ubuntu2204/nortcxxmod.; Running on root-ubuntu-2204-1.cern.ch:/home/sftnight/build/workspace/root-pullrequests-build; [See console output](https://lcgapp-services.cern.ch/root-jenkins/job/root-pullrequests-build/179972/console).; ### Failing tests:; - [projectroot.tree.dataframe.test.gtest_tree_dataframe_test_dataframe_datasetspec](https://lcgapp-services.cern.ch/root-jenkins/job/root-pullrequests-build/179972/testReport/projectroot.tree.dataframe/test/gtest_tree_dataframe_test_dataframe_datasetspec/),MatchSource.ISSUE_COMMENT,root-project,root,v6-32-06,https://github.com/root-project/root/pull/13262#issuecomment-1637971896:263,test,tests,263,https://root.cern,https://github.com/root-project/root/pull/13262#issuecomment-1637971896,4,['test'],"['test', 'testReport', 'tests']"
Testability,Build failed on ROOT-ubuntu2204/nortcxxmod.; Running on root-ubuntu-2204-1.cern.ch:/home/sftnight/build/workspace/root-pullrequests-build; [See console output](https://lcgapp-services.cern.ch/root-jenkins/job/root-pullrequests-build/180081/console).; ### Warnings:; - [2023-07-18T14:52:06.185Z] CMake Warning at interpreter/llvm-project/llvm/CMakeLists.txt:75 (message): . ### Failing tests:; - [projectroot.roottest.root.aclic.load.roottest_root_aclic_load_autoloadtest_build](https://lcgapp-services.cern.ch/root-jenkins/job/root-pullrequests-build/180081/testReport/projectroot.roottest.root.aclic/load/roottest_root_aclic_load_autoloadtest_build/); - [projectroot.roottest.root.io.stdarray.roottest_root_io_stdarray_aclicModelWrite](https://lcgapp-services.cern.ch/root-jenkins/job/root-pullrequests-build/180081/testReport/projectroot.roottest.root.io/stdarray/roottest_root_io_stdarray_aclicModelWrite/); - [projectroot.roottest.root.meta.evolution.roottest_root_meta_evolution_data1_build](https://lcgapp-services.cern.ch/root-jenkins/job/root-pullrequests-build/180081/testReport/projectroot.roottest.root.meta/evolution/roottest_root_meta_evolution_data1_build/); - [projectroot.roottest.root.meta.evolution.roottest_root_meta_evolution_data2_build](https://lcgapp-services.cern.ch/root-jenkins/job/root-pullrequests-build/180081/testReport/projectroot.roottest.root.meta/evolution/roottest_root_meta_evolution_data2_build/); - [projectroot.roottest.root.meta.evolution.roottest_root_meta_evolution_data3_build](https://lcgapp-services.cern.ch/root-jenkins/job/root-pullrequests-build/180081/testReport/projectroot.roottest.root.meta/evolution/roottest_root_meta_evolution_data3_build/); - [projectroot.roottest.root.io.uniquePointer.roottest_root_io_uniquePointer_writePtrColls](https://lcgapp-services.cern.ch/root-jenkins/job/root-pullrequests-build/180081/testReport/projectroot.roottest.root.io/uniquePointer/roottest_root_io_uniquePointer_writePtrColls/); - [projectroot.roottest.root.m,MatchSource.ISSUE_COMMENT,root-project,root,v6-32-06,https://github.com/root-project/root/pull/13273#issuecomment-1640478163:385,test,tests,385,https://root.cern,https://github.com/root-project/root/pull/13273#issuecomment-1640478163,3,['test'],"['testReport', 'tests']"
Testability,Build failed on ROOT-ubuntu2204/nortcxxmod.; Running on root-ubuntu-2204-1.cern.ch:/home/sftnight/build/workspace/root-pullrequests-build; [See console output](https://lcgapp-services.cern.ch/root-jenkins/job/root-pullrequests-build/180095/console).; ### Failing tests:; - [projectroot.tmva.pymva.test.PyMVA_Keras_Regression](https://lcgapp-services.cern.ch/root-jenkins/job/root-pullrequests-build/180095/testReport/projectroot.tmva.pymva/test/PyMVA_Keras_Regression/),MatchSource.ISSUE_COMMENT,root-project,root,v6-32-06,https://github.com/root-project/root/pull/13275#issuecomment-1640643743:263,test,tests,263,https://root.cern,https://github.com/root-project/root/pull/13275#issuecomment-1640643743,4,['test'],"['test', 'testReport', 'tests']"
Testability,Build failed on ROOT-ubuntu2204/nortcxxmod.; Running on root-ubuntu-2204-1.cern.ch:/home/sftnight/build/workspace/root-pullrequests-build; [See console output](https://lcgapp-services.cern.ch/root-jenkins/job/root-pullrequests-build/180179/console).; ### Failing tests:; - [projectroot.roottest.root.core.roottest_root_core_execStatusBitsCheck](https://lcgapp-services.cern.ch/root-jenkins/job/root-pullrequests-build/180179/testReport/projectroot.roottest.root/core/roottest_root_core_execStatusBitsCheck/),MatchSource.ISSUE_COMMENT,root-project,root,v6-32-06,https://github.com/root-project/root/pull/13243#issuecomment-1641991932:263,test,tests,263,https://root.cern,https://github.com/root-project/root/pull/13243#issuecomment-1641991932,2,['test'],"['testReport', 'tests']"
Testability,Build failed on ROOT-ubuntu2204/nortcxxmod.; Running on root-ubuntu-2204-1.cern.ch:/home/sftnight/build/workspace/root-pullrequests-build; [See console output](https://lcgapp-services.cern.ch/root-jenkins/job/root-pullrequests-build/180411/console).; ### Failing tests:; - [projectroot.tmva.sofie.test.gtest_tmva_sofie_test_TestSofieModels](https://lcgapp-services.cern.ch/root-jenkins/job/root-pullrequests-build/180411/testReport/projectroot.tmva.sofie/test/gtest_tmva_sofie_test_TestSofieModels/),MatchSource.ISSUE_COMMENT,root-project,root,v6-32-06,https://github.com/root-project/root/pull/13264#issuecomment-1646546759:263,test,tests,263,https://root.cern,https://github.com/root-project/root/pull/13264#issuecomment-1646546759,4,['test'],"['test', 'testReport', 'tests']"
Testability,Build failed on ROOT-ubuntu2204/nortcxxmod.; Running on root-ubuntu-2204-1.cern.ch:/home/sftnight/build/workspace/root-pullrequests-build; [See console output](https://lcgapp-services.cern.ch/root-jenkins/job/root-pullrequests-build/180931/console).; ### Failing tests:; - [projectroot.test.test_stressmathcore_interpreted](https://lcgapp-services.cern.ch/root-jenkins/job/root-pullrequests-build/180931/testReport/projectroot/test/test_stressmathcore_interpreted/); - [projectroot.bindings.experimental.distrdf.test.backend.pyunittests_distrdf_unit_backend_test_common](https://lcgapp-services.cern.ch/root-jenkins/job/root-pullrequests-build/180931/testReport/projectroot.bindings.experimental.distrdf.test/backend/pyunittests_distrdf_unit_backend_test_common/); - [projectroot.bindings.pyroot.pythonizations.test.pyunittests_pyroot_roofit_rooabscollection](https://lcgapp-services.cern.ch/root-jenkins/job/root-pullrequests-build/180931/testReport/projectroot.bindings.pyroot.pythonizations/test/pyunittests_pyroot_roofit_rooabscollection/); - [projectroot.bindings.pyroot.pythonizations.test.pyunittests_pyroot_string_view_backport](https://lcgapp-services.cern.ch/root-jenkins/job/root-pullrequests-build/180931/testReport/projectroot.bindings.pyroot.pythonizations/test/pyunittests_pyroot_string_view_backport/); - [projectroot.core.metacling.test.gtest_core_metacling_test_TClingTest](https://lcgapp-services.cern.ch/root-jenkins/job/root-pullrequests-build/180931/testReport/projectroot.core.metacling/test/gtest_core_metacling_test_TClingTest/); - [projectroot.math.mathcore.test.gtest_math_mathcore_test_stressMathCoreUnit](https://lcgapp-services.cern.ch/root-jenkins/job/root-pullrequests-build/180931/testReport/projectroot.math.mathcore/test/gtest_math_mathcore_test_stressMathCoreUnit/); - [projectroot.roottest.cling.typedef_global.roottest_cling_typedef_global_scopeTest](https://lcgapp-services.cern.ch/root-jenkins/job/root-pullrequests-build/180931/testReport/projectroot.roottest.,MatchSource.ISSUE_COMMENT,root-project,root,v6-32-06,https://github.com/root-project/root/pull/13341#issuecomment-1653781939:263,test,tests,263,https://root.cern,https://github.com/root-project/root/pull/13341#issuecomment-1653781939,9,['test'],"['test', 'testReport', 'tests']"
Testability,Build failed on ROOT-ubuntu2204/nortcxxmod.; Running on root-ubuntu-2204-1.cern.ch:/home/sftnight/build/workspace/root-pullrequests-build; [See console output](https://lcgapp-services.cern.ch/root-jenkins/job/root-pullrequests-build/181015/console).; ### Failing tests:; - [projectroot.roottest.root.core.roottest_root_core_execStatusBitsCheck](https://lcgapp-services.cern.ch/root-jenkins/job/root-pullrequests-build/181015/testReport/projectroot.roottest.root/core/roottest_root_core_execStatusBitsCheck/); - [projectroot.tree.ntuple.v7.test.gtest_tree_ntuple_v7_test_ntuple_types](https://lcgapp-services.cern.ch/root-jenkins/job/root-pullrequests-build/181015/testReport/projectroot.tree.ntuple.v7/test/gtest_tree_ntuple_v7_test_ntuple_types/),MatchSource.ISSUE_COMMENT,root-project,root,v6-32-06,https://github.com/root-project/root/pull/13273#issuecomment-1655999070:263,test,tests,263,https://root.cern,https://github.com/root-project/root/pull/13273#issuecomment-1655999070,5,['test'],"['test', 'testReport', 'tests']"
Testability,Build failed on ROOT-ubuntu2204/nortcxxmod.; Running on root-ubuntu-2204-1.cern.ch:/home/sftnight/build/workspace/root-pullrequests-build; [See console output](https://lcgapp-services.cern.ch/root-jenkins/job/root-pullrequests-build/181022/console).; ### Failing tests:; - [projectroot.roottest.root.meta.autoloading.headerParsingOnDemand.roottest_root_meta_autoloading_headerParsingOnDemand_no_autoparse_read](https://lcgapp-services.cern.ch/root-jenkins/job/root-pullrequests-build/181022/testReport/projectroot.roottest.root.meta.autoloading/headerParsingOnDemand/roottest_root_meta_autoloading_headerParsingOnDemand_no_autoparse_read/),MatchSource.ISSUE_COMMENT,root-project,root,v6-32-06,https://github.com/root-project/root/pull/13341#issuecomment-1656280367:263,test,tests,263,https://root.cern,https://github.com/root-project/root/pull/13341#issuecomment-1656280367,2,['test'],"['testReport', 'tests']"
Testability,Build failed on ROOT-ubuntu2204/nortcxxmod.; Running on root-ubuntu-2204-1.cern.ch:/home/sftnight/build/workspace/root-pullrequests-build; [See console output](https://lcgapp-services.cern.ch/root-jenkins/job/root-pullrequests-build/181199/console).; ### Failing tests:; - [projectroot.roottest.root.dataframe.roottest_root_dataframe_test_readTotemNtuple](https://lcgapp-services.cern.ch/root-jenkins/job/root-pullrequests-build/181199/testReport/projectroot.roottest.root/dataframe/roottest_root_dataframe_test_readTotemNtuple/),MatchSource.ISSUE_COMMENT,root-project,root,v6-32-06,https://github.com/root-project/root/pull/13090#issuecomment-1658516404:263,test,tests,263,https://root.cern,https://github.com/root-project/root/pull/13090#issuecomment-1658516404,2,['test'],"['testReport', 'tests']"
Testability,Build failed on ROOT-ubuntu2204/nortcxxmod.; Running on root-ubuntu-2204-1.cern.ch:/home/sftnight/build/workspace/root-pullrequests-build; [See console output](https://lcgapp-services.cern.ch/root-jenkins/job/root-pullrequests-build/182658/console).; ### Warnings:; - [2023-08-18T07:11:25.931Z] /home/sftnight/build/workspace/root-pullrequests-build/root/tmva/sofie/src/RModel.cxx:618:1: warning: control reaches end of non-void function [-Wreturn-type] ; - [2023-08-18T07:11:32.655Z] /home/sftnight/build/workspace/root-pullrequests-build/root/tmva/sofie/src/RModel.cxx:618:1: warning: control reaches end of non-void function [-Wreturn-type] . ### Failing tests:; - [projectroot.bindings.pyroot.pythonizations.test.test_import_sonnet](https://lcgapp-services.cern.ch/root-jenkins/job/root-pullrequests-build/182658/testReport/projectroot.bindings.pyroot.pythonizations/test/test_import_sonnet/); - [projectroot.bindings.pyroot.pythonizations.test.test_import_graph_nets](https://lcgapp-services.cern.ch/root-jenkins/job/root-pullrequests-build/182658/testReport/projectroot.bindings.pyroot.pythonizations/test/test_import_graph_nets/),MatchSource.ISSUE_COMMENT,root-project,root,v6-32-06,https://github.com/root-project/root/pull/11208#issuecomment-1683489059:658,test,tests,658,https://root.cern,https://github.com/root-project/root/pull/11208#issuecomment-1683489059,7,['test'],"['test', 'testReport', 'tests']"
Testability,Build failed on ROOT-ubuntu2204/nortcxxmod.; Running on root-ubuntu-2204-1.cern.ch:/home/sftnight/build/workspace/root-pullrequests-build; [See console output](https://lcgapp-services.cern.ch/root-jenkins/job/root-pullrequests-build/182664/console).; ### Failing tests:; - [projectroot.tmva.pymva.test.PyMVA_Keras_Regression](https://lcgapp-services.cern.ch/root-jenkins/job/root-pullrequests-build/182664/testReport/projectroot.tmva.pymva/test/PyMVA_Keras_Regression/),MatchSource.ISSUE_COMMENT,root-project,root,v6-32-06,https://github.com/root-project/root/pull/13460#issuecomment-1683557153:263,test,tests,263,https://root.cern,https://github.com/root-project/root/pull/13460#issuecomment-1683557153,4,['test'],"['test', 'testReport', 'tests']"
Testability,Build failed on ROOT-ubuntu2204/nortcxxmod.; Running on root-ubuntu-2204-1.cern.ch:/home/sftnight/build/workspace/root-pullrequests-build; [See console output](https://lcgapp-services.cern.ch/root-jenkins/job/root-pullrequests-build/182935/console).; ### Warnings:; - [2023-08-21T17:12:42.500Z] /home/sftnight/build/workspace/root-pullrequests-build/root/net/http/civetweb/civetweb.c:12086:9: warning: ‘SHA1_Init’ is deprecated: Since OpenSSL 3.0 [-Wdeprecated-declarations] ; - [2023-08-21T17:12:42.500Z] /home/sftnight/build/workspace/root-pullrequests-build/root/net/http/civetweb/civetweb.c:12087:9: warning: ‘SHA1_Update’ is deprecated: Since OpenSSL 3.0 [-Wdeprecated-declarations] ; - [2023-08-21T17:12:42.500Z] /home/sftnight/build/workspace/root-pullrequests-build/root/net/http/civetweb/civetweb.c:12088:9: warning: ‘SHA1_Final’ is deprecated: Since OpenSSL 3.0 [-Wdeprecated-declarations] . ### Failing tests:; - [projectroot.tmva.sofie.test.gtest_tmva_sofie_test_TestSofieModels](https://lcgapp-services.cern.ch/root-jenkins/job/root-pullrequests-build/182935/testReport/projectroot.tmva.sofie/test/gtest_tmva_sofie_test_TestSofieModels/),MatchSource.ISSUE_COMMENT,root-project,root,v6-32-06,https://github.com/root-project/root/pull/12604#issuecomment-1686745575:914,test,tests,914,https://root.cern,https://github.com/root-project/root/pull/12604#issuecomment-1686745575,4,['test'],"['test', 'testReport', 'tests']"
Testability,Build failed on ROOT-ubuntu2204/nortcxxmod.; Running on root-ubuntu-2204-1.cern.ch:/home/sftnight/build/workspace/root-pullrequests-build; [See console output](https://lcgapp-services.cern.ch/root-jenkins/job/root-pullrequests-build/183097/console).; ### Failing tests:; - [projectroot.roofit.roofitcore.test.gtest_roofit_roofitcore_test_testLikelihoodSerial](https://lcgapp-services.cern.ch/root-jenkins/job/root-pullrequests-build/183097/testReport/projectroot.roofit.roofitcore/test/gtest_roofit_roofitcore_test_testLikelihoodSerial/); - [projectroot.roofit.roofitcore.test.gtest_roofit_roofitcore_test_testLikelihoodJob](https://lcgapp-services.cern.ch/root-jenkins/job/root-pullrequests-build/183097/testReport/projectroot.roofit.roofitcore/test/gtest_roofit_roofitcore_test_testLikelihoodJob/),MatchSource.ISSUE_COMMENT,root-project,root,v6-32-06,https://github.com/root-project/root/pull/13518#issuecomment-1690007604:263,test,tests,263,https://root.cern,https://github.com/root-project/root/pull/13518#issuecomment-1690007604,7,['test'],"['test', 'testReport', 'tests']"
Testability,Build failed on ROOT-ubuntu2204/nortcxxmod.; Running on root-ubuntu-2204-1.cern.ch:/home/sftnight/build/workspace/root-pullrequests-build; [See console output](https://lcgapp-services.cern.ch/root-jenkins/job/root-pullrequests-build/183230/console).; ### Failing tests:; - [projectroot.runtutorials.test_import_numba](https://lcgapp-services.cern.ch/root-jenkins/job/root-pullrequests-build/183230/testReport/projectroot/runtutorials/test_import_numba/); - [projectroot.bindings.pyroot.pythonizations.test.test_import_numba](https://lcgapp-services.cern.ch/root-jenkins/job/root-pullrequests-build/183230/testReport/projectroot.bindings.pyroot.pythonizations/test/test_import_numba/); - [projectroot.bindings.pyroot.pythonizations.test.pyunittests_pyroot_dependency_versions](https://lcgapp-services.cern.ch/root-jenkins/job/root-pullrequests-build/183230/testReport/projectroot.bindings.pyroot.pythonizations/test/pyunittests_pyroot_dependency_versions/); - [projectroot.roottest.python.numba.roottest_python_numba_numba](https://lcgapp-services.cern.ch/root-jenkins/job/root-pullrequests-build/183230/testReport/projectroot.roottest.python/numba/roottest_python_numba_numba/); - [projectroot.tmva.pymva.test.PyMVA_Keras_Classification](https://lcgapp-services.cern.ch/root-jenkins/job/root-pullrequests-build/183230/testReport/projectroot.tmva.pymva/test/PyMVA_Keras_Classification/); - [projectroot.tmva.pymva.test.PyMVA_Keras_Multiclass](https://lcgapp-services.cern.ch/root-jenkins/job/root-pullrequests-build/183230/testReport/projectroot.tmva.pymva/test/PyMVA_Keras_Multiclass/); - [projectroot.tmva.pymva.test.PyMVA_Keras_Regression](https://lcgapp-services.cern.ch/root-jenkins/job/root-pullrequests-build/183230/testReport/projectroot.tmva.pymva/test/PyMVA_Keras_Regression/),MatchSource.ISSUE_COMMENT,root-project,root,v6-32-06,https://github.com/root-project/root/pull/13533#issuecomment-1691803817:263,test,tests,263,https://root.cern,https://github.com/root-project/root/pull/13533#issuecomment-1691803817,18,['test'],"['test', 'testReport', 'tests']"
Testability,Build failed on ROOT-ubuntu2204/nortcxxmod.; Running on root-ubuntu-2204-1.cern.ch:/home/sftnight/build/workspace/root-pullrequests-build; [See console output](https://lcgapp-services.cern.ch/root-jenkins/job/root-pullrequests-build/183310/console).; ### Failing tests:; - [projectroot.bindings.pyroot.pythonizations.test.pyunittests_pyroot_dependency_versions](https://lcgapp-services.cern.ch/root-jenkins/job/root-pullrequests-build/183310/testReport/projectroot.bindings.pyroot.pythonizations/test/pyunittests_pyroot_dependency_versions/); - [projectroot.runtutorials.test_import_numba](https://lcgapp-services.cern.ch/root-jenkins/job/root-pullrequests-build/183310/testReport/projectroot/runtutorials/test_import_numba/); - [projectroot.bindings.pyroot.pythonizations.test.test_import_numba](https://lcgapp-services.cern.ch/root-jenkins/job/root-pullrequests-build/183310/testReport/projectroot.bindings.pyroot.pythonizations/test/test_import_numba/); - [projectroot.roottest.python.numba.roottest_python_numba_numba](https://lcgapp-services.cern.ch/root-jenkins/job/root-pullrequests-build/183310/testReport/projectroot.roottest.python/numba/roottest_python_numba_numba/),MatchSource.ISSUE_COMMENT,root-project,root,v6-32-06,https://github.com/root-project/root/pull/13533#issuecomment-1693254642:263,test,tests,263,https://root.cern,https://github.com/root-project/root/pull/13533#issuecomment-1693254642,9,['test'],"['test', 'testReport', 'tests']"
Testability,Build failed on ROOT-ubuntu2204/nortcxxmod.; Running on root-ubuntu-2204-1.cern.ch:/home/sftnight/build/workspace/root-pullrequests-build; [See console output](https://lcgapp-services.cern.ch/root-jenkins/job/root-pullrequests-build/183322/console).; ### Failing tests:; - [projectroot.bindings.pyroot.pythonizations.test.pyunittests_pyroot_dependency_versions](https://lcgapp-services.cern.ch/root-jenkins/job/root-pullrequests-build/183322/testReport/projectroot.bindings.pyroot.pythonizations/test/pyunittests_pyroot_dependency_versions/); - [projectroot.runtutorials.test_import_numba](https://lcgapp-services.cern.ch/root-jenkins/job/root-pullrequests-build/183322/testReport/projectroot/runtutorials/test_import_numba/); - [projectroot.bindings.pyroot.pythonizations.test.test_import_numba](https://lcgapp-services.cern.ch/root-jenkins/job/root-pullrequests-build/183322/testReport/projectroot.bindings.pyroot.pythonizations/test/test_import_numba/); - [projectroot.roottest.python.numba.roottest_python_numba_numba](https://lcgapp-services.cern.ch/root-jenkins/job/root-pullrequests-build/183322/testReport/projectroot.roottest.python/numba/roottest_python_numba_numba/),MatchSource.ISSUE_COMMENT,root-project,root,v6-32-06,https://github.com/root-project/root/pull/13533#issuecomment-1693327172:263,test,tests,263,https://root.cern,https://github.com/root-project/root/pull/13533#issuecomment-1693327172,9,['test'],"['test', 'testReport', 'tests']"
Testability,Build failed on ROOT-ubuntu2204/nortcxxmod.; Running on root-ubuntu-2204-1.cern.ch:/home/sftnight/build/workspace/root-pullrequests-build; [See console output](https://lcgapp-services.cern.ch/root-jenkins/job/root-pullrequests-build/183334/console).; ### Failing tests:; - [projectroot.runtutorials.test_import_numba](https://lcgapp-services.cern.ch/root-jenkins/job/root-pullrequests-build/183334/testReport/projectroot/runtutorials/test_import_numba/); - [projectroot.bindings.pyroot.pythonizations.test.test_import_numba](https://lcgapp-services.cern.ch/root-jenkins/job/root-pullrequests-build/183334/testReport/projectroot.bindings.pyroot.pythonizations/test/test_import_numba/); - [projectroot.bindings.pyroot.pythonizations.test.pyunittests_pyroot_dependency_versions](https://lcgapp-services.cern.ch/root-jenkins/job/root-pullrequests-build/183334/testReport/projectroot.bindings.pyroot.pythonizations/test/pyunittests_pyroot_dependency_versions/); - [projectroot.roottest.python.numba.roottest_python_numba_numba](https://lcgapp-services.cern.ch/root-jenkins/job/root-pullrequests-build/183334/testReport/projectroot.roottest.python/numba/roottest_python_numba_numba/),MatchSource.ISSUE_COMMENT,root-project,root,v6-32-06,https://github.com/root-project/root/pull/13302#issuecomment-1693522757:263,test,tests,263,https://root.cern,https://github.com/root-project/root/pull/13302#issuecomment-1693522757,9,['test'],"['test', 'testReport', 'tests']"
Testability,Build failed on ROOT-ubuntu2204/nortcxxmod.; Running on root-ubuntu-2204-1.cern.ch:/home/sftnight/build/workspace/root-pullrequests-build; [See console output](https://lcgapp-services.cern.ch/root-jenkins/job/root-pullrequests-build/183358/console).; ### Failing tests:; - [projectroot.bindings.pyroot.pythonizations.test.pyunittests_pyroot_dependency_versions](https://lcgapp-services.cern.ch/root-jenkins/job/root-pullrequests-build/183358/testReport/projectroot.bindings.pyroot.pythonizations/test/pyunittests_pyroot_dependency_versions/); - [projectroot.runtutorials.test_import_numba](https://lcgapp-services.cern.ch/root-jenkins/job/root-pullrequests-build/183358/testReport/projectroot/runtutorials/test_import_numba/); - [projectroot.bindings.pyroot.pythonizations.test.test_import_numba](https://lcgapp-services.cern.ch/root-jenkins/job/root-pullrequests-build/183358/testReport/projectroot.bindings.pyroot.pythonizations/test/test_import_numba/); - [projectroot.roottest.python.numba.roottest_python_numba_numba](https://lcgapp-services.cern.ch/root-jenkins/job/root-pullrequests-build/183358/testReport/projectroot.roottest.python/numba/roottest_python_numba_numba/),MatchSource.ISSUE_COMMENT,root-project,root,v6-32-06,https://github.com/root-project/root/pull/11208#issuecomment-1693586153:263,test,tests,263,https://root.cern,https://github.com/root-project/root/pull/11208#issuecomment-1693586153,9,['test'],"['test', 'testReport', 'tests']"
Testability,Build failed on ROOT-ubuntu2204/nortcxxmod.; Running on root-ubuntu-2204-1.cern.ch:/home/sftnight/build/workspace/root-pullrequests-build; [See console output](https://lcgapp-services.cern.ch/root-jenkins/job/root-pullrequests-build/183364/console).; ### Failing tests:; - [projectroot.runtutorials.test_import_numba](https://lcgapp-services.cern.ch/root-jenkins/job/root-pullrequests-build/183364/testReport/projectroot/runtutorials/test_import_numba/); - [projectroot.bindings.pyroot.pythonizations.test.test_import_numba](https://lcgapp-services.cern.ch/root-jenkins/job/root-pullrequests-build/183364/testReport/projectroot.bindings.pyroot.pythonizations/test/test_import_numba/); - [projectroot.bindings.pyroot.pythonizations.test.pyunittests_pyroot_dependency_versions](https://lcgapp-services.cern.ch/root-jenkins/job/root-pullrequests-build/183364/testReport/projectroot.bindings.pyroot.pythonizations/test/pyunittests_pyroot_dependency_versions/); - [projectroot.roottest.python.numba.roottest_python_numba_numba](https://lcgapp-services.cern.ch/root-jenkins/job/root-pullrequests-build/183364/testReport/projectroot.roottest.python/numba/roottest_python_numba_numba/),MatchSource.ISSUE_COMMENT,root-project,root,v6-32-06,https://github.com/root-project/root/pull/13205#issuecomment-1694502262:263,test,tests,263,https://root.cern,https://github.com/root-project/root/pull/13205#issuecomment-1694502262,9,['test'],"['test', 'testReport', 'tests']"
Testability,Build failed on ROOT-ubuntu2204/nortcxxmod.; Running on root-ubuntu-2204-1.cern.ch:/home/sftnight/build/workspace/root-pullrequests-build; [See console output](https://lcgapp-services.cern.ch/root-jenkins/job/root-pullrequests-build/183370/console).; ### Failing tests:; - [projectroot.runtutorials.test_import_numba](https://lcgapp-services.cern.ch/root-jenkins/job/root-pullrequests-build/183370/testReport/projectroot/runtutorials/test_import_numba/); - [projectroot.bindings.pyroot.pythonizations.test.test_import_numba](https://lcgapp-services.cern.ch/root-jenkins/job/root-pullrequests-build/183370/testReport/projectroot.bindings.pyroot.pythonizations/test/test_import_numba/); - [projectroot.bindings.pyroot.pythonizations.test.pyunittests_pyroot_dependency_versions](https://lcgapp-services.cern.ch/root-jenkins/job/root-pullrequests-build/183370/testReport/projectroot.bindings.pyroot.pythonizations/test/pyunittests_pyroot_dependency_versions/); - [projectroot.roottest.python.numba.roottest_python_numba_numba](https://lcgapp-services.cern.ch/root-jenkins/job/root-pullrequests-build/183370/testReport/projectroot.roottest.python/numba/roottest_python_numba_numba/),MatchSource.ISSUE_COMMENT,root-project,root,v6-32-06,https://github.com/root-project/root/pull/13549#issuecomment-1694722507:263,test,tests,263,https://root.cern,https://github.com/root-project/root/pull/13549#issuecomment-1694722507,9,['test'],"['test', 'testReport', 'tests']"
Testability,Build failed on ROOT-ubuntu2204/nortcxxmod.; Running on root-ubuntu-2204-1.cern.ch:/home/sftnight/build/workspace/root-pullrequests-build; [See console output](https://lcgapp-services.cern.ch/root-jenkins/job/root-pullrequests-build/183388/console).; ### Failing tests:; - [projectroot.runtutorials.test_import_numba](https://lcgapp-services.cern.ch/root-jenkins/job/root-pullrequests-build/183388/testReport/projectroot/runtutorials/test_import_numba/); - [projectroot.bindings.pyroot.pythonizations.test.test_import_numba](https://lcgapp-services.cern.ch/root-jenkins/job/root-pullrequests-build/183388/testReport/projectroot.bindings.pyroot.pythonizations/test/test_import_numba/); - [projectroot.bindings.pyroot.pythonizations.test.pyunittests_pyroot_dependency_versions](https://lcgapp-services.cern.ch/root-jenkins/job/root-pullrequests-build/183388/testReport/projectroot.bindings.pyroot.pythonizations/test/pyunittests_pyroot_dependency_versions/); - [projectroot.roottest.python.numba.roottest_python_numba_numba](https://lcgapp-services.cern.ch/root-jenkins/job/root-pullrequests-build/183388/testReport/projectroot.roottest.python/numba/roottest_python_numba_numba/),MatchSource.ISSUE_COMMENT,root-project,root,v6-32-06,https://github.com/root-project/root/pull/13547#issuecomment-1695262496:263,test,tests,263,https://root.cern,https://github.com/root-project/root/pull/13547#issuecomment-1695262496,9,['test'],"['test', 'testReport', 'tests']"
Testability,Build failed on ROOT-ubuntu2204/nortcxxmod.; Running on root-ubuntu-2204-1.cern.ch:/home/sftnight/build/workspace/root-pullrequests-build; [See console output](https://lcgapp-services.cern.ch/root-jenkins/job/root-pullrequests-build/183394/console).; ### Failing tests:; - [projectroot.runtutorials.test_import_numba](https://lcgapp-services.cern.ch/root-jenkins/job/root-pullrequests-build/183394/testReport/projectroot/runtutorials/test_import_numba/); - [projectroot.bindings.pyroot.pythonizations.test.test_import_numba](https://lcgapp-services.cern.ch/root-jenkins/job/root-pullrequests-build/183394/testReport/projectroot.bindings.pyroot.pythonizations/test/test_import_numba/); - [projectroot.bindings.pyroot.pythonizations.test.pyunittests_pyroot_dependency_versions](https://lcgapp-services.cern.ch/root-jenkins/job/root-pullrequests-build/183394/testReport/projectroot.bindings.pyroot.pythonizations/test/pyunittests_pyroot_dependency_versions/); - [projectroot.roottest.python.numba.roottest_python_numba_numba](https://lcgapp-services.cern.ch/root-jenkins/job/root-pullrequests-build/183394/testReport/projectroot.roottest.python/numba/roottest_python_numba_numba/),MatchSource.ISSUE_COMMENT,root-project,root,v6-32-06,https://github.com/root-project/root/pull/13526#issuecomment-1695397223:263,test,tests,263,https://root.cern,https://github.com/root-project/root/pull/13526#issuecomment-1695397223,9,['test'],"['test', 'testReport', 'tests']"
Testability,Build failed on ROOT-ubuntu2204/nortcxxmod.; Running on root-ubuntu-2204-1.cern.ch:/home/sftnight/build/workspace/root-pullrequests-build; [See console output](https://lcgapp-services.cern.ch/root-jenkins/job/root-pullrequests-build/183412/console).; ### Failing tests:; - [projectroot.runtutorials.test_import_numba](https://lcgapp-services.cern.ch/root-jenkins/job/root-pullrequests-build/183412/testReport/projectroot/runtutorials/test_import_numba/); - [projectroot.bindings.pyroot.pythonizations.test.test_import_numba](https://lcgapp-services.cern.ch/root-jenkins/job/root-pullrequests-build/183412/testReport/projectroot.bindings.pyroot.pythonizations/test/test_import_numba/); - [projectroot.bindings.pyroot.pythonizations.test.pyunittests_pyroot_dependency_versions](https://lcgapp-services.cern.ch/root-jenkins/job/root-pullrequests-build/183412/testReport/projectroot.bindings.pyroot.pythonizations/test/pyunittests_pyroot_dependency_versions/); - [projectroot.roottest.python.numba.roottest_python_numba_numba](https://lcgapp-services.cern.ch/root-jenkins/job/root-pullrequests-build/183412/testReport/projectroot.roottest.python/numba/roottest_python_numba_numba/),MatchSource.ISSUE_COMMENT,root-project,root,v6-32-06,https://github.com/root-project/root/pull/13552#issuecomment-1695823614:263,test,tests,263,https://root.cern,https://github.com/root-project/root/pull/13552#issuecomment-1695823614,9,['test'],"['test', 'testReport', 'tests']"
Testability,Build failed on ROOT-ubuntu2204/nortcxxmod.; Running on root-ubuntu-2204-1.cern.ch:/home/sftnight/build/workspace/root-pullrequests-build; [See console output](https://lcgapp-services.cern.ch/root-jenkins/job/root-pullrequests-build/183424/console).; ### Failing tests:; - [projectroot.runtutorials.test_import_numba](https://lcgapp-services.cern.ch/root-jenkins/job/root-pullrequests-build/183424/testReport/projectroot/runtutorials/test_import_numba/); - [projectroot.bindings.pyroot.pythonizations.test.test_import_numba](https://lcgapp-services.cern.ch/root-jenkins/job/root-pullrequests-build/183424/testReport/projectroot.bindings.pyroot.pythonizations/test/test_import_numba/); - [projectroot.bindings.pyroot.pythonizations.test.pyunittests_pyroot_dependency_versions](https://lcgapp-services.cern.ch/root-jenkins/job/root-pullrequests-build/183424/testReport/projectroot.bindings.pyroot.pythonizations/test/pyunittests_pyroot_dependency_versions/); - [projectroot.roottest.python.numba.roottest_python_numba_numba](https://lcgapp-services.cern.ch/root-jenkins/job/root-pullrequests-build/183424/testReport/projectroot.roottest.python/numba/roottest_python_numba_numba/),MatchSource.ISSUE_COMMENT,root-project,root,v6-32-06,https://github.com/root-project/root/pull/13556#issuecomment-1696473487:263,test,tests,263,https://root.cern,https://github.com/root-project/root/pull/13556#issuecomment-1696473487,9,['test'],"['test', 'testReport', 'tests']"
Testability,Build failed on ROOT-ubuntu2204/nortcxxmod.; Running on root-ubuntu-2204-1.cern.ch:/home/sftnight/build/workspace/root-pullrequests-build; [See console output](https://lcgapp-services.cern.ch/root-jenkins/job/root-pullrequests-build/183442/console).; ### Failing tests:; - [projectroot.runtutorials.test_import_numba](https://lcgapp-services.cern.ch/root-jenkins/job/root-pullrequests-build/183442/testReport/projectroot/runtutorials/test_import_numba/); - [projectroot.bindings.pyroot.pythonizations.test.test_import_numba](https://lcgapp-services.cern.ch/root-jenkins/job/root-pullrequests-build/183442/testReport/projectroot.bindings.pyroot.pythonizations/test/test_import_numba/); - [projectroot.bindings.pyroot.pythonizations.test.pyunittests_pyroot_dependency_versions](https://lcgapp-services.cern.ch/root-jenkins/job/root-pullrequests-build/183442/testReport/projectroot.bindings.pyroot.pythonizations/test/pyunittests_pyroot_dependency_versions/); - [projectroot.roottest.python.numba.roottest_python_numba_numba](https://lcgapp-services.cern.ch/root-jenkins/job/root-pullrequests-build/183442/testReport/projectroot.roottest.python/numba/roottest_python_numba_numba/),MatchSource.ISSUE_COMMENT,root-project,root,v6-32-06,https://github.com/root-project/root/pull/13559#issuecomment-1697062338:263,test,tests,263,https://root.cern,https://github.com/root-project/root/pull/13559#issuecomment-1697062338,9,['test'],"['test', 'testReport', 'tests']"
Testability,Build failed on ROOT-ubuntu2204/nortcxxmod.; Running on root-ubuntu-2204-1.cern.ch:/home/sftnight/build/workspace/root-pullrequests-build; [See console output](https://lcgapp-services.cern.ch/root-jenkins/job/root-pullrequests-build/183556/console).; ### Failing tests:; - [projectroot.bindings.pyroot.pythonizations.test.pyunittests_pyroot_dependency_versions](https://lcgapp-services.cern.ch/root-jenkins/job/root-pullrequests-build/183556/testReport/projectroot.bindings.pyroot.pythonizations/test/pyunittests_pyroot_dependency_versions/); - [projectroot.runtutorials.test_import_numba](https://lcgapp-services.cern.ch/root-jenkins/job/root-pullrequests-build/183556/testReport/projectroot/runtutorials/test_import_numba/); - [projectroot.bindings.pyroot.pythonizations.test.test_import_numba](https://lcgapp-services.cern.ch/root-jenkins/job/root-pullrequests-build/183556/testReport/projectroot.bindings.pyroot.pythonizations/test/test_import_numba/); - [projectroot.roottest.python.numba.roottest_python_numba_numba](https://lcgapp-services.cern.ch/root-jenkins/job/root-pullrequests-build/183556/testReport/projectroot.roottest.python/numba/roottest_python_numba_numba/),MatchSource.ISSUE_COMMENT,root-project,root,v6-32-06,https://github.com/root-project/root/pull/13566#issuecomment-1697665166:263,test,tests,263,https://root.cern,https://github.com/root-project/root/pull/13566#issuecomment-1697665166,9,['test'],"['test', 'testReport', 'tests']"
Testability,Build failed on ROOT-ubuntu2204/nortcxxmod.; Running on root-ubuntu-2204-1.cern.ch:/home/sftnight/build/workspace/root-pullrequests-build; [See console output](https://lcgapp-services.cern.ch/root-jenkins/job/root-pullrequests-build/183580/console).; ### Failing tests:; - [projectroot.runtutorials.test_import_numba](https://lcgapp-services.cern.ch/root-jenkins/job/root-pullrequests-build/183580/testReport/projectroot/runtutorials/test_import_numba/); - [projectroot.bindings.pyroot.pythonizations.test.test_import_numba](https://lcgapp-services.cern.ch/root-jenkins/job/root-pullrequests-build/183580/testReport/projectroot.bindings.pyroot.pythonizations/test/test_import_numba/); - [projectroot.bindings.pyroot.pythonizations.test.pyunittests_pyroot_dependency_versions](https://lcgapp-services.cern.ch/root-jenkins/job/root-pullrequests-build/183580/testReport/projectroot.bindings.pyroot.pythonizations/test/pyunittests_pyroot_dependency_versions/); - [projectroot.roottest.python.numba.roottest_python_numba_numba](https://lcgapp-services.cern.ch/root-jenkins/job/root-pullrequests-build/183580/testReport/projectroot.roottest.python/numba/roottest_python_numba_numba/),MatchSource.ISSUE_COMMENT,root-project,root,v6-32-06,https://github.com/root-project/root/pull/11208#issuecomment-1698043849:263,test,tests,263,https://root.cern,https://github.com/root-project/root/pull/11208#issuecomment-1698043849,9,['test'],"['test', 'testReport', 'tests']"
Testability,Build failed on ROOT-ubuntu2204/nortcxxmod.; Running on root-ubuntu-2204-1.cern.ch:/home/sftnight/build/workspace/root-pullrequests-build; [See console output](https://lcgapp-services.cern.ch/root-jenkins/job/root-pullrequests-build/183586/console).; ### Failing tests:; - [projectroot.runtutorials.test_import_numba](https://lcgapp-services.cern.ch/root-jenkins/job/root-pullrequests-build/183586/testReport/projectroot/runtutorials/test_import_numba/); - [projectroot.bindings.pyroot.pythonizations.test.test_import_numba](https://lcgapp-services.cern.ch/root-jenkins/job/root-pullrequests-build/183586/testReport/projectroot.bindings.pyroot.pythonizations/test/test_import_numba/); - [projectroot.bindings.pyroot.pythonizations.test.pyunittests_pyroot_dependency_versions](https://lcgapp-services.cern.ch/root-jenkins/job/root-pullrequests-build/183586/testReport/projectroot.bindings.pyroot.pythonizations/test/pyunittests_pyroot_dependency_versions/); - [projectroot.roottest.python.numba.roottest_python_numba_numba](https://lcgapp-services.cern.ch/root-jenkins/job/root-pullrequests-build/183586/testReport/projectroot.roottest.python/numba/roottest_python_numba_numba/),MatchSource.ISSUE_COMMENT,root-project,root,v6-32-06,https://github.com/root-project/root/pull/13537#issuecomment-1698274300:263,test,tests,263,https://root.cern,https://github.com/root-project/root/pull/13537#issuecomment-1698274300,9,['test'],"['test', 'testReport', 'tests']"
Testability,Build failed on ROOT-ubuntu2204/nortcxxmod.; Running on root-ubuntu-2204-1.cern.ch:/home/sftnight/build/workspace/root-pullrequests-build; [See console output](https://lcgapp-services.cern.ch/root-jenkins/job/root-pullrequests-build/183592/console).; ### Failing tests:; - [projectroot.runtutorials.test_import_numba](https://lcgapp-services.cern.ch/root-jenkins/job/root-pullrequests-build/183592/testReport/projectroot/runtutorials/test_import_numba/); - [projectroot.bindings.pyroot.pythonizations.test.test_import_numba](https://lcgapp-services.cern.ch/root-jenkins/job/root-pullrequests-build/183592/testReport/projectroot.bindings.pyroot.pythonizations/test/test_import_numba/); - [projectroot.bindings.pyroot.pythonizations.test.pyunittests_pyroot_dependency_versions](https://lcgapp-services.cern.ch/root-jenkins/job/root-pullrequests-build/183592/testReport/projectroot.bindings.pyroot.pythonizations/test/pyunittests_pyroot_dependency_versions/); - [projectroot.roottest.python.numba.roottest_python_numba_numba](https://lcgapp-services.cern.ch/root-jenkins/job/root-pullrequests-build/183592/testReport/projectroot.roottest.python/numba/roottest_python_numba_numba/),MatchSource.ISSUE_COMMENT,root-project,root,v6-32-06,https://github.com/root-project/root/pull/13537#issuecomment-1698423878:263,test,tests,263,https://root.cern,https://github.com/root-project/root/pull/13537#issuecomment-1698423878,9,['test'],"['test', 'testReport', 'tests']"
Testability,Build failed on ROOT-ubuntu2204/nortcxxmod.; Running on root-ubuntu-2204-1.cern.ch:/home/sftnight/build/workspace/root-pullrequests-build; [See console output](https://lcgapp-services.cern.ch/root-jenkins/job/root-pullrequests-build/183604/console).; ### Failing tests:; - [projectroot.runtutorials.test_import_numba](https://lcgapp-services.cern.ch/root-jenkins/job/root-pullrequests-build/183604/testReport/projectroot/runtutorials/test_import_numba/); - [projectroot.test.test_stressgraphics_interpreted](https://lcgapp-services.cern.ch/root-jenkins/job/root-pullrequests-build/183604/testReport/projectroot/test/test_stressgraphics_interpreted/); - [projectroot.bindings.pyroot.pythonizations.test.test_import_numba](https://lcgapp-services.cern.ch/root-jenkins/job/root-pullrequests-build/183604/testReport/projectroot.bindings.pyroot.pythonizations/test/test_import_numba/); - [projectroot.bindings.pyroot.pythonizations.test.pyunittests_pyroot_dependency_versions](https://lcgapp-services.cern.ch/root-jenkins/job/root-pullrequests-build/183604/testReport/projectroot.bindings.pyroot.pythonizations/test/pyunittests_pyroot_dependency_versions/); - [projectroot.roottest.python.numba.roottest_python_numba_numba](https://lcgapp-services.cern.ch/root-jenkins/job/root-pullrequests-build/183604/testReport/projectroot.roottest.python/numba/roottest_python_numba_numba/),MatchSource.ISSUE_COMMENT,root-project,root,v6-32-06,https://github.com/root-project/root/pull/13564#issuecomment-1698705258:263,test,tests,263,https://root.cern,https://github.com/root-project/root/pull/13564#issuecomment-1698705258,12,['test'],"['test', 'testReport', 'tests']"
Testability,Build failed on ROOT-ubuntu2204/nortcxxmod.; Running on root-ubuntu-2204-1.cern.ch:/home/sftnight/build/workspace/root-pullrequests-build; [See console output](https://lcgapp-services.cern.ch/root-jenkins/job/root-pullrequests-build/183616/console).; ### Failing tests:; - [projectroot.runtutorials.test_import_numba](https://lcgapp-services.cern.ch/root-jenkins/job/root-pullrequests-build/183616/testReport/projectroot/runtutorials/test_import_numba/); - [projectroot.bindings.pyroot.pythonizations.test.test_import_numba](https://lcgapp-services.cern.ch/root-jenkins/job/root-pullrequests-build/183616/testReport/projectroot.bindings.pyroot.pythonizations/test/test_import_numba/); - [projectroot.bindings.pyroot.pythonizations.test.pyunittests_pyroot_dependency_versions](https://lcgapp-services.cern.ch/root-jenkins/job/root-pullrequests-build/183616/testReport/projectroot.bindings.pyroot.pythonizations/test/pyunittests_pyroot_dependency_versions/); - [projectroot.roottest.python.numba.roottest_python_numba_numba](https://lcgapp-services.cern.ch/root-jenkins/job/root-pullrequests-build/183616/testReport/projectroot.roottest.python/numba/roottest_python_numba_numba/),MatchSource.ISSUE_COMMENT,root-project,root,v6-32-06,https://github.com/root-project/root/pull/13541#issuecomment-1698832669:263,test,tests,263,https://root.cern,https://github.com/root-project/root/pull/13541#issuecomment-1698832669,9,['test'],"['test', 'testReport', 'tests']"
Testability,Build failed on ROOT-ubuntu2204/nortcxxmod.; Running on root-ubuntu-2204-1.cern.ch:/home/sftnight/build/workspace/root-pullrequests-build; [See console output](https://lcgapp-services.cern.ch/root-jenkins/job/root-pullrequests-build/183658/console).; ### Failing tests:; - [projectroot.bindings.pyroot.pythonizations.test.test_import_numba](https://lcgapp-services.cern.ch/root-jenkins/job/root-pullrequests-build/183658/testReport/projectroot.bindings.pyroot.pythonizations/test/test_import_numba/); - [projectroot.bindings.pyroot.pythonizations.test.pyunittests_pyroot_dependency_versions](https://lcgapp-services.cern.ch/root-jenkins/job/root-pullrequests-build/183658/testReport/projectroot.bindings.pyroot.pythonizations/test/pyunittests_pyroot_dependency_versions/); - [projectroot.test.test_stressgraphics_interpreted](https://lcgapp-services.cern.ch/root-jenkins/job/root-pullrequests-build/183658/testReport/projectroot/test/test_stressgraphics_interpreted/); - [projectroot.runtutorials.test_import_numba](https://lcgapp-services.cern.ch/root-jenkins/job/root-pullrequests-build/183658/testReport/projectroot/runtutorials/test_import_numba/); - [projectroot.roottest.python.numba.roottest_python_numba_numba](https://lcgapp-services.cern.ch/root-jenkins/job/root-pullrequests-build/183658/testReport/projectroot.roottest.python/numba/roottest_python_numba_numba/),MatchSource.ISSUE_COMMENT,root-project,root,v6-32-06,https://github.com/root-project/root/pull/13384#issuecomment-1699355234:263,test,tests,263,https://root.cern,https://github.com/root-project/root/pull/13384#issuecomment-1699355234,12,['test'],"['test', 'testReport', 'tests']"
Testability,Build failed on ROOT-ubuntu2204/nortcxxmod.; Running on root-ubuntu-2204-1.cern.ch:/home/sftnight/build/workspace/root-pullrequests-build; [See console output](https://lcgapp-services.cern.ch/root-jenkins/job/root-pullrequests-build/183670/console).; ### Failing tests:; - [projectroot.runtutorials.test_import_numba](https://lcgapp-services.cern.ch/root-jenkins/job/root-pullrequests-build/183670/testReport/projectroot/runtutorials/test_import_numba/); - [projectroot.bindings.pyroot.pythonizations.test.test_import_numba](https://lcgapp-services.cern.ch/root-jenkins/job/root-pullrequests-build/183670/testReport/projectroot.bindings.pyroot.pythonizations/test/test_import_numba/); - [projectroot.bindings.pyroot.pythonizations.test.pyunittests_pyroot_dependency_versions](https://lcgapp-services.cern.ch/root-jenkins/job/root-pullrequests-build/183670/testReport/projectroot.bindings.pyroot.pythonizations/test/pyunittests_pyroot_dependency_versions/); - [projectroot.roottest.python.numba.roottest_python_numba_numba](https://lcgapp-services.cern.ch/root-jenkins/job/root-pullrequests-build/183670/testReport/projectroot.roottest.python/numba/roottest_python_numba_numba/); - [projectroot.test.test_stressgraphics_interpreted](https://lcgapp-services.cern.ch/root-jenkins/job/root-pullrequests-build/183670/testReport/projectroot/test/test_stressgraphics_interpreted/),MatchSource.ISSUE_COMMENT,root-project,root,v6-32-06,https://github.com/root-project/root/pull/13570#issuecomment-1699412188:263,test,tests,263,https://root.cern,https://github.com/root-project/root/pull/13570#issuecomment-1699412188,12,['test'],"['test', 'testReport', 'tests']"
Testability,Build failed on ROOT-ubuntu2204/nortcxxmod.; Running on root-ubuntu-2204-1.cern.ch:/home/sftnight/build/workspace/root-pullrequests-build; [See console output](https://lcgapp-services.cern.ch/root-jenkins/job/root-pullrequests-build/183676/console).; ### Failing tests:; - [projectroot.bindings.pyroot.pythonizations.test.test_import_numba](https://lcgapp-services.cern.ch/root-jenkins/job/root-pullrequests-build/183676/testReport/projectroot.bindings.pyroot.pythonizations/test/test_import_numba/); - [projectroot.bindings.pyroot.pythonizations.test.pyunittests_pyroot_dependency_versions](https://lcgapp-services.cern.ch/root-jenkins/job/root-pullrequests-build/183676/testReport/projectroot.bindings.pyroot.pythonizations/test/pyunittests_pyroot_dependency_versions/); - [projectroot.runtutorials.test_import_numba](https://lcgapp-services.cern.ch/root-jenkins/job/root-pullrequests-build/183676/testReport/projectroot/runtutorials/test_import_numba/); - [projectroot.roottest.python.numba.roottest_python_numba_numba](https://lcgapp-services.cern.ch/root-jenkins/job/root-pullrequests-build/183676/testReport/projectroot.roottest.python/numba/roottest_python_numba_numba/); - [projectroot.test.test_stressgraphics_interpreted](https://lcgapp-services.cern.ch/root-jenkins/job/root-pullrequests-build/183676/testReport/projectroot/test/test_stressgraphics_interpreted/),MatchSource.ISSUE_COMMENT,root-project,root,v6-32-06,https://github.com/root-project/root/pull/13544#issuecomment-1699501938:263,test,tests,263,https://root.cern,https://github.com/root-project/root/pull/13544#issuecomment-1699501938,12,['test'],"['test', 'testReport', 'tests']"
Testability,Build failed on ROOT-ubuntu2204/nortcxxmod.; Running on root-ubuntu-2204-1.cern.ch:/home/sftnight/build/workspace/root-pullrequests-build; [See console output](https://lcgapp-services.cern.ch/root-jenkins/job/root-pullrequests-build/183719/console).; ### Failing tests:; - [projectroot.runtutorials.test_import_numba](https://lcgapp-services.cern.ch/root-jenkins/job/root-pullrequests-build/183719/testReport/projectroot/runtutorials/test_import_numba/); - [projectroot.test.test_stressgraphics_interpreted](https://lcgapp-services.cern.ch/root-jenkins/job/root-pullrequests-build/183719/testReport/projectroot/test/test_stressgraphics_interpreted/); - [projectroot.bindings.pyroot.pythonizations.test.test_import_numba](https://lcgapp-services.cern.ch/root-jenkins/job/root-pullrequests-build/183719/testReport/projectroot.bindings.pyroot.pythonizations/test/test_import_numba/); - [projectroot.bindings.pyroot.pythonizations.test.pyunittests_pyroot_dependency_versions](https://lcgapp-services.cern.ch/root-jenkins/job/root-pullrequests-build/183719/testReport/projectroot.bindings.pyroot.pythonizations/test/pyunittests_pyroot_dependency_versions/); - [projectroot.roottest.python.numba.roottest_python_numba_numba](https://lcgapp-services.cern.ch/root-jenkins/job/root-pullrequests-build/183719/testReport/projectroot.roottest.python/numba/roottest_python_numba_numba/),MatchSource.ISSUE_COMMENT,root-project,root,v6-32-06,https://github.com/root-project/root/pull/11208#issuecomment-1700568999:263,test,tests,263,https://root.cern,https://github.com/root-project/root/pull/11208#issuecomment-1700568999,12,['test'],"['test', 'testReport', 'tests']"
Testability,Build failed on ROOT-ubuntu2204/nortcxxmod.; Running on root-ubuntu-2204-1.cern.ch:/home/sftnight/build/workspace/root-pullrequests-build; [See console output](https://lcgapp-services.cern.ch/root-jenkins/job/root-pullrequests-build/183725/console).; ### Failing tests:; - [projectroot.runtutorials.test_import_numba](https://lcgapp-services.cern.ch/root-jenkins/job/root-pullrequests-build/183725/testReport/projectroot/runtutorials/test_import_numba/); - [projectroot.test.test_stressgraphics_interpreted](https://lcgapp-services.cern.ch/root-jenkins/job/root-pullrequests-build/183725/testReport/projectroot/test/test_stressgraphics_interpreted/); - [projectroot.bindings.pyroot.pythonizations.test.test_import_numba](https://lcgapp-services.cern.ch/root-jenkins/job/root-pullrequests-build/183725/testReport/projectroot.bindings.pyroot.pythonizations/test/test_import_numba/); - [projectroot.bindings.pyroot.pythonizations.test.pyunittests_pyroot_dependency_versions](https://lcgapp-services.cern.ch/root-jenkins/job/root-pullrequests-build/183725/testReport/projectroot.bindings.pyroot.pythonizations/test/pyunittests_pyroot_dependency_versions/); - [projectroot.roottest.python.numba.roottest_python_numba_numba](https://lcgapp-services.cern.ch/root-jenkins/job/root-pullrequests-build/183725/testReport/projectroot.roottest.python/numba/roottest_python_numba_numba/),MatchSource.ISSUE_COMMENT,root-project,root,v6-32-06,https://github.com/root-project/root/pull/13519#issuecomment-1700741584:263,test,tests,263,https://root.cern,https://github.com/root-project/root/pull/13519#issuecomment-1700741584,12,['test'],"['test', 'testReport', 'tests']"
Testability,Build failed on ROOT-ubuntu2204/nortcxxmod.; Running on root-ubuntu-2204-1.cern.ch:/home/sftnight/build/workspace/root-pullrequests-build; [See console output](https://lcgapp-services.cern.ch/root-jenkins/job/root-pullrequests-build/183761/console).; ### Failing tests:; - [projectroot.test.test_stressgraphics_interpreted](https://lcgapp-services.cern.ch/root-jenkins/job/root-pullrequests-build/183761/testReport/projectroot/test/test_stressgraphics_interpreted/); - [projectroot.bindings.pyroot.pythonizations.test.pyunittests_pyroot_pyz_sofie_gnn](https://lcgapp-services.cern.ch/root-jenkins/job/root-pullrequests-build/183761/testReport/projectroot.bindings.pyroot.pythonizations/test/pyunittests_pyroot_pyz_sofie_gnn/); - [projectroot.tmva.pymva.test.gtest_tmva_pymva_test_TestRModelParserPyTorch](https://lcgapp-services.cern.ch/root-jenkins/job/root-pullrequests-build/183761/testReport/projectroot.tmva.pymva/test/gtest_tmva_pymva_test_TestRModelParserPyTorch/),MatchSource.ISSUE_COMMENT,root-project,root,v6-32-06,https://github.com/root-project/root/pull/11208#issuecomment-1701218716:263,test,tests,263,https://root.cern,https://github.com/root-project/root/pull/11208#issuecomment-1701218716,10,['test'],"['test', 'testReport', 'tests']"
Testability,Build failed on ROOT-ubuntu2204/nortcxxmod.; Running on root-ubuntu-2204-1.cern.ch:/home/sftnight/build/workspace/root-pullrequests-build; [See console output](https://lcgapp-services.cern.ch/root-jenkins/job/root-pullrequests-build/183775/console).; ### Failing tests:; - [projectroot.test.test_stressgraphics_interpreted](https://lcgapp-services.cern.ch/root-jenkins/job/root-pullrequests-build/183775/testReport/projectroot/test/test_stressgraphics_interpreted/); - [projectroot.tmva.pymva.test.gtest_tmva_pymva_test_TestRModelParserPyTorch](https://lcgapp-services.cern.ch/root-jenkins/job/root-pullrequests-build/183775/testReport/projectroot.tmva.pymva/test/gtest_tmva_pymva_test_TestRModelParserPyTorch/),MatchSource.ISSUE_COMMENT,root-project,root,v6-32-06,https://github.com/root-project/root/pull/13580#issuecomment-1702050616:263,test,tests,263,https://root.cern,https://github.com/root-project/root/pull/13580#issuecomment-1702050616,7,['test'],"['test', 'testReport', 'tests']"
Testability,Build failed on ROOT-ubuntu2204/nortcxxmod.; Running on root-ubuntu-2204-1.cern.ch:/home/sftnight/build/workspace/root-pullrequests-build; [See console output](https://lcgapp-services.cern.ch/root-jenkins/job/root-pullrequests-build/183781/console).; ### Failing tests:; - [projectroot.test.test_stressgraphics_interpreted](https://lcgapp-services.cern.ch/root-jenkins/job/root-pullrequests-build/183781/testReport/projectroot/test/test_stressgraphics_interpreted/); - [projectroot.tmva.pymva.test.gtest_tmva_pymva_test_TestRModelParserPyTorch](https://lcgapp-services.cern.ch/root-jenkins/job/root-pullrequests-build/183781/testReport/projectroot.tmva.pymva/test/gtest_tmva_pymva_test_TestRModelParserPyTorch/),MatchSource.ISSUE_COMMENT,root-project,root,v6-32-06,https://github.com/root-project/root/pull/13578#issuecomment-1702343969:263,test,tests,263,https://root.cern,https://github.com/root-project/root/pull/13578#issuecomment-1702343969,7,['test'],"['test', 'testReport', 'tests']"
Testability,Build failed on ROOT-ubuntu2204/nortcxxmod.; Running on root-ubuntu-2204-1.cern.ch:/home/sftnight/build/workspace/root-pullrequests-build; [See console output](https://lcgapp-services.cern.ch/root-jenkins/job/root-pullrequests-build/183786/console).; ### Failing tests:; - [projectroot.tmva.pymva.test.gtest_tmva_pymva_test_TestRModelParserPyTorch](https://lcgapp-services.cern.ch/root-jenkins/job/root-pullrequests-build/183786/testReport/projectroot.tmva.pymva/test/gtest_tmva_pymva_test_TestRModelParserPyTorch/); - [projectroot.test.test_stressgraphics_interpreted](https://lcgapp-services.cern.ch/root-jenkins/job/root-pullrequests-build/183786/testReport/projectroot/test/test_stressgraphics_interpreted/),MatchSource.ISSUE_COMMENT,root-project,root,v6-32-06,https://github.com/root-project/root/pull/11208#issuecomment-1702382087:263,test,tests,263,https://root.cern,https://github.com/root-project/root/pull/11208#issuecomment-1702382087,7,['test'],"['test', 'testReport', 'tests']"
Testability,Build failed on ROOT-ubuntu2204/nortcxxmod.; Running on root-ubuntu-2204-1.cern.ch:/home/sftnight/build/workspace/root-pullrequests-build; [See console output](https://lcgapp-services.cern.ch/root-jenkins/job/root-pullrequests-build/183788/console).; ### Failing tests:; - [projectroot.tmva.pymva.test.gtest_tmva_pymva_test_TestRModelParserPyTorch](https://lcgapp-services.cern.ch/root-jenkins/job/root-pullrequests-build/183788/testReport/projectroot.tmva.pymva/test/gtest_tmva_pymva_test_TestRModelParserPyTorch/); - [projectroot.test.test_stressgraphics_interpreted](https://lcgapp-services.cern.ch/root-jenkins/job/root-pullrequests-build/183788/testReport/projectroot/test/test_stressgraphics_interpreted/),MatchSource.ISSUE_COMMENT,root-project,root,v6-32-06,https://github.com/root-project/root/pull/13581#issuecomment-1702458271:263,test,tests,263,https://root.cern,https://github.com/root-project/root/pull/13581#issuecomment-1702458271,7,['test'],"['test', 'testReport', 'tests']"
Testability,Build failed on ROOT-ubuntu2204/nortcxxmod.; Running on root-ubuntu-2204-1.cern.ch:/home/sftnight/build/workspace/root-pullrequests-build; [See console output](https://lcgapp-services.cern.ch/root-jenkins/job/root-pullrequests-build/183794/console).; ### Failing tests:; - [projectroot.test.test_stressgraphics_interpreted](https://lcgapp-services.cern.ch/root-jenkins/job/root-pullrequests-build/183794/testReport/projectroot/test/test_stressgraphics_interpreted/); - [projectroot.tmva.pymva.test.gtest_tmva_pymva_test_TestRModelParserPyTorch](https://lcgapp-services.cern.ch/root-jenkins/job/root-pullrequests-build/183794/testReport/projectroot.tmva.pymva/test/gtest_tmva_pymva_test_TestRModelParserPyTorch/),MatchSource.ISSUE_COMMENT,root-project,root,v6-32-06,https://github.com/root-project/root/pull/11256#issuecomment-1702558857:263,test,tests,263,https://root.cern,https://github.com/root-project/root/pull/11256#issuecomment-1702558857,7,['test'],"['test', 'testReport', 'tests']"
Testability,Build failed on ROOT-ubuntu2204/nortcxxmod.; Running on root-ubuntu-2204-1.cern.ch:/home/sftnight/build/workspace/root-pullrequests-build; [See console output](https://lcgapp-services.cern.ch/root-jenkins/job/root-pullrequests-build/183800/console).; ### Failing tests:; - [projectroot.runtutorials.tutorial_tmva_TMVA_SOFIE_PyTorch](https://lcgapp-services.cern.ch/root-jenkins/job/root-pullrequests-build/183800/testReport/projectroot/runtutorials/tutorial_tmva_TMVA_SOFIE_PyTorch/); - [projectroot.runtutorials.tutorial_tmva_TMVA_SOFIE_Models_py](https://lcgapp-services.cern.ch/root-jenkins/job/root-pullrequests-build/183800/testReport/projectroot/runtutorials/tutorial_tmva_TMVA_SOFIE_Models_py/); - [projectroot.tmva.pymva.test.gtest_tmva_pymva_test_TestRModelParserPyTorch](https://lcgapp-services.cern.ch/root-jenkins/job/root-pullrequests-build/183800/testReport/projectroot.tmva.pymva/test/gtest_tmva_pymva_test_TestRModelParserPyTorch/),MatchSource.ISSUE_COMMENT,root-project,root,v6-32-06,https://github.com/root-project/root/pull/13583#issuecomment-1702613306:263,test,tests,263,https://root.cern,https://github.com/root-project/root/pull/13583#issuecomment-1702613306,6,['test'],"['test', 'testReport', 'tests']"
Testability,Build failed on ROOT-ubuntu2204/nortcxxmod.; Running on root-ubuntu-2204-1.cern.ch:/home/sftnight/build/workspace/root-pullrequests-build; [See console output](https://lcgapp-services.cern.ch/root-jenkins/job/root-pullrequests-build/183842/console).; ### Failing tests:; - [projectroot.test.test_stressgraphics_interpreted](https://lcgapp-services.cern.ch/root-jenkins/job/root-pullrequests-build/183842/testReport/projectroot/test/test_stressgraphics_interpreted/); - [projectroot.tmva.pymva.test.gtest_tmva_pymva_test_TestRModelParserPyTorch](https://lcgapp-services.cern.ch/root-jenkins/job/root-pullrequests-build/183842/testReport/projectroot.tmva.pymva/test/gtest_tmva_pymva_test_TestRModelParserPyTorch/),MatchSource.ISSUE_COMMENT,root-project,root,v6-32-06,https://github.com/root-project/root/pull/13580#issuecomment-1702742782:263,test,tests,263,https://root.cern,https://github.com/root-project/root/pull/13580#issuecomment-1702742782,7,['test'],"['test', 'testReport', 'tests']"
Testability,Build failed on ROOT-ubuntu2204/nortcxxmod.; Running on root-ubuntu-2204-1.cern.ch:/home/sftnight/build/workspace/root-pullrequests-build; [See console output](https://lcgapp-services.cern.ch/root-jenkins/job/root-pullrequests-build/183861/console).; ### Failing tests:; - [projectroot.tmva.pymva.test.gtest_tmva_pymva_test_TestRModelParserPyTorch](https://lcgapp-services.cern.ch/root-jenkins/job/root-pullrequests-build/183861/testReport/projectroot.tmva.pymva/test/gtest_tmva_pymva_test_TestRModelParserPyTorch/); - [projectroot.test.test_stressgraphics_interpreted](https://lcgapp-services.cern.ch/root-jenkins/job/root-pullrequests-build/183861/testReport/projectroot/test/test_stressgraphics_interpreted/),MatchSource.ISSUE_COMMENT,root-project,root,v6-32-06,https://github.com/root-project/root/pull/13585#issuecomment-1702822869:263,test,tests,263,https://root.cern,https://github.com/root-project/root/pull/13585#issuecomment-1702822869,7,['test'],"['test', 'testReport', 'tests']"
Testability,Build failed on ROOT-ubuntu2204/nortcxxmod.; Running on root-ubuntu-2204-1.cern.ch:/home/sftnight/build/workspace/root-pullrequests-build; [See console output](https://lcgapp-services.cern.ch/root-jenkins/job/root-pullrequests-build/183867/console).; ### Failing tests:; - [projectroot.tmva.pymva.test.gtest_tmva_pymva_test_TestRModelParserPyTorch](https://lcgapp-services.cern.ch/root-jenkins/job/root-pullrequests-build/183867/testReport/projectroot.tmva.pymva/test/gtest_tmva_pymva_test_TestRModelParserPyTorch/),MatchSource.ISSUE_COMMENT,root-project,root,v6-32-06,https://github.com/root-project/root/pull/11208#issuecomment-1702961264:263,test,tests,263,https://root.cern,https://github.com/root-project/root/pull/11208#issuecomment-1702961264,4,['test'],"['test', 'testReport', 'tests']"
Testability,Build failed on ROOT-ubuntu2204/nortcxxmod.; Running on root-ubuntu-2204-1.cern.ch:/home/sftnight/build/workspace/root-pullrequests-build; [See console output](https://lcgapp-services.cern.ch/root-jenkins/job/root-pullrequests-build/183873/console).; ### Failing tests:; - [projectroot.tmva.pymva.test.gtest_tmva_pymva_test_TestRModelParserPyTorch](https://lcgapp-services.cern.ch/root-jenkins/job/root-pullrequests-build/183873/testReport/projectroot.tmva.pymva/test/gtest_tmva_pymva_test_TestRModelParserPyTorch/),MatchSource.ISSUE_COMMENT,root-project,root,v6-32-06,https://github.com/root-project/root/pull/13587#issuecomment-1703072053:263,test,tests,263,https://root.cern,https://github.com/root-project/root/pull/13587#issuecomment-1703072053,4,['test'],"['test', 'testReport', 'tests']"
Testability,Build failed on ROOT-ubuntu2204/nortcxxmod.; Running on root-ubuntu-2204-1.cern.ch:/home/sftnight/build/workspace/root-pullrequests-build; [See console output](https://lcgapp-services.cern.ch/root-jenkins/job/root-pullrequests-build/183879/console).; ### Failing tests:; - [projectroot.tmva.pymva.test.gtest_tmva_pymva_test_TestRModelParserPyTorch](https://lcgapp-services.cern.ch/root-jenkins/job/root-pullrequests-build/183879/testReport/projectroot.tmva.pymva/test/gtest_tmva_pymva_test_TestRModelParserPyTorch/),MatchSource.ISSUE_COMMENT,root-project,root,v6-32-06,https://github.com/root-project/root/pull/13586#issuecomment-1703114551:263,test,tests,263,https://root.cern,https://github.com/root-project/root/pull/13586#issuecomment-1703114551,4,['test'],"['test', 'testReport', 'tests']"
Testability,Build failed on ROOT-ubuntu2204/nortcxxmod.; Running on root-ubuntu-2204-1.cern.ch:/home/sftnight/build/workspace/root-pullrequests-build; [See console output](https://lcgapp-services.cern.ch/root-jenkins/job/root-pullrequests-build/183885/console).; ### Failing tests:; - [projectroot.tmva.pymva.test.gtest_tmva_pymva_test_TestRModelParserPyTorch](https://lcgapp-services.cern.ch/root-jenkins/job/root-pullrequests-build/183885/testReport/projectroot.tmva.pymva/test/gtest_tmva_pymva_test_TestRModelParserPyTorch/),MatchSource.ISSUE_COMMENT,root-project,root,v6-32-06,https://github.com/root-project/root/pull/13589#issuecomment-1703939545:263,test,tests,263,https://root.cern,https://github.com/root-project/root/pull/13589#issuecomment-1703939545,4,['test'],"['test', 'testReport', 'tests']"
Testability,Build failed on ROOT-ubuntu2204/nortcxxmod.; Running on root-ubuntu-2204-1.cern.ch:/home/sftnight/build/workspace/root-pullrequests-build; [See console output](https://lcgapp-services.cern.ch/root-jenkins/job/root-pullrequests-build/183897/console).; ### Failing tests:; - [projectroot.tmva.pymva.test.gtest_tmva_pymva_test_TestRModelParserPyTorch](https://lcgapp-services.cern.ch/root-jenkins/job/root-pullrequests-build/183897/testReport/projectroot.tmva.pymva/test/gtest_tmva_pymva_test_TestRModelParserPyTorch/),MatchSource.ISSUE_COMMENT,root-project,root,v6-32-06,https://github.com/root-project/root/pull/13541#issuecomment-1704444185:263,test,tests,263,https://root.cern,https://github.com/root-project/root/pull/13541#issuecomment-1704444185,4,['test'],"['test', 'testReport', 'tests']"
Testability,Build failed on ROOT-ubuntu2204/nortcxxmod.; Running on root-ubuntu-2204-1.cern.ch:/home/sftnight/build/workspace/root-pullrequests-build; [See console output](https://lcgapp-services.cern.ch/root-jenkins/job/root-pullrequests-build/183903/console).; ### Failing tests:; - [projectroot.runtutorials.tutorial_tmva_TMVA_SOFIE_PyTorch](https://lcgapp-services.cern.ch/root-jenkins/job/root-pullrequests-build/183903/testReport/projectroot/runtutorials/tutorial_tmva_TMVA_SOFIE_PyTorch/); - [projectroot.runtutorials.tutorial_tmva_TMVA_SOFIE_Models_py](https://lcgapp-services.cern.ch/root-jenkins/job/root-pullrequests-build/183903/testReport/projectroot/runtutorials/tutorial_tmva_TMVA_SOFIE_Models_py/); - [projectroot.tmva.pymva.test.gtest_tmva_pymva_test_TestRModelParserPyTorch](https://lcgapp-services.cern.ch/root-jenkins/job/root-pullrequests-build/183903/testReport/projectroot.tmva.pymva/test/gtest_tmva_pymva_test_TestRModelParserPyTorch/),MatchSource.ISSUE_COMMENT,root-project,root,v6-32-06,https://github.com/root-project/root/pull/13302#issuecomment-1704892821:263,test,tests,263,https://root.cern,https://github.com/root-project/root/pull/13302#issuecomment-1704892821,6,['test'],"['test', 'testReport', 'tests']"
Testability,Build failed on ROOT-ubuntu2204/nortcxxmod.; Running on root-ubuntu-2204-1.cern.ch:/home/sftnight/build/workspace/root-pullrequests-build; [See console output](https://lcgapp-services.cern.ch/root-jenkins/job/root-pullrequests-build/183921/console).; ### Failing tests:; - [projectroot.tmva.pymva.test.gtest_tmva_pymva_test_TestRModelParserPyTorch](https://lcgapp-services.cern.ch/root-jenkins/job/root-pullrequests-build/183921/testReport/projectroot.tmva.pymva/test/gtest_tmva_pymva_test_TestRModelParserPyTorch/),MatchSource.ISSUE_COMMENT,root-project,root,v6-32-06,https://github.com/root-project/root/pull/13273#issuecomment-1705071431:263,test,tests,263,https://root.cern,https://github.com/root-project/root/pull/13273#issuecomment-1705071431,4,['test'],"['test', 'testReport', 'tests']"
Testability,Build failed on ROOT-ubuntu2204/nortcxxmod.; Running on root-ubuntu-2204-1.cern.ch:/home/sftnight/build/workspace/root-pullrequests-build; [See console output](https://lcgapp-services.cern.ch/root-jenkins/job/root-pullrequests-build/183927/console).; ### Failing tests:; - [projectroot.roottest.root.meta.roottest_root_meta_execTypedefList_auto](https://lcgapp-services.cern.ch/root-jenkins/job/root-pullrequests-build/183927/testReport/projectroot.roottest.root/meta/roottest_root_meta_execTypedefList_auto/); - [projectroot.roottest.root.io.compression.roottest_root_io_compression_make](https://lcgapp-services.cern.ch/root-jenkins/job/root-pullrequests-build/183927/testReport/projectroot.roottest.root.io/compression/roottest_root_io_compression_make/); - [projectroot.tmva.pymva.test.gtest_tmva_pymva_test_TestRModelParserPyTorch](https://lcgapp-services.cern.ch/root-jenkins/job/root-pullrequests-build/183927/testReport/projectroot.tmva.pymva/test/gtest_tmva_pymva_test_TestRModelParserPyTorch/),MatchSource.ISSUE_COMMENT,root-project,root,v6-32-06,https://github.com/root-project/root/pull/13571#issuecomment-1705153529:263,test,tests,263,https://root.cern,https://github.com/root-project/root/pull/13571#issuecomment-1705153529,6,['test'],"['test', 'testReport', 'tests']"
Testability,Build failed on ROOT-ubuntu2204/nortcxxmod.; Running on root-ubuntu-2204-1.cern.ch:/home/sftnight/build/workspace/root-pullrequests-build; [See console output](https://lcgapp-services.cern.ch/root-jenkins/job/root-pullrequests-build/183957/console).; ### Failing tests:; - [projectroot.bindings.pyroot.pythonizations.test.pyunittests_pyroot_roofit_rooabspdf_fitto](https://lcgapp-services.cern.ch/root-jenkins/job/root-pullrequests-build/183957/testReport/projectroot.bindings.pyroot.pythonizations/test/pyunittests_pyroot_roofit_rooabspdf_fitto/); - [projectroot.tmva.pymva.test.gtest_tmva_pymva_test_TestRModelParserPyTorch](https://lcgapp-services.cern.ch/root-jenkins/job/root-pullrequests-build/183957/testReport/projectroot.tmva.pymva/test/gtest_tmva_pymva_test_TestRModelParserPyTorch/),MatchSource.ISSUE_COMMENT,root-project,root,v6-32-06,https://github.com/root-project/root/pull/13594#issuecomment-1705285076:263,test,tests,263,https://root.cern,https://github.com/root-project/root/pull/13594#issuecomment-1705285076,7,['test'],"['test', 'testReport', 'tests']"
Testability,Build failed on ROOT-ubuntu2204/nortcxxmod.; Running on root-ubuntu-2204-1.cern.ch:/home/sftnight/build/workspace/root-pullrequests-build; [See console output](https://lcgapp-services.cern.ch/root-jenkins/job/root-pullrequests-build/183972/console).; ### Failing tests:; - [projectroot.tmva.pymva.test.gtest_tmva_pymva_test_TestRModelParserPyTorch](https://lcgapp-services.cern.ch/root-jenkins/job/root-pullrequests-build/183972/testReport/projectroot.tmva.pymva/test/gtest_tmva_pymva_test_TestRModelParserPyTorch/),MatchSource.ISSUE_COMMENT,root-project,root,v6-32-06,https://github.com/root-project/root/pull/13595#issuecomment-1705348056:263,test,tests,263,https://root.cern,https://github.com/root-project/root/pull/13595#issuecomment-1705348056,4,['test'],"['test', 'testReport', 'tests']"
Testability,Build failed on ROOT-ubuntu2204/nortcxxmod.; Running on root-ubuntu-2204-1.cern.ch:/home/sftnight/build/workspace/root-pullrequests-build; [See console output](https://lcgapp-services.cern.ch/root-jenkins/job/root-pullrequests-build/183984/console).; ### Failing tests:; - [projectroot.tmva.pymva.test.gtest_tmva_pymva_test_TestRModelParserPyTorch](https://lcgapp-services.cern.ch/root-jenkins/job/root-pullrequests-build/183984/testReport/projectroot.tmva.pymva/test/gtest_tmva_pymva_test_TestRModelParserPyTorch/),MatchSource.ISSUE_COMMENT,root-project,root,v6-32-06,https://github.com/root-project/root/pull/13586#issuecomment-1705388612:263,test,tests,263,https://root.cern,https://github.com/root-project/root/pull/13586#issuecomment-1705388612,4,['test'],"['test', 'testReport', 'tests']"
Testability,Build failed on ROOT-ubuntu2204/nortcxxmod.; Running on root-ubuntu-2204-1.cern.ch:/home/sftnight/build/workspace/root-pullrequests-build; [See console output](https://lcgapp-services.cern.ch/root-jenkins/job/root-pullrequests-build/184023/console).; ### Failing tests:; - [projectroot.tmva.pymva.test.gtest_tmva_pymva_test_TestRModelParserPyTorch](https://lcgapp-services.cern.ch/root-jenkins/job/root-pullrequests-build/184023/testReport/projectroot.tmva.pymva/test/gtest_tmva_pymva_test_TestRModelParserPyTorch/),MatchSource.ISSUE_COMMENT,root-project,root,v6-32-06,https://github.com/root-project/root/pull/13589#issuecomment-1705705274:263,test,tests,263,https://root.cern,https://github.com/root-project/root/pull/13589#issuecomment-1705705274,4,['test'],"['test', 'testReport', 'tests']"
Testability,Build failed on ROOT-ubuntu2204/nortcxxmod.; Running on root-ubuntu-2204-1.cern.ch:/home/sftnight/build/workspace/root-pullrequests-build; [See console output](https://lcgapp-services.cern.ch/root-jenkins/job/root-pullrequests-build/184053/console).; ### Failing tests:; - [projectroot.tmva.pymva.test.gtest_tmva_pymva_test_TestRModelParserPyTorch](https://lcgapp-services.cern.ch/root-jenkins/job/root-pullrequests-build/184053/testReport/projectroot.tmva.pymva/test/gtest_tmva_pymva_test_TestRModelParserPyTorch/),MatchSource.ISSUE_COMMENT,root-project,root,v6-32-06,https://github.com/root-project/root/pull/13601#issuecomment-1706285458:263,test,tests,263,https://root.cern,https://github.com/root-project/root/pull/13601#issuecomment-1706285458,4,['test'],"['test', 'testReport', 'tests']"
Testability,Build failed on ROOT-ubuntu2204/nortcxxmod.; Running on root-ubuntu-2204-1.cern.ch:/home/sftnight/build/workspace/root-pullrequests-build; [See console output](https://lcgapp-services.cern.ch/root-jenkins/job/root-pullrequests-build/184071/console).; ### Failing tests:; - [projectroot.tmva.pymva.test.gtest_tmva_pymva_test_TestRModelParserPyTorch](https://lcgapp-services.cern.ch/root-jenkins/job/root-pullrequests-build/184071/testReport/projectroot.tmva.pymva/test/gtest_tmva_pymva_test_TestRModelParserPyTorch/),MatchSource.ISSUE_COMMENT,root-project,root,v6-32-06,https://github.com/root-project/root/pull/13590#issuecomment-1706325838:263,test,tests,263,https://root.cern,https://github.com/root-project/root/pull/13590#issuecomment-1706325838,4,['test'],"['test', 'testReport', 'tests']"
Testability,Build failed on ROOT-ubuntu2204/nortcxxmod.; Running on root-ubuntu-2204-1.cern.ch:/home/sftnight/build/workspace/root-pullrequests-build; [See console output](https://lcgapp-services.cern.ch/root-jenkins/job/root-pullrequests-build/184113/console).; ### Failing tests:; - [projectroot.tmva.pymva.test.gtest_tmva_pymva_test_TestRModelParserPyTorch](https://lcgapp-services.cern.ch/root-jenkins/job/root-pullrequests-build/184113/testReport/projectroot.tmva.pymva/test/gtest_tmva_pymva_test_TestRModelParserPyTorch/),MatchSource.ISSUE_COMMENT,root-project,root,v6-32-06,https://github.com/root-project/root/pull/13604#issuecomment-1706579450:263,test,tests,263,https://root.cern,https://github.com/root-project/root/pull/13604#issuecomment-1706579450,4,['test'],"['test', 'testReport', 'tests']"
Testability,Build failed on ROOT-ubuntu2204/nortcxxmod.; Running on root-ubuntu-2204-1.cern.ch:/home/sftnight/build/workspace/root-pullrequests-build; [See console output](https://lcgapp-services.cern.ch/root-jenkins/job/root-pullrequests-build/184119/console).; ### Failing tests:; - [projectroot.tmva.pymva.test.gtest_tmva_pymva_test_TestRModelParserPyTorch](https://lcgapp-services.cern.ch/root-jenkins/job/root-pullrequests-build/184119/testReport/projectroot.tmva.pymva/test/gtest_tmva_pymva_test_TestRModelParserPyTorch/),MatchSource.ISSUE_COMMENT,root-project,root,v6-32-06,https://github.com/root-project/root/pull/13520#issuecomment-1706764452:263,test,tests,263,https://root.cern,https://github.com/root-project/root/pull/13520#issuecomment-1706764452,4,['test'],"['test', 'testReport', 'tests']"
Testability,Build failed on ROOT-ubuntu2204/nortcxxmod.; Running on root-ubuntu-2204-1.cern.ch:/home/sftnight/build/workspace/root-pullrequests-build; [See console output](https://lcgapp-services.cern.ch/root-jenkins/job/root-pullrequests-build/184125/console).; ### Failing tests:; - [projectroot.bindings.pyroot.pythonizations.test.pyunittests_pyroot_pyz_sofie_gnn](https://lcgapp-services.cern.ch/root-jenkins/job/root-pullrequests-build/184125/testReport/projectroot.bindings.pyroot.pythonizations/test/pyunittests_pyroot_pyz_sofie_gnn/); - [projectroot.tmva.pymva.test.gtest_tmva_pymva_test_TestRModelParserPyTorch](https://lcgapp-services.cern.ch/root-jenkins/job/root-pullrequests-build/184125/testReport/projectroot.tmva.pymva/test/gtest_tmva_pymva_test_TestRModelParserPyTorch/),MatchSource.ISSUE_COMMENT,root-project,root,v6-32-06,https://github.com/root-project/root/pull/12945#issuecomment-1706869125:263,test,tests,263,https://root.cern,https://github.com/root-project/root/pull/12945#issuecomment-1706869125,7,['test'],"['test', 'testReport', 'tests']"
Testability,Build failed on ROOT-ubuntu2204/nortcxxmod.; Running on root-ubuntu-2204-1.cern.ch:/home/sftnight/build/workspace/root-pullrequests-build; [See console output](https://lcgapp-services.cern.ch/root-jenkins/job/root-pullrequests-build/184137/console).; ### Failing tests:; - [projectroot.tmva.pymva.test.gtest_tmva_pymva_test_TestRModelParserPyTorch](https://lcgapp-services.cern.ch/root-jenkins/job/root-pullrequests-build/184137/testReport/projectroot.tmva.pymva/test/gtest_tmva_pymva_test_TestRModelParserPyTorch/),MatchSource.ISSUE_COMMENT,root-project,root,v6-32-06,https://github.com/root-project/root/pull/13273#issuecomment-1706945296:263,test,tests,263,https://root.cern,https://github.com/root-project/root/pull/13273#issuecomment-1706945296,4,['test'],"['test', 'testReport', 'tests']"
Testability,Build failed on ROOT-ubuntu2204/nortcxxmod.; Running on root-ubuntu-2204-1.cern.ch:/home/sftnight/build/workspace/root-pullrequests-build; [See console output](https://lcgapp-services.cern.ch/root-jenkins/job/root-pullrequests-build/184143/console).; ### Failing tests:; - [projectroot.tmva.pymva.test.gtest_tmva_pymva_test_TestRModelParserPyTorch](https://lcgapp-services.cern.ch/root-jenkins/job/root-pullrequests-build/184143/testReport/projectroot.tmva.pymva/test/gtest_tmva_pymva_test_TestRModelParserPyTorch/),MatchSource.ISSUE_COMMENT,root-project,root,v6-32-06,https://github.com/root-project/root/pull/13606#issuecomment-1707007568:263,test,tests,263,https://root.cern,https://github.com/root-project/root/pull/13606#issuecomment-1707007568,4,['test'],"['test', 'testReport', 'tests']"
Testability,Build failed on ROOT-ubuntu2204/nortcxxmod.; Running on root-ubuntu-2204-1.cern.ch:/home/sftnight/build/workspace/root-pullrequests-build; [See console output](https://lcgapp-services.cern.ch/root-jenkins/job/root-pullrequests-build/184149/console).; ### Failing tests:; - [projectroot.tmva.pymva.test.gtest_tmva_pymva_test_TestRModelParserPyTorch](https://lcgapp-services.cern.ch/root-jenkins/job/root-pullrequests-build/184149/testReport/projectroot.tmva.pymva/test/gtest_tmva_pymva_test_TestRModelParserPyTorch/),MatchSource.ISSUE_COMMENT,root-project,root,v6-32-06,https://github.com/root-project/root/pull/13608#issuecomment-1707267476:263,test,tests,263,https://root.cern,https://github.com/root-project/root/pull/13608#issuecomment-1707267476,4,['test'],"['test', 'testReport', 'tests']"
Testability,Build failed on ROOT-ubuntu2204/nortcxxmod.; Running on root-ubuntu-2204-1.cern.ch:/home/sftnight/build/workspace/root-pullrequests-build; [See console output](https://lcgapp-services.cern.ch/root-jenkins/job/root-pullrequests-build/184167/console).; ### Failing tests:; - [projectroot.tmva.pymva.test.gtest_tmva_pymva_test_TestRModelParserPyTorch](https://lcgapp-services.cern.ch/root-jenkins/job/root-pullrequests-build/184167/testReport/projectroot.tmva.pymva/test/gtest_tmva_pymva_test_TestRModelParserPyTorch/),MatchSource.ISSUE_COMMENT,root-project,root,v6-32-06,https://github.com/root-project/root/pull/13546#issuecomment-1707334864:263,test,tests,263,https://root.cern,https://github.com/root-project/root/pull/13546#issuecomment-1707334864,4,['test'],"['test', 'testReport', 'tests']"
Testability,Build failed on ROOT-ubuntu2204/nortcxxmod.; Running on root-ubuntu-2204-1.cern.ch:/home/sftnight/build/workspace/root-pullrequests-build; [See console output](https://lcgapp-services.cern.ch/root-jenkins/job/root-pullrequests-build/184173/console).; ### Failing tests:; - [projectroot.tmva.pymva.test.gtest_tmva_pymva_test_TestRModelParserPyTorch](https://lcgapp-services.cern.ch/root-jenkins/job/root-pullrequests-build/184173/testReport/projectroot.tmva.pymva/test/gtest_tmva_pymva_test_TestRModelParserPyTorch/),MatchSource.ISSUE_COMMENT,root-project,root,v6-32-06,https://github.com/root-project/root/pull/13609#issuecomment-1707393816:263,test,tests,263,https://root.cern,https://github.com/root-project/root/pull/13609#issuecomment-1707393816,4,['test'],"['test', 'testReport', 'tests']"
Testability,Build failed on ROOT-ubuntu2204/nortcxxmod.; Running on root-ubuntu-2204-1.cern.ch:/home/sftnight/build/workspace/root-pullrequests-build; [See console output](https://lcgapp-services.cern.ch/root-jenkins/job/root-pullrequests-build/184185/console).; ### Failing tests:; - [projectroot.tmva.pymva.test.gtest_tmva_pymva_test_TestRModelParserPyTorch](https://lcgapp-services.cern.ch/root-jenkins/job/root-pullrequests-build/184185/testReport/projectroot.tmva.pymva/test/gtest_tmva_pymva_test_TestRModelParserPyTorch/),MatchSource.ISSUE_COMMENT,root-project,root,v6-32-06,https://github.com/root-project/root/pull/13612#issuecomment-1707485467:263,test,tests,263,https://root.cern,https://github.com/root-project/root/pull/13612#issuecomment-1707485467,4,['test'],"['test', 'testReport', 'tests']"
Testability,Build failed on ROOT-ubuntu2204/nortcxxmod.; Running on root-ubuntu-2204-1.cern.ch:/home/sftnight/build/workspace/root-pullrequests-build; [See console output](https://lcgapp-services.cern.ch/root-jenkins/job/root-pullrequests-build/184197/console).; ### Failing tests:; - [projectroot.runtutorials.tutorial_tmva_TMVA_SOFIE_PyTorch](https://lcgapp-services.cern.ch/root-jenkins/job/root-pullrequests-build/184197/testReport/projectroot/runtutorials/tutorial_tmva_TMVA_SOFIE_PyTorch/); - [projectroot.runtutorials.tutorial_tmva_TMVA_SOFIE_Models_py](https://lcgapp-services.cern.ch/root-jenkins/job/root-pullrequests-build/184197/testReport/projectroot/runtutorials/tutorial_tmva_TMVA_SOFIE_Models_py/); - [projectroot.tmva.pymva.test.gtest_tmva_pymva_test_TestRModelParserPyTorch](https://lcgapp-services.cern.ch/root-jenkins/job/root-pullrequests-build/184197/testReport/projectroot.tmva.pymva/test/gtest_tmva_pymva_test_TestRModelParserPyTorch/),MatchSource.ISSUE_COMMENT,root-project,root,v6-32-06,https://github.com/root-project/root/pull/13521#issuecomment-1707767870:263,test,tests,263,https://root.cern,https://github.com/root-project/root/pull/13521#issuecomment-1707767870,6,['test'],"['test', 'testReport', 'tests']"
Testability,Build failed on ROOT-ubuntu2204/nortcxxmod.; Running on root-ubuntu-2204-1.cern.ch:/home/sftnight/build/workspace/root-pullrequests-build; [See console output](https://lcgapp-services.cern.ch/root-jenkins/job/root-pullrequests-build/184209/console).; ### Failing tests:; - [projectroot.tmva.pymva.test.gtest_tmva_pymva_test_TestRModelParserPyTorch](https://lcgapp-services.cern.ch/root-jenkins/job/root-pullrequests-build/184209/testReport/projectroot.tmva.pymva/test/gtest_tmva_pymva_test_TestRModelParserPyTorch/); - [projectroot.tmva.pymva.test.PyMVA_Keras_Regression](https://lcgapp-services.cern.ch/root-jenkins/job/root-pullrequests-build/184209/testReport/projectroot.tmva.pymva/test/PyMVA_Keras_Regression/),MatchSource.ISSUE_COMMENT,root-project,root,v6-32-06,https://github.com/root-project/root/pull/13613#issuecomment-1707820301:263,test,tests,263,https://root.cern,https://github.com/root-project/root/pull/13613#issuecomment-1707820301,7,['test'],"['test', 'testReport', 'tests']"
Testability,Build failed on ROOT-ubuntu2204/nortcxxmod.; Running on root-ubuntu-2204-1.cern.ch:/home/sftnight/build/workspace/root-pullrequests-build; [See console output](https://lcgapp-services.cern.ch/root-jenkins/job/root-pullrequests-build/184215/console).; ### Failing tests:; - [projectroot.tmva.pymva.test.gtest_tmva_pymva_test_TestRModelParserPyTorch](https://lcgapp-services.cern.ch/root-jenkins/job/root-pullrequests-build/184215/testReport/projectroot.tmva.pymva/test/gtest_tmva_pymva_test_TestRModelParserPyTorch/),MatchSource.ISSUE_COMMENT,root-project,root,v6-32-06,https://github.com/root-project/root/pull/13613#issuecomment-1707863055:263,test,tests,263,https://root.cern,https://github.com/root-project/root/pull/13613#issuecomment-1707863055,4,['test'],"['test', 'testReport', 'tests']"
Testability,Build failed on ROOT-ubuntu2204/nortcxxmod.; Running on root-ubuntu-2204-1.cern.ch:/home/sftnight/build/workspace/root-pullrequests-build; [See console output](https://lcgapp-services.cern.ch/root-jenkins/job/root-pullrequests-build/184227/console).; ### Failing tests:; - [projectroot.tmva.pymva.test.gtest_tmva_pymva_test_TestRModelParserPyTorch](https://lcgapp-services.cern.ch/root-jenkins/job/root-pullrequests-build/184227/testReport/projectroot.tmva.pymva/test/gtest_tmva_pymva_test_TestRModelParserPyTorch/),MatchSource.ISSUE_COMMENT,root-project,root,v6-32-06,https://github.com/root-project/root/pull/13520#issuecomment-1707925987:263,test,tests,263,https://root.cern,https://github.com/root-project/root/pull/13520#issuecomment-1707925987,4,['test'],"['test', 'testReport', 'tests']"
Testability,Build failed on ROOT-ubuntu2204/nortcxxmod.; Running on root-ubuntu-2204-1.cern.ch:/home/sftnight/build/workspace/root-pullrequests-build; [See console output](https://lcgapp-services.cern.ch/root-jenkins/job/root-pullrequests-build/184239/console).; ### Failing tests:; - [projectroot.tmva.pymva.test.gtest_tmva_pymva_test_TestRModelParserPyTorch](https://lcgapp-services.cern.ch/root-jenkins/job/root-pullrequests-build/184239/testReport/projectroot.tmva.pymva/test/gtest_tmva_pymva_test_TestRModelParserPyTorch/),MatchSource.ISSUE_COMMENT,root-project,root,v6-32-06,https://github.com/root-project/root/pull/13596#issuecomment-1707989764:263,test,tests,263,https://root.cern,https://github.com/root-project/root/pull/13596#issuecomment-1707989764,4,['test'],"['test', 'testReport', 'tests']"
Testability,Build failed on ROOT-ubuntu2204/nortcxxmod.; Running on root-ubuntu-2204-1.cern.ch:/home/sftnight/build/workspace/root-pullrequests-build; [See console output](https://lcgapp-services.cern.ch/root-jenkins/job/root-pullrequests-build/184355/console).; ### Failing tests:; - [projectroot.tmva.pymva.test.gtest_tmva_pymva_test_TestRModelParserPyTorch](https://lcgapp-services.cern.ch/root-jenkins/job/root-pullrequests-build/184355/testReport/projectroot.tmva.pymva/test/gtest_tmva_pymva_test_TestRModelParserPyTorch/),MatchSource.ISSUE_COMMENT,root-project,root,v6-32-06,https://github.com/root-project/root/pull/13622#issuecomment-1709940704:263,test,tests,263,https://root.cern,https://github.com/root-project/root/pull/13622#issuecomment-1709940704,4,['test'],"['test', 'testReport', 'tests']"
Testability,Build failed on ROOT-ubuntu2204/nortcxxmod.; Running on root-ubuntu-2204-1.cern.ch:/home/sftnight/build/workspace/root-pullrequests-build; [See console output](https://lcgapp-services.cern.ch/root-jenkins/job/root-pullrequests-build/184398/console).; ### Failing tests:; - [projectroot.runtutorials.tutorial_tmva_TMVA_SOFIE_PyTorch](https://lcgapp-services.cern.ch/root-jenkins/job/root-pullrequests-build/184398/testReport/projectroot/runtutorials/tutorial_tmva_TMVA_SOFIE_PyTorch/); - [projectroot.runtutorials.tutorial_tmva_TMVA_SOFIE_Models_py](https://lcgapp-services.cern.ch/root-jenkins/job/root-pullrequests-build/184398/testReport/projectroot/runtutorials/tutorial_tmva_TMVA_SOFIE_Models_py/); - [projectroot.tmva.pymva.test.gtest_tmva_pymva_test_TestRModelParserPyTorch](https://lcgapp-services.cern.ch/root-jenkins/job/root-pullrequests-build/184398/testReport/projectroot.tmva.pymva/test/gtest_tmva_pymva_test_TestRModelParserPyTorch/),MatchSource.ISSUE_COMMENT,root-project,root,v6-32-06,https://github.com/root-project/root/pull/13625#issuecomment-1710534860:263,test,tests,263,https://root.cern,https://github.com/root-project/root/pull/13625#issuecomment-1710534860,6,['test'],"['test', 'testReport', 'tests']"
Testability,Build failed on ROOT-ubuntu2204/nortcxxmod.; Running on root-ubuntu-2204-1.cern.ch:/home/sftnight/build/workspace/root-pullrequests-build; [See console output](https://lcgapp-services.cern.ch/root-jenkins/job/root-pullrequests-build/184400/console).; ### Failing tests:; - [projectroot.bindings.pyroot.pythonizations.test.pyunittests_pyroot_pyz_pretty_printing](https://lcgapp-services.cern.ch/root-jenkins/job/root-pullrequests-build/184400/testReport/projectroot.bindings.pyroot.pythonizations/test/pyunittests_pyroot_pyz_pretty_printing/); - [projectroot.roottest.root.meta.naming.roottest_root_meta_naming_execParamPack_auto](https://lcgapp-services.cern.ch/root-jenkins/job/root-pullrequests-build/184400/testReport/projectroot.roottest.root.meta/naming/roottest_root_meta_naming_execParamPack_auto/); - [projectroot.tmva.pymva.test.gtest_tmva_pymva_test_TestRModelParserPyTorch](https://lcgapp-services.cern.ch/root-jenkins/job/root-pullrequests-build/184400/testReport/projectroot.tmva.pymva/test/gtest_tmva_pymva_test_TestRModelParserPyTorch/),MatchSource.ISSUE_COMMENT,root-project,root,v6-32-06,https://github.com/root-project/root/pull/13619#issuecomment-1710695275:263,test,tests,263,https://root.cern,https://github.com/root-project/root/pull/13619#issuecomment-1710695275,8,['test'],"['test', 'testReport', 'tests']"
Testability,Build failed on ROOT-ubuntu2204/nortcxxmod.; Running on root-ubuntu-2204-1.cern.ch:/home/sftnight/build/workspace/root-pullrequests-build; [See console output](https://lcgapp-services.cern.ch/root-jenkins/job/root-pullrequests-build/184410/console).; ### Failing tests:; - [projectroot.tmva.pymva.test.gtest_tmva_pymva_test_TestRModelParserPyTorch](https://lcgapp-services.cern.ch/root-jenkins/job/root-pullrequests-build/184410/testReport/projectroot.tmva.pymva/test/gtest_tmva_pymva_test_TestRModelParserPyTorch/),MatchSource.ISSUE_COMMENT,root-project,root,v6-32-06,https://github.com/root-project/root/pull/13621#issuecomment-1710854407:263,test,tests,263,https://root.cern,https://github.com/root-project/root/pull/13621#issuecomment-1710854407,4,['test'],"['test', 'testReport', 'tests']"
Testability,Build failed on ROOT-ubuntu2204/nortcxxmod.; Running on root-ubuntu-2204-1.cern.ch:/home/sftnight/build/workspace/root-pullrequests-build; [See console output](https://lcgapp-services.cern.ch/root-jenkins/job/root-pullrequests-build/184416/console).; ### Failing tests:; - [projectroot.tmva.pymva.test.gtest_tmva_pymva_test_TestRModelParserPyTorch](https://lcgapp-services.cern.ch/root-jenkins/job/root-pullrequests-build/184416/testReport/projectroot.tmva.pymva/test/gtest_tmva_pymva_test_TestRModelParserPyTorch/),MatchSource.ISSUE_COMMENT,root-project,root,v6-32-06,https://github.com/root-project/root/pull/13626#issuecomment-1711402469:263,test,tests,263,https://root.cern,https://github.com/root-project/root/pull/13626#issuecomment-1711402469,4,['test'],"['test', 'testReport', 'tests']"
Testability,Build failed on ROOT-ubuntu2204/nortcxxmod.; Running on root-ubuntu-2204-1.cern.ch:/home/sftnight/build/workspace/root-pullrequests-build; [See console output](https://lcgapp-services.cern.ch/root-jenkins/job/root-pullrequests-build/184434/console).; ### Failing tests:; - [projectroot.tmva.pymva.test.gtest_tmva_pymva_test_TestRModelParserPyTorch](https://lcgapp-services.cern.ch/root-jenkins/job/root-pullrequests-build/184434/testReport/projectroot.tmva.pymva/test/gtest_tmva_pymva_test_TestRModelParserPyTorch/),MatchSource.ISSUE_COMMENT,root-project,root,v6-32-06,https://github.com/root-project/root/pull/13546#issuecomment-1711529349:263,test,tests,263,https://root.cern,https://github.com/root-project/root/pull/13546#issuecomment-1711529349,4,['test'],"['test', 'testReport', 'tests']"
Testability,Build failed on ROOT-ubuntu2204/nortcxxmod.; Running on root-ubuntu-2204-1.cern.ch:/home/sftnight/build/workspace/root-pullrequests-build; [See console output](https://lcgapp-services.cern.ch/root-jenkins/job/root-pullrequests-build/184440/console).; ### Failing tests:; - [projectroot.bindings.pyroot.pythonizations.test.pyunittests_pyroot_pyz_pretty_printing](https://lcgapp-services.cern.ch/root-jenkins/job/root-pullrequests-build/184440/testReport/projectroot.bindings.pyroot.pythonizations/test/pyunittests_pyroot_pyz_pretty_printing/); - [projectroot.roottest.root.meta.naming.roottest_root_meta_naming_execParamPack_auto](https://lcgapp-services.cern.ch/root-jenkins/job/root-pullrequests-build/184440/testReport/projectroot.roottest.root.meta/naming/roottest_root_meta_naming_execParamPack_auto/); - [projectroot.tmva.pymva.test.gtest_tmva_pymva_test_TestRModelParserPyTorch](https://lcgapp-services.cern.ch/root-jenkins/job/root-pullrequests-build/184440/testReport/projectroot.tmva.pymva/test/gtest_tmva_pymva_test_TestRModelParserPyTorch/),MatchSource.ISSUE_COMMENT,root-project,root,v6-32-06,https://github.com/root-project/root/pull/13619#issuecomment-1711558676:263,test,tests,263,https://root.cern,https://github.com/root-project/root/pull/13619#issuecomment-1711558676,8,['test'],"['test', 'testReport', 'tests']"
Testability,Build failed on ROOT-ubuntu2204/nortcxxmod.; Running on root-ubuntu-2204-1.cern.ch:/home/sftnight/build/workspace/root-pullrequests-build; [See console output](https://lcgapp-services.cern.ch/root-jenkins/job/root-pullrequests-build/184464/console).; ### Failing tests:; - [projectroot.roottest.root.io.directory.roottest_root_io_directory_make](https://lcgapp-services.cern.ch/root-jenkins/job/root-pullrequests-build/184464/testReport/projectroot.roottest.root.io/directory/roottest_root_io_directory_make/); - [projectroot.tmva.pymva.test.gtest_tmva_pymva_test_TestRModelParserPyTorch](https://lcgapp-services.cern.ch/root-jenkins/job/root-pullrequests-build/184464/testReport/projectroot.tmva.pymva/test/gtest_tmva_pymva_test_TestRModelParserPyTorch/),MatchSource.ISSUE_COMMENT,root-project,root,v6-32-06,https://github.com/root-project/root/pull/13275#issuecomment-1711812249:263,test,tests,263,https://root.cern,https://github.com/root-project/root/pull/13275#issuecomment-1711812249,5,['test'],"['test', 'testReport', 'tests']"
Testability,Build failed on ROOT-ubuntu2204/nortcxxmod.; Running on root-ubuntu-2204-1.cern.ch:/home/sftnight/build/workspace/root-pullrequests-build; [See console output](https://lcgapp-services.cern.ch/root-jenkins/job/root-pullrequests-build/184476/console).; ### Failing tests:; - [projectroot.tmva.pymva.test.gtest_tmva_pymva_test_TestRModelParserPyTorch](https://lcgapp-services.cern.ch/root-jenkins/job/root-pullrequests-build/184476/testReport/projectroot.tmva.pymva/test/gtest_tmva_pymva_test_TestRModelParserPyTorch/),MatchSource.ISSUE_COMMENT,root-project,root,v6-32-06,https://github.com/root-project/root/pull/13629#issuecomment-1711956149:263,test,tests,263,https://root.cern,https://github.com/root-project/root/pull/13629#issuecomment-1711956149,4,['test'],"['test', 'testReport', 'tests']"
Testability,Build failed on ROOT-ubuntu2204/nortcxxmod.; Running on root-ubuntu-2204-1.cern.ch:/home/sftnight/build/workspace/root-pullrequests-build; [See console output](https://lcgapp-services.cern.ch/root-jenkins/job/root-pullrequests-build/184494/console).; ### Failing tests:; - [projectroot.tmva.pymva.test.gtest_tmva_pymva_test_TestRModelParserPyTorch](https://lcgapp-services.cern.ch/root-jenkins/job/root-pullrequests-build/184494/testReport/projectroot.tmva.pymva/test/gtest_tmva_pymva_test_TestRModelParserPyTorch/),MatchSource.ISSUE_COMMENT,root-project,root,v6-32-06,https://github.com/root-project/root/pull/13275#issuecomment-1712014390:263,test,tests,263,https://root.cern,https://github.com/root-project/root/pull/13275#issuecomment-1712014390,4,['test'],"['test', 'testReport', 'tests']"
Testability,Build failed on ROOT-ubuntu2204/nortcxxmod.; Running on root-ubuntu-2204-1.cern.ch:/home/sftnight/build/workspace/root-pullrequests-build; [See console output](https://lcgapp-services.cern.ch/root-jenkins/job/root-pullrequests-build/184500/console).; ### Failing tests:; - [projectroot.tmva.pymva.test.gtest_tmva_pymva_test_TestRModelParserPyTorch](https://lcgapp-services.cern.ch/root-jenkins/job/root-pullrequests-build/184500/testReport/projectroot.tmva.pymva/test/gtest_tmva_pymva_test_TestRModelParserPyTorch/),MatchSource.ISSUE_COMMENT,root-project,root,v6-32-06,https://github.com/root-project/root/pull/13633#issuecomment-1712561620:263,test,tests,263,https://root.cern,https://github.com/root-project/root/pull/13633#issuecomment-1712561620,4,['test'],"['test', 'testReport', 'tests']"
Testability,Build failed on ROOT-ubuntu2204/nortcxxmod.; Running on root-ubuntu-2204-1.cern.ch:/home/sftnight/build/workspace/root-pullrequests-build; [See console output](https://lcgapp-services.cern.ch/root-jenkins/job/root-pullrequests-build/184518/console).; ### Failing tests:; - [projectroot.tmva.pymva.test.gtest_tmva_pymva_test_TestRModelParserPyTorch](https://lcgapp-services.cern.ch/root-jenkins/job/root-pullrequests-build/184518/testReport/projectroot.tmva.pymva/test/gtest_tmva_pymva_test_TestRModelParserPyTorch/),MatchSource.ISSUE_COMMENT,root-project,root,v6-32-06,https://github.com/root-project/root/pull/13546#issuecomment-1712566057:263,test,tests,263,https://root.cern,https://github.com/root-project/root/pull/13546#issuecomment-1712566057,4,['test'],"['test', 'testReport', 'tests']"
Testability,Build failed on ROOT-ubuntu2204/nortcxxmod.; Running on root-ubuntu-2204-1.cern.ch:/home/sftnight/build/workspace/root-pullrequests-build; [See console output](https://lcgapp-services.cern.ch/root-jenkins/job/root-pullrequests-build/184524/console).; ### Failing tests:; - [projectroot.tmva.pymva.test.gtest_tmva_pymva_test_TestRModelParserPyTorch](https://lcgapp-services.cern.ch/root-jenkins/job/root-pullrequests-build/184524/testReport/projectroot.tmva.pymva/test/gtest_tmva_pymva_test_TestRModelParserPyTorch/),MatchSource.ISSUE_COMMENT,root-project,root,v6-32-06,https://github.com/root-project/root/pull/13633#issuecomment-1712730647:263,test,tests,263,https://root.cern,https://github.com/root-project/root/pull/13633#issuecomment-1712730647,4,['test'],"['test', 'testReport', 'tests']"
Testability,Build failed on ROOT-ubuntu2204/nortcxxmod.; Running on root-ubuntu-2204-1.cern.ch:/home/sftnight/build/workspace/root-pullrequests-build; [See console output](https://lcgapp-services.cern.ch/root-jenkins/job/root-pullrequests-build/184536/console).; ### Failing tests:; - [projectroot.tmva.pymva.test.gtest_tmva_pymva_test_TestRModelParserPyTorch](https://lcgapp-services.cern.ch/root-jenkins/job/root-pullrequests-build/184536/testReport/projectroot.tmva.pymva/test/gtest_tmva_pymva_test_TestRModelParserPyTorch/),MatchSource.ISSUE_COMMENT,root-project,root,v6-32-06,https://github.com/root-project/root/pull/13633#issuecomment-1712893064:263,test,tests,263,https://root.cern,https://github.com/root-project/root/pull/13633#issuecomment-1712893064,4,['test'],"['test', 'testReport', 'tests']"
Testability,Build failed on ROOT-ubuntu2204/nortcxxmod.; Running on root-ubuntu-2204-1.cern.ch:/home/sftnight/build/workspace/root-pullrequests-build; [See console output](https://lcgapp-services.cern.ch/root-jenkins/job/root-pullrequests-build/184542/console).; ### Failing tests:; - [projectroot.tmva.pymva.test.gtest_tmva_pymva_test_TestRModelParserPyTorch](https://lcgapp-services.cern.ch/root-jenkins/job/root-pullrequests-build/184542/testReport/projectroot.tmva.pymva/test/gtest_tmva_pymva_test_TestRModelParserPyTorch/),MatchSource.ISSUE_COMMENT,root-project,root,v6-32-06,https://github.com/root-project/root/pull/13630#issuecomment-1713271916:263,test,tests,263,https://root.cern,https://github.com/root-project/root/pull/13630#issuecomment-1713271916,4,['test'],"['test', 'testReport', 'tests']"
Testability,Build failed on ROOT-ubuntu2204/nortcxxmod.; Running on root-ubuntu-2204-1.cern.ch:/home/sftnight/build/workspace/root-pullrequests-build; [See console output](https://lcgapp-services.cern.ch/root-jenkins/job/root-pullrequests-build/184554/console).; ### Failing tests:; - [projectroot.bindings.pyroot.pythonizations.test.pyunittests_pyroot_pyz_pretty_printing](https://lcgapp-services.cern.ch/root-jenkins/job/root-pullrequests-build/184554/testReport/projectroot.bindings.pyroot.pythonizations/test/pyunittests_pyroot_pyz_pretty_printing/); - [projectroot.roottest.root.meta.naming.roottest_root_meta_naming_execParamPack_auto](https://lcgapp-services.cern.ch/root-jenkins/job/root-pullrequests-build/184554/testReport/projectroot.roottest.root.meta/naming/roottest_root_meta_naming_execParamPack_auto/); - [projectroot.tmva.pymva.test.gtest_tmva_pymva_test_TestRModelParserPyTorch](https://lcgapp-services.cern.ch/root-jenkins/job/root-pullrequests-build/184554/testReport/projectroot.tmva.pymva/test/gtest_tmva_pymva_test_TestRModelParserPyTorch/),MatchSource.ISSUE_COMMENT,root-project,root,v6-32-06,https://github.com/root-project/root/pull/13619#issuecomment-1713331010:263,test,tests,263,https://root.cern,https://github.com/root-project/root/pull/13619#issuecomment-1713331010,8,['test'],"['test', 'testReport', 'tests']"
Testability,Build failed on ROOT-ubuntu2204/nortcxxmod.; Running on root-ubuntu-2204-1.cern.ch:/home/sftnight/build/workspace/root-pullrequests-build; [See console output](https://lcgapp-services.cern.ch/root-jenkins/job/root-pullrequests-build/184559/console).; ### Failing tests:; - [projectroot.tmva.pymva.test.gtest_tmva_pymva_test_TestRModelParserPyTorch](https://lcgapp-services.cern.ch/root-jenkins/job/root-pullrequests-build/184559/testReport/projectroot.tmva.pymva/test/gtest_tmva_pymva_test_TestRModelParserPyTorch/),MatchSource.ISSUE_COMMENT,root-project,root,v6-32-06,https://github.com/root-project/root/pull/13617#issuecomment-1713407636:263,test,tests,263,https://root.cern,https://github.com/root-project/root/pull/13617#issuecomment-1713407636,4,['test'],"['test', 'testReport', 'tests']"
Testability,Build failed on ROOT-ubuntu2204/nortcxxmod.; Running on root-ubuntu-2204-1.cern.ch:/home/sftnight/build/workspace/root-pullrequests-build; [See console output](https://lcgapp-services.cern.ch/root-jenkins/job/root-pullrequests-build/184574/console).; ### Failing tests:; - [projectroot.tmva.pymva.test.gtest_tmva_pymva_test_TestRModelParserPyTorch](https://lcgapp-services.cern.ch/root-jenkins/job/root-pullrequests-build/184574/testReport/projectroot.tmva.pymva/test/gtest_tmva_pymva_test_TestRModelParserPyTorch/),MatchSource.ISSUE_COMMENT,root-project,root,v6-32-06,https://github.com/root-project/root/pull/13546#issuecomment-1713510240:263,test,tests,263,https://root.cern,https://github.com/root-project/root/pull/13546#issuecomment-1713510240,4,['test'],"['test', 'testReport', 'tests']"
Testability,Build failed on ROOT-ubuntu2204/nortcxxmod.; Running on root-ubuntu-2204-1.cern.ch:/home/sftnight/build/workspace/root-pullrequests-build; [See console output](https://lcgapp-services.cern.ch/root-jenkins/job/root-pullrequests-build/184589/console).; ### Failing tests:; - [projectroot.tmva.pymva.test.gtest_tmva_pymva_test_TestRModelParserPyTorch](https://lcgapp-services.cern.ch/root-jenkins/job/root-pullrequests-build/184589/testReport/projectroot.tmva.pymva/test/gtest_tmva_pymva_test_TestRModelParserPyTorch/),MatchSource.ISSUE_COMMENT,root-project,root,v6-32-06,https://github.com/root-project/root/pull/13620#issuecomment-1713681621:263,test,tests,263,https://root.cern,https://github.com/root-project/root/pull/13620#issuecomment-1713681621,4,['test'],"['test', 'testReport', 'tests']"
Testability,Build failed on ROOT-ubuntu2204/nortcxxmod.; Running on root-ubuntu-2204-1.cern.ch:/home/sftnight/build/workspace/root-pullrequests-build; [See console output](https://lcgapp-services.cern.ch/root-jenkins/job/root-pullrequests-build/184595/console).; ### Failing tests:; - [projectroot.tmva.pymva.test.gtest_tmva_pymva_test_TestRModelParserPyTorch](https://lcgapp-services.cern.ch/root-jenkins/job/root-pullrequests-build/184595/testReport/projectroot.tmva.pymva/test/gtest_tmva_pymva_test_TestRModelParserPyTorch/),MatchSource.ISSUE_COMMENT,root-project,root,v6-32-06,https://github.com/root-project/root/pull/13636#issuecomment-1713885699:263,test,tests,263,https://root.cern,https://github.com/root-project/root/pull/13636#issuecomment-1713885699,4,['test'],"['test', 'testReport', 'tests']"
Testability,Build failed on ROOT-ubuntu2204/nortcxxmod.; Running on root-ubuntu-2204-1.cern.ch:/home/sftnight/build/workspace/root-pullrequests-build; [See console output](https://lcgapp-services.cern.ch/root-jenkins/job/root-pullrequests-build/184601/console).; ### Failing tests:; - [projectroot.tmva.pymva.test.gtest_tmva_pymva_test_TestRModelParserPyTorch](https://lcgapp-services.cern.ch/root-jenkins/job/root-pullrequests-build/184601/testReport/projectroot.tmva.pymva/test/gtest_tmva_pymva_test_TestRModelParserPyTorch/),MatchSource.ISSUE_COMMENT,root-project,root,v6-32-06,https://github.com/root-project/root/pull/13630#issuecomment-1714066731:263,test,tests,263,https://root.cern,https://github.com/root-project/root/pull/13630#issuecomment-1714066731,4,['test'],"['test', 'testReport', 'tests']"
Testability,Build failed on ROOT-ubuntu2204/nortcxxmod.; Running on root-ubuntu-2204-1.cern.ch:/home/sftnight/build/workspace/root-pullrequests-build; [See console output](https://lcgapp-services.cern.ch/root-jenkins/job/root-pullrequests-build/184613/console).; ### Failing tests:; - [projectroot.tmva.pymva.test.gtest_tmva_pymva_test_TestRModelParserPyTorch](https://lcgapp-services.cern.ch/root-jenkins/job/root-pullrequests-build/184613/testReport/projectroot.tmva.pymva/test/gtest_tmva_pymva_test_TestRModelParserPyTorch/),MatchSource.ISSUE_COMMENT,root-project,root,v6-32-06,https://github.com/root-project/root/pull/13637#issuecomment-1714399204:263,test,tests,263,https://root.cern,https://github.com/root-project/root/pull/13637#issuecomment-1714399204,4,['test'],"['test', 'testReport', 'tests']"
Testability,Build failed on ROOT-ubuntu2204/nortcxxmod.; Running on root-ubuntu-2204-1.cern.ch:/home/sftnight/build/workspace/root-pullrequests-build; [See console output](https://lcgapp-services.cern.ch/root-jenkins/job/root-pullrequests-build/184619/console).; ### Failing tests:; - [projectroot.tmva.pymva.test.gtest_tmva_pymva_test_TestRModelParserPyTorch](https://lcgapp-services.cern.ch/root-jenkins/job/root-pullrequests-build/184619/testReport/projectroot.tmva.pymva/test/gtest_tmva_pymva_test_TestRModelParserPyTorch/),MatchSource.ISSUE_COMMENT,root-project,root,v6-32-06,https://github.com/root-project/root/pull/13638#issuecomment-1714636641:263,test,tests,263,https://root.cern,https://github.com/root-project/root/pull/13638#issuecomment-1714636641,4,['test'],"['test', 'testReport', 'tests']"
Testability,Build failed on ROOT-ubuntu2204/nortcxxmod.; Running on root-ubuntu-2204-1.cern.ch:/home/sftnight/build/workspace/root-pullrequests-build; [See console output](https://lcgapp-services.cern.ch/root-jenkins/job/root-pullrequests-build/184644/console).; ### Errors:; - [2023-09-12T09:18:03.949Z] /home/sftnight/build/workspace/root-pullrequests-build/root/tmva/pymva/test/TestRModelParserKeras.C:1:10: fatal error: KerasFunctionalModel.hxx: No such file or directory,MatchSource.ISSUE_COMMENT,root-project,root,v6-32-06,https://github.com/root-project/root/pull/13634#issuecomment-1715335844:364,test,test,364,https://root.cern,https://github.com/root-project/root/pull/13634#issuecomment-1715335844,2,"['Test', 'test']","['TestRModelParserKeras', 'test']"
Testability,Build failed on ROOT-ubuntu2204/nortcxxmod.; Running on root-ubuntu-2204-1.cern.ch:/home/sftnight/build/workspace/root-pullrequests-build; [See console output](https://lcgapp-services.cern.ch/root-jenkins/job/root-pullrequests-build/184646/console).; ### Failing tests:; - [projectroot.tmva.pymva.test.gtest_tmva_pymva_test_TestRModelParserPyTorch](https://lcgapp-services.cern.ch/root-jenkins/job/root-pullrequests-build/184646/testReport/projectroot.tmva.pymva/test/gtest_tmva_pymva_test_TestRModelParserPyTorch/),MatchSource.ISSUE_COMMENT,root-project,root,v6-32-06,https://github.com/root-project/root/pull/13638#issuecomment-1715658773:263,test,tests,263,https://root.cern,https://github.com/root-project/root/pull/13638#issuecomment-1715658773,4,['test'],"['test', 'testReport', 'tests']"
Testability,Build failed on ROOT-ubuntu2204/nortcxxmod.; Running on root-ubuntu-2204-1.cern.ch:/home/sftnight/build/workspace/root-pullrequests-build; [See console output](https://lcgapp-services.cern.ch/root-jenkins/job/root-pullrequests-build/184652/console).; ### Failing tests:; - [projectroot.tmva.pymva.test.gtest_tmva_pymva_test_TestRModelParserPyTorch](https://lcgapp-services.cern.ch/root-jenkins/job/root-pullrequests-build/184652/testReport/projectroot.tmva.pymva/test/gtest_tmva_pymva_test_TestRModelParserPyTorch/),MatchSource.ISSUE_COMMENT,root-project,root,v6-32-06,https://github.com/root-project/root/pull/13620#issuecomment-1715724476:263,test,tests,263,https://root.cern,https://github.com/root-project/root/pull/13620#issuecomment-1715724476,4,['test'],"['test', 'testReport', 'tests']"
Testability,Build failed on ROOT-ubuntu2204/nortcxxmod.; Running on root-ubuntu-2204-1.cern.ch:/home/sftnight/build/workspace/root-pullrequests-build; [See console output](https://lcgapp-services.cern.ch/root-jenkins/job/root-pullrequests-build/184658/console).; ### Failing tests:; - [projectroot.tmva.pymva.test.gtest_tmva_pymva_test_TestRModelParserPyTorch](https://lcgapp-services.cern.ch/root-jenkins/job/root-pullrequests-build/184658/testReport/projectroot.tmva.pymva/test/gtest_tmva_pymva_test_TestRModelParserPyTorch/),MatchSource.ISSUE_COMMENT,root-project,root,v6-32-06,https://github.com/root-project/root/pull/13637#issuecomment-1715787433:263,test,tests,263,https://root.cern,https://github.com/root-project/root/pull/13637#issuecomment-1715787433,4,['test'],"['test', 'testReport', 'tests']"
Testability,Build failed on ROOT-ubuntu2204/nortcxxmod.; Running on root-ubuntu-2204-1.cern.ch:/home/sftnight/build/workspace/root-pullrequests-build; [See console output](https://lcgapp-services.cern.ch/root-jenkins/job/root-pullrequests-build/184704/console).; ### Errors:; - [2023-09-13T08:46:36.374Z] 2484/2518 Test #1073: tutorial-tmva-TMVA_SOFIE_RSofieReader .............................................................***Failed Error regular expression found in output. Regex=[: error:] 0.51 sec . ### Failing tests:; - [projectroot.runtutorials.tutorial_tmva_TMVA_SOFIE_RSofieReader](https://lcgapp-services.cern.ch/root-jenkins/job/root-pullrequests-build/184704/testReport/projectroot/runtutorials/tutorial_tmva_TMVA_SOFIE_RSofieReader/); - [projectroot.tmva.pymva.test.gtest_tmva_pymva_test_TestRModelParserKeras](https://lcgapp-services.cern.ch/root-jenkins/job/root-pullrequests-build/184704/testReport/projectroot.tmva.pymva/test/gtest_tmva_pymva_test_TestRModelParserKeras/),MatchSource.ISSUE_COMMENT,root-project,root,v6-32-06,https://github.com/root-project/root/pull/13634#issuecomment-1717223176:303,Test,Test,303,https://root.cern,https://github.com/root-project/root/pull/13634#issuecomment-1717223176,6,"['Test', 'test']","['Test', 'test', 'testReport', 'tests']"
Testability,Build failed on ROOT-ubuntu2204/nortcxxmod.; Running on root-ubuntu-2204-1.cern.ch:/home/sftnight/build/workspace/root-pullrequests-build; [See console output](https://lcgapp-services.cern.ch/root-jenkins/job/root-pullrequests-build/185153/console).; ### Failing tests:; - [projectroot.test.test_stressIOPlugins_xroot](https://lcgapp-services.cern.ch/root-jenkins/job/root-pullrequests-build/185153/testReport/projectroot/test/test_stressIOPlugins_xroot/); - [projectroot.tree.treeplayer.test.gtest_tree_treeplayer_test_treeprocessormt_remotefiles](https://lcgapp-services.cern.ch/root-jenkins/job/root-pullrequests-build/185153/testReport/projectroot.tree.treeplayer/test/gtest_tree_treeplayer_test_treeprocessormt_remotefiles/),MatchSource.ISSUE_COMMENT,root-project,root,v6-32-06,https://github.com/root-project/root/pull/13662#issuecomment-1724149171:263,test,tests,263,https://root.cern,https://github.com/root-project/root/pull/13662#issuecomment-1724149171,7,['test'],"['test', 'testReport', 'tests']"
Testability,Build failed on ROOT-ubuntu2204/nortcxxmod.; Running on root-ubuntu-2204-1.cern.ch:/home/sftnight/build/workspace/root-pullrequests-build; [See console output](https://lcgapp-services.cern.ch/root-jenkins/job/root-pullrequests-build/185183/console).; ### Failing tests:; - [projectroot.tmva.pymva.test.PyMVA_Keras_Regression](https://lcgapp-services.cern.ch/root-jenkins/job/root-pullrequests-build/185183/testReport/projectroot.tmva.pymva/test/PyMVA_Keras_Regression/),MatchSource.ISSUE_COMMENT,root-project,root,v6-32-06,https://github.com/root-project/root/pull/13665#issuecomment-1724768829:263,test,tests,263,https://root.cern,https://github.com/root-project/root/pull/13665#issuecomment-1724768829,4,['test'],"['test', 'testReport', 'tests']"
Testability,Build failed on ROOT-ubuntu2204/nortcxxmod.; Running on root-ubuntu-2204-1.cern.ch:/home/sftnight/build/workspace/root-pullrequests-build; [See console output](https://lcgapp-services.cern.ch/root-jenkins/job/root-pullrequests-build/185225/console).; ### Failing tests:; - [projectroot.tmva.pymva.test.PyMVA_Keras_Regression](https://lcgapp-services.cern.ch/root-jenkins/job/root-pullrequests-build/185225/testReport/projectroot.tmva.pymva/test/PyMVA_Keras_Regression/),MatchSource.ISSUE_COMMENT,root-project,root,v6-32-06,https://github.com/root-project/root/pull/13669#issuecomment-1725401244:263,test,tests,263,https://root.cern,https://github.com/root-project/root/pull/13669#issuecomment-1725401244,4,['test'],"['test', 'testReport', 'tests']"
Testability,Build failed on ROOT-ubuntu2204/nortcxxmod.; Running on root-ubuntu-2204-1.cern.ch:/home/sftnight/build/workspace/root-pullrequests-build; [See console output](https://lcgapp-services.cern.ch/root-jenkins/job/root-pullrequests-build/185286/console).; ### Failing tests:; - [projectroot.tmva.pymva.test.PyMVA_Torch_Regression](https://lcgapp-services.cern.ch/root-jenkins/job/root-pullrequests-build/185286/testReport/projectroot.tmva.pymva/test/PyMVA_Torch_Regression/); - [projectroot.tmva.pymva.test.PyMVA_Torch_Classification](https://lcgapp-services.cern.ch/root-jenkins/job/root-pullrequests-build/185286/testReport/projectroot.tmva.pymva/test/PyMVA_Torch_Classification/); - [projectroot.tmva.pymva.test.PyMVA_Torch_Multiclass](https://lcgapp-services.cern.ch/root-jenkins/job/root-pullrequests-build/185286/testReport/projectroot.tmva.pymva/test/PyMVA_Torch_Multiclass/),MatchSource.ISSUE_COMMENT,root-project,root,v6-32-06,https://github.com/root-project/root/pull/13674#issuecomment-1726234632:263,test,tests,263,https://root.cern,https://github.com/root-project/root/pull/13674#issuecomment-1726234632,10,['test'],"['test', 'testReport', 'tests']"
Testability,Build failed on ROOT-ubuntu2204/nortcxxmod.; Running on root-ubuntu-2204-1.cern.ch:/home/sftnight/build/workspace/root-pullrequests-build; [See console output](https://lcgapp-services.cern.ch/root-jenkins/job/root-pullrequests-build/185576/console).; ### Failing tests:; - [projectroot.roottest.root.meta.naming.roottest_root_meta_naming_execClassEditNormalize_auto](https://lcgapp-services.cern.ch/root-jenkins/job/root-pullrequests-build/185576/testReport/projectroot.roottest.root.meta/naming/roottest_root_meta_naming_execClassEditNormalize_auto/),MatchSource.ISSUE_COMMENT,root-project,root,v6-32-06,https://github.com/root-project/root/pull/13705#issuecomment-1730992216:263,test,tests,263,https://root.cern,https://github.com/root-project/root/pull/13705#issuecomment-1730992216,2,['test'],"['testReport', 'tests']"
Testability,Build failed on ROOT-ubuntu2204/nortcxxmod.; Running on root-ubuntu-2204-1.cern.ch:/home/sftnight/build/workspace/root-pullrequests-build; [See console output](https://lcgapp-services.cern.ch/root-jenkins/job/root-pullrequests-build/185583/console).; ### Failing tests:; - [projectroot.roottest.root.meta.naming.roottest_root_meta_naming_execClassEditNormalize_auto](https://lcgapp-services.cern.ch/root-jenkins/job/root-pullrequests-build/185583/testReport/projectroot.roottest.root.meta/naming/roottest_root_meta_naming_execClassEditNormalize_auto/),MatchSource.ISSUE_COMMENT,root-project,root,v6-32-06,https://github.com/root-project/root/pull/13692#issuecomment-1731197138:263,test,tests,263,https://root.cern,https://github.com/root-project/root/pull/13692#issuecomment-1731197138,2,['test'],"['testReport', 'tests']"
Testability,Build failed on ROOT-ubuntu2204/nortcxxmod.; Running on root-ubuntu-2204-1.cern.ch:/home/sftnight/build/workspace/root-pullrequests-build; [See console output](https://lcgapp-services.cern.ch/root-jenkins/job/root-pullrequests-build/185595/console).; ### Failing tests:; - [projectroot.roottest.root.meta.naming.roottest_root_meta_naming_execClassEditNormalize_auto](https://lcgapp-services.cern.ch/root-jenkins/job/root-pullrequests-build/185595/testReport/projectroot.roottest.root.meta/naming/roottest_root_meta_naming_execClassEditNormalize_auto/),MatchSource.ISSUE_COMMENT,root-project,root,v6-32-06,https://github.com/root-project/root/pull/12716#issuecomment-1731238903:263,test,tests,263,https://root.cern,https://github.com/root-project/root/pull/12716#issuecomment-1731238903,2,['test'],"['testReport', 'tests']"
Testability,Build failed on ROOT-ubuntu2204/nortcxxmod.; Running on root-ubuntu-2204-1.cern.ch:/home/sftnight/build/workspace/root-pullrequests-build; [See console output](https://lcgapp-services.cern.ch/root-jenkins/job/root-pullrequests-build/185620/console).; ### Failing tests:; - [projectroot.tmva.sofie.test.gtest_tmva_sofie_test_TestSofieModels](https://lcgapp-services.cern.ch/root-jenkins/job/root-pullrequests-build/185620/testReport/projectroot.tmva.sofie/test/gtest_tmva_sofie_test_TestSofieModels/),MatchSource.ISSUE_COMMENT,root-project,root,v6-32-06,https://github.com/root-project/root/pull/13705#issuecomment-1732268717:263,test,tests,263,https://root.cern,https://github.com/root-project/root/pull/13705#issuecomment-1732268717,4,['test'],"['test', 'testReport', 'tests']"
Testability,Build failed on ROOT-ubuntu2204/nortcxxmod.; Running on root-ubuntu-2204-1.cern.ch:/home/sftnight/build/workspace/root-pullrequests-build; [See console output](https://lcgapp-services.cern.ch/root-jenkins/job/root-pullrequests-build/185961/console).; ### Failing tests:; - [projectroot.bindings.pyroot.pythonizations.test.pyunittests_pyroot_pyz_rdataframe_makenumpy](https://lcgapp-services.cern.ch/root-jenkins/job/root-pullrequests-build/185961/testReport/projectroot.bindings.pyroot.pythonizations/test/pyunittests_pyroot_pyz_rdataframe_makenumpy/),MatchSource.ISSUE_COMMENT,root-project,root,v6-32-06,https://github.com/root-project/root/pull/13738#issuecomment-1738636481:263,test,tests,263,https://root.cern,https://github.com/root-project/root/pull/13738#issuecomment-1738636481,4,['test'],"['test', 'testReport', 'tests']"
Testability,Build failed on ROOT-ubuntu2204/nortcxxmod.; Running on root-ubuntu-2204-1.cern.ch:/home/sftnight/build/workspace/root-pullrequests-build; [See console output](https://lcgapp-services.cern.ch/root-jenkins/job/root-pullrequests-build/186069/console).; ### Failing tests:; - [projectroot.tmva.pymva.test.PyMVA_Keras_Regression](https://lcgapp-services.cern.ch/root-jenkins/job/root-pullrequests-build/186069/testReport/projectroot.tmva.pymva/test/PyMVA_Keras_Regression/),MatchSource.ISSUE_COMMENT,root-project,root,v6-32-06,https://github.com/root-project/root/pull/13090#issuecomment-1739908254:263,test,tests,263,https://root.cern,https://github.com/root-project/root/pull/13090#issuecomment-1739908254,4,['test'],"['test', 'testReport', 'tests']"
Testability,Build failed on ROOT-ubuntu2204/nortcxxmod.; Running on root-ubuntu-2204-1.cern.ch:/home/sftnight/build/workspace/root-pullrequests-build; [See console output](https://lcgapp-services.cern.ch/root-jenkins/job/root-pullrequests-build/186502/console).; ### Warnings:; - [2023-10-03T12:24:07.908Z] /home/sftnight/build/workspace/root-pullrequests-build/root/tree/dataframe/test/dataframe_definepersample.cxx:195:29: warning: comparison of integer expressions of different signedness: ‘long int’ and ‘std::vector&lt;std::__cxx11::basic_string&lt;char&gt; &gt;::size_type’ {aka ‘long unsigned int’} [-Wsign-compare],MatchSource.ISSUE_COMMENT,root-project,root,v6-32-06,https://github.com/root-project/root/pull/13787#issuecomment-1744886960:370,test,test,370,https://root.cern,https://github.com/root-project/root/pull/13787#issuecomment-1744886960,1,['test'],['test']
Testability,Build failed on ROOT-ubuntu2204/nortcxxmod.; Running on root-ubuntu-2204-1.cern.ch:/home/sftnight/build/workspace/root-pullrequests-build; [See console output](https://lcgapp-services.cern.ch/root-jenkins/job/root-pullrequests-build/186550/console).; ### Failing tests:; - [projectroot.tree.dataframe.test.gtest_tree_dataframe_test_dataframe_cloning](https://lcgapp-services.cern.ch/root-jenkins/job/root-pullrequests-build/186550/testReport/projectroot.tree.dataframe/test/gtest_tree_dataframe_test_dataframe_cloning/); - [projectroot.tree.dataframe.test.gtest_tree_dataframe_test_dataframe_definepersample](https://lcgapp-services.cern.ch/root-jenkins/job/root-pullrequests-build/186550/testReport/projectroot.tree.dataframe/test/gtest_tree_dataframe_test_dataframe_definepersample/),MatchSource.ISSUE_COMMENT,root-project,root,v6-32-06,https://github.com/root-project/root/pull/13791#issuecomment-1745062648:263,test,tests,263,https://root.cern,https://github.com/root-project/root/pull/13791#issuecomment-1745062648,7,['test'],"['test', 'testReport', 'tests']"
Testability,Build failed on ROOT-ubuntu2204/nortcxxmod.; Running on root-ubuntu-2204-1.cern.ch:/home/sftnight/build/workspace/root-pullrequests-build; [See console output](https://lcgapp-services.cern.ch/root-jenkins/job/root-pullrequests-build/186616/console).; ### Failing tests:; - [projectroot.bindings.pyroot.pythonizations.test.pyunittests_pyroot_pyz_rtensor](https://lcgapp-services.cern.ch/root-jenkins/job/root-pullrequests-build/186616/testReport/projectroot.bindings.pyroot.pythonizations/test/pyunittests_pyroot_pyz_rtensor/); - [projectroot.bindings.pyroot.pythonizations.test.pyunittests_pyroot_pyz_sofie_gnn](https://lcgapp-services.cern.ch/root-jenkins/job/root-pullrequests-build/186616/testReport/projectroot.bindings.pyroot.pythonizations/test/pyunittests_pyroot_pyz_sofie_gnn/),MatchSource.ISSUE_COMMENT,root-project,root,v6-32-06,https://github.com/root-project/root/pull/13799#issuecomment-1745730439:263,test,tests,263,https://root.cern,https://github.com/root-project/root/pull/13799#issuecomment-1745730439,7,['test'],"['test', 'testReport', 'tests']"
Testability,Build failed on ROOT-ubuntu2204/nortcxxmod.; Running on root-ubuntu-2204-1.cern.ch:/home/sftnight/build/workspace/root-pullrequests-build; [See console output](https://lcgapp-services.cern.ch/root-jenkins/job/root-pullrequests-build/187046/console).; ### Failing tests:; - [projectroot.tmva.pymva.test.PyMVA_Keras_Regression](https://lcgapp-services.cern.ch/root-jenkins/job/root-pullrequests-build/187046/testReport/projectroot.tmva.pymva/test/PyMVA_Keras_Regression/),MatchSource.ISSUE_COMMENT,root-project,root,v6-32-06,https://github.com/root-project/root/pull/13819#issuecomment-1755632765:263,test,tests,263,https://root.cern,https://github.com/root-project/root/pull/13819#issuecomment-1755632765,4,['test'],"['test', 'testReport', 'tests']"
Testability,Build failed on ROOT-ubuntu2204/nortcxxmod.; Running on root-ubuntu-2204-1.cern.ch:/home/sftnight/build/workspace/root-pullrequests-build; [See console output](https://lcgapp-services.cern.ch/root-jenkins/job/root-pullrequests-build/187112/console).; ### Failing tests:; - [projectroot.tmva.sofie.test.gtest_tmva_sofie_test_TestSofieModels](https://lcgapp-services.cern.ch/root-jenkins/job/root-pullrequests-build/187112/testReport/projectroot.tmva.sofie/test/gtest_tmva_sofie_test_TestSofieModels/),MatchSource.ISSUE_COMMENT,root-project,root,v6-32-06,https://github.com/root-project/root/pull/13849#issuecomment-1759726356:263,test,tests,263,https://root.cern,https://github.com/root-project/root/pull/13849#issuecomment-1759726356,4,['test'],"['test', 'testReport', 'tests']"
Testability,Build failed on ROOT-ubuntu2204/nortcxxmod.; Running on root-ubuntu-2204-1.cern.ch:/home/sftnight/build/workspace/root-pullrequests-build; [See console output](https://lcgapp-services.cern.ch/root-jenkins/job/root-pullrequests-build/187124/console).; ### Failing tests:; - [projectroot.roottest.cling.array.roottest_cling_array_runarray1](https://lcgapp-services.cern.ch/root-jenkins/job/root-pullrequests-build/187124/testReport/projectroot.roottest.cling/array/roottest_cling_array_runarray1/); - [projectroot.roottest.cling.operator.roottest_cling_operator_runEqualTest](https://lcgapp-services.cern.ch/root-jenkins/job/root-pullrequests-build/187124/testReport/projectroot.roottest.cling/operator/roottest_cling_operator_runEqualTest/); - [projectroot.roottest.cling.template.separateDict.roottest_cling_template_separateDict_make](https://lcgapp-services.cern.ch/root-jenkins/job/root-pullrequests-build/187124/testReport/projectroot.roottest.cling.template/separateDict/roottest_cling_template_separateDict_make/),MatchSource.ISSUE_COMMENT,root-project,root,v6-32-06,https://github.com/root-project/root/pull/13850#issuecomment-1761022456:263,test,tests,263,https://root.cern,https://github.com/root-project/root/pull/13850#issuecomment-1761022456,4,['test'],"['testReport', 'tests']"
Testability,Build failed on ROOT-ubuntu2204/nortcxxmod.; Running on root-ubuntu-2204-1.cern.ch:/home/sftnight/build/workspace/root-pullrequests-build; [See console output](https://lcgapp-services.cern.ch/root-jenkins/job/root-pullrequests-build/187154/console).; ### Failing tests:; - [projectroot.tree.dataframe.test.pyunittests_dataframe_cache](https://lcgapp-services.cern.ch/root-jenkins/job/root-pullrequests-build/187154/testReport/projectroot.tree.dataframe/test/pyunittests_dataframe_cache/); - [projectroot.tree.dataframe.test.pyunittests_dataframe_datasetspec](https://lcgapp-services.cern.ch/root-jenkins/job/root-pullrequests-build/187154/testReport/projectroot.tree.dataframe/test/pyunittests_dataframe_datasetspec/),MatchSource.ISSUE_COMMENT,root-project,root,v6-32-06,https://github.com/root-project/root/pull/13856#issuecomment-1761632940:263,test,tests,263,https://root.cern,https://github.com/root-project/root/pull/13856#issuecomment-1761632940,7,['test'],"['test', 'testReport', 'tests']"
Testability,Build failed on ROOT-ubuntu2204/nortcxxmod.; Running on root-ubuntu-2204-1.cern.ch:/home/sftnight/build/workspace/root-pullrequests-build; [See console output](https://lcgapp-services.cern.ch/root-jenkins/job/root-pullrequests-build/187229/console).; ### Failing tests:; - [projectroot.roottest.root.hist.roottest_root_hist_h2root](https://lcgapp-services.cern.ch/root-jenkins/job/root-pullrequests-build/187229/testReport/projectroot.roottest.root/hist/roottest_root_hist_h2root/),MatchSource.ISSUE_COMMENT,root-project,root,v6-32-06,https://github.com/root-project/root/pull/13868#issuecomment-1764029010:263,test,tests,263,https://root.cern,https://github.com/root-project/root/pull/13868#issuecomment-1764029010,2,['test'],"['testReport', 'tests']"
Testability,Build failed on ROOT-ubuntu2204/nortcxxmod.; Running on root-ubuntu-2204-1.cern.ch:/home/sftnight/build/workspace/root-pullrequests-build; [See console output](https://lcgapp-services.cern.ch/root-jenkins/job/root-pullrequests-build/187299/console).; ### Failing tests:; - [projectroot.test.test_TFormulaTests](https://lcgapp-services.cern.ch/root-jenkins/job/root-pullrequests-build/187299/testReport/projectroot/test/test_TFormulaTests/),MatchSource.ISSUE_COMMENT,root-project,root,v6-32-06,https://github.com/root-project/root/pull/13844#issuecomment-1766020963:263,test,tests,263,https://root.cern,https://github.com/root-project/root/pull/13844#issuecomment-1766020963,4,['test'],"['test', 'testReport', 'tests']"
Testability,Build failed on ROOT-ubuntu2204/nortcxxmod.; Running on root-ubuntu-2204-1.cern.ch:/home/sftnight/build/workspace/root-pullrequests-build; [See console output](https://lcgapp-services.cern.ch/root-jenkins/job/root-pullrequests-build/187521/console).; ### Failing tests:; - [projectroot.tmva.sofie.test.gtest_tmva_sofie_test_TestSofieModels](https://lcgapp-services.cern.ch/root-jenkins/job/root-pullrequests-build/187521/testReport/projectroot.tmva.sofie/test/gtest_tmva_sofie_test_TestSofieModels/),MatchSource.ISSUE_COMMENT,root-project,root,v6-32-06,https://github.com/root-project/root/pull/13897#issuecomment-1770404945:263,test,tests,263,https://root.cern,https://github.com/root-project/root/pull/13897#issuecomment-1770404945,4,['test'],"['test', 'testReport', 'tests']"
Testability,Build failed on ROOT-ubuntu2204/nortcxxmod.; Running on root-ubuntu-2204-1.cern.ch:/home/sftnight/build/workspace/root-pullrequests-build; [See console output](https://lcgapp-services.cern.ch/root-jenkins/job/root-pullrequests-build/187561/console).; ### Failing tests:; - [projectroot.bindings.pyroot.pythonizations.test.pyunittests_pyroot_pyz_decorator](https://lcgapp-services.cern.ch/root-jenkins/job/root-pullrequests-build/187561/testReport/projectroot.bindings.pyroot.pythonizations/test/pyunittests_pyroot_pyz_decorator/); - [projectroot.core.metacling.test.gtest_core_metacling_test_TClingTest](https://lcgapp-services.cern.ch/root-jenkins/job/root-pullrequests-build/187561/testReport/projectroot.core.metacling/test/gtest_core_metacling_test_TClingTest/); - [projectroot.roottest.python.numba.roottest_python_numba_numba](https://lcgapp-services.cern.ch/root-jenkins/job/root-pullrequests-build/187561/testReport/projectroot.roottest.python/numba/roottest_python_numba_numba/); - [projectroot.roottest.root.meta.roottest_root_meta_runMemberComments](https://lcgapp-services.cern.ch/root-jenkins/job/root-pullrequests-build/187561/testReport/projectroot.roottest.root/meta/roottest_root_meta_runMemberComments/); - [projectroot.roottest.root.multicore.roottest_root_multicore_ttree_read_imt](https://lcgapp-services.cern.ch/root-jenkins/job/root-pullrequests-build/187561/testReport/projectroot.roottest.root/multicore/roottest_root_multicore_ttree_read_imt/),MatchSource.ISSUE_COMMENT,root-project,root,v6-32-06,https://github.com/root-project/root/pull/13900#issuecomment-1771850848:263,test,tests,263,https://root.cern,https://github.com/root-project/root/pull/13900#issuecomment-1771850848,10,['test'],"['test', 'testReport', 'tests']"
Testability,Build failed on ROOT-ubuntu2204/nortcxxmod.; Running on root-ubuntu-2204-1.cern.ch:/home/sftnight/build/workspace/root-pullrequests-build; [See console output](https://lcgapp-services.cern.ch/root-jenkins/job/root-pullrequests-build/187606/console).; ### Failing tests:; - [projectroot.tmva.pymva.test.PyMVA_Keras_Regression](https://lcgapp-services.cern.ch/root-jenkins/job/root-pullrequests-build/187606/testReport/projectroot.tmva.pymva/test/PyMVA_Keras_Regression/),MatchSource.ISSUE_COMMENT,root-project,root,v6-32-06,https://github.com/root-project/root/pull/13903#issuecomment-1772766891:263,test,tests,263,https://root.cern,https://github.com/root-project/root/pull/13903#issuecomment-1772766891,4,['test'],"['test', 'testReport', 'tests']"
Testability,Build failed on ROOT-ubuntu2204/nortcxxmod.; Running on root-ubuntu-2204-1.cern.ch:/home/sftnight/build/workspace/root-pullrequests-build; [See console output](https://lcgapp-services.cern.ch/root-jenkins/job/root-pullrequests-build/187646/console).; ### Failing tests:; - [projectroot.test.test_stressIOPlugins_xroot](https://lcgapp-services.cern.ch/root-jenkins/job/root-pullrequests-build/187646/testReport/projectroot/test/test_stressIOPlugins_xroot/),MatchSource.ISSUE_COMMENT,root-project,root,v6-32-06,https://github.com/root-project/root/pull/13907#issuecomment-1772930617:263,test,tests,263,https://root.cern,https://github.com/root-project/root/pull/13907#issuecomment-1772930617,4,['test'],"['test', 'testReport', 'tests']"
Testability,Build failed on ROOT-ubuntu2204/nortcxxmod.; Running on root-ubuntu-2204-1.cern.ch:/home/sftnight/build/workspace/root-pullrequests-build; [See console output](https://lcgapp-services.cern.ch/root-jenkins/job/root-pullrequests-build/187705/console).; ### Failing tests:; - [projectroot.bindings.pyroot.pythonizations.test.pyunittests_pyroot_pyz_decorator](https://lcgapp-services.cern.ch/root-jenkins/job/root-pullrequests-build/187705/testReport/projectroot.bindings.pyroot.pythonizations/test/pyunittests_pyroot_pyz_decorator/); - [projectroot.core.metacling.test.gtest_core_metacling_test_TClingTest](https://lcgapp-services.cern.ch/root-jenkins/job/root-pullrequests-build/187705/testReport/projectroot.core.metacling/test/gtest_core_metacling_test_TClingTest/); - [projectroot.roottest.python.numba.roottest_python_numba_numba](https://lcgapp-services.cern.ch/root-jenkins/job/root-pullrequests-build/187705/testReport/projectroot.roottest.python/numba/roottest_python_numba_numba/); - [projectroot.roottest.root.meta.roottest_root_meta_runMemberComments](https://lcgapp-services.cern.ch/root-jenkins/job/root-pullrequests-build/187705/testReport/projectroot.roottest.root/meta/roottest_root_meta_runMemberComments/); - [projectroot.roottest.root.multicore.roottest_root_multicore_ttree_read_imt](https://lcgapp-services.cern.ch/root-jenkins/job/root-pullrequests-build/187705/testReport/projectroot.roottest.root/multicore/roottest_root_multicore_ttree_read_imt/),MatchSource.ISSUE_COMMENT,root-project,root,v6-32-06,https://github.com/root-project/root/pull/13900#issuecomment-1773460937:263,test,tests,263,https://root.cern,https://github.com/root-project/root/pull/13900#issuecomment-1773460937,10,['test'],"['test', 'testReport', 'tests']"
Testability,Build failed on ROOT-ubuntu2204/nortcxxmod.; Running on root-ubuntu-2204-1.cern.ch:/home/sftnight/build/workspace/root-pullrequests-build; [See console output](https://lcgapp-services.cern.ch/root-jenkins/job/root-pullrequests-build/187762/console).; ### Failing tests:; - [projectroot.tmva.pymva.test.PyMVA_Keras_Regression](https://lcgapp-services.cern.ch/root-jenkins/job/root-pullrequests-build/187762/testReport/projectroot.tmva.pymva/test/PyMVA_Keras_Regression/),MatchSource.ISSUE_COMMENT,root-project,root,v6-32-06,https://github.com/root-project/root/pull/13916#issuecomment-1774715725:263,test,tests,263,https://root.cern,https://github.com/root-project/root/pull/13916#issuecomment-1774715725,4,['test'],"['test', 'testReport', 'tests']"
Testability,Build failed on ROOT-ubuntu2204/nortcxxmod.; Running on root-ubuntu-2204-1.cern.ch:/home/sftnight/build/workspace/root-pullrequests-build; [See console output](https://lcgapp-services.cern.ch/root-jenkins/job/root-pullrequests-build/187772/console).; ### Failing tests:; - [projectroot.tmva.sofie.test.gtest_tmva_sofie_test_TestSofieModels](https://lcgapp-services.cern.ch/root-jenkins/job/root-pullrequests-build/187772/testReport/projectroot.tmva.sofie/test/gtest_tmva_sofie_test_TestSofieModels/),MatchSource.ISSUE_COMMENT,root-project,root,v6-32-06,https://github.com/root-project/root/pull/13604#issuecomment-1774875885:263,test,tests,263,https://root.cern,https://github.com/root-project/root/pull/13604#issuecomment-1774875885,4,['test'],"['test', 'testReport', 'tests']"
Testability,Build failed on ROOT-ubuntu2204/nortcxxmod.; Running on root-ubuntu-2204-1.cern.ch:/home/sftnight/build/workspace/root-pullrequests-build; [See console output](https://lcgapp-services.cern.ch/root-jenkins/job/root-pullrequests-build/187827/console).; ### Failing tests:; - [projectroot.tree.ntuple.v7.test.gtest_tree_ntuple_v7_test_ntuple_show](https://lcgapp-services.cern.ch/root-jenkins/job/root-pullrequests-build/187827/testReport/projectroot.tree.ntuple.v7/test/gtest_tree_ntuple_v7_test_ntuple_show/),MatchSource.ISSUE_COMMENT,root-project,root,v6-32-06,https://github.com/root-project/root/pull/13923#issuecomment-1775545949:263,test,tests,263,https://root.cern,https://github.com/root-project/root/pull/13923#issuecomment-1775545949,4,['test'],"['test', 'testReport', 'tests']"
Testability,Build failed on ROOT-ubuntu2204/nortcxxmod.; Running on root-ubuntu-2204-1.cern.ch:/home/sftnight/build/workspace/root-pullrequests-build; [See console output](https://lcgapp-services.cern.ch/root-jenkins/job/root-pullrequests-build/187952/console).; ### Failing tests:; - [projectroot.roottest.root.multicore.roottest_root_multicore_processExecutorH1Test](https://lcgapp-services.cern.ch/root-jenkins/job/root-pullrequests-build/187952/testReport/projectroot.roottest.root/multicore/roottest_root_multicore_processExecutorH1Test/),MatchSource.ISSUE_COMMENT,root-project,root,v6-32-06,https://github.com/root-project/root/pull/13918#issuecomment-1777515429:263,test,tests,263,https://root.cern,https://github.com/root-project/root/pull/13918#issuecomment-1777515429,2,['test'],"['testReport', 'tests']"
Testability,Build failed on ROOT-ubuntu2204/nortcxxmod.; Running on root-ubuntu-2204-1.cern.ch:/home/sftnight/build/workspace/root-pullrequests-build; [See console output](https://lcgapp-services.cern.ch/root-jenkins/job/root-pullrequests-build/188012/console).; ### Failing tests:; - [projectroot.tmva.sofie.test.gtest_tmva_sofie_test_TestSofieModels](https://lcgapp-services.cern.ch/root-jenkins/job/root-pullrequests-build/188012/testReport/projectroot.tmva.sofie/test/gtest_tmva_sofie_test_TestSofieModels/); - [projectroot.tree.ntuple.v7.test.gtest_tree_ntuple_v7_test_ntuple_types](https://lcgapp-services.cern.ch/root-jenkins/job/root-pullrequests-build/188012/testReport/projectroot.tree.ntuple.v7/test/gtest_tree_ntuple_v7_test_ntuple_types/),MatchSource.ISSUE_COMMENT,root-project,root,v6-32-06,https://github.com/root-project/root/pull/13904#issuecomment-1779185189:263,test,tests,263,https://root.cern,https://github.com/root-project/root/pull/13904#issuecomment-1779185189,7,['test'],"['test', 'testReport', 'tests']"
Testability,Build failed on ROOT-ubuntu2204/nortcxxmod.; Running on root-ubuntu-2204-1.cern.ch:/home/sftnight/build/workspace/root-pullrequests-build; [See console output](https://lcgapp-services.cern.ch/root-jenkins/job/root-pullrequests-build/188168/console).; ### Failing tests:; - [projectroot.roottest.root.io.uniquePointer.roottest_root_io_uniquePointer_privacy_interp](https://lcgapp-services.cern.ch/root-jenkins/job/root-pullrequests-build/188168/testReport/projectroot.roottest.root.io/uniquePointer/roottest_root_io_uniquePointer_privacy_interp/),MatchSource.ISSUE_COMMENT,root-project,root,v6-32-06,https://github.com/root-project/root/pull/13900#issuecomment-1781789965:263,test,tests,263,https://root.cern,https://github.com/root-project/root/pull/13900#issuecomment-1781789965,2,['test'],"['testReport', 'tests']"
Testability,Build failed on ROOT-ubuntu2204/nortcxxmod.; Running on root-ubuntu-2204-1.cern.ch:/home/sftnight/build/workspace/root-pullrequests-build; [See console output](https://lcgapp-services.cern.ch/root-jenkins/job/root-pullrequests-build/188177/console).; ### Failing tests:; - [projectroot.tree.ntuple.v7.test.gtest_tree_ntuple_v7_test_ntuple_types](https://lcgapp-services.cern.ch/root-jenkins/job/root-pullrequests-build/188177/testReport/projectroot.tree.ntuple.v7/test/gtest_tree_ntuple_v7_test_ntuple_types/),MatchSource.ISSUE_COMMENT,root-project,root,v6-32-06,https://github.com/root-project/root/pull/13904#issuecomment-1782475898:263,test,tests,263,https://root.cern,https://github.com/root-project/root/pull/13904#issuecomment-1782475898,4,['test'],"['test', 'testReport', 'tests']"
Testability,Build failed on ROOT-ubuntu2204/nortcxxmod.; Running on root-ubuntu-2204-1.cern.ch:/home/sftnight/build/workspace/root-pullrequests-build; [See console output](https://lcgapp-services.cern.ch/root-jenkins/job/root-pullrequests-build/188259/console).; ### Failing tests:; - [projectroot.roottest.python.numba.roottest_python_numba_numba](https://lcgapp-services.cern.ch/root-jenkins/job/root-pullrequests-build/188259/testReport/projectroot.roottest.python/numba/roottest_python_numba_numba/),MatchSource.ISSUE_COMMENT,root-project,root,v6-32-06,https://github.com/root-project/root/pull/13604#issuecomment-1782991130:263,test,tests,263,https://root.cern,https://github.com/root-project/root/pull/13604#issuecomment-1782991130,2,['test'],"['testReport', 'tests']"
Testability,Build failed on ROOT-ubuntu2204/nortcxxmod.; Running on root-ubuntu-2204-1.cern.ch:/home/sftnight/build/workspace/root-pullrequests-build; [See console output](https://lcgapp-services.cern.ch/root-jenkins/job/root-pullrequests-build/188759/console).; ### Failing tests:; - [projectroot.tmva.pymva.test.PyMVA_Keras_Regression](https://lcgapp-services.cern.ch/root-jenkins/job/root-pullrequests-build/188759/testReport/projectroot.tmva.pymva/test/PyMVA_Keras_Regression/),MatchSource.ISSUE_COMMENT,root-project,root,v6-32-06,https://github.com/root-project/root/pull/5280#issuecomment-1798830020:263,test,tests,263,https://root.cern,https://github.com/root-project/root/pull/5280#issuecomment-1798830020,4,['test'],"['test', 'testReport', 'tests']"
Testability,Build failed on ROOT-ubuntu2204/nortcxxmod.; Running on root-ubuntu-2204-1.cern.ch:/home/sftnight/build/workspace/root-pullrequests-build; [See console output](https://lcgapp-services.cern.ch/root-jenkins/job/root-pullrequests-build/188804/console).; ### Failing tests:; - [projectroot.tree.ntuple.v7.test.gtest_tree_ntuple_v7_test_ntuple_types](https://lcgapp-services.cern.ch/root-jenkins/job/root-pullrequests-build/188804/testReport/projectroot.tree.ntuple.v7/test/gtest_tree_ntuple_v7_test_ntuple_types/),MatchSource.ISSUE_COMMENT,root-project,root,v6-32-06,https://github.com/root-project/root/pull/13904#issuecomment-1803379890:263,test,tests,263,https://root.cern,https://github.com/root-project/root/pull/13904#issuecomment-1803379890,4,['test'],"['test', 'testReport', 'tests']"
Testability,Build failed on ROOT-ubuntu2204/nortcxxmod.; Running on root-ubuntu-2204-1.cern.ch:/home/sftnight/build/workspace/root-pullrequests-build; [See console output](https://lcgapp-services.cern.ch/root-jenkins/job/root-pullrequests-build/188814/console).; ### Failing tests:; - [projectroot.tree.ntuple.v7.test.gtest_tree_ntuple_v7_test_ntuple_types](https://lcgapp-services.cern.ch/root-jenkins/job/root-pullrequests-build/188814/testReport/projectroot.tree.ntuple.v7/test/gtest_tree_ntuple_v7_test_ntuple_types/),MatchSource.ISSUE_COMMENT,root-project,root,v6-32-06,https://github.com/root-project/root/pull/13904#issuecomment-1803623720:263,test,tests,263,https://root.cern,https://github.com/root-project/root/pull/13904#issuecomment-1803623720,4,['test'],"['test', 'testReport', 'tests']"
Testability,Build failed on ROOT-ubuntu2204/nortcxxmod.; Running on root-ubuntu-2204-1.cern.ch:/home/sftnight/build/workspace/root-pullrequests-build; [See console output](https://lcgapp-services.cern.ch/root-jenkins/job/root-pullrequests-build/189004/console).; ### Failing tests:; - [projectroot.tmva.pymva.test.PyMVA_Keras_Regression](https://lcgapp-services.cern.ch/root-jenkins/job/root-pullrequests-build/189004/testReport/projectroot.tmva.pymva/test/PyMVA_Keras_Regression/),MatchSource.ISSUE_COMMENT,root-project,root,v6-32-06,https://github.com/root-project/root/pull/6908#issuecomment-1808104750:263,test,tests,263,https://root.cern,https://github.com/root-project/root/pull/6908#issuecomment-1808104750,4,['test'],"['test', 'testReport', 'tests']"
Testability,Build failed on ROOT-ubuntu2204/nortcxxmod.; Running on root-ubuntu-2204-1.cern.ch:/home/sftnight/build/workspace/root-pullrequests-build; [See console output](https://lcgapp-services.cern.ch/root-jenkins/job/root-pullrequests-build/189029/console).; ### Failing tests:; - [projectroot.test.test_stressgraphics_interpreted](https://lcgapp-services.cern.ch/root-jenkins/job/root-pullrequests-build/189029/testReport/projectroot/test/test_stressgraphics_interpreted/),MatchSource.ISSUE_COMMENT,root-project,root,v6-32-06,https://github.com/root-project/root/pull/14045#issuecomment-1808364450:263,test,tests,263,https://root.cern,https://github.com/root-project/root/pull/14045#issuecomment-1808364450,4,['test'],"['test', 'testReport', 'tests']"
Testability,Build failed on ROOT-ubuntu2204/nortcxxmod.; Running on root-ubuntu-2204-1.cern.ch:/home/sftnight/build/workspace/root-pullrequests-build; [See console output](https://lcgapp-services.cern.ch/root-jenkins/job/root-pullrequests-build/189399/console).; ### Failing tests:; - [projectroot.tree.ntuple.v7.test.gtest_tree_ntuple_v7_test_ntuple_types](https://lcgapp-services.cern.ch/root-jenkins/job/root-pullrequests-build/189399/testReport/projectroot.tree.ntuple.v7/test/gtest_tree_ntuple_v7_test_ntuple_types/),MatchSource.ISSUE_COMMENT,root-project,root,v6-32-06,https://github.com/root-project/root/pull/13904#issuecomment-1812764660:263,test,tests,263,https://root.cern,https://github.com/root-project/root/pull/13904#issuecomment-1812764660,4,['test'],"['test', 'testReport', 'tests']"
Testability,Build failed on ROOT-ubuntu2204/nortcxxmod.; Running on root-ubuntu-2204-1.cern.ch:/home/sftnight/build/workspace/root-pullrequests-build; [See console output](https://lcgapp-services.cern.ch/root-jenkins/job/root-pullrequests-build/189494/console).; ### Failing tests:; - [projectroot.core.base.test.gtest_core_base_test_CoreBaseTests](https://lcgapp-services.cern.ch/root-jenkins/job/root-pullrequests-build/189494/testReport/projectroot.core.base/test/gtest_core_base_test_CoreBaseTests/),MatchSource.ISSUE_COMMENT,root-project,root,v6-32-06,https://github.com/root-project/root/pull/14067#issuecomment-1814767528:263,test,tests,263,https://root.cern,https://github.com/root-project/root/pull/14067#issuecomment-1814767528,4,['test'],"['test', 'testReport', 'tests']"
Testability,Build failed on ROOT-ubuntu2204/nortcxxmod.; Running on root-ubuntu-2204-1.cern.ch:/home/sftnight/build/workspace/root-pullrequests-build; [See console output](https://lcgapp-services.cern.ch/root-jenkins/job/root-pullrequests-build/189860/console).; ### Failing tests:; - [projectroot.tmva.sofie.test.gtest_tmva_sofie_test_TestSofieModels](https://lcgapp-services.cern.ch/root-jenkins/job/root-pullrequests-build/189860/testReport/projectroot.tmva.sofie/test/gtest_tmva_sofie_test_TestSofieModels/),MatchSource.ISSUE_COMMENT,root-project,root,v6-32-06,https://github.com/root-project/root/pull/14079#issuecomment-1820404191:263,test,tests,263,https://root.cern,https://github.com/root-project/root/pull/14079#issuecomment-1820404191,4,['test'],"['test', 'testReport', 'tests']"
Testability,Build failed on ROOT-ubuntu2204/nortcxxmod.; Running on root-ubuntu-2204-1.cern.ch:/home/sftnight/build/workspace/root-pullrequests-build; [See console output](https://lcgapp-services.cern.ch/root-jenkins/job/root-pullrequests-build/189880/console).; ### Failing tests:; - [projectroot.roottest.root.meta.roottest_root_meta_runMemberComments](https://lcgapp-services.cern.ch/root-jenkins/job/root-pullrequests-build/189880/testReport/projectroot.roottest.root/meta/roottest_root_meta_runMemberComments/),MatchSource.ISSUE_COMMENT,root-project,root,v6-32-06,https://github.com/root-project/root/pull/14077#issuecomment-1820905658:263,test,tests,263,https://root.cern,https://github.com/root-project/root/pull/14077#issuecomment-1820905658,2,['test'],"['testReport', 'tests']"
Testability,Build failed on ROOT-ubuntu2204/nortcxxmod.; Running on root-ubuntu-2204-1.cern.ch:/home/sftnight/build/workspace/root-pullrequests-build; [See console output](https://lcgapp-services.cern.ch/root-jenkins/job/root-pullrequests-build/189980/console).; ### Failing tests:; - [projectroot.roottest.root.hist.roottest_root_hist_h2root](https://lcgapp-services.cern.ch/root-jenkins/job/root-pullrequests-build/189980/testReport/projectroot.roottest.root/hist/roottest_root_hist_h2root/),MatchSource.ISSUE_COMMENT,root-project,root,v6-32-06,https://github.com/root-project/root/pull/14089#issuecomment-1822477708:263,test,tests,263,https://root.cern,https://github.com/root-project/root/pull/14089#issuecomment-1822477708,2,['test'],"['testReport', 'tests']"
Testability,Build failed on ROOT-ubuntu2204/nortcxxmod.; Running on root-ubuntu-2204-1.cern.ch:/home/sftnight/build/workspace/root-pullrequests-build; [See console output](https://lcgapp-services.cern.ch/root-jenkins/job/root-pullrequests-build/190005/console).; ### Failing tests:; - [projectroot.tmva.pymva.test.PyMVA_Keras_Regression](https://lcgapp-services.cern.ch/root-jenkins/job/root-pullrequests-build/190005/testReport/projectroot.tmva.pymva/test/PyMVA_Keras_Regression/),MatchSource.ISSUE_COMMENT,root-project,root,v6-32-06,https://github.com/root-project/root/pull/14089#issuecomment-1822724850:263,test,tests,263,https://root.cern,https://github.com/root-project/root/pull/14089#issuecomment-1822724850,4,['test'],"['test', 'testReport', 'tests']"
Testability,Build failed on ROOT-ubuntu2204/nortcxxmod.; Running on root-ubuntu-2204-1.cern.ch:/home/sftnight/build/workspace/root-pullrequests-build; [See console output](https://lcgapp-services.cern.ch/root-jenkins/job/root-pullrequests-build/190010/console).; ### Failing tests:; - [projectroot.tree.ntuple.v7.test.gtest_tree_ntuple_v7_test_ntuple_cluster](https://lcgapp-services.cern.ch/root-jenkins/job/root-pullrequests-build/190010/testReport/projectroot.tree.ntuple.v7/test/gtest_tree_ntuple_v7_test_ntuple_cluster/),MatchSource.ISSUE_COMMENT,root-project,root,v6-32-06,https://github.com/root-project/root/pull/13779#issuecomment-1822946681:263,test,tests,263,https://root.cern,https://github.com/root-project/root/pull/13779#issuecomment-1822946681,4,['test'],"['test', 'testReport', 'tests']"
Testability,Build failed on ROOT-ubuntu2204/nortcxxmod.; Running on root-ubuntu-2204-1.cern.ch:/home/sftnight/build/workspace/root-pullrequests-build; [See console output](https://lcgapp-services.cern.ch/root-jenkins/job/root-pullrequests-build/190380/console).; ### Failing tests:; - [projectroot.bindings.pyroot.pythonizations.test.pyunittests_pyroot_pyz_sofie_gnn](https://lcgapp-services.cern.ch/root-jenkins/job/root-pullrequests-build/190380/testReport/projectroot.bindings.pyroot.pythonizations/test/pyunittests_pyroot_pyz_sofie_gnn/),MatchSource.ISSUE_COMMENT,root-project,root,v6-32-06,https://github.com/root-project/root/pull/14057#issuecomment-1830353069:263,test,tests,263,https://root.cern,https://github.com/root-project/root/pull/14057#issuecomment-1830353069,4,['test'],"['test', 'testReport', 'tests']"
Testability,Build failed on ROOT-ubuntu2204/nortcxxmod.; Running on root-ubuntu-2204-1.cern.ch:/home/sftnight/build/workspace/root-pullrequests-build; [See console output](https://lcgapp-services.cern.ch/root-jenkins/job/root-pullrequests-build/190460/console).; ### Failing tests:; - [projectroot.roottest.root.hist.roottest_root_hist_h2root](https://lcgapp-services.cern.ch/root-jenkins/job/root-pullrequests-build/190460/testReport/projectroot.roottest.root/hist/roottest_root_hist_h2root/),MatchSource.ISSUE_COMMENT,root-project,root,v6-32-06,https://github.com/root-project/root/pull/14144#issuecomment-1832816757:263,test,tests,263,https://root.cern,https://github.com/root-project/root/pull/14144#issuecomment-1832816757,2,['test'],"['testReport', 'tests']"
Testability,Build failed on ROOT-ubuntu2204/nortcxxmod.; Running on root-ubuntu-2204-1.cern.ch:/home/sftnight/build/workspace/root-pullrequests-build; [See console output](https://lcgapp-services.cern.ch/root-jenkins/job/root-pullrequests-build/190657/console).; ### Failing tests:; - [projectroot.roofit.histfactory.test.gtest_roofit_histfactory_test_testHistFactory](https://lcgapp-services.cern.ch/root-jenkins/job/root-pullrequests-build/190657/testReport/projectroot.roofit.histfactory/test/gtest_roofit_histfactory_test_testHistFactory/); - [projectroot.roofit.roofitcore.test.gtest_roofit_roofitcore_test_testRooFuncWrapper](https://lcgapp-services.cern.ch/root-jenkins/job/root-pullrequests-build/190657/testReport/projectroot.roofit.roofitcore/test/gtest_roofit_roofitcore_test_testRooFuncWrapper/),MatchSource.ISSUE_COMMENT,root-project,root,v6-32-06,https://github.com/root-project/root/pull/14165#issuecomment-1837390570:263,test,tests,263,https://root.cern,https://github.com/root-project/root/pull/14165#issuecomment-1837390570,7,['test'],"['test', 'testReport', 'tests']"
Testability,Build failed on ROOT-ubuntu2204/nortcxxmod.; Running on root-ubuntu-2204-1.cern.ch:/home/sftnight/build/workspace/root-pullrequests-build; [See console output](https://lcgapp-services.cern.ch/root-jenkins/job/root-pullrequests-build/190762/console).; ### Failing tests:; - [projectroot.tmva.sofie.test.gtest_tmva_sofie_test_TestSofieModels](https://lcgapp-services.cern.ch/root-jenkins/job/root-pullrequests-build/190762/testReport/projectroot.tmva.sofie/test/gtest_tmva_sofie_test_TestSofieModels/),MatchSource.ISSUE_COMMENT,root-project,root,v6-32-06,https://github.com/root-project/root/pull/13296#issuecomment-1840478442:263,test,tests,263,https://root.cern,https://github.com/root-project/root/pull/13296#issuecomment-1840478442,4,['test'],"['test', 'testReport', 'tests']"
Testability,Build failed on ROOT-ubuntu2204/nortcxxmod.; Running on root-ubuntu-2204-1.cern.ch:/home/sftnight/build/workspace/root-pullrequests-build; [See console output](https://lcgapp-services.cern.ch/root-jenkins/job/root-pullrequests-build/190842/console).; ### Failing tests:; - [projectroot.tmva.sofie.test.gtest_tmva_sofie_test_TestSofieModels](https://lcgapp-services.cern.ch/root-jenkins/job/root-pullrequests-build/190842/testReport/projectroot.tmva.sofie/test/gtest_tmva_sofie_test_TestSofieModels/),MatchSource.ISSUE_COMMENT,root-project,root,v6-32-06,https://github.com/root-project/root/pull/14185#issuecomment-1841242120:263,test,tests,263,https://root.cern,https://github.com/root-project/root/pull/14185#issuecomment-1841242120,4,['test'],"['test', 'testReport', 'tests']"
Testability,Build failed on ROOT-ubuntu2204/nortcxxmod.; Running on root-ubuntu-2204-1.cern.ch:/home/sftnight/build/workspace/root-pullrequests-build; [See console output](https://lcgapp-services.cern.ch/root-jenkins/job/root-pullrequests-build/190862/console).; ### Errors:; - [2023-12-06T09:12:28.208Z] 1392/2512 Test #1068: tutorial-tmva-TMVA_SOFIE_GNN_Application ..........................................................***Failed Error regular expression found in output. Regex=[: error:] 3.44 sec . ### Failing tests:; - [projectroot.runtutorials.tutorial_tmva_TMVA_SOFIE_GNN_Application](https://lcgapp-services.cern.ch/root-jenkins/job/root-pullrequests-build/190862/testReport/projectroot/runtutorials/tutorial_tmva_TMVA_SOFIE_GNN_Application/); - [projectroot.runtutorials.tutorial_tmva_TMVA_SOFIE_GNN_py](https://lcgapp-services.cern.ch/root-jenkins/job/root-pullrequests-build/190862/testReport/projectroot/runtutorials/tutorial_tmva_TMVA_SOFIE_GNN_py/),MatchSource.ISSUE_COMMENT,root-project,root,v6-32-06,https://github.com/root-project/root/pull/14057#issuecomment-1842520227:303,Test,Test,303,https://root.cern,https://github.com/root-project/root/pull/14057#issuecomment-1842520227,4,"['Test', 'test']","['Test', 'testReport', 'tests']"
Testability,Build failed on ROOT-ubuntu2204/nortcxxmod.; Running on root-ubuntu-2204-1.cern.ch:/home/sftnight/build/workspace/root-pullrequests-build; [See console output](https://lcgapp-services.cern.ch/root-jenkins/job/root-pullrequests-build/192294/console).; ### Failing tests:; - [projectroot.tmva.pymva.test.PyMVA_Keras_Regression](https://lcgapp-services.cern.ch/root-jenkins/job/root-pullrequests-build/192294/testReport/projectroot.tmva.pymva/test/PyMVA_Keras_Regression/),MatchSource.ISSUE_COMMENT,root-project,root,v6-32-06,https://github.com/root-project/root/pull/14327#issuecomment-1884999805:263,test,tests,263,https://root.cern,https://github.com/root-project/root/pull/14327#issuecomment-1884999805,4,['test'],"['test', 'testReport', 'tests']"
Testability,Build failed on ROOT-ubuntu2204/nortcxxmod.; Running on root-ubuntu-2204-1.cern.ch:/home/sftnight/build/workspace/root-pullrequests-build; [See console output](https://lcgapp-services.cern.ch/root-jenkins/job/root-pullrequests-build/192375/console).; ### Failing tests:; - [projectroot.test.test_stressIOPlugins_xroot](https://lcgapp-services.cern.ch/root-jenkins/job/root-pullrequests-build/192375/testReport/projectroot/test/test_stressIOPlugins_xroot/); - [projectroot.io.io.test.gtest_io_io_test_TFile](https://lcgapp-services.cern.ch/root-jenkins/job/root-pullrequests-build/192375/testReport/projectroot.io.io/test/gtest_io_io_test_TFile/); - [projectroot.net.netxng.test.gtest_net_netxng_test_RRawFileNetXNG](https://lcgapp-services.cern.ch/root-jenkins/job/root-pullrequests-build/192375/testReport/projectroot.net.netxng/test/gtest_net_netxng_test_RRawFileNetXNG/); - [projectroot.net.netxng.test.gtest_net_netxng_test_TNetXNGFileTest](https://lcgapp-services.cern.ch/root-jenkins/job/root-pullrequests-build/192375/testReport/projectroot.net.netxng/test/gtest_net_netxng_test_TNetXNGFileTest/); - [projectroot.tree.tree.test.gtest_tree_tree_test_testTChainParsing](https://lcgapp-services.cern.ch/root-jenkins/job/root-pullrequests-build/192375/testReport/projectroot.tree.tree/test/gtest_tree_tree_test_testTChainParsing/); - [projectroot.tree.treeplayer.test.gtest_tree_treeplayer_test_treeprocessormt_remotefiles](https://lcgapp-services.cern.ch/root-jenkins/job/root-pullrequests-build/192375/testReport/projectroot.tree.treeplayer/test/gtest_tree_treeplayer_test_treeprocessormt_remotefiles/),MatchSource.ISSUE_COMMENT,root-project,root,v6-32-06,https://github.com/root-project/root/pull/14293#issuecomment-1887682807:263,test,tests,263,https://root.cern,https://github.com/root-project/root/pull/14293#issuecomment-1887682807,19,['test'],"['test', 'testReport', 'tests']"
Testability,Build failed on ROOT-ubuntu2204/nortcxxmod.; Running on root-ubuntu-2204-1.cern.ch:/home/sftnight/build/workspace/root-pullrequests-build; [See console output](https://lcgapp-services.cern.ch/root-jenkins/job/root-pullrequests-build/192445/console).; ### Failing tests:; - [projectroot.roottest.root.tree.fastcloning.roottest_root_tree_fastcloning_execCheckClusterRange](https://lcgapp-services.cern.ch/root-jenkins/job/root-pullrequests-build/192445/testReport/projectroot.roottest.root.tree/fastcloning/roottest_root_tree_fastcloning_execCheckClusterRange/),MatchSource.ISSUE_COMMENT,root-project,root,v6-32-06,https://github.com/root-project/root/pull/14268#issuecomment-1888928918:263,test,tests,263,https://root.cern,https://github.com/root-project/root/pull/14268#issuecomment-1888928918,2,['test'],"['testReport', 'tests']"
Testability,Build failed on ROOT-ubuntu2204/nortcxxmod.; Running on root-ubuntu-2204-1.cern.ch:/home/sftnight/build/workspace/root-pullrequests-build; [See console output](https://lcgapp-services.cern.ch/root-jenkins/job/root-pullrequests-build/192541/console).; ### Failing tests:; - [projectroot.tree.dataframe.test.gtest_tree_dataframe_test_datasource_ntuple](https://lcgapp-services.cern.ch/root-jenkins/job/root-pullrequests-build/192541/testReport/projectroot.tree.dataframe/test/gtest_tree_dataframe_test_datasource_ntuple/),MatchSource.ISSUE_COMMENT,root-project,root,v6-32-06,https://github.com/root-project/root/pull/13040#issuecomment-1889732308:263,test,tests,263,https://root.cern,https://github.com/root-project/root/pull/13040#issuecomment-1889732308,4,['test'],"['test', 'testReport', 'tests']"
Testability,Build failed on ROOT-ubuntu2204/nortcxxmod.; Running on root-ubuntu-2204-1.cern.ch:/home/sftnight/build/workspace/root-pullrequests-build; [See console output](https://lcgapp-services.cern.ch/root-jenkins/job/root-pullrequests-build/192591/console).; ### Failing tests:; - [projectroot.bindings.pyroot.pythonizations.test.pyunittests_pyroot_rdf_define_pyz](https://lcgapp-services.cern.ch/root-jenkins/job/root-pullrequests-build/192591/testReport/projectroot.bindings.pyroot.pythonizations/test/pyunittests_pyroot_rdf_define_pyz/); - [projectroot.bindings.pyroot.pythonizations.test.pyunittests_pyroot_rdf_filter_pyz](https://lcgapp-services.cern.ch/root-jenkins/job/root-pullrequests-build/192591/testReport/projectroot.bindings.pyroot.pythonizations/test/pyunittests_pyroot_rdf_filter_pyz/); - [projectroot.bindings.pyroot.pythonizations.test.pyunittests_pyroot_numbadeclare](https://lcgapp-services.cern.ch/root-jenkins/job/root-pullrequests-build/192591/testReport/projectroot.bindings.pyroot.pythonizations/test/pyunittests_pyroot_numbadeclare/),MatchSource.ISSUE_COMMENT,root-project,root,v6-32-06,https://github.com/root-project/root/pull/14340#issuecomment-1890763741:263,test,tests,263,https://root.cern,https://github.com/root-project/root/pull/14340#issuecomment-1890763741,10,['test'],"['test', 'testReport', 'tests']"
Testability,Build failed on ROOT-ubuntu2204/nortcxxmod.; Running on root-ubuntu-2204-1.cern.ch:/home/sftnight/build/workspace/root-pullrequests-build; [See console output](https://lcgapp-services.cern.ch/root-jenkins/job/root-pullrequests-build/195623/console).; ### Failing tests:; - [projectroot.roottest.python.numba.roottest_python_numba_numba](https://lcgapp-services.cern.ch/root-jenkins/job/root-pullrequests-build/195623/testReport/projectroot.roottest.python/numba/roottest_python_numba_numba/),MatchSource.ISSUE_COMMENT,root-project,root,v6-32-06,https://github.com/root-project/root/pull/14735#issuecomment-1945645756:263,test,tests,263,https://root.cern,https://github.com/root-project/root/pull/14735#issuecomment-1945645756,2,['test'],"['testReport', 'tests']"
Testability,Build failed on ROOT-ubuntu2204/nortcxxmod.; Running on root-ubuntu-2204-1.cern.ch:/home/sftnight/build/workspace/root-pullrequests-build; [See console output](https://lcgapp-services.cern.ch/root-jenkins/job/root-pullrequests-build/195748/console).; ### Failing tests:; - [projectroot.tmva.pymva.test.PyMVA_Torch_Classification](https://lcgapp-services.cern.ch/root-jenkins/job/root-pullrequests-build/195748/testReport/projectroot.tmva.pymva/test/PyMVA_Torch_Classification/); - [projectroot.tmva.pymva.test.PyMVA_Torch_Regression](https://lcgapp-services.cern.ch/root-jenkins/job/root-pullrequests-build/195748/testReport/projectroot.tmva.pymva/test/PyMVA_Torch_Regression/); - [projectroot.tmva.pymva.test.PyMVA_Torch_Multiclass](https://lcgapp-services.cern.ch/root-jenkins/job/root-pullrequests-build/195748/testReport/projectroot.tmva.pymva/test/PyMVA_Torch_Multiclass/); - [projectroot.tmva.pymva.test.gtest_tmva_pymva_test_TestRModelParserPyTorch](https://lcgapp-services.cern.ch/root-jenkins/job/root-pullrequests-build/195748/testReport/projectroot.tmva.pymva/test/gtest_tmva_pymva_test_TestRModelParserPyTorch/),MatchSource.ISSUE_COMMENT,root-project,root,v6-32-06,https://github.com/root-project/root/pull/14742#issuecomment-1947801815:263,test,tests,263,https://root.cern,https://github.com/root-project/root/pull/14742#issuecomment-1947801815,13,['test'],"['test', 'testReport', 'tests']"
Testability,Build failed on ROOT-ubuntu2204/nortcxxmod.; Running on root-ubuntu-2204-1.cern.ch:/home/sftnight/build/workspace/root-pullrequests-build; [See console output](https://lcgapp-services.cern.ch/root-jenkins/job/root-pullrequests-build/195758/console).; ### Failing tests:; - [projectroot.tmva.pymva.test.PyMVA_Torch_Regression](https://lcgapp-services.cern.ch/root-jenkins/job/root-pullrequests-build/195758/testReport/projectroot.tmva.pymva/test/PyMVA_Torch_Regression/); - [projectroot.tmva.pymva.test.PyMVA_Torch_Classification](https://lcgapp-services.cern.ch/root-jenkins/job/root-pullrequests-build/195758/testReport/projectroot.tmva.pymva/test/PyMVA_Torch_Classification/); - [projectroot.tmva.pymva.test.PyMVA_Torch_Multiclass](https://lcgapp-services.cern.ch/root-jenkins/job/root-pullrequests-build/195758/testReport/projectroot.tmva.pymva/test/PyMVA_Torch_Multiclass/); - [projectroot.tmva.pymva.test.gtest_tmva_pymva_test_TestRModelParserPyTorch](https://lcgapp-services.cern.ch/root-jenkins/job/root-pullrequests-build/195758/testReport/projectroot.tmva.pymva/test/gtest_tmva_pymva_test_TestRModelParserPyTorch/),MatchSource.ISSUE_COMMENT,root-project,root,v6-32-06,https://github.com/root-project/root/pull/14707#issuecomment-1947973203:263,test,tests,263,https://root.cern,https://github.com/root-project/root/pull/14707#issuecomment-1947973203,13,['test'],"['test', 'testReport', 'tests']"
Testability,Build failed on ROOT-ubuntu2204/nortcxxmod.; Running on root-ubuntu-2204-1.cern.ch:/home/sftnight/build/workspace/root-pullrequests-build; [See console output](https://lcgapp-services.cern.ch/root-jenkins/job/root-pullrequests-build/195768/console).; ### Failing tests:; - [projectroot.tmva.pymva.test.PyMVA_Torch_Regression](https://lcgapp-services.cern.ch/root-jenkins/job/root-pullrequests-build/195768/testReport/projectroot.tmva.pymva/test/PyMVA_Torch_Regression/); - [projectroot.tmva.pymva.test.PyMVA_Torch_Classification](https://lcgapp-services.cern.ch/root-jenkins/job/root-pullrequests-build/195768/testReport/projectroot.tmva.pymva/test/PyMVA_Torch_Classification/); - [projectroot.tmva.pymva.test.PyMVA_Torch_Multiclass](https://lcgapp-services.cern.ch/root-jenkins/job/root-pullrequests-build/195768/testReport/projectroot.tmva.pymva/test/PyMVA_Torch_Multiclass/); - [projectroot.tmva.pymva.test.gtest_tmva_pymva_test_TestRModelParserPyTorch](https://lcgapp-services.cern.ch/root-jenkins/job/root-pullrequests-build/195768/testReport/projectroot.tmva.pymva/test/gtest_tmva_pymva_test_TestRModelParserPyTorch/),MatchSource.ISSUE_COMMENT,root-project,root,v6-32-06,https://github.com/root-project/root/pull/14726#issuecomment-1948134927:263,test,tests,263,https://root.cern,https://github.com/root-project/root/pull/14726#issuecomment-1948134927,13,['test'],"['test', 'testReport', 'tests']"
Testability,Build failed on ROOT-ubuntu2204/nortcxxmod.; Running on root-ubuntu-2204-1.cern.ch:/home/sftnight/build/workspace/root-pullrequests-build; [See console output](https://lcgapp-services.cern.ch/root-jenkins/job/root-pullrequests-build/195773/console).; ### Failing tests:; - [projectroot.tmva.pymva.test.PyMVA_Torch_Regression](https://lcgapp-services.cern.ch/root-jenkins/job/root-pullrequests-build/195773/testReport/projectroot.tmva.pymva/test/PyMVA_Torch_Regression/); - [projectroot.tmva.pymva.test.PyMVA_Torch_Classification](https://lcgapp-services.cern.ch/root-jenkins/job/root-pullrequests-build/195773/testReport/projectroot.tmva.pymva/test/PyMVA_Torch_Classification/); - [projectroot.tmva.pymva.test.PyMVA_Torch_Multiclass](https://lcgapp-services.cern.ch/root-jenkins/job/root-pullrequests-build/195773/testReport/projectroot.tmva.pymva/test/PyMVA_Torch_Multiclass/); - [projectroot.tmva.pymva.test.gtest_tmva_pymva_test_TestRModelParserPyTorch](https://lcgapp-services.cern.ch/root-jenkins/job/root-pullrequests-build/195773/testReport/projectroot.tmva.pymva/test/gtest_tmva_pymva_test_TestRModelParserPyTorch/),MatchSource.ISSUE_COMMENT,root-project,root,v6-32-06,https://github.com/root-project/root/pull/14413#issuecomment-1948194654:263,test,tests,263,https://root.cern,https://github.com/root-project/root/pull/14413#issuecomment-1948194654,13,['test'],"['test', 'testReport', 'tests']"
Testability,Build failed on ROOT-ubuntu2204/nortcxxmod.; Running on root-ubuntu-2204-1.cern.ch:/home/sftnight/build/workspace/root-pullrequests-build; [See console output](https://lcgapp-services.cern.ch/root-jenkins/job/root-pullrequests-build/195813/console).; ### Failing tests:; - [projectroot.tmva.pymva.test.PyMVA_Torch_Classification](https://lcgapp-services.cern.ch/root-jenkins/job/root-pullrequests-build/195813/testReport/projectroot.tmva.pymva/test/PyMVA_Torch_Classification/); - [projectroot.tmva.pymva.test.PyMVA_Torch_Regression](https://lcgapp-services.cern.ch/root-jenkins/job/root-pullrequests-build/195813/testReport/projectroot.tmva.pymva/test/PyMVA_Torch_Regression/); - [projectroot.tmva.pymva.test.PyMVA_Torch_Multiclass](https://lcgapp-services.cern.ch/root-jenkins/job/root-pullrequests-build/195813/testReport/projectroot.tmva.pymva/test/PyMVA_Torch_Multiclass/); - [projectroot.tmva.pymva.test.gtest_tmva_pymva_test_TestRModelParserPyTorch](https://lcgapp-services.cern.ch/root-jenkins/job/root-pullrequests-build/195813/testReport/projectroot.tmva.pymva/test/gtest_tmva_pymva_test_TestRModelParserPyTorch/),MatchSource.ISSUE_COMMENT,root-project,root,v6-32-06,https://github.com/root-project/root/pull/14749#issuecomment-1948409251:263,test,tests,263,https://root.cern,https://github.com/root-project/root/pull/14749#issuecomment-1948409251,13,['test'],"['test', 'testReport', 'tests']"
Testability,Build failed on ROOT-ubuntu2204/nortcxxmod.; Running on root-ubuntu-2204-1.cern.ch:/home/sftnight/build/workspace/root-pullrequests-build; [See console output](https://lcgapp-services.cern.ch/root-jenkins/job/root-pullrequests-build/195828/console).; ### Failing tests:; - [projectroot.tmva.pymva.test.PyMVA_Torch_Regression](https://lcgapp-services.cern.ch/root-jenkins/job/root-pullrequests-build/195828/testReport/projectroot.tmva.pymva/test/PyMVA_Torch_Regression/); - [projectroot.tmva.pymva.test.PyMVA_Torch_Classification](https://lcgapp-services.cern.ch/root-jenkins/job/root-pullrequests-build/195828/testReport/projectroot.tmva.pymva/test/PyMVA_Torch_Classification/); - [projectroot.tmva.pymva.test.PyMVA_Torch_Multiclass](https://lcgapp-services.cern.ch/root-jenkins/job/root-pullrequests-build/195828/testReport/projectroot.tmva.pymva/test/PyMVA_Torch_Multiclass/); - [projectroot.tmva.pymva.test.gtest_tmva_pymva_test_TestRModelParserPyTorch](https://lcgapp-services.cern.ch/root-jenkins/job/root-pullrequests-build/195828/testReport/projectroot.tmva.pymva/test/gtest_tmva_pymva_test_TestRModelParserPyTorch/),MatchSource.ISSUE_COMMENT,root-project,root,v6-32-06,https://github.com/root-project/root/pull/14736#issuecomment-1948447050:263,test,tests,263,https://root.cern,https://github.com/root-project/root/pull/14736#issuecomment-1948447050,13,['test'],"['test', 'testReport', 'tests']"
Testability,Build failed on ROOT-ubuntu2204/nortcxxmod.; Running on root-ubuntu-2204-1.cern.ch:/home/sftnight/build/workspace/root-pullrequests-build; [See console output](https://lcgapp-services.cern.ch/root-jenkins/job/root-pullrequests-build/195833/console).; ### Failing tests:; - [projectroot.test.test_stressgraphics_interpreted](https://lcgapp-services.cern.ch/root-jenkins/job/root-pullrequests-build/195833/testReport/projectroot/test/test_stressgraphics_interpreted/); - [projectroot.roottest.root.meta.tclass.roottest_root_meta_tclass_SimpleVector_libgen_build](https://lcgapp-services.cern.ch/root-jenkins/job/root-pullrequests-build/195833/testReport/projectroot.roottest.root.meta/tclass/roottest_root_meta_tclass_SimpleVector_libgen_build/); - [projectroot.roottest.root.meta.tclass.roottest_root_meta_tclass_execSimpleVector](https://lcgapp-services.cern.ch/root-jenkins/job/root-pullrequests-build/195833/testReport/projectroot.roottest.root.meta/tclass/roottest_root_meta_tclass_execSimpleVector/); - [projectroot.tmva.tmva.test.Method.gtest_tmva_tmva_test_Method_TestMethodDNNValidationSize](https://lcgapp-services.cern.ch/root-jenkins/job/root-pullrequests-build/195833/testReport/projectroot.tmva.tmva.test/Method/gtest_tmva_tmva_test_Method_TestMethodDNNValidationSize/); - [projectroot.tmva.tmva.test.ROC.gtest_tmva_tmva_test_ROC_testRocWeights](https://lcgapp-services.cern.ch/root-jenkins/job/root-pullrequests-build/195833/testReport/projectroot.tmva.tmva.test/ROC/gtest_tmva_tmva_test_ROC_testRocWeights/); - [projectroot.tmva.tmva.test.crossvalidation.gtest_tmva_tmva_test_crossvalidation_testCrossValidationSplitting](https://lcgapp-services.cern.ch/root-jenkins/job/root-pullrequests-build/195833/testReport/projectroot.tmva.tmva.test/crossvalidation/gtest_tmva_tmva_test_crossvalidation_testCrossValidationSplitting/); - [projectroot.tmva.tmva.test.crossvalidation.gtest_tmva_tmva_test_crossvalidation_testCrossValidationIntVar](https://lcgapp-services.cern.ch/root-jenkins/job/roo,MatchSource.ISSUE_COMMENT,root-project,root,v6-32-06,https://github.com/root-project/root/pull/14751#issuecomment-1948602290:263,test,tests,263,https://root.cern,https://github.com/root-project/root/pull/14751#issuecomment-1948602290,6,['test'],"['test', 'testReport', 'tests']"
Testability,Build failed on ROOT-ubuntu2204/nortcxxmod.; Running on root-ubuntu-2204-1.cern.ch:/home/sftnight/build/workspace/root-pullrequests-build; [See console output](https://lcgapp-services.cern.ch/root-jenkins/job/root-pullrequests-build/195848/console).; ### Failing tests:; - [projectroot.tmva.pymva.test.PyMVA_Torch_Regression](https://lcgapp-services.cern.ch/root-jenkins/job/root-pullrequests-build/195848/testReport/projectroot.tmva.pymva/test/PyMVA_Torch_Regression/); - [projectroot.tmva.pymva.test.PyMVA_Torch_Classification](https://lcgapp-services.cern.ch/root-jenkins/job/root-pullrequests-build/195848/testReport/projectroot.tmva.pymva/test/PyMVA_Torch_Classification/); - [projectroot.tmva.pymva.test.PyMVA_Torch_Multiclass](https://lcgapp-services.cern.ch/root-jenkins/job/root-pullrequests-build/195848/testReport/projectroot.tmva.pymva/test/PyMVA_Torch_Multiclass/); - [projectroot.tmva.pymva.test.gtest_tmva_pymva_test_TestRModelParserPyTorch](https://lcgapp-services.cern.ch/root-jenkins/job/root-pullrequests-build/195848/testReport/projectroot.tmva.pymva/test/gtest_tmva_pymva_test_TestRModelParserPyTorch/),MatchSource.ISSUE_COMMENT,root-project,root,v6-32-06,https://github.com/root-project/root/pull/14753#issuecomment-1948800015:263,test,tests,263,https://root.cern,https://github.com/root-project/root/pull/14753#issuecomment-1948800015,13,['test'],"['test', 'testReport', 'tests']"
Testability,Build failed on ROOT-ubuntu2204/nortcxxmod.; Running on root-ubuntu-2204-1.cern.ch:/home/sftnight/build/workspace/root-pullrequests-build; [See console output](https://lcgapp-services.cern.ch/root-jenkins/job/root-pullrequests-build/195853/console).; ### Failing tests:; - [projectroot.tmva.pymva.test.PyMVA_Torch_Regression](https://lcgapp-services.cern.ch/root-jenkins/job/root-pullrequests-build/195853/testReport/projectroot.tmva.pymva/test/PyMVA_Torch_Regression/); - [projectroot.tmva.pymva.test.PyMVA_Torch_Classification](https://lcgapp-services.cern.ch/root-jenkins/job/root-pullrequests-build/195853/testReport/projectroot.tmva.pymva/test/PyMVA_Torch_Classification/); - [projectroot.tmva.pymva.test.PyMVA_Torch_Multiclass](https://lcgapp-services.cern.ch/root-jenkins/job/root-pullrequests-build/195853/testReport/projectroot.tmva.pymva/test/PyMVA_Torch_Multiclass/); - [projectroot.tmva.pymva.test.gtest_tmva_pymva_test_TestRModelParserPyTorch](https://lcgapp-services.cern.ch/root-jenkins/job/root-pullrequests-build/195853/testReport/projectroot.tmva.pymva/test/gtest_tmva_pymva_test_TestRModelParserPyTorch/),MatchSource.ISSUE_COMMENT,root-project,root,v6-32-06,https://github.com/root-project/root/pull/14754#issuecomment-1948938541:263,test,tests,263,https://root.cern,https://github.com/root-project/root/pull/14754#issuecomment-1948938541,13,['test'],"['test', 'testReport', 'tests']"
Testability,Build failed on ROOT-ubuntu2204/nortcxxmod.; Running on root-ubuntu-2204-1.cern.ch:/home/sftnight/build/workspace/root-pullrequests-build; [See console output](https://lcgapp-services.cern.ch/root-jenkins/job/root-pullrequests-build/195868/console).; ### Errors:; - [2024-02-16T17:51:05.902Z] /home/sftnight/build/workspace/root-pullrequests-build/build/tmva/sofie/test/RangeFloat_FromONNX.hxx:23:13: error: ‘other’ was not declared in this scope ; - [2024-02-16T17:51:05.902Z] /home/sftnight/build/workspace/root-pullrequests-build/build/tmva/sofie/test/RangeFloat_FromONNX.hxx:23:18: error: template argument 1 is invalid ; - [2024-02-16T17:51:05.902Z] /home/sftnight/build/workspace/root-pullrequests-build/build/tmva/sofie/test/RangeFloat_FromONNX.hxx:23:18: error: template argument 2 is invalid ; - [2024-02-16T17:51:05.902Z] /home/sftnight/build/workspace/root-pullrequests-build/build/tmva/sofie/test/RangeFloat_FromONNX.hxx:18:7: error: ‘fTensor_Y’ was not declared in this scope ; - [2024-02-16T17:51:05.902Z] /home/sftnight/build/workspace/root-pullrequests-build/build/tmva/sofie/test/RangeFloat_FromONNX.hxx:19:7: error: ‘tensor_Y’ was not declared in this scope ; - [2024-02-16T17:51:05.902Z] /home/sftnight/build/workspace/root-pullrequests-build/build/tmva/sofie/test/RangeFloat_FromONNX.hxx:27:21: error: ‘fTensor_Y’ was not declared in this scope ; - [2024-02-16T17:51:05.902Z] /home/sftnight/build/workspace/root-pullrequests-build/build/tmva/sofie/test/RangeFloat_FromONNX.hxx:29:7: error: ‘tensor_Y’ was not declared in this scope ; - [2024-02-16T17:51:05.902Z] /home/sftnight/build/workspace/root-pullrequests-build/build/tmva/sofie/test/RangeFloat_FromONNX.hxx:32:7: error: ‘fTensor_Y’ was not declared in this scope ; - [2024-02-16T17:51:05.902Z] /home/sftnight/build/workspace/root-pullrequests-build/build/tmva/sofie/test/RangeFloat_FromONNX.hxx:34:16: error: ‘other’ was not declared in this scope ; - [2024-02-16T17:51:05.902Z] /home/sftnight/build/workspace/root-pullreque,MatchSource.ISSUE_COMMENT,root-project,root,v6-32-06,https://github.com/root-project/root/pull/14413#issuecomment-1948984768:365,test,test,365,https://root.cern,https://github.com/root-project/root/pull/14413#issuecomment-1948984768,4,['test'],['test']
Testability,Build failed on ROOT-ubuntu2204/nortcxxmod.; Running on root-ubuntu-2204-1.cern.ch:/home/sftnight/build/workspace/root-pullrequests-build; [See console output](https://lcgapp-services.cern.ch/root-jenkins/job/root-pullrequests-build/195873/console).; ### Failing tests:; - [projectroot.tmva.pymva.test.PyMVA_Torch_Regression](https://lcgapp-services.cern.ch/root-jenkins/job/root-pullrequests-build/195873/testReport/projectroot.tmva.pymva/test/PyMVA_Torch_Regression/); - [projectroot.tmva.pymva.test.PyMVA_Torch_Classification](https://lcgapp-services.cern.ch/root-jenkins/job/root-pullrequests-build/195873/testReport/projectroot.tmva.pymva/test/PyMVA_Torch_Classification/); - [projectroot.tmva.pymva.test.PyMVA_Torch_Multiclass](https://lcgapp-services.cern.ch/root-jenkins/job/root-pullrequests-build/195873/testReport/projectroot.tmva.pymva/test/PyMVA_Torch_Multiclass/); - [projectroot.tmva.pymva.test.gtest_tmva_pymva_test_TestRModelParserPyTorch](https://lcgapp-services.cern.ch/root-jenkins/job/root-pullrequests-build/195873/testReport/projectroot.tmva.pymva/test/gtest_tmva_pymva_test_TestRModelParserPyTorch/),MatchSource.ISSUE_COMMENT,root-project,root,v6-32-06,https://github.com/root-project/root/pull/14747#issuecomment-1949046289:263,test,tests,263,https://root.cern,https://github.com/root-project/root/pull/14747#issuecomment-1949046289,13,['test'],"['test', 'testReport', 'tests']"
Testability,Build failed on ROOT-ubuntu2204/nortcxxmod.; Running on root-ubuntu-2204-1.cern.ch:/home/sftnight/build/workspace/root-pullrequests-build; [See console output](https://lcgapp-services.cern.ch/root-jenkins/job/root-pullrequests-build/195878/console).; ### Failing tests:; - [projectroot.tmva.pymva.test.PyMVA_Torch_Regression](https://lcgapp-services.cern.ch/root-jenkins/job/root-pullrequests-build/195878/testReport/projectroot.tmva.pymva/test/PyMVA_Torch_Regression/); - [projectroot.tmva.pymva.test.PyMVA_Torch_Classification](https://lcgapp-services.cern.ch/root-jenkins/job/root-pullrequests-build/195878/testReport/projectroot.tmva.pymva/test/PyMVA_Torch_Classification/); - [projectroot.tmva.pymva.test.PyMVA_Torch_Multiclass](https://lcgapp-services.cern.ch/root-jenkins/job/root-pullrequests-build/195878/testReport/projectroot.tmva.pymva/test/PyMVA_Torch_Multiclass/); - [projectroot.tmva.pymva.test.gtest_tmva_pymva_test_TestRModelParserPyTorch](https://lcgapp-services.cern.ch/root-jenkins/job/root-pullrequests-build/195878/testReport/projectroot.tmva.pymva/test/gtest_tmva_pymva_test_TestRModelParserPyTorch/),MatchSource.ISSUE_COMMENT,root-project,root,v6-32-06,https://github.com/root-project/root/pull/14731#issuecomment-1949344989:263,test,tests,263,https://root.cern,https://github.com/root-project/root/pull/14731#issuecomment-1949344989,13,['test'],"['test', 'testReport', 'tests']"
Testability,Build failed on ROOT-ubuntu2204/nortcxxmod.; Running on root-ubuntu-2204-1.cern.ch:/home/sftnight/build/workspace/root-pullrequests-build; [See console output](https://lcgapp-services.cern.ch/root-jenkins/job/root-pullrequests-build/195903/console).; ### Failing tests:; - [projectroot.tmva.pymva.test.PyMVA_Torch_Classification](https://lcgapp-services.cern.ch/root-jenkins/job/root-pullrequests-build/195903/testReport/projectroot.tmva.pymva/test/PyMVA_Torch_Classification/); - [projectroot.tmva.pymva.test.PyMVA_Torch_Regression](https://lcgapp-services.cern.ch/root-jenkins/job/root-pullrequests-build/195903/testReport/projectroot.tmva.pymva/test/PyMVA_Torch_Regression/); - [projectroot.tmva.pymva.test.PyMVA_Torch_Multiclass](https://lcgapp-services.cern.ch/root-jenkins/job/root-pullrequests-build/195903/testReport/projectroot.tmva.pymva/test/PyMVA_Torch_Multiclass/); - [projectroot.tmva.pymva.test.gtest_tmva_pymva_test_TestRModelParserPyTorch](https://lcgapp-services.cern.ch/root-jenkins/job/root-pullrequests-build/195903/testReport/projectroot.tmva.pymva/test/gtest_tmva_pymva_test_TestRModelParserPyTorch/),MatchSource.ISSUE_COMMENT,root-project,root,v6-32-06,https://github.com/root-project/root/pull/14756#issuecomment-1950045557:263,test,tests,263,https://root.cern,https://github.com/root-project/root/pull/14756#issuecomment-1950045557,13,['test'],"['test', 'testReport', 'tests']"
Testability,Build failed on ROOT-ubuntu2204/nortcxxmod.; Running on root-ubuntu-2204-1.cern.ch:/home/sftnight/build/workspace/root-pullrequests-build; [See console output](https://lcgapp-services.cern.ch/root-jenkins/job/root-pullrequests-build/195918/console).; ### Failing tests:; - [projectroot.tmva.pymva.test.PyMVA_Torch_Classification](https://lcgapp-services.cern.ch/root-jenkins/job/root-pullrequests-build/195918/testReport/projectroot.tmva.pymva/test/PyMVA_Torch_Classification/); - [projectroot.tmva.pymva.test.PyMVA_Torch_Multiclass](https://lcgapp-services.cern.ch/root-jenkins/job/root-pullrequests-build/195918/testReport/projectroot.tmva.pymva/test/PyMVA_Torch_Multiclass/); - [projectroot.tmva.pymva.test.PyMVA_Torch_Regression](https://lcgapp-services.cern.ch/root-jenkins/job/root-pullrequests-build/195918/testReport/projectroot.tmva.pymva/test/PyMVA_Torch_Regression/); - [projectroot.tmva.pymva.test.gtest_tmva_pymva_test_TestRModelParserPyTorch](https://lcgapp-services.cern.ch/root-jenkins/job/root-pullrequests-build/195918/testReport/projectroot.tmva.pymva/test/gtest_tmva_pymva_test_TestRModelParserPyTorch/),MatchSource.ISSUE_COMMENT,root-project,root,v6-32-06,https://github.com/root-project/root/pull/14627#issuecomment-1950164115:263,test,tests,263,https://root.cern,https://github.com/root-project/root/pull/14627#issuecomment-1950164115,13,['test'],"['test', 'testReport', 'tests']"
Testability,Build failed on ROOT-ubuntu2204/nortcxxmod.; Running on root-ubuntu-2204-1.cern.ch:/home/sftnight/build/workspace/root-pullrequests-build; [See console output](https://lcgapp-services.cern.ch/root-jenkins/job/root-pullrequests-build/195938/console).; ### Failing tests:; - [projectroot.tmva.pymva.test.PyMVA_Torch_Regression](https://lcgapp-services.cern.ch/root-jenkins/job/root-pullrequests-build/195938/testReport/projectroot.tmva.pymva/test/PyMVA_Torch_Regression/); - [projectroot.tmva.pymva.test.PyMVA_Torch_Classification](https://lcgapp-services.cern.ch/root-jenkins/job/root-pullrequests-build/195938/testReport/projectroot.tmva.pymva/test/PyMVA_Torch_Classification/); - [projectroot.tmva.pymva.test.PyMVA_Torch_Multiclass](https://lcgapp-services.cern.ch/root-jenkins/job/root-pullrequests-build/195938/testReport/projectroot.tmva.pymva/test/PyMVA_Torch_Multiclass/); - [projectroot.tmva.pymva.test.gtest_tmva_pymva_test_TestRModelParserPyTorch](https://lcgapp-services.cern.ch/root-jenkins/job/root-pullrequests-build/195938/testReport/projectroot.tmva.pymva/test/gtest_tmva_pymva_test_TestRModelParserPyTorch/),MatchSource.ISSUE_COMMENT,root-project,root,v6-32-06,https://github.com/root-project/root/pull/14755#issuecomment-1951692458:263,test,tests,263,https://root.cern,https://github.com/root-project/root/pull/14755#issuecomment-1951692458,13,['test'],"['test', 'testReport', 'tests']"
Testability,Build failed on ROOT-ubuntu2204/nortcxxmod.; Running on root-ubuntu-2204-1.cern.ch:/home/sftnight/build/workspace/root-pullrequests-build; [See console output](https://lcgapp-services.cern.ch/root-jenkins/job/root-pullrequests-build/195943/console).; ### Failing tests:; - [projectroot.tmva.pymva.test.PyMVA_Torch_Classification](https://lcgapp-services.cern.ch/root-jenkins/job/root-pullrequests-build/195943/testReport/projectroot.tmva.pymva/test/PyMVA_Torch_Classification/); - [projectroot.tmva.pymva.test.PyMVA_Torch_Regression](https://lcgapp-services.cern.ch/root-jenkins/job/root-pullrequests-build/195943/testReport/projectroot.tmva.pymva/test/PyMVA_Torch_Regression/); - [projectroot.tmva.pymva.test.PyMVA_Torch_Multiclass](https://lcgapp-services.cern.ch/root-jenkins/job/root-pullrequests-build/195943/testReport/projectroot.tmva.pymva/test/PyMVA_Torch_Multiclass/); - [projectroot.tmva.pymva.test.gtest_tmva_pymva_test_TestRModelParserPyTorch](https://lcgapp-services.cern.ch/root-jenkins/job/root-pullrequests-build/195943/testReport/projectroot.tmva.pymva/test/gtest_tmva_pymva_test_TestRModelParserPyTorch/); - [projectroot.tmva.pymva.test.PyMVA_Keras_Regression](https://lcgapp-services.cern.ch/root-jenkins/job/root-pullrequests-build/195943/testReport/projectroot.tmva.pymva/test/PyMVA_Keras_Regression/),MatchSource.ISSUE_COMMENT,root-project,root,v6-32-06,https://github.com/root-project/root/pull/14758#issuecomment-1952134412:263,test,tests,263,https://root.cern,https://github.com/root-project/root/pull/14758#issuecomment-1952134412,16,['test'],"['test', 'testReport', 'tests']"
Testability,Build failed on ROOT-ubuntu2204/nortcxxmod.; Running on root-ubuntu-2204-1.cern.ch:/home/sftnight/build/workspace/root-pullrequests-build; [See console output](https://lcgapp-services.cern.ch/root-jenkins/job/root-pullrequests-build/195958/console).; ### Failing tests:; - [projectroot.tmva.pymva.test.PyMVA_Torch_Classification](https://lcgapp-services.cern.ch/root-jenkins/job/root-pullrequests-build/195958/testReport/projectroot.tmva.pymva/test/PyMVA_Torch_Classification/); - [projectroot.tmva.pymva.test.PyMVA_Torch_Regression](https://lcgapp-services.cern.ch/root-jenkins/job/root-pullrequests-build/195958/testReport/projectroot.tmva.pymva/test/PyMVA_Torch_Regression/); - [projectroot.tmva.pymva.test.PyMVA_Torch_Multiclass](https://lcgapp-services.cern.ch/root-jenkins/job/root-pullrequests-build/195958/testReport/projectroot.tmva.pymva/test/PyMVA_Torch_Multiclass/); - [projectroot.tmva.pymva.test.gtest_tmva_pymva_test_TestRModelParserPyTorch](https://lcgapp-services.cern.ch/root-jenkins/job/root-pullrequests-build/195958/testReport/projectroot.tmva.pymva/test/gtest_tmva_pymva_test_TestRModelParserPyTorch/),MatchSource.ISSUE_COMMENT,root-project,root,v6-32-06,https://github.com/root-project/root/pull/14757#issuecomment-1952194630:263,test,tests,263,https://root.cern,https://github.com/root-project/root/pull/14757#issuecomment-1952194630,13,['test'],"['test', 'testReport', 'tests']"
Testability,Build failed on ROOT-ubuntu2204/nortcxxmod.; Running on root-ubuntu-2204-1.cern.ch:/home/sftnight/build/workspace/root-pullrequests-build; [See console output](https://lcgapp-services.cern.ch/root-jenkins/job/root-pullrequests-build/195983/console).; ### Failing tests:; - [projectroot.tmva.pymva.test.PyMVA_Torch_Classification](https://lcgapp-services.cern.ch/root-jenkins/job/root-pullrequests-build/195983/testReport/projectroot.tmva.pymva/test/PyMVA_Torch_Classification/); - [projectroot.tmva.pymva.test.PyMVA_Torch_Regression](https://lcgapp-services.cern.ch/root-jenkins/job/root-pullrequests-build/195983/testReport/projectroot.tmva.pymva/test/PyMVA_Torch_Regression/); - [projectroot.tmva.pymva.test.PyMVA_Torch_Multiclass](https://lcgapp-services.cern.ch/root-jenkins/job/root-pullrequests-build/195983/testReport/projectroot.tmva.pymva/test/PyMVA_Torch_Multiclass/); - [projectroot.tmva.pymva.test.gtest_tmva_pymva_test_TestRModelParserPyTorch](https://lcgapp-services.cern.ch/root-jenkins/job/root-pullrequests-build/195983/testReport/projectroot.tmva.pymva/test/gtest_tmva_pymva_test_TestRModelParserPyTorch/),MatchSource.ISSUE_COMMENT,root-project,root,v6-32-06,https://github.com/root-project/root/pull/14761#issuecomment-1952414683:263,test,tests,263,https://root.cern,https://github.com/root-project/root/pull/14761#issuecomment-1952414683,13,['test'],"['test', 'testReport', 'tests']"
Testability,Build failed on ROOT-ubuntu2204/nortcxxmod.; Running on root-ubuntu-2204-1.cern.ch:/home/sftnight/build/workspace/root-pullrequests-build; [See console output](https://lcgapp-services.cern.ch/root-jenkins/job/root-pullrequests-build/195988/console).; ### Failing tests:; - [projectroot.tmva.pymva.test.PyMVA_Torch_Classification](https://lcgapp-services.cern.ch/root-jenkins/job/root-pullrequests-build/195988/testReport/projectroot.tmva.pymva/test/PyMVA_Torch_Classification/); - [projectroot.tmva.pymva.test.PyMVA_Torch_Regression](https://lcgapp-services.cern.ch/root-jenkins/job/root-pullrequests-build/195988/testReport/projectroot.tmva.pymva/test/PyMVA_Torch_Regression/); - [projectroot.tmva.pymva.test.PyMVA_Torch_Multiclass](https://lcgapp-services.cern.ch/root-jenkins/job/root-pullrequests-build/195988/testReport/projectroot.tmva.pymva/test/PyMVA_Torch_Multiclass/); - [projectroot.tmva.pymva.test.gtest_tmva_pymva_test_TestRModelParserPyTorch](https://lcgapp-services.cern.ch/root-jenkins/job/root-pullrequests-build/195988/testReport/projectroot.tmva.pymva/test/gtest_tmva_pymva_test_TestRModelParserPyTorch/),MatchSource.ISSUE_COMMENT,root-project,root,v6-32-06,https://github.com/root-project/root/pull/14749#issuecomment-1952500984:263,test,tests,263,https://root.cern,https://github.com/root-project/root/pull/14749#issuecomment-1952500984,13,['test'],"['test', 'testReport', 'tests']"
Testability,Build failed on ROOT-ubuntu2204/nortcxxmod.; Running on root-ubuntu-2204-1.cern.ch:/home/sftnight/build/workspace/root-pullrequests-build; [See console output](https://lcgapp-services.cern.ch/root-jenkins/job/root-pullrequests-build/195998/console).; ### Failing tests:; - [projectroot.roottest.python.numba.roottest_python_numba_numba](https://lcgapp-services.cern.ch/root-jenkins/job/root-pullrequests-build/195998/testReport/projectroot.roottest.python/numba/roottest_python_numba_numba/); - [projectroot.tmva.pymva.test.PyMVA_Torch_Regression](https://lcgapp-services.cern.ch/root-jenkins/job/root-pullrequests-build/195998/testReport/projectroot.tmva.pymva/test/PyMVA_Torch_Regression/); - [projectroot.tmva.pymva.test.PyMVA_Torch_Classification](https://lcgapp-services.cern.ch/root-jenkins/job/root-pullrequests-build/195998/testReport/projectroot.tmva.pymva/test/PyMVA_Torch_Classification/); - [projectroot.tmva.pymva.test.PyMVA_Torch_Multiclass](https://lcgapp-services.cern.ch/root-jenkins/job/root-pullrequests-build/195998/testReport/projectroot.tmva.pymva/test/PyMVA_Torch_Multiclass/); - [projectroot.tmva.pymva.test.gtest_tmva_pymva_test_TestRModelParserPyTorch](https://lcgapp-services.cern.ch/root-jenkins/job/root-pullrequests-build/195998/testReport/projectroot.tmva.pymva/test/gtest_tmva_pymva_test_TestRModelParserPyTorch/),MatchSource.ISSUE_COMMENT,root-project,root,v6-32-06,https://github.com/root-project/root/pull/14762#issuecomment-1952626337:263,test,tests,263,https://root.cern,https://github.com/root-project/root/pull/14762#issuecomment-1952626337,14,['test'],"['test', 'testReport', 'tests']"
Testability,Build failed on ROOT-ubuntu2204/nortcxxmod.; Running on root-ubuntu-2204-1.cern.ch:/home/sftnight/build/workspace/root-pullrequests-build; [See console output](https://lcgapp-services.cern.ch/root-jenkins/job/root-pullrequests-build/196003/console).; ### Failing tests:; - [projectroot.tmva.pymva.test.PyMVA_Torch_Classification](https://lcgapp-services.cern.ch/root-jenkins/job/root-pullrequests-build/196003/testReport/projectroot.tmva.pymva/test/PyMVA_Torch_Classification/); - [projectroot.tmva.pymva.test.PyMVA_Torch_Regression](https://lcgapp-services.cern.ch/root-jenkins/job/root-pullrequests-build/196003/testReport/projectroot.tmva.pymva/test/PyMVA_Torch_Regression/); - [projectroot.tmva.pymva.test.PyMVA_Torch_Multiclass](https://lcgapp-services.cern.ch/root-jenkins/job/root-pullrequests-build/196003/testReport/projectroot.tmva.pymva/test/PyMVA_Torch_Multiclass/); - [projectroot.tmva.pymva.test.gtest_tmva_pymva_test_TestRModelParserPyTorch](https://lcgapp-services.cern.ch/root-jenkins/job/root-pullrequests-build/196003/testReport/projectroot.tmva.pymva/test/gtest_tmva_pymva_test_TestRModelParserPyTorch/),MatchSource.ISSUE_COMMENT,root-project,root,v6-32-06,https://github.com/root-project/root/pull/14763#issuecomment-1952784690:263,test,tests,263,https://root.cern,https://github.com/root-project/root/pull/14763#issuecomment-1952784690,13,['test'],"['test', 'testReport', 'tests']"
Testability,Build failed on ROOT-ubuntu2204/nortcxxmod.; Running on root-ubuntu-2204-1.cern.ch:/home/sftnight/build/workspace/root-pullrequests-build; [See console output](https://lcgapp-services.cern.ch/root-jenkins/job/root-pullrequests-build/196038/console).; ### Failing tests:; - [projectroot.roottest.root.meta.roottest_root_meta_execTypedefList_auto](https://lcgapp-services.cern.ch/root-jenkins/job/root-pullrequests-build/196038/testReport/projectroot.roottest.root/meta/roottest_root_meta_execTypedefList_auto/); - [projectroot.tmva.pymva.test.PyMVA_Torch_Classification](https://lcgapp-services.cern.ch/root-jenkins/job/root-pullrequests-build/196038/testReport/projectroot.tmva.pymva/test/PyMVA_Torch_Classification/); - [projectroot.tmva.pymva.test.PyMVA_Torch_Regression](https://lcgapp-services.cern.ch/root-jenkins/job/root-pullrequests-build/196038/testReport/projectroot.tmva.pymva/test/PyMVA_Torch_Regression/); - [projectroot.tmva.pymva.test.PyMVA_Torch_Multiclass](https://lcgapp-services.cern.ch/root-jenkins/job/root-pullrequests-build/196038/testReport/projectroot.tmva.pymva/test/PyMVA_Torch_Multiclass/); - [projectroot.tmva.pymva.test.gtest_tmva_pymva_test_TestRModelParserPyTorch](https://lcgapp-services.cern.ch/root-jenkins/job/root-pullrequests-build/196038/testReport/projectroot.tmva.pymva/test/gtest_tmva_pymva_test_TestRModelParserPyTorch/),MatchSource.ISSUE_COMMENT,root-project,root,v6-32-06,https://github.com/root-project/root/pull/8546#issuecomment-1952885530:263,test,tests,263,https://root.cern,https://github.com/root-project/root/pull/8546#issuecomment-1952885530,14,['test'],"['test', 'testReport', 'tests']"
Testability,Build failed on ROOT-ubuntu2204/nortcxxmod.; Running on root-ubuntu-2204-1.cern.ch:/home/sftnight/build/workspace/root-pullrequests-build; [See console output](https://lcgapp-services.cern.ch/root-jenkins/job/root-pullrequests-build/196068/console).; ### Failing tests:; - [projectroot.tmva.pymva.test.PyMVA_Torch_Regression](https://lcgapp-services.cern.ch/root-jenkins/job/root-pullrequests-build/196068/testReport/projectroot.tmva.pymva/test/PyMVA_Torch_Regression/); - [projectroot.tmva.pymva.test.PyMVA_Torch_Classification](https://lcgapp-services.cern.ch/root-jenkins/job/root-pullrequests-build/196068/testReport/projectroot.tmva.pymva/test/PyMVA_Torch_Classification/); - [projectroot.tmva.pymva.test.PyMVA_Torch_Multiclass](https://lcgapp-services.cern.ch/root-jenkins/job/root-pullrequests-build/196068/testReport/projectroot.tmva.pymva/test/PyMVA_Torch_Multiclass/); - [projectroot.tmva.pymva.test.gtest_tmva_pymva_test_TestRModelParserPyTorch](https://lcgapp-services.cern.ch/root-jenkins/job/root-pullrequests-build/196068/testReport/projectroot.tmva.pymva/test/gtest_tmva_pymva_test_TestRModelParserPyTorch/),MatchSource.ISSUE_COMMENT,root-project,root,v6-32-06,https://github.com/root-project/root/pull/14758#issuecomment-1953035605:263,test,tests,263,https://root.cern,https://github.com/root-project/root/pull/14758#issuecomment-1953035605,13,['test'],"['test', 'testReport', 'tests']"
Testability,Build failed on ROOT-ubuntu2204/nortcxxmod.; Running on root-ubuntu-2204-1.cern.ch:/home/sftnight/build/workspace/root-pullrequests-build; [See console output](https://lcgapp-services.cern.ch/root-jenkins/job/root-pullrequests-build/196083/console).; ### Failing tests:; - [projectroot.roottest.root.meta.roottest_root_meta_execTypedefList_auto](https://lcgapp-services.cern.ch/root-jenkins/job/root-pullrequests-build/196083/testReport/projectroot.roottest.root/meta/roottest_root_meta_execTypedefList_auto/); - [projectroot.tmva.pymva.test.PyMVA_Torch_Classification](https://lcgapp-services.cern.ch/root-jenkins/job/root-pullrequests-build/196083/testReport/projectroot.tmva.pymva/test/PyMVA_Torch_Classification/); - [projectroot.tmva.pymva.test.PyMVA_Torch_Regression](https://lcgapp-services.cern.ch/root-jenkins/job/root-pullrequests-build/196083/testReport/projectroot.tmva.pymva/test/PyMVA_Torch_Regression/); - [projectroot.tmva.pymva.test.PyMVA_Torch_Multiclass](https://lcgapp-services.cern.ch/root-jenkins/job/root-pullrequests-build/196083/testReport/projectroot.tmva.pymva/test/PyMVA_Torch_Multiclass/); - [projectroot.tmva.pymva.test.gtest_tmva_pymva_test_TestRModelParserPyTorch](https://lcgapp-services.cern.ch/root-jenkins/job/root-pullrequests-build/196083/testReport/projectroot.tmva.pymva/test/gtest_tmva_pymva_test_TestRModelParserPyTorch/),MatchSource.ISSUE_COMMENT,root-project,root,v6-32-06,https://github.com/root-project/root/pull/8546#issuecomment-1953161809:263,test,tests,263,https://root.cern,https://github.com/root-project/root/pull/8546#issuecomment-1953161809,14,['test'],"['test', 'testReport', 'tests']"
Testability,Build failed on ROOT-ubuntu2204/nortcxxmod.; Running on root-ubuntu-2204-1.cern.ch:/home/sftnight/build/workspace/root-pullrequests-build; [See console output](https://lcgapp-services.cern.ch/root-jenkins/job/root-pullrequests-build/196098/console).; ### Failing tests:; - [projectroot.tmva.pymva.test.PyMVA_Torch_Classification](https://lcgapp-services.cern.ch/root-jenkins/job/root-pullrequests-build/196098/testReport/projectroot.tmva.pymva/test/PyMVA_Torch_Classification/); - [projectroot.tmva.pymva.test.PyMVA_Torch_Regression](https://lcgapp-services.cern.ch/root-jenkins/job/root-pullrequests-build/196098/testReport/projectroot.tmva.pymva/test/PyMVA_Torch_Regression/); - [projectroot.tmva.pymva.test.PyMVA_Torch_Multiclass](https://lcgapp-services.cern.ch/root-jenkins/job/root-pullrequests-build/196098/testReport/projectroot.tmva.pymva/test/PyMVA_Torch_Multiclass/); - [projectroot.tmva.pymva.test.gtest_tmva_pymva_test_TestRModelParserPyTorch](https://lcgapp-services.cern.ch/root-jenkins/job/root-pullrequests-build/196098/testReport/projectroot.tmva.pymva/test/gtest_tmva_pymva_test_TestRModelParserPyTorch/),MatchSource.ISSUE_COMMENT,root-project,root,v6-32-06,https://github.com/root-project/root/pull/8546#issuecomment-1953664103:263,test,tests,263,https://root.cern,https://github.com/root-project/root/pull/8546#issuecomment-1953664103,13,['test'],"['test', 'testReport', 'tests']"
Testability,Build failed on ROOT-ubuntu2204/nortcxxmod.; Running on root-ubuntu-2204-1.cern.ch:/home/sftnight/build/workspace/root-pullrequests-build; [See console output](https://lcgapp-services.cern.ch/root-jenkins/job/root-pullrequests-build/196103/console).; ### Failing tests:; - [projectroot.tmva.pymva.test.PyMVA_Torch_Regression](https://lcgapp-services.cern.ch/root-jenkins/job/root-pullrequests-build/196103/testReport/projectroot.tmva.pymva/test/PyMVA_Torch_Regression/); - [projectroot.tmva.pymva.test.PyMVA_Torch_Classification](https://lcgapp-services.cern.ch/root-jenkins/job/root-pullrequests-build/196103/testReport/projectroot.tmva.pymva/test/PyMVA_Torch_Classification/); - [projectroot.tmva.pymva.test.PyMVA_Torch_Multiclass](https://lcgapp-services.cern.ch/root-jenkins/job/root-pullrequests-build/196103/testReport/projectroot.tmva.pymva/test/PyMVA_Torch_Multiclass/); - [projectroot.tmva.pymva.test.gtest_tmva_pymva_test_TestRModelParserPyTorch](https://lcgapp-services.cern.ch/root-jenkins/job/root-pullrequests-build/196103/testReport/projectroot.tmva.pymva/test/gtest_tmva_pymva_test_TestRModelParserPyTorch/),MatchSource.ISSUE_COMMENT,root-project,root,v6-32-06,https://github.com/root-project/root/pull/14628#issuecomment-1953699082:263,test,tests,263,https://root.cern,https://github.com/root-project/root/pull/14628#issuecomment-1953699082,13,['test'],"['test', 'testReport', 'tests']"
Testability,Build failed on ROOT-ubuntu2204/nortcxxmod.; Running on root-ubuntu-2204-1.cern.ch:/home/sftnight/build/workspace/root-pullrequests-build; [See console output](https://lcgapp-services.cern.ch/root-jenkins/job/root-pullrequests-build/196108/console).; ### Failing tests:; - [projectroot.tmva.pymva.test.PyMVA_Torch_Classification](https://lcgapp-services.cern.ch/root-jenkins/job/root-pullrequests-build/196108/testReport/projectroot.tmva.pymva/test/PyMVA_Torch_Classification/); - [projectroot.tmva.pymva.test.PyMVA_Torch_Multiclass](https://lcgapp-services.cern.ch/root-jenkins/job/root-pullrequests-build/196108/testReport/projectroot.tmva.pymva/test/PyMVA_Torch_Multiclass/); - [projectroot.tmva.pymva.test.PyMVA_Torch_Regression](https://lcgapp-services.cern.ch/root-jenkins/job/root-pullrequests-build/196108/testReport/projectroot.tmva.pymva/test/PyMVA_Torch_Regression/); - [projectroot.tmva.pymva.test.gtest_tmva_pymva_test_TestRModelParserPyTorch](https://lcgapp-services.cern.ch/root-jenkins/job/root-pullrequests-build/196108/testReport/projectroot.tmva.pymva/test/gtest_tmva_pymva_test_TestRModelParserPyTorch/),MatchSource.ISSUE_COMMENT,root-project,root,v6-32-06,https://github.com/root-project/root/pull/8546#issuecomment-1953760021:263,test,tests,263,https://root.cern,https://github.com/root-project/root/pull/8546#issuecomment-1953760021,13,['test'],"['test', 'testReport', 'tests']"
Testability,Build failed on ROOT-ubuntu2204/nortcxxmod.; Running on root-ubuntu-2204-1.cern.ch:/home/sftnight/build/workspace/root-pullrequests-build; [See console output](https://lcgapp-services.cern.ch/root-jenkins/job/root-pullrequests-build/196133/console).; ### Failing tests:; - [projectroot.tmva.pymva.test.PyMVA_Torch_Regression](https://lcgapp-services.cern.ch/root-jenkins/job/root-pullrequests-build/196133/testReport/projectroot.tmva.pymva/test/PyMVA_Torch_Regression/); - [projectroot.tmva.pymva.test.PyMVA_Torch_Classification](https://lcgapp-services.cern.ch/root-jenkins/job/root-pullrequests-build/196133/testReport/projectroot.tmva.pymva/test/PyMVA_Torch_Classification/); - [projectroot.tmva.pymva.test.PyMVA_Torch_Multiclass](https://lcgapp-services.cern.ch/root-jenkins/job/root-pullrequests-build/196133/testReport/projectroot.tmva.pymva/test/PyMVA_Torch_Multiclass/); - [projectroot.tmva.pymva.test.gtest_tmva_pymva_test_TestRModelParserPyTorch](https://lcgapp-services.cern.ch/root-jenkins/job/root-pullrequests-build/196133/testReport/projectroot.tmva.pymva/test/gtest_tmva_pymva_test_TestRModelParserPyTorch/),MatchSource.ISSUE_COMMENT,root-project,root,v6-32-06,https://github.com/root-project/root/pull/14758#issuecomment-1953905829:263,test,tests,263,https://root.cern,https://github.com/root-project/root/pull/14758#issuecomment-1953905829,13,['test'],"['test', 'testReport', 'tests']"
Testability,Build failed on ROOT-ubuntu2204/nortcxxmod.; Running on root-ubuntu-2204-1.cern.ch:/home/sftnight/build/workspace/root-pullrequests-build; [See console output](https://lcgapp-services.cern.ch/root-jenkins/job/root-pullrequests-build/196158/console).; ### Failing tests:; - [projectroot.tmva.pymva.test.PyMVA_Torch_Classification](https://lcgapp-services.cern.ch/root-jenkins/job/root-pullrequests-build/196158/testReport/projectroot.tmva.pymva/test/PyMVA_Torch_Classification/); - [projectroot.tmva.pymva.test.PyMVA_Torch_Regression](https://lcgapp-services.cern.ch/root-jenkins/job/root-pullrequests-build/196158/testReport/projectroot.tmva.pymva/test/PyMVA_Torch_Regression/); - [projectroot.tmva.pymva.test.PyMVA_Torch_Multiclass](https://lcgapp-services.cern.ch/root-jenkins/job/root-pullrequests-build/196158/testReport/projectroot.tmva.pymva/test/PyMVA_Torch_Multiclass/); - [projectroot.tmva.pymva.test.gtest_tmva_pymva_test_TestRModelParserPyTorch](https://lcgapp-services.cern.ch/root-jenkins/job/root-pullrequests-build/196158/testReport/projectroot.tmva.pymva/test/gtest_tmva_pymva_test_TestRModelParserPyTorch/),MatchSource.ISSUE_COMMENT,root-project,root,v6-32-06,https://github.com/root-project/root/pull/8546#issuecomment-1954041117:263,test,tests,263,https://root.cern,https://github.com/root-project/root/pull/8546#issuecomment-1954041117,13,['test'],"['test', 'testReport', 'tests']"
Testability,Build failed on ROOT-ubuntu2204/nortcxxmod.; Running on root-ubuntu-2204-1.cern.ch:/home/sftnight/build/workspace/root-pullrequests-build; [See console output](https://lcgapp-services.cern.ch/root-jenkins/job/root-pullrequests-build/196163/console).; ### Failing tests:; - [projectroot.tmva.pymva.test.PyMVA_Torch_Regression](https://lcgapp-services.cern.ch/root-jenkins/job/root-pullrequests-build/196163/testReport/projectroot.tmva.pymva/test/PyMVA_Torch_Regression/); - [projectroot.tmva.pymva.test.PyMVA_Torch_Classification](https://lcgapp-services.cern.ch/root-jenkins/job/root-pullrequests-build/196163/testReport/projectroot.tmva.pymva/test/PyMVA_Torch_Classification/); - [projectroot.tmva.pymva.test.PyMVA_Torch_Multiclass](https://lcgapp-services.cern.ch/root-jenkins/job/root-pullrequests-build/196163/testReport/projectroot.tmva.pymva/test/PyMVA_Torch_Multiclass/); - [projectroot.tmva.pymva.test.gtest_tmva_pymva_test_TestRModelParserPyTorch](https://lcgapp-services.cern.ch/root-jenkins/job/root-pullrequests-build/196163/testReport/projectroot.tmva.pymva/test/gtest_tmva_pymva_test_TestRModelParserPyTorch/),MatchSource.ISSUE_COMMENT,root-project,root,v6-32-06,https://github.com/root-project/root/pull/14774#issuecomment-1954082212:263,test,tests,263,https://root.cern,https://github.com/root-project/root/pull/14774#issuecomment-1954082212,13,['test'],"['test', 'testReport', 'tests']"
Testability,Build failed on ROOT-ubuntu2204/nortcxxmod.; Running on root-ubuntu-2204-1.cern.ch:/home/sftnight/build/workspace/root-pullrequests-build; [See console output](https://lcgapp-services.cern.ch/root-jenkins/job/root-pullrequests-build/196178/console).; ### Failing tests:; - [projectroot.core.metacling.test.gtest_core_metacling_test_TClingTest](https://lcgapp-services.cern.ch/root-jenkins/job/root-pullrequests-build/196178/testReport/projectroot.core.metacling/test/gtest_core_metacling_test_TClingTest/); - [projectroot.tmva.pymva.test.PyMVA_Torch_Classification](https://lcgapp-services.cern.ch/root-jenkins/job/root-pullrequests-build/196178/testReport/projectroot.tmva.pymva/test/PyMVA_Torch_Classification/); - [projectroot.tmva.pymva.test.PyMVA_Torch_Regression](https://lcgapp-services.cern.ch/root-jenkins/job/root-pullrequests-build/196178/testReport/projectroot.tmva.pymva/test/PyMVA_Torch_Regression/); - [projectroot.tmva.pymva.test.PyMVA_Torch_Multiclass](https://lcgapp-services.cern.ch/root-jenkins/job/root-pullrequests-build/196178/testReport/projectroot.tmva.pymva/test/PyMVA_Torch_Multiclass/); - [projectroot.tmva.pymva.test.gtest_tmva_pymva_test_TestRModelParserPyTorch](https://lcgapp-services.cern.ch/root-jenkins/job/root-pullrequests-build/196178/testReport/projectroot.tmva.pymva/test/gtest_tmva_pymva_test_TestRModelParserPyTorch/),MatchSource.ISSUE_COMMENT,root-project,root,v6-32-06,https://github.com/root-project/root/pull/14645#issuecomment-1954153787:263,test,tests,263,https://root.cern,https://github.com/root-project/root/pull/14645#issuecomment-1954153787,16,['test'],"['test', 'testReport', 'tests']"
Testability,Build failed on ROOT-ubuntu2204/nortcxxmod.; Running on root-ubuntu-2204-1.cern.ch:/home/sftnight/build/workspace/root-pullrequests-build; [See console output](https://lcgapp-services.cern.ch/root-jenkins/job/root-pullrequests-build/196183/console).; ### Failing tests:; - [projectroot.tmva.pymva.test.PyMVA_Torch_Classification](https://lcgapp-services.cern.ch/root-jenkins/job/root-pullrequests-build/196183/testReport/projectroot.tmva.pymva/test/PyMVA_Torch_Classification/); - [projectroot.tmva.pymva.test.PyMVA_Torch_Regression](https://lcgapp-services.cern.ch/root-jenkins/job/root-pullrequests-build/196183/testReport/projectroot.tmva.pymva/test/PyMVA_Torch_Regression/); - [projectroot.tmva.pymva.test.PyMVA_Torch_Multiclass](https://lcgapp-services.cern.ch/root-jenkins/job/root-pullrequests-build/196183/testReport/projectroot.tmva.pymva/test/PyMVA_Torch_Multiclass/); - [projectroot.tmva.pymva.test.gtest_tmva_pymva_test_TestRModelParserPyTorch](https://lcgapp-services.cern.ch/root-jenkins/job/root-pullrequests-build/196183/testReport/projectroot.tmva.pymva/test/gtest_tmva_pymva_test_TestRModelParserPyTorch/),MatchSource.ISSUE_COMMENT,root-project,root,v6-32-06,https://github.com/root-project/root/pull/14776#issuecomment-1954255456:263,test,tests,263,https://root.cern,https://github.com/root-project/root/pull/14776#issuecomment-1954255456,13,['test'],"['test', 'testReport', 'tests']"
Testability,Build failed on ROOT-ubuntu2204/nortcxxmod.; Running on root-ubuntu-2204-1.cern.ch:/home/sftnight/build/workspace/root-pullrequests-build; [See console output](https://lcgapp-services.cern.ch/root-jenkins/job/root-pullrequests-build/196188/console).; ### Failing tests:; - [projectroot.tmva.pymva.test.PyMVA_Torch_Classification](https://lcgapp-services.cern.ch/root-jenkins/job/root-pullrequests-build/196188/testReport/projectroot.tmva.pymva/test/PyMVA_Torch_Classification/); - [projectroot.tmva.pymva.test.PyMVA_Torch_Regression](https://lcgapp-services.cern.ch/root-jenkins/job/root-pullrequests-build/196188/testReport/projectroot.tmva.pymva/test/PyMVA_Torch_Regression/); - [projectroot.tmva.pymva.test.PyMVA_Torch_Multiclass](https://lcgapp-services.cern.ch/root-jenkins/job/root-pullrequests-build/196188/testReport/projectroot.tmva.pymva/test/PyMVA_Torch_Multiclass/); - [projectroot.tmva.pymva.test.gtest_tmva_pymva_test_TestRModelParserPyTorch](https://lcgapp-services.cern.ch/root-jenkins/job/root-pullrequests-build/196188/testReport/projectroot.tmva.pymva/test/gtest_tmva_pymva_test_TestRModelParserPyTorch/),MatchSource.ISSUE_COMMENT,root-project,root,v6-32-06,https://github.com/root-project/root/pull/14774#issuecomment-1954325335:263,test,tests,263,https://root.cern,https://github.com/root-project/root/pull/14774#issuecomment-1954325335,13,['test'],"['test', 'testReport', 'tests']"
Testability,Build failed on ROOT-ubuntu2204/nortcxxmod.; Running on root-ubuntu-2204-1.cern.ch:/home/sftnight/build/workspace/root-pullrequests-build; [See console output](https://lcgapp-services.cern.ch/root-jenkins/job/root-pullrequests-build/196193/console).; ### Failing tests:; - [projectroot.tmva.pymva.test.PyMVA_Torch_Classification](https://lcgapp-services.cern.ch/root-jenkins/job/root-pullrequests-build/196193/testReport/projectroot.tmva.pymva/test/PyMVA_Torch_Classification/); - [projectroot.tmva.pymva.test.PyMVA_Torch_Regression](https://lcgapp-services.cern.ch/root-jenkins/job/root-pullrequests-build/196193/testReport/projectroot.tmva.pymva/test/PyMVA_Torch_Regression/); - [projectroot.tmva.pymva.test.PyMVA_Torch_Multiclass](https://lcgapp-services.cern.ch/root-jenkins/job/root-pullrequests-build/196193/testReport/projectroot.tmva.pymva/test/PyMVA_Torch_Multiclass/); - [projectroot.tmva.pymva.test.gtest_tmva_pymva_test_TestRModelParserPyTorch](https://lcgapp-services.cern.ch/root-jenkins/job/root-pullrequests-build/196193/testReport/projectroot.tmva.pymva/test/gtest_tmva_pymva_test_TestRModelParserPyTorch/),MatchSource.ISSUE_COMMENT,root-project,root,v6-32-06,https://github.com/root-project/root/pull/14777#issuecomment-1954397812:263,test,tests,263,https://root.cern,https://github.com/root-project/root/pull/14777#issuecomment-1954397812,13,['test'],"['test', 'testReport', 'tests']"
Testability,Build failed on ROOT-ubuntu2204/nortcxxmod.; Running on root-ubuntu-2204-1.cern.ch:/home/sftnight/build/workspace/root-pullrequests-build; [See console output](https://lcgapp-services.cern.ch/root-jenkins/job/root-pullrequests-build/196203/console).; ### Failing tests:; - [projectroot.core.metacling.test.gtest_core_metacling_test_TClingTest](https://lcgapp-services.cern.ch/root-jenkins/job/root-pullrequests-build/196203/testReport/projectroot.core.metacling/test/gtest_core_metacling_test_TClingTest/); - [projectroot.tmva.pymva.test.PyMVA_Torch_Regression](https://lcgapp-services.cern.ch/root-jenkins/job/root-pullrequests-build/196203/testReport/projectroot.tmva.pymva/test/PyMVA_Torch_Regression/); - [projectroot.tmva.pymva.test.PyMVA_Torch_Classification](https://lcgapp-services.cern.ch/root-jenkins/job/root-pullrequests-build/196203/testReport/projectroot.tmva.pymva/test/PyMVA_Torch_Classification/); - [projectroot.tmva.pymva.test.PyMVA_Torch_Multiclass](https://lcgapp-services.cern.ch/root-jenkins/job/root-pullrequests-build/196203/testReport/projectroot.tmva.pymva/test/PyMVA_Torch_Multiclass/); - [projectroot.tmva.pymva.test.gtest_tmva_pymva_test_TestRModelParserPyTorch](https://lcgapp-services.cern.ch/root-jenkins/job/root-pullrequests-build/196203/testReport/projectroot.tmva.pymva/test/gtest_tmva_pymva_test_TestRModelParserPyTorch/),MatchSource.ISSUE_COMMENT,root-project,root,v6-32-06,https://github.com/root-project/root/pull/14645#issuecomment-1954977417:263,test,tests,263,https://root.cern,https://github.com/root-project/root/pull/14645#issuecomment-1954977417,16,['test'],"['test', 'testReport', 'tests']"
Testability,Build failed on ROOT-ubuntu2204/nortcxxmod.; Running on root-ubuntu-2204-1.cern.ch:/home/sftnight/build/workspace/root-pullrequests-build; [See console output](https://lcgapp-services.cern.ch/root-jenkins/job/root-pullrequests-build/196229/console).; ### Failing tests:; - [projectroot.roottest.python.numba.roottest_python_numba_numba](https://lcgapp-services.cern.ch/root-jenkins/job/root-pullrequests-build/196229/testReport/projectroot.roottest.python/numba/roottest_python_numba_numba/); - [projectroot.tmva.pymva.test.PyMVA_Torch_Classification](https://lcgapp-services.cern.ch/root-jenkins/job/root-pullrequests-build/196229/testReport/projectroot.tmva.pymva/test/PyMVA_Torch_Classification/); - [projectroot.tmva.pymva.test.PyMVA_Torch_Regression](https://lcgapp-services.cern.ch/root-jenkins/job/root-pullrequests-build/196229/testReport/projectroot.tmva.pymva/test/PyMVA_Torch_Regression/); - [projectroot.tmva.pymva.test.PyMVA_Torch_Multiclass](https://lcgapp-services.cern.ch/root-jenkins/job/root-pullrequests-build/196229/testReport/projectroot.tmva.pymva/test/PyMVA_Torch_Multiclass/); - [projectroot.tmva.pymva.test.gtest_tmva_pymva_test_TestRModelParserPyTorch](https://lcgapp-services.cern.ch/root-jenkins/job/root-pullrequests-build/196229/testReport/projectroot.tmva.pymva/test/gtest_tmva_pymva_test_TestRModelParserPyTorch/),MatchSource.ISSUE_COMMENT,root-project,root,v6-32-06,https://github.com/root-project/root/pull/14776#issuecomment-1956202927:263,test,tests,263,https://root.cern,https://github.com/root-project/root/pull/14776#issuecomment-1956202927,14,['test'],"['test', 'testReport', 'tests']"
Testability,Build failed on ROOT-ubuntu2204/nortcxxmod.; Running on root-ubuntu-2204-1.cern.ch:/home/sftnight/build/workspace/root-pullrequests-build; [See console output](https://lcgapp-services.cern.ch/root-jenkins/job/root-pullrequests-build/196244/console).; ### Failing tests:; - [projectroot.tmva.pymva.test.PyMVA_Torch_Regression](https://lcgapp-services.cern.ch/root-jenkins/job/root-pullrequests-build/196244/testReport/projectroot.tmva.pymva/test/PyMVA_Torch_Regression/); - [projectroot.tmva.pymva.test.PyMVA_Torch_Classification](https://lcgapp-services.cern.ch/root-jenkins/job/root-pullrequests-build/196244/testReport/projectroot.tmva.pymva/test/PyMVA_Torch_Classification/); - [projectroot.tmva.pymva.test.PyMVA_Torch_Multiclass](https://lcgapp-services.cern.ch/root-jenkins/job/root-pullrequests-build/196244/testReport/projectroot.tmva.pymva/test/PyMVA_Torch_Multiclass/); - [projectroot.tmva.pymva.test.gtest_tmva_pymva_test_TestRModelParserPyTorch](https://lcgapp-services.cern.ch/root-jenkins/job/root-pullrequests-build/196244/testReport/projectroot.tmva.pymva/test/gtest_tmva_pymva_test_TestRModelParserPyTorch/),MatchSource.ISSUE_COMMENT,root-project,root,v6-32-06,https://github.com/root-project/root/pull/14774#issuecomment-1956260930:263,test,tests,263,https://root.cern,https://github.com/root-project/root/pull/14774#issuecomment-1956260930,13,['test'],"['test', 'testReport', 'tests']"
Testability,Build failed on ROOT-ubuntu2204/nortcxxmod.; Running on root-ubuntu-2204-1.cern.ch:/home/sftnight/build/workspace/root-pullrequests-build; [See console output](https://lcgapp-services.cern.ch/root-jenkins/job/root-pullrequests-build/196254/console).; ### Failing tests:; - [projectroot.tmva.pymva.test.PyMVA_Torch_Regression](https://lcgapp-services.cern.ch/root-jenkins/job/root-pullrequests-build/196254/testReport/projectroot.tmva.pymva/test/PyMVA_Torch_Regression/); - [projectroot.tmva.pymva.test.PyMVA_Torch_Classification](https://lcgapp-services.cern.ch/root-jenkins/job/root-pullrequests-build/196254/testReport/projectroot.tmva.pymva/test/PyMVA_Torch_Classification/); - [projectroot.tmva.pymva.test.PyMVA_Torch_Multiclass](https://lcgapp-services.cern.ch/root-jenkins/job/root-pullrequests-build/196254/testReport/projectroot.tmva.pymva/test/PyMVA_Torch_Multiclass/); - [projectroot.tmva.pymva.test.gtest_tmva_pymva_test_TestRModelParserPyTorch](https://lcgapp-services.cern.ch/root-jenkins/job/root-pullrequests-build/196254/testReport/projectroot.tmva.pymva/test/gtest_tmva_pymva_test_TestRModelParserPyTorch/),MatchSource.ISSUE_COMMENT,root-project,root,v6-32-06,https://github.com/root-project/root/pull/14774#issuecomment-1956405684:263,test,tests,263,https://root.cern,https://github.com/root-project/root/pull/14774#issuecomment-1956405684,13,['test'],"['test', 'testReport', 'tests']"
Testability,Build failed on ROOT-ubuntu2204/nortcxxmod.; Running on root-ubuntu-2204-1.cern.ch:/home/sftnight/build/workspace/root-pullrequests-build; [See console output](https://lcgapp-services.cern.ch/root-jenkins/job/root-pullrequests-build/196264/console).; ### Failing tests:; - [projectroot.tmva.pymva.test.PyMVA_Keras_Regression](https://lcgapp-services.cern.ch/root-jenkins/job/root-pullrequests-build/196264/testReport/projectroot.tmva.pymva/test/PyMVA_Keras_Regression/),MatchSource.ISSUE_COMMENT,root-project,root,v6-32-06,https://github.com/root-project/root/pull/14782#issuecomment-1956471818:263,test,tests,263,https://root.cern,https://github.com/root-project/root/pull/14782#issuecomment-1956471818,4,['test'],"['test', 'testReport', 'tests']"
Testability,Build failed on ROOT-ubuntu2204/nortcxxmod.; Running on root-ubuntu-2204-1.cern.ch:/home/sftnight/build/workspace/root-pullrequests-build; [See console output](https://lcgapp-services.cern.ch/root-jenkins/job/root-pullrequests-build/196269/console).; ### Failing tests:; - [projectroot.tmva.pymva.test.PyMVA_Torch_Regression](https://lcgapp-services.cern.ch/root-jenkins/job/root-pullrequests-build/196269/testReport/projectroot.tmva.pymva/test/PyMVA_Torch_Regression/); - [projectroot.tmva.pymva.test.PyMVA_Torch_Classification](https://lcgapp-services.cern.ch/root-jenkins/job/root-pullrequests-build/196269/testReport/projectroot.tmva.pymva/test/PyMVA_Torch_Classification/); - [projectroot.tmva.pymva.test.PyMVA_Torch_Multiclass](https://lcgapp-services.cern.ch/root-jenkins/job/root-pullrequests-build/196269/testReport/projectroot.tmva.pymva/test/PyMVA_Torch_Multiclass/); - [projectroot.tmva.pymva.test.gtest_tmva_pymva_test_TestRModelParserPyTorch](https://lcgapp-services.cern.ch/root-jenkins/job/root-pullrequests-build/196269/testReport/projectroot.tmva.pymva/test/gtest_tmva_pymva_test_TestRModelParserPyTorch/),MatchSource.ISSUE_COMMENT,root-project,root,v6-32-06,https://github.com/root-project/root/pull/14784#issuecomment-1956523407:263,test,tests,263,https://root.cern,https://github.com/root-project/root/pull/14784#issuecomment-1956523407,13,['test'],"['test', 'testReport', 'tests']"
Testability,Build failed on ROOT-ubuntu2204/nortcxxmod.; Running on root-ubuntu-2204-1.cern.ch:/home/sftnight/build/workspace/root-pullrequests-build; [See console output](https://lcgapp-services.cern.ch/root-jenkins/job/root-pullrequests-build/196279/console).; ### Failing tests:; - [projectroot.tmva.pymva.test.PyMVA_Torch_Regression](https://lcgapp-services.cern.ch/root-jenkins/job/root-pullrequests-build/196279/testReport/projectroot.tmva.pymva/test/PyMVA_Torch_Regression/); - [projectroot.tmva.pymva.test.PyMVA_Torch_Multiclass](https://lcgapp-services.cern.ch/root-jenkins/job/root-pullrequests-build/196279/testReport/projectroot.tmva.pymva/test/PyMVA_Torch_Multiclass/); - [projectroot.tmva.pymva.test.PyMVA_Torch_Classification](https://lcgapp-services.cern.ch/root-jenkins/job/root-pullrequests-build/196279/testReport/projectroot.tmva.pymva/test/PyMVA_Torch_Classification/); - [projectroot.tmva.pymva.test.gtest_tmva_pymva_test_TestRModelParserPyTorch](https://lcgapp-services.cern.ch/root-jenkins/job/root-pullrequests-build/196279/testReport/projectroot.tmva.pymva/test/gtest_tmva_pymva_test_TestRModelParserPyTorch/),MatchSource.ISSUE_COMMENT,root-project,root,v6-32-06,https://github.com/root-project/root/pull/14776#issuecomment-1956799593:263,test,tests,263,https://root.cern,https://github.com/root-project/root/pull/14776#issuecomment-1956799593,13,['test'],"['test', 'testReport', 'tests']"
Testability,Build failed on ROOT-ubuntu2204/nortcxxmod.; Running on root-ubuntu-2204-1.cern.ch:/home/sftnight/build/workspace/root-pullrequests-build; [See console output](https://lcgapp-services.cern.ch/root-jenkins/job/root-pullrequests-build/196284/console).; ### Failing tests:; - [projectroot.core.metacling.test.gtest_core_metacling_test_TClingTest](https://lcgapp-services.cern.ch/root-jenkins/job/root-pullrequests-build/196284/testReport/projectroot.core.metacling/test/gtest_core_metacling_test_TClingTest/); - [projectroot.tmva.pymva.test.PyMVA_Torch_Classification](https://lcgapp-services.cern.ch/root-jenkins/job/root-pullrequests-build/196284/testReport/projectroot.tmva.pymva/test/PyMVA_Torch_Classification/); - [projectroot.tmva.pymva.test.PyMVA_Torch_Regression](https://lcgapp-services.cern.ch/root-jenkins/job/root-pullrequests-build/196284/testReport/projectroot.tmva.pymva/test/PyMVA_Torch_Regression/); - [projectroot.tmva.pymva.test.PyMVA_Torch_Multiclass](https://lcgapp-services.cern.ch/root-jenkins/job/root-pullrequests-build/196284/testReport/projectroot.tmva.pymva/test/PyMVA_Torch_Multiclass/); - [projectroot.tmva.pymva.test.gtest_tmva_pymva_test_TestRModelParserPyTorch](https://lcgapp-services.cern.ch/root-jenkins/job/root-pullrequests-build/196284/testReport/projectroot.tmva.pymva/test/gtest_tmva_pymva_test_TestRModelParserPyTorch/),MatchSource.ISSUE_COMMENT,root-project,root,v6-32-06,https://github.com/root-project/root/pull/14645#issuecomment-1956970162:263,test,tests,263,https://root.cern,https://github.com/root-project/root/pull/14645#issuecomment-1956970162,16,['test'],"['test', 'testReport', 'tests']"
Testability,Build failed on ROOT-ubuntu2204/nortcxxmod.; Running on root-ubuntu-2204-1.cern.ch:/home/sftnight/build/workspace/root-pullrequests-build; [See console output](https://lcgapp-services.cern.ch/root-jenkins/job/root-pullrequests-build/196289/console).; ### Failing tests:; - [projectroot.tmva.pymva.test.PyMVA_Torch_Regression](https://lcgapp-services.cern.ch/root-jenkins/job/root-pullrequests-build/196289/testReport/projectroot.tmva.pymva/test/PyMVA_Torch_Regression/); - [projectroot.tmva.pymva.test.PyMVA_Torch_Classification](https://lcgapp-services.cern.ch/root-jenkins/job/root-pullrequests-build/196289/testReport/projectroot.tmva.pymva/test/PyMVA_Torch_Classification/); - [projectroot.tmva.pymva.test.PyMVA_Torch_Multiclass](https://lcgapp-services.cern.ch/root-jenkins/job/root-pullrequests-build/196289/testReport/projectroot.tmva.pymva/test/PyMVA_Torch_Multiclass/); - [projectroot.tmva.pymva.test.gtest_tmva_pymva_test_TestRModelParserPyTorch](https://lcgapp-services.cern.ch/root-jenkins/job/root-pullrequests-build/196289/testReport/projectroot.tmva.pymva/test/gtest_tmva_pymva_test_TestRModelParserPyTorch/),MatchSource.ISSUE_COMMENT,root-project,root,v6-32-06,https://github.com/root-project/root/pull/14786#issuecomment-1957174817:263,test,tests,263,https://root.cern,https://github.com/root-project/root/pull/14786#issuecomment-1957174817,13,['test'],"['test', 'testReport', 'tests']"
Testability,Build failed on ROOT-ubuntu2204/nortcxxmod.; Running on root-ubuntu-2204-1.cern.ch:/home/sftnight/build/workspace/root-pullrequests-build; [See console output](https://lcgapp-services.cern.ch/root-jenkins/job/root-pullrequests-build/196299/console).; ### Failing tests:; - [projectroot.tree.dataframe.test.gtest_tree_dataframe_test_dataframe_display](https://lcgapp-services.cern.ch/root-jenkins/job/root-pullrequests-build/196299/testReport/projectroot.tree.dataframe/test/gtest_tree_dataframe_test_dataframe_display/); - [projectroot.tree.dataframe.test.gtest_tree_dataframe_test_datasource_csv](https://lcgapp-services.cern.ch/root-jenkins/job/root-pullrequests-build/196299/testReport/projectroot.tree.dataframe/test/gtest_tree_dataframe_test_datasource_csv/); - [projectroot.tmva.pymva.test.PyMVA_Torch_Regression](https://lcgapp-services.cern.ch/root-jenkins/job/root-pullrequests-build/196299/testReport/projectroot.tmva.pymva/test/PyMVA_Torch_Regression/); - [projectroot.tmva.pymva.test.PyMVA_Torch_Classification](https://lcgapp-services.cern.ch/root-jenkins/job/root-pullrequests-build/196299/testReport/projectroot.tmva.pymva/test/PyMVA_Torch_Classification/); - [projectroot.tmva.pymva.test.PyMVA_Torch_Multiclass](https://lcgapp-services.cern.ch/root-jenkins/job/root-pullrequests-build/196299/testReport/projectroot.tmva.pymva/test/PyMVA_Torch_Multiclass/); - [projectroot.tmva.pymva.test.gtest_tmva_pymva_test_TestRModelParserPyTorch](https://lcgapp-services.cern.ch/root-jenkins/job/root-pullrequests-build/196299/testReport/projectroot.tmva.pymva/test/gtest_tmva_pymva_test_TestRModelParserPyTorch/),MatchSource.ISSUE_COMMENT,root-project,root,v6-32-06,https://github.com/root-project/root/pull/14692#issuecomment-1957401309:263,test,tests,263,https://root.cern,https://github.com/root-project/root/pull/14692#issuecomment-1957401309,19,['test'],"['test', 'testReport', 'tests']"
Testability,Build failed on ROOT-ubuntu2204/nortcxxmod.; Running on root-ubuntu-2204-1.cern.ch:/home/sftnight/build/workspace/root-pullrequests-build; [See console output](https://lcgapp-services.cern.ch/root-jenkins/job/root-pullrequests-build/196565/console).; ### Failing tests:; - [projectroot.tree.dataframe.test.gtest_tree_dataframe_test_dataframe_interface](https://lcgapp-services.cern.ch/root-jenkins/job/root-pullrequests-build/196565/testReport/projectroot.tree.dataframe/test/gtest_tree_dataframe_test_dataframe_interface/),MatchSource.ISSUE_COMMENT,root-project,root,v6-32-06,https://github.com/root-project/root/pull/14676#issuecomment-1962329174:263,test,tests,263,https://root.cern,https://github.com/root-project/root/pull/14676#issuecomment-1962329174,4,['test'],"['test', 'testReport', 'tests']"
Testability,Build failed on ROOT-ubuntu2204/nortcxxmod.; Running on root-ubuntu-2204-1.cern.ch:/home/sftnight/build/workspace/root-pullrequests-build; [See console output](https://lcgapp-services.cern.ch/root-jenkins/job/root-pullrequests-build/196590/console).; ### Failing tests:; - [projectroot.roottest.root.meta.ROOT-7181.roottest_root_meta_ROOT_7181_make](https://lcgapp-services.cern.ch/root-jenkins/job/root-pullrequests-build/196590/testReport/projectroot.roottest.root.meta/ROOT-7181/roottest_root_meta_ROOT_7181_make/),MatchSource.ISSUE_COMMENT,root-project,root,v6-32-06,https://github.com/root-project/root/pull/14813#issuecomment-1962619488:263,test,tests,263,https://root.cern,https://github.com/root-project/root/pull/14813#issuecomment-1962619488,2,['test'],"['testReport', 'tests']"
Testability,Build failed on ROOT-ubuntu2204/nortcxxmod.; Running on root-ubuntu-2204-1.cern.ch:/home/sftnight/build/workspace/root-pullrequests-build; [See console output](https://lcgapp-services.cern.ch/root-jenkins/job/root-pullrequests-build/196625/console).; ### Failing tests:; - [projectroot.roottest.root.tree.cache.roottest_root_tree_cache_LastCluster](https://lcgapp-services.cern.ch/root-jenkins/job/root-pullrequests-build/196625/testReport/projectroot.roottest.root.tree/cache/roottest_root_tree_cache_LastCluster/),MatchSource.ISSUE_COMMENT,root-project,root,v6-32-06,https://github.com/root-project/root/pull/14818#issuecomment-1962959447:263,test,tests,263,https://root.cern,https://github.com/root-project/root/pull/14818#issuecomment-1962959447,2,['test'],"['testReport', 'tests']"
Testability,Build failed on ROOT-ubuntu2204/nortcxxmod.; Running on root-ubuntu-2204-1.cern.ch:/home/sftnight/build/workspace/root-pullrequests-build; [See console output](https://lcgapp-services.cern.ch/root-jenkins/job/root-pullrequests-build/196675/console).; ### Failing tests:; - [projectroot.tree.ntuple.v7.test.gtest_tree_ntuple_v7_test_ntuple_cluster](https://lcgapp-services.cern.ch/root-jenkins/job/root-pullrequests-build/196675/testReport/projectroot.tree.ntuple.v7/test/gtest_tree_ntuple_v7_test_ntuple_cluster/),MatchSource.ISSUE_COMMENT,root-project,root,v6-32-06,https://github.com/root-project/root/pull/14807#issuecomment-1964100384:263,test,tests,263,https://root.cern,https://github.com/root-project/root/pull/14807#issuecomment-1964100384,4,['test'],"['test', 'testReport', 'tests']"
Testability,Build failed on ROOT-ubuntu2204/nortcxxmod.; Running on root-ubuntu-2204-1.cern.ch:/home/sftnight/build/workspace/root-pullrequests-build; [See console output](https://lcgapp-services.cern.ch/root-jenkins/job/root-pullrequests-build/196715/console).; ### Failing tests:; - [projectroot.tmva.pymva.test.PyMVA_Keras_Regression](https://lcgapp-services.cern.ch/root-jenkins/job/root-pullrequests-build/196715/testReport/projectroot.tmva.pymva/test/PyMVA_Keras_Regression/),MatchSource.ISSUE_COMMENT,root-project,root,v6-32-06,https://github.com/root-project/root/pull/14826#issuecomment-1964409854:263,test,tests,263,https://root.cern,https://github.com/root-project/root/pull/14826#issuecomment-1964409854,4,['test'],"['test', 'testReport', 'tests']"
Testability,Build failed on ROOT-ubuntu2204/nortcxxmod.; Running on root-ubuntu-2204-1.cern.ch:/home/sftnight/build/workspace/root-pullrequests-build; [See console output](https://lcgapp-services.cern.ch/root-jenkins/job/root-pullrequests-build/196825/console).; ### Failing tests:; - [projectroot.test.test_stressgraphics_interpreted](https://lcgapp-services.cern.ch/root-jenkins/job/root-pullrequests-build/196825/testReport/projectroot/test/test_stressgraphics_interpreted/),MatchSource.ISSUE_COMMENT,root-project,root,v6-32-06,https://github.com/root-project/root/pull/14837#issuecomment-1966555734:263,test,tests,263,https://root.cern,https://github.com/root-project/root/pull/14837#issuecomment-1966555734,4,['test'],"['test', 'testReport', 'tests']"
Testability,Build failed on ROOT-ubuntu2204/nortcxxmod.; Running on root-ubuntu-2204-1.cern.ch:/home/sftnight/build/workspace/root-pullrequests-build; [See console output](https://lcgapp-services.cern.ch/root-jenkins/job/root-pullrequests-build/196865/console).; ### Failing tests:; - [projectroot.roottest.root.meta.ROOT-7181.roottest_root_meta_ROOT_7181_make](https://lcgapp-services.cern.ch/root-jenkins/job/root-pullrequests-build/196865/testReport/projectroot.roottest.root.meta/ROOT-7181/roottest_root_meta_ROOT_7181_make/),MatchSource.ISSUE_COMMENT,root-project,root,v6-32-06,https://github.com/root-project/root/pull/14813#issuecomment-1967295356:263,test,tests,263,https://root.cern,https://github.com/root-project/root/pull/14813#issuecomment-1967295356,2,['test'],"['testReport', 'tests']"
Testability,Build failed on ROOT-ubuntu2204/nortcxxmod.; Running on root-ubuntu-2204-1.cern.ch:/home/sftnight/build/workspace/root-pullrequests-build; [See console output](https://lcgapp-services.cern.ch/root-jenkins/job/root-pullrequests-build/196945/console).; ### Failing tests:; - [projectroot.bindings.experimental.distrdf.test.pyunittests_distrdf_unit_test_friendinfo](https://lcgapp-services.cern.ch/root-jenkins/job/root-pullrequests-build/196945/testReport/projectroot.bindings.experimental.distrdf/test/pyunittests_distrdf_unit_test_friendinfo/); - [projectroot.bindings.experimental.distrdf.test.pyunittests_distrdf_unit_test_headnode](https://lcgapp-services.cern.ch/root-jenkins/job/root-pullrequests-build/196945/testReport/projectroot.bindings.experimental.distrdf/test/pyunittests_distrdf_unit_test_headnode/); - [projectroot.bindings.experimental.distrdf.test.pyunittests_distrdf_unit_test_ranges](https://lcgapp-services.cern.ch/root-jenkins/job/root-pullrequests-build/196945/testReport/projectroot.bindings.experimental.distrdf/test/pyunittests_distrdf_unit_test_ranges/); - [projectroot.bindings.experimental.distrdf.test.backend.pyunittests_distrdf_unit_backend_test_graph_caching](https://lcgapp-services.cern.ch/root-jenkins/job/root-pullrequests-build/196945/testReport/projectroot.bindings.experimental.distrdf.test/backend/pyunittests_distrdf_unit_backend_test_graph_caching/); - [projectroot.roottest.python.distrdf.spark.roottest_python_distrdf_spark_test_all](https://lcgapp-services.cern.ch/root-jenkins/job/root-pullrequests-build/196945/testReport/projectroot.roottest.python.distrdf/spark/roottest_python_distrdf_spark_test_all/),MatchSource.ISSUE_COMMENT,root-project,root,v6-32-06,https://github.com/root-project/root/pull/14846#issuecomment-1968958261:263,test,tests,263,https://root.cern,https://github.com/root-project/root/pull/14846#issuecomment-1968958261,14,['test'],"['test', 'testReport', 'tests']"
Testability,Build failed on ROOT-ubuntu2204/nortcxxmod.; Running on root-ubuntu-2204-1.cern.ch:/home/sftnight/build/workspace/root-pullrequests-build; [See console output](https://lcgapp-services.cern.ch/root-jenkins/job/root-pullrequests-build/196995/console).; ### Failing tests:; - [projectroot.roottest.root.meta.roottest_root_meta_runMemberComments](https://lcgapp-services.cern.ch/root-jenkins/job/root-pullrequests-build/196995/testReport/projectroot.roottest.root/meta/roottest_root_meta_runMemberComments/),MatchSource.ISSUE_COMMENT,root-project,root,v6-32-06,https://github.com/root-project/root/pull/14792#issuecomment-1970000520:263,test,tests,263,https://root.cern,https://github.com/root-project/root/pull/14792#issuecomment-1970000520,2,['test'],"['testReport', 'tests']"
Testability,Build failed on ROOT-ubuntu2204/nortcxxmod.; Running on root-ubuntu-2204-1.cern.ch:/home/sftnight/build/workspace/root-pullrequests-build; [See console output](https://lcgapp-services.cern.ch/root-jenkins/job/root-pullrequests-build/197040/console).; ### Failing tests:; - [projectroot.tmva.pymva.test.PyMVA_Keras_Regression](https://lcgapp-services.cern.ch/root-jenkins/job/root-pullrequests-build/197040/testReport/projectroot.tmva.pymva/test/PyMVA_Keras_Regression/),MatchSource.ISSUE_COMMENT,root-project,root,v6-32-06,https://github.com/root-project/root/pull/14849#issuecomment-1970942187:263,test,tests,263,https://root.cern,https://github.com/root-project/root/pull/14849#issuecomment-1970942187,4,['test'],"['test', 'testReport', 'tests']"
Testability,Build failed on ROOT-ubuntu2204/nortcxxmod.; Running on root-ubuntu-2204-1.cern.ch:/home/sftnight/build/workspace/root-pullrequests-build; [See console output](https://lcgapp-services.cern.ch/root-jenkins/job/root-pullrequests-build/197055/console).; ### Failing tests:; - [projectroot.tmva.pymva.test.PyMVA_Keras_Regression](https://lcgapp-services.cern.ch/root-jenkins/job/root-pullrequests-build/197055/testReport/projectroot.tmva.pymva/test/PyMVA_Keras_Regression/),MatchSource.ISSUE_COMMENT,root-project,root,v6-32-06,https://github.com/root-project/root/pull/14849#issuecomment-1971149828:263,test,tests,263,https://root.cern,https://github.com/root-project/root/pull/14849#issuecomment-1971149828,4,['test'],"['test', 'testReport', 'tests']"
Testability,Build failed on ROOT-ubuntu2204/nortcxxmod.; Running on root-ubuntu-2204-1.cern.ch:/home/sftnight/build/workspace/root-pullrequests-build; [See console output](https://lcgapp-services.cern.ch/root-jenkins/job/root-pullrequests-build/197085/console).; ### Failing tests:; - [projectroot.tmva.pymva.test.PyMVA_Keras_Regression](https://lcgapp-services.cern.ch/root-jenkins/job/root-pullrequests-build/197085/testReport/projectroot.tmva.pymva/test/PyMVA_Keras_Regression/),MatchSource.ISSUE_COMMENT,root-project,root,v6-32-06,https://github.com/root-project/root/pull/14853#issuecomment-1971380417:263,test,tests,263,https://root.cern,https://github.com/root-project/root/pull/14853#issuecomment-1971380417,4,['test'],"['test', 'testReport', 'tests']"
Testability,Build failed on ROOT-ubuntu2204/nortcxxmod.; Running on root-ubuntu-2204-1.cern.ch:/home/sftnight/build/workspace/root-pullrequests-build; [See console output](https://lcgapp-services.cern.ch/root-jenkins/job/root-pullrequests-build/197170/console).; ### Failing tests:; - [projectroot.roottest.root.meta.roottest_root_meta_runMemberComments](https://lcgapp-services.cern.ch/root-jenkins/job/root-pullrequests-build/197170/testReport/projectroot.roottest.root/meta/roottest_root_meta_runMemberComments/),MatchSource.ISSUE_COMMENT,root-project,root,v6-32-06,https://github.com/root-project/root/pull/14792#issuecomment-1972147204:263,test,tests,263,https://root.cern,https://github.com/root-project/root/pull/14792#issuecomment-1972147204,2,['test'],"['testReport', 'tests']"
Testability,Build failed on ROOT-ubuntu2204/nortcxxmod.; Running on root-ubuntu-2204-1.cern.ch:/home/sftnight/build/workspace/root-pullrequests-build; [See console output](https://lcgapp-services.cern.ch/root-jenkins/job/root-pullrequests-build/199473/console).; ### Failing tests:; - [projectroot.roottest.root.meta.roottest_root_meta_runMemberComments](https://lcgapp-services.cern.ch/root-jenkins/job/root-pullrequests-build/199473/testReport/projectroot.roottest.root/meta/roottest_root_meta_runMemberComments/),MatchSource.ISSUE_COMMENT,root-project,root,v6-32-06,https://github.com/root-project/root/pull/14792#issuecomment-2021645750:263,test,tests,263,https://root.cern,https://github.com/root-project/root/pull/14792#issuecomment-2021645750,2,['test'],"['testReport', 'tests']"
Testability,Build failed on ROOT-ubuntu2204/nortcxxmod.; Running on root-ubuntu-2204-2.cern.ch:/home/sftnight/build/workspace/root-pullrequests-build; [See console output](https://lcgapp-services.cern.ch/root-jenkins/job/root-pullrequests-build/177777/console).; ### Warnings:; - [2023-06-22T12:05:03.525Z] /home/sftnight/build/workspace/root-pullrequests-build/root/core/foundation/src/FoundationUtils.cxx:116:9: warning: variable ‘parent_path’ set but not used [-Wunused-but-set-variable] ; - [2023-06-22T12:05:22.520Z] /home/sftnight/build/workspace/root-pullrequests-build/root/core/foundation/src/FoundationUtils.cxx:116:9: warning: variable ‘parent_path’ set but not used [-Wunused-but-set-variable] . ### Failing tests:; - [projectroot.test.test_stressgraphics_interpreted](https://lcgapp-services.cern.ch/root-jenkins/job/root-pullrequests-build/177777/testReport/projectroot/test/test_stressgraphics_interpreted/),MatchSource.ISSUE_COMMENT,root-project,root,v6-32-06,https://github.com/root-project/root/pull/13031#issuecomment-1602545090:708,test,tests,708,https://root.cern,https://github.com/root-project/root/pull/13031#issuecomment-1602545090,4,['test'],"['test', 'testReport', 'tests']"
Testability,Build failed on ROOT-ubuntu2204/nortcxxmod.; Running on root-ubuntu-2204-2.cern.ch:/home/sftnight/build/workspace/root-pullrequests-build; [See console output](https://lcgapp-services.cern.ch/root-jenkins/job/root-pullrequests-build/178599/console).; ### Failing tests:; - [projectroot.bindings.experimental.distrdf.test.pyunittests_distrdf_unit_test_ranges](https://lcgapp-services.cern.ch/root-jenkins/job/root-pullrequests-build/178599/testReport/projectroot.bindings.experimental.distrdf/test/pyunittests_distrdf_unit_test_ranges/); - [projectroot.bindings.experimental.distrdf.test.backend.pyunittests_distrdf_unit_backend_test_dist](https://lcgapp-services.cern.ch/root-jenkins/job/root-pullrequests-build/178599/testReport/projectroot.bindings.experimental.distrdf.test/backend/pyunittests_distrdf_unit_backend_test_dist/); - [projectroot.bindings.experimental.distrdf.test.backend.pyunittests_distrdf_unit_backend_test_graph_caching](https://lcgapp-services.cern.ch/root-jenkins/job/root-pullrequests-build/178599/testReport/projectroot.bindings.experimental.distrdf.test/backend/pyunittests_distrdf_unit_backend_test_graph_caching/); - [projectroot.roofit.roofitcore.test.gtest_roofit_roofitcore_test_testRooAbsReal](https://lcgapp-services.cern.ch/root-jenkins/job/root-pullrequests-build/178599/testReport/projectroot.roofit.roofitcore/test/gtest_roofit_roofitcore_test_testRooAbsReal/); - [projectroot.roottest.python.cmdLineUtils.roottest_python_cmdLineUtils_NameCyclesRootls](https://lcgapp-services.cern.ch/root-jenkins/job/root-pullrequests-build/178599/testReport/projectroot.roottest.python/cmdLineUtils/roottest_python_cmdLineUtils_NameCyclesRootls/); - [projectroot.roottest.python.distrdf.spark.roottest_python_distrdf_spark_test_all](https://lcgapp-services.cern.ch/root-jenkins/job/root-pullrequests-build/178599/testReport/projectroot.roottest.python.distrdf/spark/roottest_python_distrdf_spark_test_all/); - [projectroot.roottest.root.dataframe.roottest_root_dataframe_test_RO,MatchSource.ISSUE_COMMENT,root-project,root,v6-32-06,https://github.com/root-project/root/pull/13149#issuecomment-1615252710:263,test,tests,263,https://root.cern,https://github.com/root-project/root/pull/13149#issuecomment-1615252710,8,['test'],"['test', 'testReport', 'tests']"
Testability,Build failed on ROOT-ubuntu2204/nortcxxmod.; Running on root-ubuntu-2204-2.cern.ch:/home/sftnight/build/workspace/root-pullrequests-build; [See console output](https://lcgapp-services.cern.ch/root-jenkins/job/root-pullrequests-build/179143/console).; ### Failing tests:; - [projectroot.test.test_stressgraphics_interpreted](https://lcgapp-services.cern.ch/root-jenkins/job/root-pullrequests-build/179143/testReport/projectroot/test/test_stressgraphics_interpreted/),MatchSource.ISSUE_COMMENT,root-project,root,v6-32-06,https://github.com/root-project/root/pull/13031#issuecomment-1623643492:263,test,tests,263,https://root.cern,https://github.com/root-project/root/pull/13031#issuecomment-1623643492,4,['test'],"['test', 'testReport', 'tests']"
Testability,Build failed on ROOT-ubuntu2204/nortcxxmod.; Running on root-ubuntu-2204-2.cern.ch:/home/sftnight/build/workspace/root-pullrequests-build; [See console output](https://lcgapp-services.cern.ch/root-jenkins/job/root-pullrequests-build/179711/console).; ### Failing tests:; - [projectroot.roottest.python.distrdf.spark.roottest_python_distrdf_spark_test_all](https://lcgapp-services.cern.ch/root-jenkins/job/root-pullrequests-build/179711/testReport/projectroot.roottest.python.distrdf/spark/roottest_python_distrdf_spark_test_all/),MatchSource.ISSUE_COMMENT,root-project,root,v6-32-06,https://github.com/root-project/root/pull/13246#issuecomment-1634676424:263,test,tests,263,https://root.cern,https://github.com/root-project/root/pull/13246#issuecomment-1634676424,2,['test'],"['testReport', 'tests']"
Testability,Build failed on ROOT-ubuntu2204/nortcxxmod.; Running on root-ubuntu-2204-2.cern.ch:/home/sftnight/build/workspace/root-pullrequests-build; [See console output](https://lcgapp-services.cern.ch/root-jenkins/job/root-pullrequests-build/179739/console).; ### Failing tests:; - [projectroot.roottest.root.core.roottest_root_core_execStatusBitsCheck](https://lcgapp-services.cern.ch/root-jenkins/job/root-pullrequests-build/179739/testReport/projectroot.roottest.root/core/roottest_root_core_execStatusBitsCheck/),MatchSource.ISSUE_COMMENT,root-project,root,v6-32-06,https://github.com/root-project/root/pull/13243#issuecomment-1634892810:263,test,tests,263,https://root.cern,https://github.com/root-project/root/pull/13243#issuecomment-1634892810,2,['test'],"['testReport', 'tests']"
Testability,Build failed on ROOT-ubuntu2204/nortcxxmod.; Running on root-ubuntu-2204-2.cern.ch:/home/sftnight/build/workspace/root-pullrequests-build; [See console output](https://lcgapp-services.cern.ch/root-jenkins/job/root-pullrequests-build/179809/console).; ### Failing tests:; - [projectroot.roottest.root.core.roottest_root_core_execStatusBitsCheck](https://lcgapp-services.cern.ch/root-jenkins/job/root-pullrequests-build/179809/testReport/projectroot.roottest.root/core/roottest_root_core_execStatusBitsCheck/),MatchSource.ISSUE_COMMENT,root-project,root,v6-32-06,https://github.com/root-project/root/pull/13243#issuecomment-1635579449:263,test,tests,263,https://root.cern,https://github.com/root-project/root/pull/13243#issuecomment-1635579449,2,['test'],"['testReport', 'tests']"
Testability,Build failed on ROOT-ubuntu2204/nortcxxmod.; Running on root-ubuntu-2204-2.cern.ch:/home/sftnight/build/workspace/root-pullrequests-build; [See console output](https://lcgapp-services.cern.ch/root-jenkins/job/root-pullrequests-build/179844/console).; ### Failing tests:; - [projectroot.roottest.root.core.roottest_root_core_execStatusBitsCheck](https://lcgapp-services.cern.ch/root-jenkins/job/root-pullrequests-build/179844/testReport/projectroot.roottest.root/core/roottest_root_core_execStatusBitsCheck/),MatchSource.ISSUE_COMMENT,root-project,root,v6-32-06,https://github.com/root-project/root/pull/13243#issuecomment-1635816917:263,test,tests,263,https://root.cern,https://github.com/root-project/root/pull/13243#issuecomment-1635816917,2,['test'],"['testReport', 'tests']"
Testability,Build failed on ROOT-ubuntu2204/nortcxxmod.; Running on root-ubuntu-2204-2.cern.ch:/home/sftnight/build/workspace/root-pullrequests-build; [See console output](https://lcgapp-services.cern.ch/root-jenkins/job/root-pullrequests-build/179965/console).; ### Failing tests:; - [projectroot.tree.dataframe.test.gtest_tree_dataframe_test_dataframe_datasetspec](https://lcgapp-services.cern.ch/root-jenkins/job/root-pullrequests-build/179965/testReport/projectroot.tree.dataframe/test/gtest_tree_dataframe_test_dataframe_datasetspec/),MatchSource.ISSUE_COMMENT,root-project,root,v6-32-06,https://github.com/root-project/root/pull/13260#issuecomment-1637944436:263,test,tests,263,https://root.cern,https://github.com/root-project/root/pull/13260#issuecomment-1637944436,4,['test'],"['test', 'testReport', 'tests']"
Testability,Build failed on ROOT-ubuntu2204/nortcxxmod.; Running on root-ubuntu-2204-2.cern.ch:/home/sftnight/build/workspace/root-pullrequests-build; [See console output](https://lcgapp-services.cern.ch/root-jenkins/job/root-pullrequests-build/180341/console).; ### Failing tests:; - [projectroot.bindings.pyroot.pythonizations.test.pyunittests_pyroot_pyz_pretty_printing](https://lcgapp-services.cern.ch/root-jenkins/job/root-pullrequests-build/180341/testReport/projectroot.bindings.pyroot.pythonizations/test/pyunittests_pyroot_pyz_pretty_printing/); - [projectroot.bindings.pyroot.pythonizations.test.pyunittests_pyroot_pyz_stl_vector](https://lcgapp-services.cern.ch/root-jenkins/job/root-pullrequests-build/180341/testReport/projectroot.bindings.pyroot.pythonizations/test/pyunittests_pyroot_pyz_stl_vector/); - [projectroot.bindings.pyroot.pythonizations.test.pyunittests_pyroot_pyz_array_interface](https://lcgapp-services.cern.ch/root-jenkins/job/root-pullrequests-build/180341/testReport/projectroot.bindings.pyroot.pythonizations/test/pyunittests_pyroot_pyz_array_interface/); - [projectroot.bindings.pyroot.pythonizations.test.pyunittests_pyroot_pyz_ttree_branch_attr](https://lcgapp-services.cern.ch/root-jenkins/job/root-pullrequests-build/180341/testReport/projectroot.bindings.pyroot.pythonizations/test/pyunittests_pyroot_pyz_ttree_branch_attr/); - [projectroot.bindings.experimental.distrdf.test.backend.pyunittests_distrdf_unit_backend_test_graph_caching](https://lcgapp-services.cern.ch/root-jenkins/job/root-pullrequests-build/180341/testReport/projectroot.bindings.experimental.distrdf.test/backend/pyunittests_distrdf_unit_backend_test_graph_caching/); - [projectroot.bindings.pyroot.pythonizations.test.pyunittests_pyroot_pyz_ttree_setbranchaddress](https://lcgapp-services.cern.ch/root-jenkins/job/root-pullrequests-build/180341/testReport/projectroot.bindings.pyroot.pythonizations/test/pyunittests_pyroot_pyz_ttree_setbranchaddress/); - [projectroot.bindings.experimental.distrdf.test.,MatchSource.ISSUE_COMMENT,root-project,root,v6-32-06,https://github.com/root-project/root/pull/13297#issuecomment-1645620121:263,test,tests,263,https://root.cern,https://github.com/root-project/root/pull/13297#issuecomment-1645620121,9,['test'],"['test', 'testReport', 'tests']"
Testability,Build failed on ROOT-ubuntu2204/nortcxxmod.; Running on root-ubuntu-2204-2.cern.ch:/home/sftnight/build/workspace/root-pullrequests-build; [See console output](https://lcgapp-services.cern.ch/root-jenkins/job/root-pullrequests-build/180539/console).; ### Failing tests:; - [projectroot.core.metacling.test.gtest_core_metacling_test_TClingTest](https://lcgapp-services.cern.ch/root-jenkins/job/root-pullrequests-build/180539/testReport/projectroot.core.metacling/test/gtest_core_metacling_test_TClingTest/); - [projectroot.roottest.cling.array.roottest_cling_array_runarray1](https://lcgapp-services.cern.ch/root-jenkins/job/root-pullrequests-build/180539/testReport/projectroot.roottest.cling/array/roottest_cling_array_runarray1/); - [projectroot.roottest.cling.operator.roottest_cling_operator_runEqualTest](https://lcgapp-services.cern.ch/root-jenkins/job/root-pullrequests-build/180539/testReport/projectroot.roottest.cling/operator/roottest_cling_operator_runEqualTest/); - [projectroot.roottest.cling.template.separateDict.roottest_cling_template_separateDict_make](https://lcgapp-services.cern.ch/root-jenkins/job/root-pullrequests-build/180539/testReport/projectroot.roottest.cling.template/separateDict/roottest_cling_template_separateDict_make/); - [projectroot.roottest.root.core.roottest_root_core_execStatusBitsCheck](https://lcgapp-services.cern.ch/root-jenkins/job/root-pullrequests-build/180539/testReport/projectroot.roottest.root/core/roottest_root_core_execStatusBitsCheck/); - [projectroot.roottest.root.multicore.roottest_root_multicore_tsenums_libgen_build](https://lcgapp-services.cern.ch/root-jenkins/job/root-pullrequests-build/180539/testReport/projectroot.roottest.root/multicore/roottest_root_multicore_tsenums_libgen_build/); - [projectroot.roottest.root.multicore.roottest_root_multicore_tsenums](https://lcgapp-services.cern.ch/root-jenkins/job/root-pullrequests-build/180539/testReport/projectroot.roottest.root/multicore/roottest_root_multicore_tsenums/); - [projectro,MatchSource.ISSUE_COMMENT,root-project,root,v6-32-06,https://github.com/root-project/root/pull/13273#issuecomment-1648056623:263,test,tests,263,https://root.cern,https://github.com/root-project/root/pull/13273#issuecomment-1648056623,6,['test'],"['test', 'testReport', 'tests']"
Testability,Build failed on ROOT-ubuntu2204/nortcxxmod.; Running on root-ubuntu-2204-2.cern.ch:/home/sftnight/build/workspace/root-pullrequests-build; [See console output](https://lcgapp-services.cern.ch/root-jenkins/job/root-pullrequests-build/181001/console).; ### Warnings:; - [2023-07-28T15:26:57.032Z] /home/sftnight/build/workspace/root-pullrequests-build/root/roofit/roofitcore/test/testNumericIntAndRooRealBinding.cxx:52:41: warning: declaration of ‘b’ shadows a previous local [-Wshadow] ; - [2023-07-28T15:26:57.032Z] /home/sftnight/build/workspace/root-pullrequests-build/root/roofit/roofitcore/test/testNumericIntAndRooRealBinding.cxx:52:31: warning: declaration of ‘a’ shadows a previous local [-Wshadow] ; - [2023-07-28T15:26:57.032Z] /home/sftnight/build/workspace/root-pullrequests-build/root/roofit/roofitcore/test/testNumericIntAndRooRealBinding.cxx:115:61: warning: declaration of ‘d’ shadows a previous local [-Wshadow] ; - [2023-07-28T15:26:57.032Z] /home/sftnight/build/workspace/root-pullrequests-build/root/roofit/roofitcore/test/testNumericIntAndRooRealBinding.cxx:115:51: warning: declaration of ‘c’ shadows a previous local [-Wshadow] ; - [2023-07-28T15:26:57.032Z] /home/sftnight/build/workspace/root-pullrequests-build/root/roofit/roofitcore/test/testNumericIntAndRooRealBinding.cxx:115:41: warning: declaration of ‘b’ shadows a previous local [-Wshadow] ; - [2023-07-28T15:26:57.032Z] /home/sftnight/build/workspace/root-pullrequests-build/root/roofit/roofitcore/test/testNumericIntAndRooRealBinding.cxx:115:31: warning: declaration of ‘a’ shadows a previous local [-Wshadow] ; - [2023-07-28T15:26:57.032Z] /home/sftnight/build/workspace/root-pullrequests-build/root/roofit/roofitcore/test/testNumericIntAndRooRealBinding.cxx:180:55: warning: declaration of ‘x’ shadows a previous local [-Wshadow] ; - [2023-07-28T15:26:57.032Z] /home/sftnight/build/workspace/root-pullrequests-build/root/roofit/roofitcore/test/testNumericIntAndRooRealBinding.cxx:270:24: warning: declaration of ‘a’,MatchSource.ISSUE_COMMENT,root-project,root,v6-32-06,https://github.com/root-project/root/pull/13346#issuecomment-1655902535:373,test,test,373,https://root.cern,https://github.com/root-project/root/pull/13346#issuecomment-1655902535,6,['test'],"['test', 'testNumericIntAndRooRealBinding']"
Testability,Build failed on ROOT-ubuntu2204/nortcxxmod.; Running on root-ubuntu-2204-2.cern.ch:/home/sftnight/build/workspace/root-pullrequests-build; [See console output](https://lcgapp-services.cern.ch/root-jenkins/job/root-pullrequests-build/181134/console).; ### Failing tests:; - [projectroot.roottest.root.dataframe.roottest_root_dataframe_test_readTotemNtuple](https://lcgapp-services.cern.ch/root-jenkins/job/root-pullrequests-build/181134/testReport/projectroot.roottest.root/dataframe/roottest_root_dataframe_test_readTotemNtuple/),MatchSource.ISSUE_COMMENT,root-project,root,v6-32-06,https://github.com/root-project/root/pull/13090#issuecomment-1658071816:263,test,tests,263,https://root.cern,https://github.com/root-project/root/pull/13090#issuecomment-1658071816,2,['test'],"['testReport', 'tests']"
Testability,Build failed on ROOT-ubuntu2204/nortcxxmod.; Running on root-ubuntu-2204-2.cern.ch:/home/sftnight/build/workspace/root-pullrequests-build; [See console output](https://lcgapp-services.cern.ch/root-jenkins/job/root-pullrequests-build/181523/console).; ### Failing tests:; - [projectroot.tree.dataframe.test.gtest_tree_dataframe_test_datasource_root](https://lcgapp-services.cern.ch/root-jenkins/job/root-pullrequests-build/181523/testReport/projectroot.tree.dataframe/test/gtest_tree_dataframe_test_datasource_root/),MatchSource.ISSUE_COMMENT,root-project,root,v6-32-06,https://github.com/root-project/root/pull/13381#issuecomment-1662209225:263,test,tests,263,https://root.cern,https://github.com/root-project/root/pull/13381#issuecomment-1662209225,4,['test'],"['test', 'testReport', 'tests']"
Testability,Build failed on ROOT-ubuntu2204/nortcxxmod.; Running on root-ubuntu-2204-2.cern.ch:/home/sftnight/build/workspace/root-pullrequests-build; [See console output](https://lcgapp-services.cern.ch/root-jenkins/job/root-pullrequests-build/181579/console).; ### Failing tests:; - [projectroot.tree.dataframe.test.gtest_tree_dataframe_test_dataframe_snapshot](https://lcgapp-services.cern.ch/root-jenkins/job/root-pullrequests-build/181579/testReport/projectroot.tree.dataframe/test/gtest_tree_dataframe_test_dataframe_snapshot/),MatchSource.ISSUE_COMMENT,root-project,root,v6-32-06,https://github.com/root-project/root/pull/13386#issuecomment-1662777400:263,test,tests,263,https://root.cern,https://github.com/root-project/root/pull/13386#issuecomment-1662777400,4,['test'],"['test', 'testReport', 'tests']"
Testability,Build failed on ROOT-ubuntu2204/nortcxxmod.; Running on root-ubuntu-2204-2.cern.ch:/home/sftnight/build/workspace/root-pullrequests-build; [See console output](https://lcgapp-services.cern.ch/root-jenkins/job/root-pullrequests-build/181607/console).; ### Warnings:; - [2023-08-03T08:45:15.336Z] /home/sftnight/build/workspace/root-pullrequests-build/root/tree/dataframe/test/dataframe_helpers.cxx:741:8: warning: extra tokens at end of #endif directive [-Wendif-labels],MatchSource.ISSUE_COMMENT,root-project,root,v6-32-06,https://github.com/root-project/root/pull/13210#issuecomment-1663573172:370,test,test,370,https://root.cern,https://github.com/root-project/root/pull/13210#issuecomment-1663573172,1,['test'],['test']
Testability,Build failed on ROOT-ubuntu2204/nortcxxmod.; Running on root-ubuntu-2204-2.cern.ch:/home/sftnight/build/workspace/root-pullrequests-build; [See console output](https://lcgapp-services.cern.ch/root-jenkins/job/root-pullrequests-build/181621/console).; ### Failing tests:; - [projectroot.bindings.pyroot.pythonizations.test.pyunittests_pyroot_string_view_backport](https://lcgapp-services.cern.ch/root-jenkins/job/root-pullrequests-build/181621/testReport/projectroot.bindings.pyroot.pythonizations/test/pyunittests_pyroot_string_view_backport/); - [projectroot.roottest.root.dataframe.roottest_root_dataframe_test_readTotemNtuple](https://lcgapp-services.cern.ch/root-jenkins/job/root-pullrequests-build/181621/testReport/projectroot.roottest.root/dataframe/roottest_root_dataframe_test_readTotemNtuple/),MatchSource.ISSUE_COMMENT,root-project,root,v6-32-06,https://github.com/root-project/root/pull/13090#issuecomment-1663614113:263,test,tests,263,https://root.cern,https://github.com/root-project/root/pull/13090#issuecomment-1663614113,5,['test'],"['test', 'testReport', 'tests']"
Testability,Build failed on ROOT-ubuntu2204/nortcxxmod.; Running on root-ubuntu-2204-2.cern.ch:/home/sftnight/build/workspace/root-pullrequests-build; [See console output](https://lcgapp-services.cern.ch/root-jenkins/job/root-pullrequests-build/181761/console).; ### Failing tests:; - [projectroot.bindings.pyroot.pythonizations.test.pyunittests_pyroot_string_view_backport](https://lcgapp-services.cern.ch/root-jenkins/job/root-pullrequests-build/181761/testReport/projectroot.bindings.pyroot.pythonizations/test/pyunittests_pyroot_string_view_backport/),MatchSource.ISSUE_COMMENT,root-project,root,v6-32-06,https://github.com/root-project/root/pull/13090#issuecomment-1665185870:263,test,tests,263,https://root.cern,https://github.com/root-project/root/pull/13090#issuecomment-1665185870,4,['test'],"['test', 'testReport', 'tests']"
Testability,Build failed on ROOT-ubuntu2204/nortcxxmod.; Running on root-ubuntu-2204-2.cern.ch:/home/sftnight/build/workspace/root-pullrequests-build; [See console output](https://lcgapp-services.cern.ch/root-jenkins/job/root-pullrequests-build/181861/console).; ### Failing tests:; - [projectroot.test.test_stresshistofit_interpreted](https://lcgapp-services.cern.ch/root-jenkins/job/root-pullrequests-build/181861/testReport/projectroot/test/test_stresshistofit_interpreted/),MatchSource.ISSUE_COMMENT,root-project,root,v6-32-06,https://github.com/root-project/root/pull/13403#issuecomment-1665797589:263,test,tests,263,https://root.cern,https://github.com/root-project/root/pull/13403#issuecomment-1665797589,4,['test'],"['test', 'testReport', 'tests']"
Testability,Build failed on ROOT-ubuntu2204/nortcxxmod.; Running on root-ubuntu-2204-2.cern.ch:/home/sftnight/build/workspace/root-pullrequests-build; [See console output](https://lcgapp-services.cern.ch/root-jenkins/job/root-pullrequests-build/182107/console).; ### Failing tests:; - [projectroot.roottest.root.meta.autoloading.headerParsingOnDemand.roottest_root_meta_autoloading_headerParsingOnDemand_no_autoparse_read](https://lcgapp-services.cern.ch/root-jenkins/job/root-pullrequests-build/182107/testReport/projectroot.roottest.root.meta.autoloading/headerParsingOnDemand/roottest_root_meta_autoloading_headerParsingOnDemand_no_autoparse_read/),MatchSource.ISSUE_COMMENT,root-project,root,v6-32-06,https://github.com/root-project/root/pull/13341#issuecomment-1673340258:263,test,tests,263,https://root.cern,https://github.com/root-project/root/pull/13341#issuecomment-1673340258,2,['test'],"['testReport', 'tests']"
Testability,Build failed on ROOT-ubuntu2204/nortcxxmod.; Running on root-ubuntu-2204-2.cern.ch:/home/sftnight/build/workspace/root-pullrequests-build; [See console output](https://lcgapp-services.cern.ch/root-jenkins/job/root-pullrequests-build/182383/console).; ### Failing tests:; - [projectroot.roofit.roofitcore.test.gtest_roofit_roofitcore_test_testTestStatisticsPlot](https://lcgapp-services.cern.ch/root-jenkins/job/root-pullrequests-build/182383/testReport/projectroot.roofit.roofitcore/test/gtest_roofit_roofitcore_test_testTestStatisticsPlot/),MatchSource.ISSUE_COMMENT,root-project,root,v6-32-06,https://github.com/root-project/root/pull/13460#issuecomment-1679015834:263,test,tests,263,https://root.cern,https://github.com/root-project/root/pull/13460#issuecomment-1679015834,4,['test'],"['test', 'testReport', 'tests']"
Testability,Build failed on ROOT-ubuntu2204/nortcxxmod.; Running on root-ubuntu-2204-2.cern.ch:/home/sftnight/build/workspace/root-pullrequests-build; [See console output](https://lcgapp-services.cern.ch/root-jenkins/job/root-pullrequests-build/182592/console).; ### Failing tests:; - [projectroot.roottest.root.core.recursive.roottest_root_core_recursive_recursivewarning](https://lcgapp-services.cern.ch/root-jenkins/job/root-pullrequests-build/182592/testReport/projectroot.roottest.root.core/recursive/roottest_root_core_recursive_recursivewarning/),MatchSource.ISSUE_COMMENT,root-project,root,v6-32-06,https://github.com/root-project/root/pull/13478#issuecomment-1682474582:263,test,tests,263,https://root.cern,https://github.com/root-project/root/pull/13478#issuecomment-1682474582,2,['test'],"['testReport', 'tests']"
Testability,Build failed on ROOT-ubuntu2204/nortcxxmod.; Running on root-ubuntu-2204-2.cern.ch:/home/sftnight/build/workspace/root-pullrequests-build; [See console output](https://lcgapp-services.cern.ch/root-jenkins/job/root-pullrequests-build/182730/console).; ### Failing tests:; - [projectroot.roottest.root.core.recursive.roottest_root_core_recursive_recursivewarning](https://lcgapp-services.cern.ch/root-jenkins/job/root-pullrequests-build/182730/testReport/projectroot.roottest.root.core/recursive/roottest_root_core_recursive_recursivewarning/),MatchSource.ISSUE_COMMENT,root-project,root,v6-32-06,https://github.com/root-project/root/pull/13478#issuecomment-1683936282:263,test,tests,263,https://root.cern,https://github.com/root-project/root/pull/13478#issuecomment-1683936282,2,['test'],"['testReport', 'tests']"
Testability,Build failed on ROOT-ubuntu2204/nortcxxmod.; Running on root-ubuntu-2204-2.cern.ch:/home/sftnight/build/workspace/root-pullrequests-build; [See console output](https://lcgapp-services.cern.ch/root-jenkins/job/root-pullrequests-build/183244/console).; ### Failing tests:; - [projectroot.runtutorials.test_import_numba](https://lcgapp-services.cern.ch/root-jenkins/job/root-pullrequests-build/183244/testReport/projectroot/runtutorials/test_import_numba/); - [projectroot.bindings.pyroot.pythonizations.test.test_import_numba](https://lcgapp-services.cern.ch/root-jenkins/job/root-pullrequests-build/183244/testReport/projectroot.bindings.pyroot.pythonizations/test/test_import_numba/); - [projectroot.roottest.python.numba.roottest_python_numba_numba](https://lcgapp-services.cern.ch/root-jenkins/job/root-pullrequests-build/183244/testReport/projectroot.roottest.python/numba/roottest_python_numba_numba/); - [projectroot.tmva.pymva.test.PyMVA_Keras_Multiclass](https://lcgapp-services.cern.ch/root-jenkins/job/root-pullrequests-build/183244/testReport/projectroot.tmva.pymva/test/PyMVA_Keras_Multiclass/); - [projectroot.tmva.pymva.test.PyMVA_Keras_Classification](https://lcgapp-services.cern.ch/root-jenkins/job/root-pullrequests-build/183244/testReport/projectroot.tmva.pymva/test/PyMVA_Keras_Classification/); - [projectroot.tmva.pymva.test.PyMVA_Keras_Regression](https://lcgapp-services.cern.ch/root-jenkins/job/root-pullrequests-build/183244/testReport/projectroot.tmva.pymva/test/PyMVA_Keras_Regression/),MatchSource.ISSUE_COMMENT,root-project,root,v6-32-06,https://github.com/root-project/root/pull/13533#issuecomment-1692018271:263,test,tests,263,https://root.cern,https://github.com/root-project/root/pull/13533#issuecomment-1692018271,15,['test'],"['test', 'testReport', 'tests']"
Testability,Build failed on ROOT-ubuntu2204/nortcxxmod.; Running on root-ubuntu-2204-2.cern.ch:/home/sftnight/build/workspace/root-pullrequests-build; [See console output](https://lcgapp-services.cern.ch/root-jenkins/job/root-pullrequests-build/183298/console).; ### Failing tests:; - [projectroot.runtutorials.test_import_numba](https://lcgapp-services.cern.ch/root-jenkins/job/root-pullrequests-build/183298/testReport/projectroot/runtutorials/test_import_numba/); - [projectroot.bindings.pyroot.pythonizations.test.test_import_numba](https://lcgapp-services.cern.ch/root-jenkins/job/root-pullrequests-build/183298/testReport/projectroot.bindings.pyroot.pythonizations/test/test_import_numba/); - [projectroot.roottest.python.numba.roottest_python_numba_numba](https://lcgapp-services.cern.ch/root-jenkins/job/root-pullrequests-build/183298/testReport/projectroot.roottest.python/numba/roottest_python_numba_numba/); - [projectroot.tmva.pymva.test.PyMVA_Keras_Multiclass](https://lcgapp-services.cern.ch/root-jenkins/job/root-pullrequests-build/183298/testReport/projectroot.tmva.pymva/test/PyMVA_Keras_Multiclass/); - [projectroot.tmva.pymva.test.PyMVA_Keras_Classification](https://lcgapp-services.cern.ch/root-jenkins/job/root-pullrequests-build/183298/testReport/projectroot.tmva.pymva/test/PyMVA_Keras_Classification/); - [projectroot.tmva.pymva.test.PyMVA_Keras_Regression](https://lcgapp-services.cern.ch/root-jenkins/job/root-pullrequests-build/183298/testReport/projectroot.tmva.pymva/test/PyMVA_Keras_Regression/),MatchSource.ISSUE_COMMENT,root-project,root,v6-32-06,https://github.com/root-project/root/pull/13533#issuecomment-1693188733:263,test,tests,263,https://root.cern,https://github.com/root-project/root/pull/13533#issuecomment-1693188733,15,['test'],"['test', 'testReport', 'tests']"
Testability,Build failed on ROOT-ubuntu2204/nortcxxmod.; Running on root-ubuntu-2204-2.cern.ch:/home/sftnight/build/workspace/root-pullrequests-build; [See console output](https://lcgapp-services.cern.ch/root-jenkins/job/root-pullrequests-build/183352/console).; ### Failing tests:; - [projectroot.tree.dataframe.test.gtest_tree_dataframe_test_dataframe_helpers](https://lcgapp-services.cern.ch/root-jenkins/job/root-pullrequests-build/183352/testReport/projectroot.tree.dataframe/test/gtest_tree_dataframe_test_dataframe_helpers/); - [projectroot.runtutorials.test_import_numba](https://lcgapp-services.cern.ch/root-jenkins/job/root-pullrequests-build/183352/testReport/projectroot/runtutorials/test_import_numba/); - [projectroot.bindings.pyroot.pythonizations.test.test_import_numba](https://lcgapp-services.cern.ch/root-jenkins/job/root-pullrequests-build/183352/testReport/projectroot.bindings.pyroot.pythonizations/test/test_import_numba/); - [projectroot.roottest.python.numba.roottest_python_numba_numba](https://lcgapp-services.cern.ch/root-jenkins/job/root-pullrequests-build/183352/testReport/projectroot.roottest.python/numba/roottest_python_numba_numba/),MatchSource.ISSUE_COMMENT,root-project,root,v6-32-06,https://github.com/root-project/root/pull/13546#issuecomment-1693583713:263,test,tests,263,https://root.cern,https://github.com/root-project/root/pull/13546#issuecomment-1693583713,9,['test'],"['test', 'testReport', 'tests']"
Testability,Build failed on ROOT-ubuntu2204/nortcxxmod.; Running on root-ubuntu-2204-2.cern.ch:/home/sftnight/build/workspace/root-pullrequests-build; [See console output](https://lcgapp-services.cern.ch/root-jenkins/job/root-pullrequests-build/183382/console).; ### Failing tests:; - [projectroot.runtutorials.test_import_numba](https://lcgapp-services.cern.ch/root-jenkins/job/root-pullrequests-build/183382/testReport/projectroot/runtutorials/test_import_numba/); - [projectroot.bindings.pyroot.pythonizations.test.test_import_numba](https://lcgapp-services.cern.ch/root-jenkins/job/root-pullrequests-build/183382/testReport/projectroot.bindings.pyroot.pythonizations/test/test_import_numba/); - [projectroot.roottest.python.numba.roottest_python_numba_numba](https://lcgapp-services.cern.ch/root-jenkins/job/root-pullrequests-build/183382/testReport/projectroot.roottest.python/numba/roottest_python_numba_numba/),MatchSource.ISSUE_COMMENT,root-project,root,v6-32-06,https://github.com/root-project/root/pull/13549#issuecomment-1694821147:263,test,tests,263,https://root.cern,https://github.com/root-project/root/pull/13549#issuecomment-1694821147,6,['test'],"['test', 'testReport', 'tests']"
Testability,Build failed on ROOT-ubuntu2204/nortcxxmod.; Running on root-ubuntu-2204-2.cern.ch:/home/sftnight/build/workspace/root-pullrequests-build; [See console output](https://lcgapp-services.cern.ch/root-jenkins/job/root-pullrequests-build/183400/console).; ### Failing tests:; - [projectroot.runtutorials.test_import_numba](https://lcgapp-services.cern.ch/root-jenkins/job/root-pullrequests-build/183400/testReport/projectroot/runtutorials/test_import_numba/); - [projectroot.bindings.pyroot.pythonizations.test.test_import_numba](https://lcgapp-services.cern.ch/root-jenkins/job/root-pullrequests-build/183400/testReport/projectroot.bindings.pyroot.pythonizations/test/test_import_numba/); - [projectroot.roottest.python.numba.roottest_python_numba_numba](https://lcgapp-services.cern.ch/root-jenkins/job/root-pullrequests-build/183400/testReport/projectroot.roottest.python/numba/roottest_python_numba_numba/),MatchSource.ISSUE_COMMENT,root-project,root,v6-32-06,https://github.com/root-project/root/pull/13549#issuecomment-1695645220:263,test,tests,263,https://root.cern,https://github.com/root-project/root/pull/13549#issuecomment-1695645220,6,['test'],"['test', 'testReport', 'tests']"
Testability,Build failed on ROOT-ubuntu2204/nortcxxmod.; Running on root-ubuntu-2204-2.cern.ch:/home/sftnight/build/workspace/root-pullrequests-build; [See console output](https://lcgapp-services.cern.ch/root-jenkins/job/root-pullrequests-build/183448/console).; ### Failing tests:; - [projectroot.runtutorials.test_import_numba](https://lcgapp-services.cern.ch/root-jenkins/job/root-pullrequests-build/183448/testReport/projectroot/runtutorials/test_import_numba/); - [projectroot.bindings.pyroot.pythonizations.test.test_import_numba](https://lcgapp-services.cern.ch/root-jenkins/job/root-pullrequests-build/183448/testReport/projectroot.bindings.pyroot.pythonizations/test/test_import_numba/); - [projectroot.roottest.python.numba.roottest_python_numba_numba](https://lcgapp-services.cern.ch/root-jenkins/job/root-pullrequests-build/183448/testReport/projectroot.roottest.python/numba/roottest_python_numba_numba/),MatchSource.ISSUE_COMMENT,root-project,root,v6-32-06,https://github.com/root-project/root/pull/13558#issuecomment-1697071221:263,test,tests,263,https://root.cern,https://github.com/root-project/root/pull/13558#issuecomment-1697071221,6,['test'],"['test', 'testReport', 'tests']"
Testability,Build failed on ROOT-ubuntu2204/nortcxxmod.; Running on root-ubuntu-2204-2.cern.ch:/home/sftnight/build/workspace/root-pullrequests-build; [See console output](https://lcgapp-services.cern.ch/root-jenkins/job/root-pullrequests-build/183454/console).; ### Failing tests:; - [projectroot.runtutorials.test_import_numba](https://lcgapp-services.cern.ch/root-jenkins/job/root-pullrequests-build/183454/testReport/projectroot/runtutorials/test_import_numba/); - [projectroot.bindings.pyroot.pythonizations.test.test_import_numba](https://lcgapp-services.cern.ch/root-jenkins/job/root-pullrequests-build/183454/testReport/projectroot.bindings.pyroot.pythonizations/test/test_import_numba/); - [projectroot.roottest.python.numba.roottest_python_numba_numba](https://lcgapp-services.cern.ch/root-jenkins/job/root-pullrequests-build/183454/testReport/projectroot.roottest.python/numba/roottest_python_numba_numba/),MatchSource.ISSUE_COMMENT,root-project,root,v6-32-06,https://github.com/root-project/root/pull/13384#issuecomment-1697248205:263,test,tests,263,https://root.cern,https://github.com/root-project/root/pull/13384#issuecomment-1697248205,6,['test'],"['test', 'testReport', 'tests']"
Testability,Build failed on ROOT-ubuntu2204/nortcxxmod.; Running on root-ubuntu-2204-2.cern.ch:/home/sftnight/build/workspace/root-pullrequests-build; [See console output](https://lcgapp-services.cern.ch/root-jenkins/job/root-pullrequests-build/183514/console).; ### Failing tests:; - [projectroot.runtutorials.test_import_numba](https://lcgapp-services.cern.ch/root-jenkins/job/root-pullrequests-build/183514/testReport/projectroot/runtutorials/test_import_numba/); - [projectroot.bindings.pyroot.pythonizations.test.test_import_numba](https://lcgapp-services.cern.ch/root-jenkins/job/root-pullrequests-build/183514/testReport/projectroot.bindings.pyroot.pythonizations/test/test_import_numba/); - [projectroot.roottest.python.numba.roottest_python_numba_numba](https://lcgapp-services.cern.ch/root-jenkins/job/root-pullrequests-build/183514/testReport/projectroot.roottest.python/numba/roottest_python_numba_numba/),MatchSource.ISSUE_COMMENT,root-project,root,v6-32-06,https://github.com/root-project/root/pull/13562#issuecomment-1697541032:263,test,tests,263,https://root.cern,https://github.com/root-project/root/pull/13562#issuecomment-1697541032,6,['test'],"['test', 'testReport', 'tests']"
Testability,Build failed on ROOT-ubuntu2204/nortcxxmod.; Running on root-ubuntu-2204-2.cern.ch:/home/sftnight/build/workspace/root-pullrequests-build; [See console output](https://lcgapp-services.cern.ch/root-jenkins/job/root-pullrequests-build/183544/console).; ### Failing tests:; - [projectroot.bindings.pyroot.pythonizations.test.test_import_numba](https://lcgapp-services.cern.ch/root-jenkins/job/root-pullrequests-build/183544/testReport/projectroot.bindings.pyroot.pythonizations/test/test_import_numba/); - [projectroot.test.test_stressgraphics_interpreted](https://lcgapp-services.cern.ch/root-jenkins/job/root-pullrequests-build/183544/testReport/projectroot/test/test_stressgraphics_interpreted/); - [projectroot.runtutorials.test_import_numba](https://lcgapp-services.cern.ch/root-jenkins/job/root-pullrequests-build/183544/testReport/projectroot/runtutorials/test_import_numba/); - [projectroot.roottest.python.numba.roottest_python_numba_numba](https://lcgapp-services.cern.ch/root-jenkins/job/root-pullrequests-build/183544/testReport/projectroot.roottest.python/numba/roottest_python_numba_numba/),MatchSource.ISSUE_COMMENT,root-project,root,v6-32-06,https://github.com/root-project/root/pull/13564#issuecomment-1697654951:263,test,tests,263,https://root.cern,https://github.com/root-project/root/pull/13564#issuecomment-1697654951,9,['test'],"['test', 'testReport', 'tests']"
Testability,Build failed on ROOT-ubuntu2204/nortcxxmod.; Running on root-ubuntu-2204-2.cern.ch:/home/sftnight/build/workspace/root-pullrequests-build; [See console output](https://lcgapp-services.cern.ch/root-jenkins/job/root-pullrequests-build/183568/console).; ### Failing tests:; - [projectroot.test.test_stressinterpreter](https://lcgapp-services.cern.ch/root-jenkins/job/root-pullrequests-build/183568/testReport/projectroot/test/test_stressinterpreter/); - [projectroot.runtutorials.test_import_numba](https://lcgapp-services.cern.ch/root-jenkins/job/root-pullrequests-build/183568/testReport/projectroot/runtutorials/test_import_numba/); - [projectroot.bindings.pyroot.pythonizations.test.test_import_numba](https://lcgapp-services.cern.ch/root-jenkins/job/root-pullrequests-build/183568/testReport/projectroot.bindings.pyroot.pythonizations/test/test_import_numba/); - [projectroot.roottest.python.numba.roottest_python_numba_numba](https://lcgapp-services.cern.ch/root-jenkins/job/root-pullrequests-build/183568/testReport/projectroot.roottest.python/numba/roottest_python_numba_numba/),MatchSource.ISSUE_COMMENT,root-project,root,v6-32-06,https://github.com/root-project/root/pull/13567#issuecomment-1697709891:263,test,tests,263,https://root.cern,https://github.com/root-project/root/pull/13567#issuecomment-1697709891,9,['test'],"['test', 'testReport', 'tests']"
Testability,Build failed on ROOT-ubuntu2204/nortcxxmod.; Running on root-ubuntu-2204-2.cern.ch:/home/sftnight/build/workspace/root-pullrequests-build; [See console output](https://lcgapp-services.cern.ch/root-jenkins/job/root-pullrequests-build/183574/console).; ### Failing tests:; - [projectroot.runtutorials.test_import_numba](https://lcgapp-services.cern.ch/root-jenkins/job/root-pullrequests-build/183574/testReport/projectroot/runtutorials/test_import_numba/); - [projectroot.bindings.pyroot.pythonizations.test.test_import_numba](https://lcgapp-services.cern.ch/root-jenkins/job/root-pullrequests-build/183574/testReport/projectroot.bindings.pyroot.pythonizations/test/test_import_numba/); - [projectroot.roottest.python.numba.roottest_python_numba_numba](https://lcgapp-services.cern.ch/root-jenkins/job/root-pullrequests-build/183574/testReport/projectroot.roottest.python/numba/roottest_python_numba_numba/),MatchSource.ISSUE_COMMENT,root-project,root,v6-32-06,https://github.com/root-project/root/pull/13563#issuecomment-1697808986:263,test,tests,263,https://root.cern,https://github.com/root-project/root/pull/13563#issuecomment-1697808986,6,['test'],"['test', 'testReport', 'tests']"
Testability,Build failed on ROOT-ubuntu2204/nortcxxmod.; Running on root-ubuntu-2204-2.cern.ch:/home/sftnight/build/workspace/root-pullrequests-build; [See console output](https://lcgapp-services.cern.ch/root-jenkins/job/root-pullrequests-build/183610/console).; ### Failing tests:; - [projectroot.runtutorials.test_import_numba](https://lcgapp-services.cern.ch/root-jenkins/job/root-pullrequests-build/183610/testReport/projectroot/runtutorials/test_import_numba/); - [projectroot.bindings.pyroot.pythonizations.test.test_import_numba](https://lcgapp-services.cern.ch/root-jenkins/job/root-pullrequests-build/183610/testReport/projectroot.bindings.pyroot.pythonizations/test/test_import_numba/); - [projectroot.roottest.python.numba.roottest_python_numba_numba](https://lcgapp-services.cern.ch/root-jenkins/job/root-pullrequests-build/183610/testReport/projectroot.roottest.python/numba/roottest_python_numba_numba/),MatchSource.ISSUE_COMMENT,root-project,root,v6-32-06,https://github.com/root-project/root/pull/13541#issuecomment-1698737346:263,test,tests,263,https://root.cern,https://github.com/root-project/root/pull/13541#issuecomment-1698737346,6,['test'],"['test', 'testReport', 'tests']"
Testability,Build failed on ROOT-ubuntu2204/nortcxxmod.; Running on root-ubuntu-2204-2.cern.ch:/home/sftnight/build/workspace/root-pullrequests-build; [See console output](https://lcgapp-services.cern.ch/root-jenkins/job/root-pullrequests-build/183652/console).; ### Failing tests:; - [projectroot.runtutorials.test_import_numba](https://lcgapp-services.cern.ch/root-jenkins/job/root-pullrequests-build/183652/testReport/projectroot/runtutorials/test_import_numba/); - [projectroot.test.test_stressgraphics_interpreted](https://lcgapp-services.cern.ch/root-jenkins/job/root-pullrequests-build/183652/testReport/projectroot/test/test_stressgraphics_interpreted/); - [projectroot.bindings.pyroot.pythonizations.test.test_import_numba](https://lcgapp-services.cern.ch/root-jenkins/job/root-pullrequests-build/183652/testReport/projectroot.bindings.pyroot.pythonizations/test/test_import_numba/); - [projectroot.roofit.histfactory.test.gtest_roofit_histfactory_test_testHistFactory](https://lcgapp-services.cern.ch/root-jenkins/job/root-pullrequests-build/183652/testReport/projectroot.roofit.histfactory/test/gtest_roofit_histfactory_test_testHistFactory/); - [projectroot.roottest.python.numba.roottest_python_numba_numba](https://lcgapp-services.cern.ch/root-jenkins/job/root-pullrequests-build/183652/testReport/projectroot.roottest.python/numba/roottest_python_numba_numba/),MatchSource.ISSUE_COMMENT,root-project,root,v6-32-06,https://github.com/root-project/root/pull/13483#issuecomment-1699271016:263,test,tests,263,https://root.cern,https://github.com/root-project/root/pull/13483#issuecomment-1699271016,12,['test'],"['test', 'testReport', 'tests']"
Testability,Build failed on ROOT-ubuntu2204/nortcxxmod.; Running on root-ubuntu-2204-2.cern.ch:/home/sftnight/build/workspace/root-pullrequests-build; [See console output](https://lcgapp-services.cern.ch/root-jenkins/job/root-pullrequests-build/183707/console).; ### Failing tests:; - [projectroot.runtutorials.test_import_numba](https://lcgapp-services.cern.ch/root-jenkins/job/root-pullrequests-build/183707/testReport/projectroot/runtutorials/test_import_numba/); - [projectroot.test.test_stressgraphics_interpreted](https://lcgapp-services.cern.ch/root-jenkins/job/root-pullrequests-build/183707/testReport/projectroot/test/test_stressgraphics_interpreted/); - [projectroot.bindings.pyroot.pythonizations.test.test_import_numba](https://lcgapp-services.cern.ch/root-jenkins/job/root-pullrequests-build/183707/testReport/projectroot.bindings.pyroot.pythonizations/test/test_import_numba/); - [projectroot.roottest.python.numba.roottest_python_numba_numba](https://lcgapp-services.cern.ch/root-jenkins/job/root-pullrequests-build/183707/testReport/projectroot.roottest.python/numba/roottest_python_numba_numba/),MatchSource.ISSUE_COMMENT,root-project,root,v6-32-06,https://github.com/root-project/root/pull/11208#issuecomment-1699942229:263,test,tests,263,https://root.cern,https://github.com/root-project/root/pull/11208#issuecomment-1699942229,9,['test'],"['test', 'testReport', 'tests']"
Testability,Build failed on ROOT-ubuntu2204/nortcxxmod.; Running on root-ubuntu-2204-2.cern.ch:/home/sftnight/build/workspace/root-pullrequests-build; [See console output](https://lcgapp-services.cern.ch/root-jenkins/job/root-pullrequests-build/183713/console).; ### Failing tests:; - [projectroot.runtutorials.test_import_numba](https://lcgapp-services.cern.ch/root-jenkins/job/root-pullrequests-build/183713/testReport/projectroot/runtutorials/test_import_numba/); - [projectroot.test.test_stressgraphics_interpreted](https://lcgapp-services.cern.ch/root-jenkins/job/root-pullrequests-build/183713/testReport/projectroot/test/test_stressgraphics_interpreted/); - [projectroot.bindings.pyroot.pythonizations.test.test_import_numba](https://lcgapp-services.cern.ch/root-jenkins/job/root-pullrequests-build/183713/testReport/projectroot.bindings.pyroot.pythonizations/test/test_import_numba/); - [projectroot.roottest.python.numba.roottest_python_numba_numba](https://lcgapp-services.cern.ch/root-jenkins/job/root-pullrequests-build/183713/testReport/projectroot.roottest.python/numba/roottest_python_numba_numba/),MatchSource.ISSUE_COMMENT,root-project,root,v6-32-06,https://github.com/root-project/root/pull/13572#issuecomment-1700217738:263,test,tests,263,https://root.cern,https://github.com/root-project/root/pull/13572#issuecomment-1700217738,9,['test'],"['test', 'testReport', 'tests']"
Testability,Build failed on ROOT-ubuntu2204/nortcxxmod.; Running on root-ubuntu-2204-2.cern.ch:/home/sftnight/build/workspace/root-pullrequests-build; [See console output](https://lcgapp-services.cern.ch/root-jenkins/job/root-pullrequests-build/184408/console).; ### Failing tests:; - [projectroot.tmva.pymva.test.PyMVA_RandomForest_Classification](https://lcgapp-services.cern.ch/root-jenkins/job/root-pullrequests-build/184408/testReport/projectroot.tmva.pymva/test/PyMVA_RandomForest_Classification/); - [projectroot.tmva.pymva.test.PyMVA_RandomForest_Multiclass](https://lcgapp-services.cern.ch/root-jenkins/job/root-pullrequests-build/184408/testReport/projectroot.tmva.pymva/test/PyMVA_RandomForest_Multiclass/); - [projectroot.tmva.pymva.test.PyMVA_GTB_Classification](https://lcgapp-services.cern.ch/root-jenkins/job/root-pullrequests-build/184408/testReport/projectroot.tmva.pymva/test/PyMVA_GTB_Classification/); - [projectroot.tmva.pymva.test.PyMVA_GTB_Multiclass](https://lcgapp-services.cern.ch/root-jenkins/job/root-pullrequests-build/184408/testReport/projectroot.tmva.pymva/test/PyMVA_GTB_Multiclass/); - [projectroot.tmva.pymva.test.gtest_tmva_pymva_test_TestRModelParserPyTorch](https://lcgapp-services.cern.ch/root-jenkins/job/root-pullrequests-build/184408/testReport/projectroot.tmva.pymva/test/gtest_tmva_pymva_test_TestRModelParserPyTorch/),MatchSource.ISSUE_COMMENT,root-project,root,v6-32-06,https://github.com/root-project/root/pull/13571#issuecomment-1710724521:263,test,tests,263,https://root.cern,https://github.com/root-project/root/pull/13571#issuecomment-1710724521,16,['test'],"['test', 'testReport', 'tests']"
Testability,Build failed on ROOT-ubuntu2204/nortcxxmod.; Running on root-ubuntu-2204-2.cern.ch:/home/sftnight/build/workspace/root-pullrequests-build; [See console output](https://lcgapp-services.cern.ch/root-jenkins/job/root-pullrequests-build/184422/console).; ### Failing tests:; - [projectroot.tmva.pymva.test.PyMVA_RandomForest_Classification](https://lcgapp-services.cern.ch/root-jenkins/job/root-pullrequests-build/184422/testReport/projectroot.tmva.pymva/test/PyMVA_RandomForest_Classification/); - [projectroot.tmva.pymva.test.PyMVA_RandomForest_Multiclass](https://lcgapp-services.cern.ch/root-jenkins/job/root-pullrequests-build/184422/testReport/projectroot.tmva.pymva/test/PyMVA_RandomForest_Multiclass/); - [projectroot.tmva.pymva.test.PyMVA_GTB_Classification](https://lcgapp-services.cern.ch/root-jenkins/job/root-pullrequests-build/184422/testReport/projectroot.tmva.pymva/test/PyMVA_GTB_Classification/); - [projectroot.tmva.pymva.test.PyMVA_GTB_Multiclass](https://lcgapp-services.cern.ch/root-jenkins/job/root-pullrequests-build/184422/testReport/projectroot.tmva.pymva/test/PyMVA_GTB_Multiclass/); - [projectroot.tmva.pymva.test.gtest_tmva_pymva_test_TestRModelParserPyTorch](https://lcgapp-services.cern.ch/root-jenkins/job/root-pullrequests-build/184422/testReport/projectroot.tmva.pymva/test/gtest_tmva_pymva_test_TestRModelParserPyTorch/),MatchSource.ISSUE_COMMENT,root-project,root,v6-32-06,https://github.com/root-project/root/pull/13621#issuecomment-1711412351:263,test,tests,263,https://root.cern,https://github.com/root-project/root/pull/13621#issuecomment-1711412351,16,['test'],"['test', 'testReport', 'tests']"
Testability,Build failed on ROOT-ubuntu2204/nortcxxmod.; Running on root-ubuntu-2204-2.cern.ch:/home/sftnight/build/workspace/root-pullrequests-build; [See console output](https://lcgapp-services.cern.ch/root-jenkins/job/root-pullrequests-build/184446/console).; ### Failing tests:; - [projectroot.tmva.pymva.test.PyMVA_RandomForest_Classification](https://lcgapp-services.cern.ch/root-jenkins/job/root-pullrequests-build/184446/testReport/projectroot.tmva.pymva/test/PyMVA_RandomForest_Classification/); - [projectroot.tmva.pymva.test.PyMVA_RandomForest_Multiclass](https://lcgapp-services.cern.ch/root-jenkins/job/root-pullrequests-build/184446/testReport/projectroot.tmva.pymva/test/PyMVA_RandomForest_Multiclass/); - [projectroot.tmva.pymva.test.PyMVA_GTB_Classification](https://lcgapp-services.cern.ch/root-jenkins/job/root-pullrequests-build/184446/testReport/projectroot.tmva.pymva/test/PyMVA_GTB_Classification/); - [projectroot.tmva.pymva.test.PyMVA_GTB_Multiclass](https://lcgapp-services.cern.ch/root-jenkins/job/root-pullrequests-build/184446/testReport/projectroot.tmva.pymva/test/PyMVA_GTB_Multiclass/); - [projectroot.tmva.pymva.test.gtest_tmva_pymva_test_TestRModelParserPyTorch](https://lcgapp-services.cern.ch/root-jenkins/job/root-pullrequests-build/184446/testReport/projectroot.tmva.pymva/test/gtest_tmva_pymva_test_TestRModelParserPyTorch/),MatchSource.ISSUE_COMMENT,root-project,root,v6-32-06,https://github.com/root-project/root/pull/13571#issuecomment-1711559694:263,test,tests,263,https://root.cern,https://github.com/root-project/root/pull/13571#issuecomment-1711559694,16,['test'],"['test', 'testReport', 'tests']"
Testability,Build failed on ROOT-ubuntu2204/nortcxxmod.; Running on root-ubuntu-2204-2.cern.ch:/home/sftnight/build/workspace/root-pullrequests-build; [See console output](https://lcgapp-services.cern.ch/root-jenkins/job/root-pullrequests-build/184470/console).; ### Failing tests:; - [projectroot.tmva.pymva.test.PyMVA_RandomForest_Classification](https://lcgapp-services.cern.ch/root-jenkins/job/root-pullrequests-build/184470/testReport/projectroot.tmva.pymva/test/PyMVA_RandomForest_Classification/); - [projectroot.tmva.pymva.test.PyMVA_RandomForest_Multiclass](https://lcgapp-services.cern.ch/root-jenkins/job/root-pullrequests-build/184470/testReport/projectroot.tmva.pymva/test/PyMVA_RandomForest_Multiclass/); - [projectroot.tmva.pymva.test.PyMVA_GTB_Classification](https://lcgapp-services.cern.ch/root-jenkins/job/root-pullrequests-build/184470/testReport/projectroot.tmva.pymva/test/PyMVA_GTB_Classification/); - [projectroot.tmva.pymva.test.PyMVA_GTB_Multiclass](https://lcgapp-services.cern.ch/root-jenkins/job/root-pullrequests-build/184470/testReport/projectroot.tmva.pymva/test/PyMVA_GTB_Multiclass/); - [projectroot.tmva.pymva.test.gtest_tmva_pymva_test_TestRModelParserPyTorch](https://lcgapp-services.cern.ch/root-jenkins/job/root-pullrequests-build/184470/testReport/projectroot.tmva.pymva/test/gtest_tmva_pymva_test_TestRModelParserPyTorch/),MatchSource.ISSUE_COMMENT,root-project,root,v6-32-06,https://github.com/root-project/root/pull/13628#issuecomment-1711814418:263,test,tests,263,https://root.cern,https://github.com/root-project/root/pull/13628#issuecomment-1711814418,16,['test'],"['test', 'testReport', 'tests']"
Testability,Build failed on ROOT-ubuntu2204/nortcxxmod.; Running on root-ubuntu-2204-2.cern.ch:/home/sftnight/build/workspace/root-pullrequests-build; [See console output](https://lcgapp-services.cern.ch/root-jenkins/job/root-pullrequests-build/184488/console).; ### Failing tests:; - [projectroot.tmva.pymva.test.PyMVA_RandomForest_Classification](https://lcgapp-services.cern.ch/root-jenkins/job/root-pullrequests-build/184488/testReport/projectroot.tmva.pymva/test/PyMVA_RandomForest_Classification/); - [projectroot.tmva.pymva.test.PyMVA_RandomForest_Multiclass](https://lcgapp-services.cern.ch/root-jenkins/job/root-pullrequests-build/184488/testReport/projectroot.tmva.pymva/test/PyMVA_RandomForest_Multiclass/); - [projectroot.tmva.pymva.test.PyMVA_GTB_Multiclass](https://lcgapp-services.cern.ch/root-jenkins/job/root-pullrequests-build/184488/testReport/projectroot.tmva.pymva/test/PyMVA_GTB_Multiclass/); - [projectroot.tmva.pymva.test.PyMVA_GTB_Classification](https://lcgapp-services.cern.ch/root-jenkins/job/root-pullrequests-build/184488/testReport/projectroot.tmva.pymva/test/PyMVA_GTB_Classification/); - [projectroot.tmva.pymva.test.gtest_tmva_pymva_test_TestRModelParserPyTorch](https://lcgapp-services.cern.ch/root-jenkins/job/root-pullrequests-build/184488/testReport/projectroot.tmva.pymva/test/gtest_tmva_pymva_test_TestRModelParserPyTorch/),MatchSource.ISSUE_COMMENT,root-project,root,v6-32-06,https://github.com/root-project/root/pull/13630#issuecomment-1712007530:263,test,tests,263,https://root.cern,https://github.com/root-project/root/pull/13630#issuecomment-1712007530,16,['test'],"['test', 'testReport', 'tests']"
Testability,Build failed on ROOT-ubuntu2204/nortcxxmod.; Running on root-ubuntu-2204-2.cern.ch:/home/sftnight/build/workspace/root-pullrequests-build; [See console output](https://lcgapp-services.cern.ch/root-jenkins/job/root-pullrequests-build/184506/console).; ### Failing tests:; - [projectroot.bindings.pyroot.pythonizations.test.pyunittests_pyroot_pyz_pretty_printing](https://lcgapp-services.cern.ch/root-jenkins/job/root-pullrequests-build/184506/testReport/projectroot.bindings.pyroot.pythonizations/test/pyunittests_pyroot_pyz_pretty_printing/); - [projectroot.roottest.root.meta.naming.roottest_root_meta_naming_execParamPack_auto](https://lcgapp-services.cern.ch/root-jenkins/job/root-pullrequests-build/184506/testReport/projectroot.roottest.root.meta/naming/roottest_root_meta_naming_execParamPack_auto/); - [projectroot.tmva.pymva.test.PyMVA_RandomForest_Classification](https://lcgapp-services.cern.ch/root-jenkins/job/root-pullrequests-build/184506/testReport/projectroot.tmva.pymva/test/PyMVA_RandomForest_Classification/); - [projectroot.tmva.pymva.test.PyMVA_RandomForest_Multiclass](https://lcgapp-services.cern.ch/root-jenkins/job/root-pullrequests-build/184506/testReport/projectroot.tmva.pymva/test/PyMVA_RandomForest_Multiclass/); - [projectroot.tmva.pymva.test.PyMVA_GTB_Classification](https://lcgapp-services.cern.ch/root-jenkins/job/root-pullrequests-build/184506/testReport/projectroot.tmva.pymva/test/PyMVA_GTB_Classification/); - [projectroot.tmva.pymva.test.PyMVA_GTB_Multiclass](https://lcgapp-services.cern.ch/root-jenkins/job/root-pullrequests-build/184506/testReport/projectroot.tmva.pymva/test/PyMVA_GTB_Multiclass/); - [projectroot.tmva.pymva.test.gtest_tmva_pymva_test_TestRModelParserPyTorch](https://lcgapp-services.cern.ch/root-jenkins/job/root-pullrequests-build/184506/testReport/projectroot.tmva.pymva/test/gtest_tmva_pymva_test_TestRModelParserPyTorch/),MatchSource.ISSUE_COMMENT,root-project,root,v6-32-06,https://github.com/root-project/root/pull/13619#issuecomment-1712562079:263,test,tests,263,https://root.cern,https://github.com/root-project/root/pull/13619#issuecomment-1712562079,20,['test'],"['test', 'testReport', 'tests']"
Testability,Build failed on ROOT-ubuntu2204/nortcxxmod.; Running on root-ubuntu-2204-2.cern.ch:/home/sftnight/build/workspace/root-pullrequests-build; [See console output](https://lcgapp-services.cern.ch/root-jenkins/job/root-pullrequests-build/184562/console).; ### Failing tests:; - [projectroot.tmva.pymva.test.PyMVA_RandomForest_Classification](https://lcgapp-services.cern.ch/root-jenkins/job/root-pullrequests-build/184562/testReport/projectroot.tmva.pymva/test/PyMVA_RandomForest_Classification/); - [projectroot.tmva.pymva.test.PyMVA_RandomForest_Multiclass](https://lcgapp-services.cern.ch/root-jenkins/job/root-pullrequests-build/184562/testReport/projectroot.tmva.pymva/test/PyMVA_RandomForest_Multiclass/); - [projectroot.tmva.pymva.test.PyMVA_GTB_Classification](https://lcgapp-services.cern.ch/root-jenkins/job/root-pullrequests-build/184562/testReport/projectroot.tmva.pymva/test/PyMVA_GTB_Classification/); - [projectroot.tmva.pymva.test.PyMVA_GTB_Multiclass](https://lcgapp-services.cern.ch/root-jenkins/job/root-pullrequests-build/184562/testReport/projectroot.tmva.pymva/test/PyMVA_GTB_Multiclass/); - [projectroot.tmva.pymva.test.gtest_tmva_pymva_test_TestRModelParserPyTorch](https://lcgapp-services.cern.ch/root-jenkins/job/root-pullrequests-build/184562/testReport/projectroot.tmva.pymva/test/gtest_tmva_pymva_test_TestRModelParserPyTorch/),MatchSource.ISSUE_COMMENT,root-project,root,v6-32-06,https://github.com/root-project/root/pull/13624#issuecomment-1713433739:263,test,tests,263,https://root.cern,https://github.com/root-project/root/pull/13624#issuecomment-1713433739,16,['test'],"['test', 'testReport', 'tests']"
Testability,Build failed on ROOT-ubuntu2204/nortcxxmod.; Running on root-ubuntu-2204-2.cern.ch:/home/sftnight/build/workspace/root-pullrequests-build; [See console output](https://lcgapp-services.cern.ch/root-jenkins/job/root-pullrequests-build/184568/console).; ### Failing tests:; - [projectroot.tmva.pymva.test.PyMVA_RandomForest_Classification](https://lcgapp-services.cern.ch/root-jenkins/job/root-pullrequests-build/184568/testReport/projectroot.tmva.pymva/test/PyMVA_RandomForest_Classification/); - [projectroot.tmva.pymva.test.PyMVA_RandomForest_Multiclass](https://lcgapp-services.cern.ch/root-jenkins/job/root-pullrequests-build/184568/testReport/projectroot.tmva.pymva/test/PyMVA_RandomForest_Multiclass/); - [projectroot.tmva.pymva.test.PyMVA_GTB_Classification](https://lcgapp-services.cern.ch/root-jenkins/job/root-pullrequests-build/184568/testReport/projectroot.tmva.pymva/test/PyMVA_GTB_Classification/); - [projectroot.tmva.pymva.test.PyMVA_GTB_Multiclass](https://lcgapp-services.cern.ch/root-jenkins/job/root-pullrequests-build/184568/testReport/projectroot.tmva.pymva/test/PyMVA_GTB_Multiclass/); - [projectroot.tmva.pymva.test.gtest_tmva_pymva_test_TestRModelParserPyTorch](https://lcgapp-services.cern.ch/root-jenkins/job/root-pullrequests-build/184568/testReport/projectroot.tmva.pymva/test/gtest_tmva_pymva_test_TestRModelParserPyTorch/),MatchSource.ISSUE_COMMENT,root-project,root,v6-32-06,https://github.com/root-project/root/pull/13606#issuecomment-1713477888:263,test,tests,263,https://root.cern,https://github.com/root-project/root/pull/13606#issuecomment-1713477888,16,['test'],"['test', 'testReport', 'tests']"
Testability,Build failed on ROOT-ubuntu2204/nortcxxmod.; Running on root-ubuntu-2204-2.cern.ch:/home/sftnight/build/workspace/root-pullrequests-build; [See console output](https://lcgapp-services.cern.ch/root-jenkins/job/root-pullrequests-build/184625/console).; ### Failing tests:; - [projectroot.tmva.pymva.test.PyMVA_RandomForest_Classification](https://lcgapp-services.cern.ch/root-jenkins/job/root-pullrequests-build/184625/testReport/projectroot.tmva.pymva/test/PyMVA_RandomForest_Classification/); - [projectroot.tmva.pymva.test.PyMVA_RandomForest_Multiclass](https://lcgapp-services.cern.ch/root-jenkins/job/root-pullrequests-build/184625/testReport/projectroot.tmva.pymva/test/PyMVA_RandomForest_Multiclass/); - [projectroot.tmva.pymva.test.PyMVA_GTB_Classification](https://lcgapp-services.cern.ch/root-jenkins/job/root-pullrequests-build/184625/testReport/projectroot.tmva.pymva/test/PyMVA_GTB_Classification/); - [projectroot.tmva.pymva.test.PyMVA_GTB_Multiclass](https://lcgapp-services.cern.ch/root-jenkins/job/root-pullrequests-build/184625/testReport/projectroot.tmva.pymva/test/PyMVA_GTB_Multiclass/); - [projectroot.tmva.pymva.test.gtest_tmva_pymva_test_TestRModelParserPyTorch](https://lcgapp-services.cern.ch/root-jenkins/job/root-pullrequests-build/184625/testReport/projectroot.tmva.pymva/test/gtest_tmva_pymva_test_TestRModelParserPyTorch/),MatchSource.ISSUE_COMMENT,root-project,root,v6-32-06,https://github.com/root-project/root/pull/13639#issuecomment-1714779209:263,test,tests,263,https://root.cern,https://github.com/root-project/root/pull/13639#issuecomment-1714779209,16,['test'],"['test', 'testReport', 'tests']"
Testability,Build failed on ROOT-ubuntu2204/nortcxxmod.; Running on root-ubuntu-2204-2.cern.ch:/home/sftnight/build/workspace/root-pullrequests-build; [See console output](https://lcgapp-services.cern.ch/root-jenkins/job/root-pullrequests-build/184671/console).; ### Errors:; - [2023-09-12T14:25:23.227Z] 2493/2525 Test #1079: tutorial-tmva-TMVA_SOFIE_RSofieReader .............................................................***Failed Error regular expression found in output. Regex=[: error:] 0.48 sec . ### Failing tests:; - [projectroot.runtutorials.tutorial_tmva_TMVA_SOFIE_PyTorch](https://lcgapp-services.cern.ch/root-jenkins/job/root-pullrequests-build/184671/testReport/projectroot/runtutorials/tutorial_tmva_TMVA_SOFIE_PyTorch/); - [projectroot.runtutorials.tutorial_tmva_TMVA_SOFIE_RSofieReader](https://lcgapp-services.cern.ch/root-jenkins/job/root-pullrequests-build/184671/testReport/projectroot/runtutorials/tutorial_tmva_TMVA_SOFIE_RSofieReader/); - [projectroot.tmva.pymva.test.gtest_tmva_pymva_test_TestRModelParserKeras](https://lcgapp-services.cern.ch/root-jenkins/job/root-pullrequests-build/184671/testReport/projectroot.tmva.pymva/test/gtest_tmva_pymva_test_TestRModelParserKeras/); - [projectroot.tmva.pymva.test.gtest_tmva_pymva_test_TestRModelParserPyTorch](https://lcgapp-services.cern.ch/root-jenkins/job/root-pullrequests-build/184671/testReport/projectroot.tmva.pymva/test/gtest_tmva_pymva_test_TestRModelParserPyTorch/),MatchSource.ISSUE_COMMENT,root-project,root,v6-32-06,https://github.com/root-project/root/pull/13634#issuecomment-1715849350:303,Test,Test,303,https://root.cern,https://github.com/root-project/root/pull/13634#issuecomment-1715849350,10,"['Test', 'test']","['Test', 'test', 'testReport', 'tests']"
Testability,Build failed on ROOT-ubuntu2204/nortcxxmod.; Running on root-ubuntu-2204-2.cern.ch:/home/sftnight/build/workspace/root-pullrequests-build; [See console output](https://lcgapp-services.cern.ch/root-jenkins/job/root-pullrequests-build/184732/console).; ### Failing tests:; - [projectroot.tmva.pymva.test.PyMVA_RandomForest_Classification](https://lcgapp-services.cern.ch/root-jenkins/job/root-pullrequests-build/184732/testReport/projectroot.tmva.pymva/test/PyMVA_RandomForest_Classification/); - [projectroot.tmva.pymva.test.PyMVA_RandomForest_Multiclass](https://lcgapp-services.cern.ch/root-jenkins/job/root-pullrequests-build/184732/testReport/projectroot.tmva.pymva/test/PyMVA_RandomForest_Multiclass/); - [projectroot.tmva.pymva.test.PyMVA_GTB_Classification](https://lcgapp-services.cern.ch/root-jenkins/job/root-pullrequests-build/184732/testReport/projectroot.tmva.pymva/test/PyMVA_GTB_Classification/); - [projectroot.tmva.pymva.test.PyMVA_GTB_Multiclass](https://lcgapp-services.cern.ch/root-jenkins/job/root-pullrequests-build/184732/testReport/projectroot.tmva.pymva/test/PyMVA_GTB_Multiclass/),MatchSource.ISSUE_COMMENT,root-project,root,v6-32-06,https://github.com/root-project/root/pull/13644#issuecomment-1717522062:263,test,tests,263,https://root.cern,https://github.com/root-project/root/pull/13644#issuecomment-1717522062,13,['test'],"['test', 'testReport', 'tests']"
Testability,"Build failed on ROOT-ubuntu2204/nortcxxmod.; Running on root-ubuntu-2204-2.cern.ch:/home/sftnight/build/workspace/root-pullrequests-build; [See console output](https://lcgapp-services.cern.ch/root-jenkins/job/root-pullrequests-build/184816/console).; ### Warnings:; - [2023-09-14T11:19:55.871Z] /home/sftnight/build/workspace/root-pullrequests-build/root/net/net/src/TNetFile.cxx:19:29: warning: ""/*"" within comment [-Wcomment] . ### Failing tests:; - [projectroot.tmva.pymva.test.PyMVA_RandomForest_Classification](https://lcgapp-services.cern.ch/root-jenkins/job/root-pullrequests-build/184816/testReport/projectroot.tmva.pymva/test/PyMVA_RandomForest_Classification/); - [projectroot.tmva.pymva.test.PyMVA_RandomForest_Multiclass](https://lcgapp-services.cern.ch/root-jenkins/job/root-pullrequests-build/184816/testReport/projectroot.tmva.pymva/test/PyMVA_RandomForest_Multiclass/); - [projectroot.tmva.pymva.test.PyMVA_GTB_Classification](https://lcgapp-services.cern.ch/root-jenkins/job/root-pullrequests-build/184816/testReport/projectroot.tmva.pymva/test/PyMVA_GTB_Classification/); - [projectroot.tmva.pymva.test.PyMVA_GTB_Multiclass](https://lcgapp-services.cern.ch/root-jenkins/job/root-pullrequests-build/184816/testReport/projectroot.tmva.pymva/test/PyMVA_GTB_Multiclass/)",MatchSource.ISSUE_COMMENT,root-project,root,v6-32-06,https://github.com/root-project/root/pull/13642#issuecomment-1719283817:442,test,tests,442,https://root.cern,https://github.com/root-project/root/pull/13642#issuecomment-1719283817,13,['test'],"['test', 'testReport', 'tests']"
Testability,Build failed on ROOT-ubuntu2204/nortcxxmod.; Running on root-ubuntu-2204-2.cern.ch:/home/sftnight/build/workspace/root-pullrequests-build; [See console output](https://lcgapp-services.cern.ch/root-jenkins/job/root-pullrequests-build/185348/console).; ### Failing tests:; - [projectroot.runtutorials.tutorial_tmva_RBatchGenerator_filters_vectors_py](https://lcgapp-services.cern.ch/root-jenkins/job/root-pullrequests-build/185348/testReport/projectroot/runtutorials/tutorial_tmva_RBatchGenerator_filters_vectors_py/),MatchSource.ISSUE_COMMENT,root-project,root,v6-32-06,https://github.com/root-project/root/pull/13674#issuecomment-1727783166:263,test,tests,263,https://root.cern,https://github.com/root-project/root/pull/13674#issuecomment-1727783166,2,['test'],"['testReport', 'tests']"
Testability,Build failed on ROOT-ubuntu2204/nortcxxmod.; Running on root-ubuntu-2204-2.cern.ch:/home/sftnight/build/workspace/root-pullrequests-build; [See console output](https://lcgapp-services.cern.ch/root-jenkins/job/root-pullrequests-build/185491/console).; ### Failing tests:; - [projectroot.tree.ntupleutil.v7.test.gtest_tree_ntupleutil_v7_test_ntuple_inspector](https://lcgapp-services.cern.ch/root-jenkins/job/root-pullrequests-build/185491/testReport/projectroot.tree.ntupleutil.v7/test/gtest_tree_ntupleutil_v7_test_ntuple_inspector/),MatchSource.ISSUE_COMMENT,root-project,root,v6-32-06,https://github.com/root-project/root/pull/13699#issuecomment-1729634719:263,test,tests,263,https://root.cern,https://github.com/root-project/root/pull/13699#issuecomment-1729634719,4,['test'],"['test', 'testReport', 'tests']"
Testability,Build failed on ROOT-ubuntu2204/nortcxxmod.; Running on root-ubuntu-2204-2.cern.ch:/home/sftnight/build/workspace/root-pullrequests-build; [See console output](https://lcgapp-services.cern.ch/root-jenkins/job/root-pullrequests-build/185716/console).; ### Errors:; - [2023-09-25T14:54:19.188Z] 2265/2283 Test #948: tutorial-tmva-TMVA_SOFIE_RSofieReader .............................................................***Failed Error regular expression found in output. Regex=[: error:] 0.24 sec . ### Failing tests:; - [projectroot.runtutorials.tutorial_tmva_pytorch_ClassificationPyTorch_py](https://lcgapp-services.cern.ch/root-jenkins/job/root-pullrequests-build/185716/testReport/projectroot/runtutorials/tutorial_tmva_pytorch_ClassificationPyTorch_py/); - [projectroot.runtutorials.tutorial_tmva_pytorch_ApplicationClassificationPyTorch_py](https://lcgapp-services.cern.ch/root-jenkins/job/root-pullrequests-build/185716/testReport/projectroot/runtutorials/tutorial_tmva_pytorch_ApplicationClassificationPyTorch_py/); - [projectroot.runtutorials.tutorial_tmva_pytorch_RegressionPyTorch_py](https://lcgapp-services.cern.ch/root-jenkins/job/root-pullrequests-build/185716/testReport/projectroot/runtutorials/tutorial_tmva_pytorch_RegressionPyTorch_py/); - [projectroot.runtutorials.tutorial_pyroot_fillrandom_py](https://lcgapp-services.cern.ch/root-jenkins/job/root-pullrequests-build/185716/testReport/projectroot/runtutorials/tutorial_pyroot_fillrandom_py/); - [projectroot.runtutorials.tutorial_pyroot_geometry_py](https://lcgapp-services.cern.ch/root-jenkins/job/root-pullrequests-build/185716/testReport/projectroot/runtutorials/tutorial_pyroot_geometry_py/); - [projectroot.runtutorials.tutorial_pyroot_hsimple_py](https://lcgapp-services.cern.ch/root-jenkins/job/root-pullrequests-build/185716/testReport/projectroot/runtutorials/tutorial_pyroot_hsimple_py/); - [projectroot.runtutorials.tutorial_roofit_rf502_wspacewrite_py](https://lcgapp-services.cern.ch/root-jenkins/job/root-pullrequests-b,MatchSource.ISSUE_COMMENT,root-project,root,v6-32-06,https://github.com/root-project/root/pull/13674#issuecomment-1733893689:303,Test,Test,303,https://root.cern,https://github.com/root-project/root/pull/13674#issuecomment-1733893689,4,"['Test', 'test']","['Test', 'testReport', 'tests']"
Testability,Build failed on ROOT-ubuntu2204/nortcxxmod.; Running on root-ubuntu-2204-2.cern.ch:/home/sftnight/build/workspace/root-pullrequests-build; [See console output](https://lcgapp-services.cern.ch/root-jenkins/job/root-pullrequests-build/185804/console).; ### Failing tests:; - [projectroot.tmva.sofie.test.gtest_tmva_sofie_test_TestSofieModels](https://lcgapp-services.cern.ch/root-jenkins/job/root-pullrequests-build/185804/testReport/projectroot.tmva.sofie/test/gtest_tmva_sofie_test_TestSofieModels/),MatchSource.ISSUE_COMMENT,root-project,root,v6-32-06,https://github.com/root-project/root/pull/13725#issuecomment-1735792508:263,test,tests,263,https://root.cern,https://github.com/root-project/root/pull/13725#issuecomment-1735792508,4,['test'],"['test', 'testReport', 'tests']"
Testability,Build failed on ROOT-ubuntu2204/nortcxxmod.; Running on root-ubuntu-2204-2.cern.ch:/home/sftnight/build/workspace/root-pullrequests-build; [See console output](https://lcgapp-services.cern.ch/root-jenkins/job/root-pullrequests-build/185888/console).; ### Failing tests:; - [projectroot.bindings.pyroot.pythonizations.test.pyunittests_pyroot_pyz_pretty_printing](https://lcgapp-services.cern.ch/root-jenkins/job/root-pullrequests-build/185888/testReport/projectroot.bindings.pyroot.pythonizations/test/pyunittests_pyroot_pyz_pretty_printing/),MatchSource.ISSUE_COMMENT,root-project,root,v6-32-06,https://github.com/root-project/root/pull/13619#issuecomment-1737115747:263,test,tests,263,https://root.cern,https://github.com/root-project/root/pull/13619#issuecomment-1737115747,4,['test'],"['test', 'testReport', 'tests']"
Testability,Build failed on ROOT-ubuntu2204/nortcxxmod.; Running on root-ubuntu-2204-2.cern.ch:/home/sftnight/build/workspace/root-pullrequests-build; [See console output](https://lcgapp-services.cern.ch/root-jenkins/job/root-pullrequests-build/185973/console).; ### Failing tests:; - [projectroot.bindings.pyroot.pythonizations.test.pyunittests_pyroot_pyz_rdataframe_makenumpy](https://lcgapp-services.cern.ch/root-jenkins/job/root-pullrequests-build/185973/testReport/projectroot.bindings.pyroot.pythonizations/test/pyunittests_pyroot_pyz_rdataframe_makenumpy/),MatchSource.ISSUE_COMMENT,root-project,root,v6-32-06,https://github.com/root-project/root/pull/13738#issuecomment-1738702463:263,test,tests,263,https://root.cern,https://github.com/root-project/root/pull/13738#issuecomment-1738702463,4,['test'],"['test', 'testReport', 'tests']"
Testability,Build failed on ROOT-ubuntu2204/nortcxxmod.; Running on root-ubuntu-2204-2.cern.ch:/home/sftnight/build/workspace/root-pullrequests-build; [See console output](https://lcgapp-services.cern.ch/root-jenkins/job/root-pullrequests-build/186135/console).; ### Failing tests:; - [projectroot.tmva.pymva.test.PyMVA_Keras_Regression](https://lcgapp-services.cern.ch/root-jenkins/job/root-pullrequests-build/186135/testReport/projectroot.tmva.pymva/test/PyMVA_Keras_Regression/),MatchSource.ISSUE_COMMENT,root-project,root,v6-32-06,https://github.com/root-project/root/pull/13755#issuecomment-1740574056:263,test,tests,263,https://root.cern,https://github.com/root-project/root/pull/13755#issuecomment-1740574056,4,['test'],"['test', 'testReport', 'tests']"
Testability,Build failed on ROOT-ubuntu2204/nortcxxmod.; Running on root-ubuntu-2204-2.cern.ch:/home/sftnight/build/workspace/root-pullrequests-build; [See console output](https://lcgapp-services.cern.ch/root-jenkins/job/root-pullrequests-build/186520/console).; ### Failing tests:; - [projectroot.tmva.pymva.test.PyMVA_RandomForest_Classification](https://lcgapp-services.cern.ch/root-jenkins/job/root-pullrequests-build/186520/testReport/projectroot.tmva.pymva/test/PyMVA_RandomForest_Classification/); - [projectroot.tmva.pymva.test.PyMVA_RandomForest_Multiclass](https://lcgapp-services.cern.ch/root-jenkins/job/root-pullrequests-build/186520/testReport/projectroot.tmva.pymva/test/PyMVA_RandomForest_Multiclass/); - [projectroot.tmva.pymva.test.PyMVA_GTB_Classification](https://lcgapp-services.cern.ch/root-jenkins/job/root-pullrequests-build/186520/testReport/projectroot.tmva.pymva/test/PyMVA_GTB_Classification/); - [projectroot.tmva.pymva.test.PyMVA_GTB_Multiclass](https://lcgapp-services.cern.ch/root-jenkins/job/root-pullrequests-build/186520/testReport/projectroot.tmva.pymva/test/PyMVA_GTB_Multiclass/),MatchSource.ISSUE_COMMENT,root-project,root,v6-32-06,https://github.com/root-project/root/pull/13789#issuecomment-1744971694:263,test,tests,263,https://root.cern,https://github.com/root-project/root/pull/13789#issuecomment-1744971694,13,['test'],"['test', 'testReport', 'tests']"
Testability,Build failed on ROOT-ubuntu2204/nortcxxmod.; Running on root-ubuntu-2204-2.cern.ch:/home/sftnight/build/workspace/root-pullrequests-build; [See console output](https://lcgapp-services.cern.ch/root-jenkins/job/root-pullrequests-build/187284/console).; ### Failing tests:; - [projectroot.test.test_TFormulaTests](https://lcgapp-services.cern.ch/root-jenkins/job/root-pullrequests-build/187284/testReport/projectroot/test/test_TFormulaTests/),MatchSource.ISSUE_COMMENT,root-project,root,v6-32-06,https://github.com/root-project/root/pull/13844#issuecomment-1765846474:263,test,tests,263,https://root.cern,https://github.com/root-project/root/pull/13844#issuecomment-1765846474,4,['test'],"['test', 'testReport', 'tests']"
Testability,Build failed on ROOT-ubuntu2204/nortcxxmod.; Running on root-ubuntu-2204-2.cern.ch:/home/sftnight/build/workspace/root-pullrequests-build; [See console output](https://lcgapp-services.cern.ch/root-jenkins/job/root-pullrequests-build/187309/console).; ### Failing tests:; - [projectroot.bindings.pyroot.pythonizations.test.pyunittests_pyroot_pyz_pretty_printing](https://lcgapp-services.cern.ch/root-jenkins/job/root-pullrequests-build/187309/testReport/projectroot.bindings.pyroot.pythonizations/test/pyunittests_pyroot_pyz_pretty_printing/),MatchSource.ISSUE_COMMENT,root-project,root,v6-32-06,https://github.com/root-project/root/pull/13876#issuecomment-1766113352:263,test,tests,263,https://root.cern,https://github.com/root-project/root/pull/13876#issuecomment-1766113352,4,['test'],"['test', 'testReport', 'tests']"
Testability,Build failed on ROOT-ubuntu2204/nortcxxmod.; Running on root-ubuntu-2204-2.cern.ch:/home/sftnight/build/workspace/root-pullrequests-build; [See console output](https://lcgapp-services.cern.ch/root-jenkins/job/root-pullrequests-build/187536/console).; ### Failing tests:; - [projectroot.tmva.pymva.test.PyMVA_Keras_Regression](https://lcgapp-services.cern.ch/root-jenkins/job/root-pullrequests-build/187536/testReport/projectroot.tmva.pymva/test/PyMVA_Keras_Regression/),MatchSource.ISSUE_COMMENT,root-project,root,v6-32-06,https://github.com/root-project/root/pull/13899#issuecomment-1770895953:263,test,tests,263,https://root.cern,https://github.com/root-project/root/pull/13899#issuecomment-1770895953,4,['test'],"['test', 'testReport', 'tests']"
Testability,Build failed on ROOT-ubuntu2204/nortcxxmod.; Running on root-ubuntu-2204-2.cern.ch:/home/sftnight/build/workspace/root-pullrequests-build; [See console output](https://lcgapp-services.cern.ch/root-jenkins/job/root-pullrequests-build/187651/console).; ### Failing tests:; - [projectroot.net.netxng.test.gtest_net_netxng_test_RRawFileNetXNG](https://lcgapp-services.cern.ch/root-jenkins/job/root-pullrequests-build/187651/testReport/projectroot.net.netxng/test/gtest_net_netxng_test_RRawFileNetXNG/); - [projectroot.net.netxng.test.gtest_net_netxng_test_TNetXNGFileTest](https://lcgapp-services.cern.ch/root-jenkins/job/root-pullrequests-build/187651/testReport/projectroot.net.netxng/test/gtest_net_netxng_test_TNetXNGFileTest/); - [projectroot.test.test_stressIOPlugins_xroot](https://lcgapp-services.cern.ch/root-jenkins/job/root-pullrequests-build/187651/testReport/projectroot/test/test_stressIOPlugins_xroot/),MatchSource.ISSUE_COMMENT,root-project,root,v6-32-06,https://github.com/root-project/root/pull/13908#issuecomment-1772952438:263,test,tests,263,https://root.cern,https://github.com/root-project/root/pull/13908#issuecomment-1772952438,10,['test'],"['test', 'testReport', 'tests']"
Testability,Build failed on ROOT-ubuntu2204/nortcxxmod.; Running on root-ubuntu-2204-2.cern.ch:/home/sftnight/build/workspace/root-pullrequests-build; [See console output](https://lcgapp-services.cern.ch/root-jenkins/job/root-pullrequests-build/187666/console).; ### Failing tests:; - [projectroot.tree.ntuple.v7.test.gtest_tree_ntuple_v7_test_ntuple_types](https://lcgapp-services.cern.ch/root-jenkins/job/root-pullrequests-build/187666/testReport/projectroot.tree.ntuple.v7/test/gtest_tree_ntuple_v7_test_ntuple_types/),MatchSource.ISSUE_COMMENT,root-project,root,v6-32-06,https://github.com/root-project/root/pull/13904#issuecomment-1772986015:263,test,tests,263,https://root.cern,https://github.com/root-project/root/pull/13904#issuecomment-1772986015,4,['test'],"['test', 'testReport', 'tests']"
Testability,Build failed on ROOT-ubuntu2204/nortcxxmod.; Running on root-ubuntu-2204-2.cern.ch:/home/sftnight/build/workspace/root-pullrequests-build; [See console output](https://lcgapp-services.cern.ch/root-jenkins/job/root-pullrequests-build/187777/console).; ### Failing tests:; - [projectroot.test.test_stresshistofit_interpreted](https://lcgapp-services.cern.ch/root-jenkins/job/root-pullrequests-build/187777/testReport/projectroot/test/test_stresshistofit_interpreted/); - [projectroot.roottest.root.multicore.roottest_root_multicore_processExecutorH1Test](https://lcgapp-services.cern.ch/root-jenkins/job/root-pullrequests-build/187777/testReport/projectroot.roottest.root/multicore/roottest_root_multicore_processExecutorH1Test/),MatchSource.ISSUE_COMMENT,root-project,root,v6-32-06,https://github.com/root-project/root/pull/13918#issuecomment-1774862805:263,test,tests,263,https://root.cern,https://github.com/root-project/root/pull/13918#issuecomment-1774862805,5,['test'],"['test', 'testReport', 'tests']"
Testability,Build failed on ROOT-ubuntu2204/nortcxxmod.; Running on root-ubuntu-2204-2.cern.ch:/home/sftnight/build/workspace/root-pullrequests-build; [See console output](https://lcgapp-services.cern.ch/root-jenkins/job/root-pullrequests-build/187847/console).; ### Failing tests:; - [projectroot.roottest.root.multicore.roottest_root_multicore_ttree_read_imt](https://lcgapp-services.cern.ch/root-jenkins/job/root-pullrequests-build/187847/testReport/projectroot.roottest.root/multicore/roottest_root_multicore_ttree_read_imt/),MatchSource.ISSUE_COMMENT,root-project,root,v6-32-06,https://github.com/root-project/root/pull/13900#issuecomment-1775993773:263,test,tests,263,https://root.cern,https://github.com/root-project/root/pull/13900#issuecomment-1775993773,2,['test'],"['testReport', 'tests']"
Testability,Build failed on ROOT-ubuntu2204/nortcxxmod.; Running on root-ubuntu-2204-2.cern.ch:/home/sftnight/build/workspace/root-pullrequests-build; [See console output](https://lcgapp-services.cern.ch/root-jenkins/job/root-pullrequests-build/188234/console).; ### Failing tests:; - [projectroot.tree.ntuple.v7.test.gtest_tree_ntuple_v7_test_ntuple_types](https://lcgapp-services.cern.ch/root-jenkins/job/root-pullrequests-build/188234/testReport/projectroot.tree.ntuple.v7/test/gtest_tree_ntuple_v7_test_ntuple_types/); - [projectroot.tree.ntuple.v7.test.gtest_tree_ntuple_v7_test_ntuple_show](https://lcgapp-services.cern.ch/root-jenkins/job/root-pullrequests-build/188234/testReport/projectroot.tree.ntuple.v7/test/gtest_tree_ntuple_v7_test_ntuple_show/),MatchSource.ISSUE_COMMENT,root-project,root,v6-32-06,https://github.com/root-project/root/pull/13904#issuecomment-1782930986:263,test,tests,263,https://root.cern,https://github.com/root-project/root/pull/13904#issuecomment-1782930986,7,['test'],"['test', 'testReport', 'tests']"
Testability,Build failed on ROOT-ubuntu2204/nortcxxmod.; Running on root-ubuntu-2204-2.cern.ch:/home/sftnight/build/workspace/root-pullrequests-build; [See console output](https://lcgapp-services.cern.ch/root-jenkins/job/root-pullrequests-build/189089/console).; ### Errors:; - [2023-11-14T00:21:53.755Z] /home/sftnight/build/workspace/root-pullrequests-build/root/tree/ntuple/v7/test/ntuple_ioerrors.cxx:26:30: error: ‘GetFailureInjectionContext’ is not a member of ‘RRawFile’ {aka ‘ROOT::Internal::RRawFile’} ; - [2023-11-14T00:21:53.755Z] /home/sftnight/build/workspace/root-pullrequests-build/root/tree/ntuple/v7/test/ntuple_ioerrors.cxx:39:37: error: ‘ROOT::Internal::RRawFile::EFailureType’ has not been declared ; - [2023-11-14T00:21:53.755Z] /home/sftnight/build/workspace/root-pullrequests-build/root/tree/ntuple/v7/test/ntuple_ioerrors.cxx:52:30: error: ‘GetFailureInjectionContext’ is not a member of ‘RRawFile’ {aka ‘ROOT::Internal::RRawFile’} ; - [2023-11-14T00:21:53.755Z] /home/sftnight/build/workspace/root-pullrequests-build/root/tree/ntuple/v7/test/ntuple_ioerrors.cxx:64:37: error: ‘ROOT::Internal::RRawFile::EFailureType’ has not been declared ; - [2023-11-14T00:21:53.755Z] /home/sftnight/build/workspace/root-pullrequests-build/root/tree/ntuple/v7/test/ntuple_ioerrors.cxx:78:30: error: ‘GetFailureInjectionContext’ is not a member of ‘RRawFile’ {aka ‘ROOT::Internal::RRawFile’} ; - [2023-11-14T00:21:53.755Z] /home/sftnight/build/workspace/root-pullrequests-build/root/tree/ntuple/v7/test/ntuple_ioerrors.cxx:90:37: error: ‘ROOT::Internal::RRawFile::EFailureType’ has not been declared ; - [2023-11-14T00:21:53.755Z] /home/sftnight/build/workspace/root-pullrequests-build/root/tree/ntuple/v7/test/ntuple_ioerrors.cxx:111:30: error: ‘GetFailureInjectionContext’ is not a member of ‘RRawFile’ {aka ‘ROOT::Internal::RRawFile’} ; - [2023-11-14T00:21:53.755Z] /home/sftnight/build/workspace/root-pullrequests-build/root/tree/ntuple/v7/test/ntuple_ioerrors.cxx:140:37: error: ‘ROOT::Internal::RRa,MatchSource.ISSUE_COMMENT,root-project,root,v6-32-06,https://github.com/root-project/root/pull/13434#issuecomment-1809342787:368,test,test,368,https://root.cern,https://github.com/root-project/root/pull/13434#issuecomment-1809342787,3,['test'],['test']
Testability,Build failed on ROOT-ubuntu2204/nortcxxmod.; Running on root-ubuntu-2204-2.cern.ch:/home/sftnight/build/workspace/root-pullrequests-build; [See console output](https://lcgapp-services.cern.ch/root-jenkins/job/root-pullrequests-build/189134/console).; ### Failing tests:; - [projectroot.net.netxng.test.gtest_net_netxng_test_RRawFileNetXNG](https://lcgapp-services.cern.ch/root-jenkins/job/root-pullrequests-build/189134/testReport/projectroot.net.netxng/test/gtest_net_netxng_test_RRawFileNetXNG/),MatchSource.ISSUE_COMMENT,root-project,root,v6-32-06,https://github.com/root-project/root/pull/9651#issuecomment-1809997473:263,test,tests,263,https://root.cern,https://github.com/root-project/root/pull/9651#issuecomment-1809997473,4,['test'],"['test', 'testReport', 'tests']"
Testability,Build failed on ROOT-ubuntu2204/nortcxxmod.; Running on root-ubuntu-2204-2.cern.ch:/home/sftnight/build/workspace/root-pullrequests-build; [See console output](https://lcgapp-services.cern.ch/root-jenkins/job/root-pullrequests-build/189474/console).; ### Failing tests:; - [projectroot.tree.ntuple.v7.test.gtest_tree_ntuple_v7_test_ntuple_types](https://lcgapp-services.cern.ch/root-jenkins/job/root-pullrequests-build/189474/testReport/projectroot.tree.ntuple.v7/test/gtest_tree_ntuple_v7_test_ntuple_types/),MatchSource.ISSUE_COMMENT,root-project,root,v6-32-06,https://github.com/root-project/root/pull/13904#issuecomment-1814312633:263,test,tests,263,https://root.cern,https://github.com/root-project/root/pull/13904#issuecomment-1814312633,4,['test'],"['test', 'testReport', 'tests']"
Testability,Build failed on ROOT-ubuntu2204/nortcxxmod.; Running on root-ubuntu-2204-2.cern.ch:/home/sftnight/build/workspace/root-pullrequests-build; [See console output](https://lcgapp-services.cern.ch/root-jenkins/job/root-pullrequests-build/189769/console).; ### Failing tests:; - [projectroot.io.io.test.gtest_io_io_test_TFile](https://lcgapp-services.cern.ch/root-jenkins/job/root-pullrequests-build/189769/testReport/projectroot.io.io/test/gtest_io_io_test_TFile/),MatchSource.ISSUE_COMMENT,root-project,root,v6-32-06,https://github.com/root-project/root/pull/14073#issuecomment-1817306791:263,test,tests,263,https://root.cern,https://github.com/root-project/root/pull/14073#issuecomment-1817306791,4,['test'],"['test', 'testReport', 'tests']"
Testability,Build failed on ROOT-ubuntu2204/nortcxxmod.; Running on root-ubuntu-2204-2.cern.ch:/home/sftnight/build/workspace/root-pullrequests-build; [See console output](https://lcgapp-services.cern.ch/root-jenkins/job/root-pullrequests-build/189809/console).; ### Failing tests:; - [projectroot.tmva.pymva.test.PyMVA_Keras_Regression](https://lcgapp-services.cern.ch/root-jenkins/job/root-pullrequests-build/189809/testReport/projectroot.tmva.pymva/test/PyMVA_Keras_Regression/),MatchSource.ISSUE_COMMENT,root-project,root,v6-32-06,https://github.com/root-project/root/pull/13904#issuecomment-1818920306:263,test,tests,263,https://root.cern,https://github.com/root-project/root/pull/13904#issuecomment-1818920306,4,['test'],"['test', 'testReport', 'tests']"
Testability,Build failed on ROOT-ubuntu2204/nortcxxmod.; Running on root-ubuntu-2204-2.cern.ch:/home/sftnight/build/workspace/root-pullrequests-build; [See console output](https://lcgapp-services.cern.ch/root-jenkins/job/root-pullrequests-build/189960/console).; ### Failing tests:; - [projectroot.roottest.root.io.uniquePointer.roottest_root_io_uniquePointer_privacy_interp](https://lcgapp-services.cern.ch/root-jenkins/job/root-pullrequests-build/189960/testReport/projectroot.roottest.root.io/uniquePointer/roottest_root_io_uniquePointer_privacy_interp/); - [projectroot.roottest.root.io.uniquePointer.roottest_root_io_uniquePointer_privacy_load](https://lcgapp-services.cern.ch/root-jenkins/job/root-pullrequests-build/189960/testReport/projectroot.roottest.root.io/uniquePointer/roottest_root_io_uniquePointer_privacy_load/),MatchSource.ISSUE_COMMENT,root-project,root,v6-32-06,https://github.com/root-project/root/pull/13900#issuecomment-1821803794:263,test,tests,263,https://root.cern,https://github.com/root-project/root/pull/13900#issuecomment-1821803794,3,['test'],"['testReport', 'tests']"
Testability,Build failed on ROOT-ubuntu2204/nortcxxmod.; Running on root-ubuntu-2204-2.cern.ch:/home/sftnight/build/workspace/root-pullrequests-build; [See console output](https://lcgapp-services.cern.ch/root-jenkins/job/root-pullrequests-build/190350/console).; ### Failing tests:; - [projectroot.roofit.roofitcore.test.gtest_roofit_roofitcore_test_testNaNPacker](https://lcgapp-services.cern.ch/root-jenkins/job/root-pullrequests-build/190350/testReport/projectroot.roofit.roofitcore/test/gtest_roofit_roofitcore_test_testNaNPacker/); - [projectroot.roofit.roofitcore.test.test_stressroofit_cpu](https://lcgapp-services.cern.ch/root-jenkins/job/root-pullrequests-build/190350/testReport/projectroot.roofit.roofitcore/test/test_stressroofit_cpu/),MatchSource.ISSUE_COMMENT,root-project,root,v6-32-06,https://github.com/root-project/root/pull/10470#issuecomment-1829629750:263,test,tests,263,https://root.cern,https://github.com/root-project/root/pull/10470#issuecomment-1829629750,7,['test'],"['test', 'testReport', 'tests']"
Testability,Build failed on ROOT-ubuntu2204/nortcxxmod.; Running on root-ubuntu-2204-2.cern.ch:/home/sftnight/build/workspace/root-pullrequests-build; [See console output](https://lcgapp-services.cern.ch/root-jenkins/job/root-pullrequests-build/190935/console).; ### Errors:; - [2023-12-06T17:36:51.616Z] 1399/2519 Test #1075: tutorial-tmva-TMVA_SOFIE_GNN_Application ..........................................................***Failed Error regular expression found in output. Regex=[: error:] 2.35 sec . ### Failing tests:; - [projectroot.runtutorials.tutorial_tmva_TMVA_SOFIE_GNN_Application](https://lcgapp-services.cern.ch/root-jenkins/job/root-pullrequests-build/190935/testReport/projectroot/runtutorials/tutorial_tmva_TMVA_SOFIE_GNN_Application/),MatchSource.ISSUE_COMMENT,root-project,root,v6-32-06,https://github.com/root-project/root/pull/14057#issuecomment-1843393505:303,Test,Test,303,https://root.cern,https://github.com/root-project/root/pull/14057#issuecomment-1843393505,3,"['Test', 'test']","['Test', 'testReport', 'tests']"
Testability,Build failed on ROOT-ubuntu2204/nortcxxmod.; Running on root-ubuntu-2204-2.cern.ch:/home/sftnight/build/workspace/root-pullrequests-build; [See console output](https://lcgapp-services.cern.ch/root-jenkins/job/root-pullrequests-build/190995/console).; ### Failing tests:; - [projectroot.roottest.root.io.withoutDictionaries.roottest_root_io_withoutDictionaries_IOWithoutDictionaries](https://lcgapp-services.cern.ch/root-jenkins/job/root-pullrequests-build/190995/testReport/projectroot.roottest.root.io/withoutDictionaries/roottest_root_io_withoutDictionaries_IOWithoutDictionaries/),MatchSource.ISSUE_COMMENT,root-project,root,v6-32-06,https://github.com/root-project/root/pull/9392#issuecomment-1845174229:263,test,tests,263,https://root.cern,https://github.com/root-project/root/pull/9392#issuecomment-1845174229,2,['test'],"['testReport', 'tests']"
Testability,Build failed on ROOT-ubuntu2204/nortcxxmod.; Running on root-ubuntu-2204-2.cern.ch:/home/sftnight/build/workspace/root-pullrequests-build; [See console output](https://lcgapp-services.cern.ch/root-jenkins/job/root-pullrequests-build/191120/console).; ### Failing tests:; - [projectroot.test.test_stresshistofit_interpreted](https://lcgapp-services.cern.ch/root-jenkins/job/root-pullrequests-build/191120/testReport/projectroot/test/test_stresshistofit_interpreted/); - [projectroot.test.test_stressgraphics_interpreted](https://lcgapp-services.cern.ch/root-jenkins/job/root-pullrequests-build/191120/testReport/projectroot/test/test_stressgraphics_interpreted/); - [projectroot.test.test_TFormulaTests](https://lcgapp-services.cern.ch/root-jenkins/job/root-pullrequests-build/191120/testReport/projectroot/test/test_TFormulaTests/); - [projectroot.test.test_stresshistogram_interpreted](https://lcgapp-services.cern.ch/root-jenkins/job/root-pullrequests-build/191120/testReport/projectroot/test/test_stresshistogram_interpreted/); - [projectroot.bindings.pyroot.pythonizations.test.pyunittests_pyroot_pyz_tf_pycallables](https://lcgapp-services.cern.ch/root-jenkins/job/root-pullrequests-build/191120/testReport/projectroot.bindings.pyroot.pythonizations/test/pyunittests_pyroot_pyz_tf_pycallables/); - [projectroot.hist.hist.test.gtest_hist_hist_test_testTKDE](https://lcgapp-services.cern.ch/root-jenkins/job/root-pullrequests-build/191120/testReport/projectroot.hist.hist/test/gtest_hist_hist_test_testTKDE/); - [projectroot.math.genetic.test.genetic_GAMinTutorial](https://lcgapp-services.cern.ch/root-jenkins/job/root-pullrequests-build/191120/testReport/projectroot.math.genetic/test/genetic_GAMinTutorial/); - [projectroot.math.mathcore.test.mathcore_SparseFit3](https://lcgapp-services.cern.ch/root-jenkins/job/root-pullrequests-build/191120/testReport/projectroot.math.mathcore/test/mathcore_SparseFit3/); - [projectroot.math.mathcore.test.mathcore_SparseFit4](https://lcgapp-services.cern.ch,MatchSource.ISSUE_COMMENT,root-project,root,v6-32-06,https://github.com/root-project/root/pull/7002#issuecomment-1848769762:263,test,tests,263,https://root.cern,https://github.com/root-project/root/pull/7002#issuecomment-1848769762,13,['test'],"['test', 'testReport', 'tests']"
Testability,Build failed on ROOT-ubuntu2204/nortcxxmod.; Running on root-ubuntu-2204-2.cern.ch:/home/sftnight/build/workspace/root-pullrequests-build; [See console output](https://lcgapp-services.cern.ch/root-jenkins/job/root-pullrequests-build/191145/console).; ### Failing tests:; - [projectroot.tmva.sofie.test.gtest_tmva_sofie_test_TestSofieModels](https://lcgapp-services.cern.ch/root-jenkins/job/root-pullrequests-build/191145/testReport/projectroot.tmva.sofie/test/gtest_tmva_sofie_test_TestSofieModels/),MatchSource.ISSUE_COMMENT,root-project,root,v6-32-06,https://github.com/root-project/root/pull/8546#issuecomment-1849845136:263,test,tests,263,https://root.cern,https://github.com/root-project/root/pull/8546#issuecomment-1849845136,4,['test'],"['test', 'testReport', 'tests']"
Testability,Build failed on ROOT-ubuntu2204/nortcxxmod.; Running on root-ubuntu-2204-2.cern.ch:/home/sftnight/build/workspace/root-pullrequests-build; [See console output](https://lcgapp-services.cern.ch/root-jenkins/job/root-pullrequests-build/191220/console).; ### Failing tests:; - [projectroot.roofit.histfactory.test.gtest_roofit_histfactory_test_testHistFactory](https://lcgapp-services.cern.ch/root-jenkins/job/root-pullrequests-build/191220/testReport/projectroot.roofit.histfactory/test/gtest_roofit_histfactory_test_testHistFactory/); - [projectroot.roofit.roofitcore.test.gtest_roofit_roofitcore_test_testRooFuncWrapper](https://lcgapp-services.cern.ch/root-jenkins/job/root-pullrequests-build/191220/testReport/projectroot.roofit.roofitcore/test/gtest_roofit_roofitcore_test_testRooFuncWrapper/),MatchSource.ISSUE_COMMENT,root-project,root,v6-32-06,https://github.com/root-project/root/pull/14165#issuecomment-1852204216:263,test,tests,263,https://root.cern,https://github.com/root-project/root/pull/14165#issuecomment-1852204216,7,['test'],"['test', 'testReport', 'tests']"
Testability,Build failed on ROOT-ubuntu2204/nortcxxmod.; Running on root-ubuntu-2204-2.cern.ch:/home/sftnight/build/workspace/root-pullrequests-build; [See console output](https://lcgapp-services.cern.ch/root-jenkins/job/root-pullrequests-build/191300/console).; ### Failing tests:; - [projectroot.test.test_stressIOPlugins_xroot](https://lcgapp-services.cern.ch/root-jenkins/job/root-pullrequests-build/191300/testReport/projectroot/test/test_stressIOPlugins_xroot/),MatchSource.ISSUE_COMMENT,root-project,root,v6-32-06,https://github.com/root-project/root/pull/14221#issuecomment-1853558450:263,test,tests,263,https://root.cern,https://github.com/root-project/root/pull/14221#issuecomment-1853558450,4,['test'],"['test', 'testReport', 'tests']"
Testability,Build failed on ROOT-ubuntu2204/nortcxxmod.; Running on root-ubuntu-2204-2.cern.ch:/home/sftnight/build/workspace/root-pullrequests-build; [See console output](https://lcgapp-services.cern.ch/root-jenkins/job/root-pullrequests-build/191823/console).; ### Warnings:; - [2023-12-20T11:47:04.363Z] /home/sftnight/build/workspace/root-pullrequests-build/root/tmva/sofie_parsers/src/ParseConstant.cxx:17:22: warning: unused variable ‘input_type’ [-Wunused-variable] . ### Failing tests:; - [projectroot.tmva.pymva.test.PyMVA_Keras_Regression](https://lcgapp-services.cern.ch/root-jenkins/job/root-pullrequests-build/191823/testReport/projectroot.tmva.pymva/test/PyMVA_Keras_Regression/),MatchSource.ISSUE_COMMENT,root-project,root,v6-32-06,https://github.com/root-project/root/pull/14282#issuecomment-1864356999:475,test,tests,475,https://root.cern,https://github.com/root-project/root/pull/14282#issuecomment-1864356999,4,['test'],"['test', 'testReport', 'tests']"
Testability,Build failed on ROOT-ubuntu2204/nortcxxmod.; Running on root-ubuntu-2204-2.cern.ch:/home/sftnight/build/workspace/root-pullrequests-build; [See console output](https://lcgapp-services.cern.ch/root-jenkins/job/root-pullrequests-build/191833/console).; ### Failing tests:; - [projectroot.roofit.roofit.test.gtest_roofit_roofit_test_testRooCrystalBall](https://lcgapp-services.cern.ch/root-jenkins/job/root-pullrequests-build/191833/testReport/projectroot.roofit.roofit/test/gtest_roofit_roofit_test_testRooCrystalBall/); - [projectroot.roofit.roofit.test.gtest_roofit_roofit_test_testRooJohnson](https://lcgapp-services.cern.ch/root-jenkins/job/root-pullrequests-build/191833/testReport/projectroot.roofit.roofit/test/gtest_roofit_roofit_test_testRooJohnson/); - [projectroot.roofit.roofit.test.gtest_roofit_roofit_test_testRooKeysPdf](https://lcgapp-services.cern.ch/root-jenkins/job/root-pullrequests-build/191833/testReport/projectroot.roofit.roofit/test/gtest_roofit_roofit_test_testRooKeysPdf/); - [projectroot.roofit.roofitcore.test.gtest_roofit_roofitcore_test_testRooAddPdf](https://lcgapp-services.cern.ch/root-jenkins/job/root-pullrequests-build/191833/testReport/projectroot.roofit.roofitcore/test/gtest_roofit_roofitcore_test_testRooAddPdf/); - [projectroot.roofit.roofitcore.test.gtest_roofit_roofitcore_test_testRooDataSet](https://lcgapp-services.cern.ch/root-jenkins/job/root-pullrequests-build/191833/testReport/projectroot.roofit.roofitcore/test/gtest_roofit_roofitcore_test_testRooDataSet/); - [projectroot.roofit.roofitcore.test.gtest_roofit_roofitcore_test_testRooHist](https://lcgapp-services.cern.ch/root-jenkins/job/root-pullrequests-build/191833/testReport/projectroot.roofit.roofitcore/test/gtest_roofit_roofitcore_test_testRooHist/); - [projectroot.roofit.roofitcore.test.gtest_roofit_roofitcore_test_testTestStatistics](https://lcgapp-services.cern.ch/root-jenkins/job/root-pullrequests-build/191833/testReport/projectroot.roofit.roofitcore/test/gtest_roofit_roofitcore_test_,MatchSource.ISSUE_COMMENT,root-project,root,v6-32-06,https://github.com/root-project/root/pull/14271#issuecomment-1864393114:263,test,tests,263,https://root.cern,https://github.com/root-project/root/pull/14271#issuecomment-1864393114,10,['test'],"['test', 'testReport', 'tests']"
Testability,Build failed on ROOT-ubuntu2204/nortcxxmod.; Running on root-ubuntu-2204-2.cern.ch:/home/sftnight/build/workspace/root-pullrequests-build; [See console output](https://lcgapp-services.cern.ch/root-jenkins/job/root-pullrequests-build/191863/console).; ### Failing tests:; - [projectroot.bindings.pyroot.pythonizations.test.pyunittests_pyroot_roofit_rooabscollection](https://lcgapp-services.cern.ch/root-jenkins/job/root-pullrequests-build/191863/testReport/projectroot.bindings.pyroot.pythonizations/test/pyunittests_pyroot_roofit_rooabscollection/); - [projectroot.bindings.pyroot.pythonizations.test.pyunittests_pyroot_roofit_roojsonfactorywstool](https://lcgapp-services.cern.ch/root-jenkins/job/root-pullrequests-build/191863/testReport/projectroot.bindings.pyroot.pythonizations/test/pyunittests_pyroot_roofit_roojsonfactorywstool/); - [projectroot.bindings.pyroot.pythonizations.test.pyunittests_pyroot_roofit_roodataset_numpy](https://lcgapp-services.cern.ch/root-jenkins/job/root-pullrequests-build/191863/testReport/projectroot.bindings.pyroot.pythonizations/test/pyunittests_pyroot_roofit_roodataset_numpy/); - [projectroot.roottest.python.stl.roottest_python_stl_stl](https://lcgapp-services.cern.ch/root-jenkins/job/root-pullrequests-build/191863/testReport/projectroot.roottest.python/stl/roottest_python_stl_stl/),MatchSource.ISSUE_COMMENT,root-project,root,v6-32-06,https://github.com/root-project/root/pull/14285#issuecomment-1864794226:263,test,tests,263,https://root.cern,https://github.com/root-project/root/pull/14285#issuecomment-1864794226,11,['test'],"['test', 'testReport', 'tests']"
Testability,"Build failed on ROOT-ubuntu2204/nortcxxmod.; Running on root-ubuntu-2204-2.cern.ch:/home/sftnight/build/workspace/root-pullrequests-build; [See console output](https://lcgapp-services.cern.ch/root-jenkins/job/root-pullrequests-build/191929/console).; ### Errors:; - [2023-12-21T15:56:13.849Z] /home/sftnight/build/workspace/root-pullrequests-build/root/tmva/sofie/test/input_models/references/Split.ref.hxx:2:10: error: declaration of ‘output’ as multidimensional array must have bounds for all dimensions except the first ; - [2023-12-21T15:56:13.849Z] /home/sftnight/build/workspace/root-pullrequests-build/root/tmva/sofie/test/TestCustomModelsFromONNX.cxx:591:25: error: no matching function for call to ‘TMVA_SOFIE_Split::Session::infer(float*, long int*)’ ; - [2023-12-21T15:56:13.849Z] /home/sftnight/build/workspace/root-pullrequests-build/root/tmva/sofie/test/TestCustomModelsFromONNX.cxx:595:64: error: ‘output’ is not a member of ‘Split_ExpectedOutput’ ; - [2023-12-21T15:56:17.120Z] /home/sftnight/build/workspace/root-pullrequests-build/root/tmva/sofie/test/TestCustomModelsFromONNX.cxx:599:44: error: ‘output’ is not a member of ‘Split_ExpectedOutput’ ; - [2023-12-21T15:56:19.657Z] /home/sftnight/build/workspace/root-pullrequests-build/root/tmva/sofie/test/TestCustomModelsFromONNX.cxx:600:44: error: ‘output’ is not a member of ‘Split_ExpectedOutput’",MatchSource.ISSUE_COMMENT,root-project,root,v6-32-06,https://github.com/root-project/root/pull/14282#issuecomment-1866554764:364,test,test,364,https://root.cern,https://github.com/root-project/root/pull/14282#issuecomment-1866554764,9,"['Test', 'test']","['TestCustomModelsFromONNX', 'test']"
Testability,Build failed on ROOT-ubuntu2204/nortcxxmod.; Running on root-ubuntu-2204-2.cern.ch:/home/sftnight/build/workspace/root-pullrequests-build; [See console output](https://lcgapp-services.cern.ch/root-jenkins/job/root-pullrequests-build/191960/console).; ### Failing tests:; - [projectroot.core.metacling.test.gtest_core_metacling_test_TClingTest](https://lcgapp-services.cern.ch/root-jenkins/job/root-pullrequests-build/191960/testReport/projectroot.core.metacling/test/gtest_core_metacling_test_TClingTest/); - [projectroot.roottest.root.meta.unit.roottest_root_meta_unit_unittests](https://lcgapp-services.cern.ch/root-jenkins/job/root-pullrequests-build/191960/testReport/projectroot.roottest.root.meta/unit/roottest_root_meta_unit_unittests/),MatchSource.ISSUE_COMMENT,root-project,root,v6-32-06,https://github.com/root-project/root/pull/14287#issuecomment-1866992343:263,test,tests,263,https://root.cern,https://github.com/root-project/root/pull/14287#issuecomment-1866992343,5,['test'],"['test', 'testReport', 'tests']"
Testability,Build failed on ROOT-ubuntu2204/nortcxxmod.; Running on root-ubuntu-2204-2.cern.ch:/home/sftnight/build/workspace/root-pullrequests-build; [See console output](https://lcgapp-services.cern.ch/root-jenkins/job/root-pullrequests-build/191965/console).; ### Failing tests:; - [projectroot.core.metacling.test.gtest_core_metacling_test_TClingTest](https://lcgapp-services.cern.ch/root-jenkins/job/root-pullrequests-build/191965/testReport/projectroot.core.metacling/test/gtest_core_metacling_test_TClingTest/),MatchSource.ISSUE_COMMENT,root-project,root,v6-32-06,https://github.com/root-project/root/pull/14287#issuecomment-1867351432:263,test,tests,263,https://root.cern,https://github.com/root-project/root/pull/14287#issuecomment-1867351432,4,['test'],"['test', 'testReport', 'tests']"
Testability,Build failed on ROOT-ubuntu2204/nortcxxmod.; Running on root-ubuntu-2204-2.cern.ch:/home/sftnight/build/workspace/root-pullrequests-build; [See console output](https://lcgapp-services.cern.ch/root-jenkins/job/root-pullrequests-build/191970/console).; ### Failing tests:; - [projectroot.core.metacling.test.gtest_core_metacling_test_TClingTest](https://lcgapp-services.cern.ch/root-jenkins/job/root-pullrequests-build/191970/testReport/projectroot.core.metacling/test/gtest_core_metacling_test_TClingTest/),MatchSource.ISSUE_COMMENT,root-project,root,v6-32-06,https://github.com/root-project/root/pull/14287#issuecomment-1867375712:263,test,tests,263,https://root.cern,https://github.com/root-project/root/pull/14287#issuecomment-1867375712,4,['test'],"['test', 'testReport', 'tests']"
Testability,"Build failed on ROOT-ubuntu2204/nortcxxmod.; Running on root-ubuntu-2204-2.cern.ch:/home/sftnight/build/workspace/root-pullrequests-build; [See console output](https://lcgapp-services.cern.ch/root-jenkins/job/root-pullrequests-build/192299/console).; ### Warnings:; - [2024-01-10T14:50:54.880Z] /home/sftnight/build/workspace/root-pullrequests-build/root/tree/ntuple/v7/test/ntuple_minifile.cxx:164:9: warning: ignoring return value of ‘size_t fread(void*, size_t, size_t, FILE*)’ declared with attribute ‘warn_unused_result’ [-Wunused-result] ; - [2024-01-10T14:50:54.880Z] /home/sftnight/build/workspace/root-pullrequests-build/root/tree/ntuple/v7/test/ntuple_minifile.cxx:269:9: warning: ignoring return value of ‘size_t fread(void*, size_t, size_t, FILE*)’ declared with attribute ‘warn_unused_result’ [-Wunused-result]",MatchSource.ISSUE_COMMENT,root-project,root,v6-32-06,https://github.com/root-project/root/pull/14190#issuecomment-1885023157:370,test,test,370,https://root.cern,https://github.com/root-project/root/pull/14190#issuecomment-1885023157,2,['test'],['test']
Testability,Build failed on ROOT-ubuntu2204/nortcxxmod.; Running on root-ubuntu-2204-2.cern.ch:/home/sftnight/build/workspace/root-pullrequests-build; [See console output](https://lcgapp-services.cern.ch/root-jenkins/job/root-pullrequests-build/192505/console).; ### Failing tests:; - [projectroot.test.test_stressgraphics_interpreted](https://lcgapp-services.cern.ch/root-jenkins/job/root-pullrequests-build/192505/testReport/projectroot/test/test_stressgraphics_interpreted/); - [projectroot.roottest.cling.controls.roottest_cling_controls_runLoopbreak](https://lcgapp-services.cern.ch/root-jenkins/job/root-pullrequests-build/192505/testReport/projectroot.roottest.cling/controls/roottest_cling_controls_runLoopbreak/),MatchSource.ISSUE_COMMENT,root-project,root,v6-32-06,https://github.com/root-project/root/pull/14267#issuecomment-1889361120:263,test,tests,263,https://root.cern,https://github.com/root-project/root/pull/14267#issuecomment-1889361120,5,['test'],"['test', 'testReport', 'tests']"
Testability,Build failed on ROOT-ubuntu2204/nortcxxmod.; Running on root-ubuntu-2204-2.cern.ch:/home/sftnight/build/workspace/root-pullrequests-build; [See console output](https://lcgapp-services.cern.ch/root-jenkins/job/root-pullrequests-build/192581/console).; ### Failing tests:; - [projectroot.bindings.pyroot.pythonizations.test.pyunittests_pyroot_numbadeclare](https://lcgapp-services.cern.ch/root-jenkins/job/root-pullrequests-build/192581/testReport/projectroot.bindings.pyroot.pythonizations/test/pyunittests_pyroot_numbadeclare/); - [projectroot.bindings.pyroot.pythonizations.test.pyunittests_pyroot_rdf_filter_pyz](https://lcgapp-services.cern.ch/root-jenkins/job/root-pullrequests-build/192581/testReport/projectroot.bindings.pyroot.pythonizations/test/pyunittests_pyroot_rdf_filter_pyz/),MatchSource.ISSUE_COMMENT,root-project,root,v6-32-06,https://github.com/root-project/root/pull/14340#issuecomment-1890748638:263,test,tests,263,https://root.cern,https://github.com/root-project/root/pull/14340#issuecomment-1890748638,7,['test'],"['test', 'testReport', 'tests']"
Testability,Build failed on ROOT-ubuntu2204/nortcxxmod.; Running on root-ubuntu-2204-2.cern.ch:/home/sftnight/build/workspace/root-pullrequests-build; [See console output](https://lcgapp-services.cern.ch/root-jenkins/job/root-pullrequests-build/192586/console).; ### Failing tests:; - [projectroot.bindings.pyroot.pythonizations.test.pyunittests_pyroot_numbadeclare](https://lcgapp-services.cern.ch/root-jenkins/job/root-pullrequests-build/192586/testReport/projectroot.bindings.pyroot.pythonizations/test/pyunittests_pyroot_numbadeclare/); - [projectroot.bindings.pyroot.pythonizations.test.pyunittests_pyroot_rdf_filter_pyz](https://lcgapp-services.cern.ch/root-jenkins/job/root-pullrequests-build/192586/testReport/projectroot.bindings.pyroot.pythonizations/test/pyunittests_pyroot_rdf_filter_pyz/),MatchSource.ISSUE_COMMENT,root-project,root,v6-32-06,https://github.com/root-project/root/pull/14340#issuecomment-1890753517:263,test,tests,263,https://root.cern,https://github.com/root-project/root/pull/14340#issuecomment-1890753517,7,['test'],"['test', 'testReport', 'tests']"
Testability,Build failed on ROOT-ubuntu2204/nortcxxmod.; Running on root-ubuntu-2204-2.cern.ch:/home/sftnight/build/workspace/root-pullrequests-build; [See console output](https://lcgapp-services.cern.ch/root-jenkins/job/root-pullrequests-build/192836/console).; ### Failing tests:; - [projectroot.core.metacling.test.gtest_core_metacling_test_TClingTest](https://lcgapp-services.cern.ch/root-jenkins/job/root-pullrequests-build/192836/testReport/projectroot.core.metacling/test/gtest_core_metacling_test_TClingTest/),MatchSource.ISSUE_COMMENT,root-project,root,v6-32-06,https://github.com/root-project/root/pull/14358#issuecomment-1893923930:263,test,tests,263,https://root.cern,https://github.com/root-project/root/pull/14358#issuecomment-1893923930,4,['test'],"['test', 'testReport', 'tests']"
Testability,Build failed on ROOT-ubuntu2204/nortcxxmod.; Running on root-ubuntu-2204-2.cern.ch:/home/sftnight/build/workspace/root-pullrequests-build; [See console output](https://lcgapp-services.cern.ch/root-jenkins/job/root-pullrequests-build/192952/console).; ### Failing tests:; - [projectroot.bindings.pyroot.pythonizations.test.pyunittests_pyroot_dependency_versions](https://lcgapp-services.cern.ch/root-jenkins/job/root-pullrequests-build/192952/testReport/projectroot.bindings.pyroot.pythonizations/test/pyunittests_pyroot_dependency_versions/),MatchSource.ISSUE_COMMENT,root-project,root,v6-32-06,https://github.com/root-project/root/pull/14371#issuecomment-1896492721:263,test,tests,263,https://root.cern,https://github.com/root-project/root/pull/14371#issuecomment-1896492721,4,['test'],"['test', 'testReport', 'tests']"
Testability,Build failed on ROOT-ubuntu2204/nortcxxmod.; Running on root-ubuntu-2204-2.cern.ch:/home/sftnight/build/workspace/root-pullrequests-build; [See console output](https://lcgapp-services.cern.ch/root-jenkins/job/root-pullrequests-build/192967/console).; ### Failing tests:; - [projectroot.test.test_stressgraphics_interpreted](https://lcgapp-services.cern.ch/root-jenkins/job/root-pullrequests-build/192967/testReport/projectroot/test/test_stressgraphics_interpreted/); - [projectroot.roottest.cling.controls.roottest_cling_controls_runLoopbreak](https://lcgapp-services.cern.ch/root-jenkins/job/root-pullrequests-build/192967/testReport/projectroot.roottest.cling/controls/roottest_cling_controls_runLoopbreak/),MatchSource.ISSUE_COMMENT,root-project,root,v6-32-06,https://github.com/root-project/root/pull/14267#issuecomment-1896692894:263,test,tests,263,https://root.cern,https://github.com/root-project/root/pull/14267#issuecomment-1896692894,5,['test'],"['test', 'testReport', 'tests']"
Testability,Build failed on ROOT-ubuntu2204/nortcxxmod.; Running on root-ubuntu-2204-2.cern.ch:/home/sftnight/build/workspace/root-pullrequests-build; [See console output](https://lcgapp-services.cern.ch/root-jenkins/job/root-pullrequests-build/193248/console).; ### Failing tests:; - [projectroot.roofit.histfactory.test.gtest_roofit_histfactory_test_testHistFactory](https://lcgapp-services.cern.ch/root-jenkins/job/root-pullrequests-build/193248/testReport/projectroot.roofit.histfactory/test/gtest_roofit_histfactory_test_testHistFactory/); - [projectroot.roofit.roofitcore.test.gtest_roofit_roofitcore_test_testRooFuncWrapper](https://lcgapp-services.cern.ch/root-jenkins/job/root-pullrequests-build/193248/testReport/projectroot.roofit.roofitcore/test/gtest_roofit_roofitcore_test_testRooFuncWrapper/); - [projectroot.tmva.pymva.test.PyMVA_Keras_Regression](https://lcgapp-services.cern.ch/root-jenkins/job/root-pullrequests-build/193248/testReport/projectroot.tmva.pymva/test/PyMVA_Keras_Regression/),MatchSource.ISSUE_COMMENT,root-project,root,v6-32-06,https://github.com/root-project/root/pull/14165#issuecomment-1903888326:263,test,tests,263,https://root.cern,https://github.com/root-project/root/pull/14165#issuecomment-1903888326,10,['test'],"['test', 'testReport', 'tests']"
Testability,Build failed on ROOT-ubuntu2204/nortcxxmod.; Running on root-ubuntu-2204-2.cern.ch:/home/sftnight/build/workspace/root-pullrequests-build; [See console output](https://lcgapp-services.cern.ch/root-jenkins/job/root-pullrequests-build/193368/console).; ### Failing tests:; - [projectroot.tree.ntupleutil.v7.test.gtest_tree_ntupleutil_v7_test_ntuple_importer](https://lcgapp-services.cern.ch/root-jenkins/job/root-pullrequests-build/193368/testReport/projectroot.tree.ntupleutil.v7/test/gtest_tree_ntupleutil_v7_test_ntuple_importer/),MatchSource.ISSUE_COMMENT,root-project,root,v6-32-06,https://github.com/root-project/root/pull/14412#issuecomment-1906430328:263,test,tests,263,https://root.cern,https://github.com/root-project/root/pull/14412#issuecomment-1906430328,4,['test'],"['test', 'testReport', 'tests']"
Testability,Build failed on ROOT-ubuntu2204/nortcxxmod.; Running on root-ubuntu-2204-2.cern.ch:/home/sftnight/build/workspace/root-pullrequests-build; [See console output](https://lcgapp-services.cern.ch/root-jenkins/job/root-pullrequests-build/193438/console).; ### Failing tests:; - [projectroot.tmva.pymva.test.PyMVA_Keras_Regression](https://lcgapp-services.cern.ch/root-jenkins/job/root-pullrequests-build/193438/testReport/projectroot.tmva.pymva/test/PyMVA_Keras_Regression/),MatchSource.ISSUE_COMMENT,root-project,root,v6-32-06,https://github.com/root-project/root/pull/14420#issuecomment-1908251236:263,test,tests,263,https://root.cern,https://github.com/root-project/root/pull/14420#issuecomment-1908251236,4,['test'],"['test', 'testReport', 'tests']"
Testability,Build failed on ROOT-ubuntu2204/nortcxxmod.; Running on root-ubuntu-2204-2.cern.ch:/home/sftnight/build/workspace/root-pullrequests-build; [See console output](https://lcgapp-services.cern.ch/root-jenkins/job/root-pullrequests-build/193543/console).; ### Failing tests:; - [projectroot.roottest.python.cpp.roottest_python_cpp_advanced](https://lcgapp-services.cern.ch/root-jenkins/job/root-pullrequests-build/193543/testReport/projectroot.roottest.python/cpp/roottest_python_cpp_advanced/); - [projectroot.roottest.python.stl.roottest_python_stl_stl](https://lcgapp-services.cern.ch/root-jenkins/job/root-pullrequests-build/193543/testReport/projectroot.roottest.python/stl/roottest_python_stl_stl/); - [projectroot.roottest.python.distrdf.spark.roottest_python_distrdf_spark_test_all](https://lcgapp-services.cern.ch/root-jenkins/job/root-pullrequests-build/193543/testReport/projectroot.roottest.python.distrdf/spark/roottest_python_distrdf_spark_test_all/),MatchSource.ISSUE_COMMENT,root-project,root,v6-32-06,https://github.com/root-project/root/pull/14426#issuecomment-1910267730:263,test,tests,263,https://root.cern,https://github.com/root-project/root/pull/14426#issuecomment-1910267730,4,['test'],"['testReport', 'tests']"
Testability,Build failed on ROOT-ubuntu2204/nortcxxmod.; Running on root-ubuntu-2204-2.cern.ch:/home/sftnight/build/workspace/root-pullrequests-build; [See console output](https://lcgapp-services.cern.ch/root-jenkins/job/root-pullrequests-build/193693/console).; ### Failing tests:; - [projectroot.roottest.python.cpp.roottest_python_cpp_cpp](https://lcgapp-services.cern.ch/root-jenkins/job/root-pullrequests-build/193693/testReport/projectroot.roottest.python/cpp/roottest_python_cpp_cpp/); - [projectroot.tmva.pymva.test.PyMVA_Keras_Regression](https://lcgapp-services.cern.ch/root-jenkins/job/root-pullrequests-build/193693/testReport/projectroot.tmva.pymva/test/PyMVA_Keras_Regression/),MatchSource.ISSUE_COMMENT,root-project,root,v6-32-06,https://github.com/root-project/root/pull/14450#issuecomment-1911921702:263,test,tests,263,https://root.cern,https://github.com/root-project/root/pull/14450#issuecomment-1911921702,5,['test'],"['test', 'testReport', 'tests']"
Testability,Build failed on ROOT-ubuntu2204/nortcxxmod.; Running on root-ubuntu-2204-2.cern.ch:/home/sftnight/build/workspace/root-pullrequests-build; [See console output](https://lcgapp-services.cern.ch/root-jenkins/job/root-pullrequests-build/193708/console).; ### Failing tests:; - [projectroot.roottest.python.cpp.roottest_python_cpp_cpp](https://lcgapp-services.cern.ch/root-jenkins/job/root-pullrequests-build/193708/testReport/projectroot.roottest.python/cpp/roottest_python_cpp_cpp/),MatchSource.ISSUE_COMMENT,root-project,root,v6-32-06,https://github.com/root-project/root/pull/14450#issuecomment-1911993673:263,test,tests,263,https://root.cern,https://github.com/root-project/root/pull/14450#issuecomment-1911993673,2,['test'],"['testReport', 'tests']"
Testability,Build failed on ROOT-ubuntu2204/nortcxxmod.; Running on root-ubuntu-2204-2.cern.ch:/home/sftnight/build/workspace/root-pullrequests-build; [See console output](https://lcgapp-services.cern.ch/root-jenkins/job/root-pullrequests-build/193738/console).; ### Failing tests:; - [projectroot.tmva.sofie.test.gtest_tmva_sofie_test_TestSofieModels](https://lcgapp-services.cern.ch/root-jenkins/job/root-pullrequests-build/193738/testReport/projectroot.tmva.sofie/test/gtest_tmva_sofie_test_TestSofieModels/),MatchSource.ISSUE_COMMENT,root-project,root,v6-32-06,https://github.com/root-project/root/pull/14426#issuecomment-1912197697:263,test,tests,263,https://root.cern,https://github.com/root-project/root/pull/14426#issuecomment-1912197697,4,['test'],"['test', 'testReport', 'tests']"
Testability,Build failed on ROOT-ubuntu2204/nortcxxmod.; Running on root-ubuntu-2204-2.cern.ch:/home/sftnight/build/workspace/root-pullrequests-build; [See console output](https://lcgapp-services.cern.ch/root-jenkins/job/root-pullrequests-build/193818/console).; ### Failing tests:; - [projectroot.roottest.python.ttree.roottest_python_ttree_ttree](https://lcgapp-services.cern.ch/root-jenkins/job/root-pullrequests-build/193818/testReport/projectroot.roottest.python/ttree/roottest_python_ttree_ttree/),MatchSource.ISSUE_COMMENT,root-project,root,v6-32-06,https://github.com/root-project/root/pull/14466#issuecomment-1913132087:263,test,tests,263,https://root.cern,https://github.com/root-project/root/pull/14466#issuecomment-1913132087,2,['test'],"['testReport', 'tests']"
Testability,Build failed on ROOT-ubuntu2204/nortcxxmod.; Running on root-ubuntu-2204-2.cern.ch:/home/sftnight/build/workspace/root-pullrequests-build; [See console output](https://lcgapp-services.cern.ch/root-jenkins/job/root-pullrequests-build/194238/console).; ### Failing tests:; - [projectroot.bindings.pyroot.pythonizations.test.pyunittests_pyroot_pyz_pretty_printing](https://lcgapp-services.cern.ch/root-jenkins/job/root-pullrequests-build/194238/testReport/projectroot.bindings.pyroot.pythonizations/test/pyunittests_pyroot_pyz_pretty_printing/),MatchSource.ISSUE_COMMENT,root-project,root,v6-32-06,https://github.com/root-project/root/pull/14495#issuecomment-1919369421:263,test,tests,263,https://root.cern,https://github.com/root-project/root/pull/14495#issuecomment-1919369421,4,['test'],"['test', 'testReport', 'tests']"
Testability,Build failed on ROOT-ubuntu2204/nortcxxmod.; Running on root-ubuntu-2204-2.cern.ch:/home/sftnight/build/workspace/root-pullrequests-build; [See console output](https://lcgapp-services.cern.ch/root-jenkins/job/root-pullrequests-build/194378/console).; ### Failing tests:; - [projectroot.bindings.pyroot.pythonizations.test.pyunittests_pyroot_pyz_pretty_printing](https://lcgapp-services.cern.ch/root-jenkins/job/root-pullrequests-build/194378/testReport/projectroot.bindings.pyroot.pythonizations/test/pyunittests_pyroot_pyz_pretty_printing/),MatchSource.ISSUE_COMMENT,root-project,root,v6-32-06,https://github.com/root-project/root/pull/14495#issuecomment-1921663192:263,test,tests,263,https://root.cern,https://github.com/root-project/root/pull/14495#issuecomment-1921663192,4,['test'],"['test', 'testReport', 'tests']"
Testability,Build failed on ROOT-ubuntu2204/nortcxxmod.; Running on root-ubuntu-2204-2.cern.ch:/home/sftnight/build/workspace/root-pullrequests-build; [See console output](https://lcgapp-services.cern.ch/root-jenkins/job/root-pullrequests-build/194493/console).; ### Failing tests:; - [projectroot.tmva.pymva.test.PyMVA_Keras_Regression](https://lcgapp-services.cern.ch/root-jenkins/job/root-pullrequests-build/194493/testReport/projectroot.tmva.pymva/test/PyMVA_Keras_Regression/),MatchSource.ISSUE_COMMENT,root-project,root,v6-32-06,https://github.com/root-project/root/pull/14395#issuecomment-1924302878:263,test,tests,263,https://root.cern,https://github.com/root-project/root/pull/14395#issuecomment-1924302878,4,['test'],"['test', 'testReport', 'tests']"
Testability,Build failed on ROOT-ubuntu2204/nortcxxmod.; Running on root-ubuntu-2204-2.cern.ch:/home/sftnight/build/workspace/root-pullrequests-build; [See console output](https://lcgapp-services.cern.ch/root-jenkins/job/root-pullrequests-build/194508/console).; ### Failing tests:; - [projectroot.bindings.pyroot.pythonizations.test.pyunittests_pyroot_pyz_pretty_printing](https://lcgapp-services.cern.ch/root-jenkins/job/root-pullrequests-build/194508/testReport/projectroot.bindings.pyroot.pythonizations/test/pyunittests_pyroot_pyz_pretty_printing/),MatchSource.ISSUE_COMMENT,root-project,root,v6-32-06,https://github.com/root-project/root/pull/14495#issuecomment-1925305587:263,test,tests,263,https://root.cern,https://github.com/root-project/root/pull/14495#issuecomment-1925305587,4,['test'],"['test', 'testReport', 'tests']"
Testability,Build failed on ROOT-ubuntu2204/nortcxxmod.; Running on root-ubuntu-2204-2.cern.ch:/home/sftnight/build/workspace/root-pullrequests-build; [See console output](https://lcgapp-services.cern.ch/root-jenkins/job/root-pullrequests-build/195070/console).; ### Failing tests:; - [projectroot.roottest.python.basic.roottest_python_basic_overload](https://lcgapp-services.cern.ch/root-jenkins/job/root-pullrequests-build/195070/testReport/projectroot.roottest.python/basic/roottest_python_basic_overload/); - [projectroot.roottest.python.basic.roottest_python_basic_datatype](https://lcgapp-services.cern.ch/root-jenkins/job/root-pullrequests-build/195070/testReport/projectroot.roottest.python/basic/roottest_python_basic_datatype/),MatchSource.ISSUE_COMMENT,root-project,root,v6-32-06,https://github.com/root-project/root/pull/14655#issuecomment-1938128133:263,test,tests,263,https://root.cern,https://github.com/root-project/root/pull/14655#issuecomment-1938128133,3,['test'],"['testReport', 'tests']"
Testability,Build failed on ROOT-ubuntu2204/nortcxxmod.; Running on root-ubuntu-2204-2.cern.ch:/home/sftnight/build/workspace/root-pullrequests-build; [See console output](https://lcgapp-services.cern.ch/root-jenkins/job/root-pullrequests-build/195185/console).; ### Failing tests:; - [projectroot.roottest.python.JupyROOT.roottest_python_JupyROOT_importROOT_notebook](https://lcgapp-services.cern.ch/root-jenkins/job/root-pullrequests-build/195185/testReport/projectroot.roottest.python/JupyROOT/roottest_python_JupyROOT_importROOT_notebook/); - [projectroot.roottest.python.JupyROOT.roottest_python_JupyROOT_simpleCppMagic_notebook](https://lcgapp-services.cern.ch/root-jenkins/job/root-pullrequests-build/195185/testReport/projectroot.roottest.python/JupyROOT/roottest_python_JupyROOT_simpleCppMagic_notebook/),MatchSource.ISSUE_COMMENT,root-project,root,v6-32-06,https://github.com/root-project/root/pull/14661#issuecomment-1939566826:263,test,tests,263,https://root.cern,https://github.com/root-project/root/pull/14661#issuecomment-1939566826,3,['test'],"['testReport', 'tests']"
Testability,Build failed on ROOT-ubuntu2204/nortcxxmod.; Running on root-ubuntu-2204-2.cern.ch:/home/sftnight/build/workspace/root-pullrequests-build; [See console output](https://lcgapp-services.cern.ch/root-jenkins/job/root-pullrequests-build/195195/console).; ### Failing tests:; - [projectroot.tree.ntuple.v7.test.gtest_tree_ntuple_v7_test_rfield_vector](https://lcgapp-services.cern.ch/root-jenkins/job/root-pullrequests-build/195195/testReport/projectroot.tree.ntuple.v7/test/gtest_tree_ntuple_v7_test_rfield_vector/),MatchSource.ISSUE_COMMENT,root-project,root,v6-32-06,https://github.com/root-project/root/pull/14662#issuecomment-1940830498:263,test,tests,263,https://root.cern,https://github.com/root-project/root/pull/14662#issuecomment-1940830498,4,['test'],"['test', 'testReport', 'tests']"
Testability,Build failed on ROOT-ubuntu2204/nortcxxmod.; Running on root-ubuntu-2204-2.cern.ch:/home/sftnight/build/workspace/root-pullrequests-build; [See console output](https://lcgapp-services.cern.ch/root-jenkins/job/root-pullrequests-build/195220/console).; ### Failing tests:; - [projectroot.roottest.root.dataframe.roottest_root_dataframe_test_stringfiltercolumn](https://lcgapp-services.cern.ch/root-jenkins/job/root-pullrequests-build/195220/testReport/projectroot.roottest.root/dataframe/roottest_root_dataframe_test_stringfiltercolumn/),MatchSource.ISSUE_COMMENT,root-project,root,v6-32-06,https://github.com/root-project/root/pull/14668#issuecomment-1941103575:263,test,tests,263,https://root.cern,https://github.com/root-project/root/pull/14668#issuecomment-1941103575,2,['test'],"['testReport', 'tests']"
Testability,Build failed on ROOT-ubuntu2204/nortcxxmod.; Running on root-ubuntu-2204-2.cern.ch:/home/sftnight/build/workspace/root-pullrequests-build; [See console output](https://lcgapp-services.cern.ch/root-jenkins/job/root-pullrequests-build/195225/console).; ### Failing tests:; - [projectroot.bindings.pyroot.pythonizations.test.pyunittests_pyroot_pyz_stl_vector](https://lcgapp-services.cern.ch/root-jenkins/job/root-pullrequests-build/195225/testReport/projectroot.bindings.pyroot.pythonizations/test/pyunittests_pyroot_pyz_stl_vector/),MatchSource.ISSUE_COMMENT,root-project,root,v6-32-06,https://github.com/root-project/root/pull/14669#issuecomment-1941175475:263,test,tests,263,https://root.cern,https://github.com/root-project/root/pull/14669#issuecomment-1941175475,4,['test'],"['test', 'testReport', 'tests']"
Testability,Build failed on ROOT-ubuntu2204/nortcxxmod.; Running on root-ubuntu-2204-2.cern.ch:/home/sftnight/build/workspace/root-pullrequests-build; [See console output](https://lcgapp-services.cern.ch/root-jenkins/job/root-pullrequests-build/195340/console).; ### Failing tests:; - [projectroot.tree.dataframe.test.gtest_tree_dataframe_test_dataframe_interface](https://lcgapp-services.cern.ch/root-jenkins/job/root-pullrequests-build/195340/testReport/projectroot.tree.dataframe/test/gtest_tree_dataframe_test_dataframe_interface/),MatchSource.ISSUE_COMMENT,root-project,root,v6-32-06,https://github.com/root-project/root/pull/14676#issuecomment-1942246044:263,test,tests,263,https://root.cern,https://github.com/root-project/root/pull/14676#issuecomment-1942246044,4,['test'],"['test', 'testReport', 'tests']"
Testability,Build failed on ROOT-ubuntu2204/nortcxxmod.; Running on root-ubuntu-2204-2.cern.ch:/home/sftnight/build/workspace/root-pullrequests-build; [See console output](https://lcgapp-services.cern.ch/root-jenkins/job/root-pullrequests-build/195365/console).; ### Failing tests:; - [projectroot.roottest.root.meta.genreflex.roottest_root_meta_genreflex_MyClass_v2_libgen_build](https://lcgapp-services.cern.ch/root-jenkins/job/root-pullrequests-build/195365/testReport/projectroot.roottest.root.meta/genreflex/roottest_root_meta_genreflex_MyClass_v2_libgen_build/); - [projectroot.roottest.root.meta.genreflex.roottest_root_meta_genreflex_ioreadrulesfailonwarning](https://lcgapp-services.cern.ch/root-jenkins/job/root-pullrequests-build/195365/testReport/projectroot.roottest.root.meta/genreflex/roottest_root_meta_genreflex_ioreadrulesfailonwarning/); - [projectroot.roottest.root.meta.genreflex.roottest_root_meta_genreflex_escapedQuotesreadTree](https://lcgapp-services.cern.ch/root-jenkins/job/root-pullrequests-build/195365/testReport/projectroot.roottest.root.meta/genreflex/roottest_root_meta_genreflex_escapedQuotesreadTree/); - [projectroot.roottest.root.meta.genreflex.ROOT-5626.roottest_root_meta_genreflex_ROOT_5626_5626](https://lcgapp-services.cern.ch/root-jenkins/job/root-pullrequests-build/195365/testReport/projectroot.roottest.root.meta.genreflex/ROOT-5626/roottest_root_meta_genreflex_ROOT_5626_5626/); - [projectroot.roottest.root.meta.genreflex.XMLParsing.roottest_root_meta_genreflex_XMLParsing_15](https://lcgapp-services.cern.ch/root-jenkins/job/root-pullrequests-build/195365/testReport/projectroot.roottest.root.meta.genreflex/XMLParsing/roottest_root_meta_genreflex_XMLParsing_15/); - [projectroot.roottest.root.meta.genreflex.XMLParsing.roottest_root_meta_genreflex_XMLParsing_21](https://lcgapp-services.cern.ch/root-jenkins/job/root-pullrequests-build/195365/testReport/projectroot.roottest.root.meta.genreflex/XMLParsing/roottest_root_meta_genreflex_XMLParsing_21/); - [project,MatchSource.ISSUE_COMMENT,root-project,root,v6-32-06,https://github.com/root-project/root/pull/14700#issuecomment-1942540023:263,test,tests,263,https://root.cern,https://github.com/root-project/root/pull/14700#issuecomment-1942540023,3,['test'],"['testReport', 'tests']"
Testability,Build failed on ROOT-ubuntu2204/nortcxxmod.; Running on root-ubuntu-2204-2.cern.ch:/home/sftnight/build/workspace/root-pullrequests-build; [See console output](https://lcgapp-services.cern.ch/root-jenkins/job/root-pullrequests-build/195465/console).; ### Failing tests:; - [projectroot.roottest.root.meta.roottest_root_meta_runMemberComments](https://lcgapp-services.cern.ch/root-jenkins/job/root-pullrequests-build/195465/testReport/projectroot.roottest.root/meta/roottest_root_meta_runMemberComments/),MatchSource.ISSUE_COMMENT,root-project,root,v6-32-06,https://github.com/root-project/root/pull/14713#issuecomment-1943637382:263,test,tests,263,https://root.cern,https://github.com/root-project/root/pull/14713#issuecomment-1943637382,2,['test'],"['testReport', 'tests']"
Testability,Build failed on ROOT-ubuntu2204/nortcxxmod.; Running on root-ubuntu-2204-2.cern.ch:/home/sftnight/build/workspace/root-pullrequests-build; [See console output](https://lcgapp-services.cern.ch/root-jenkins/job/root-pullrequests-build/195475/console).; ### Failing tests:; - [projectroot.tree.dataframe.test.gtest_tree_dataframe_test_dataframe_display](https://lcgapp-services.cern.ch/root-jenkins/job/root-pullrequests-build/195475/testReport/projectroot.tree.dataframe/test/gtest_tree_dataframe_test_dataframe_display/); - [projectroot.tree.dataframe.test.gtest_tree_dataframe_test_datasource_csv](https://lcgapp-services.cern.ch/root-jenkins/job/root-pullrequests-build/195475/testReport/projectroot.tree.dataframe/test/gtest_tree_dataframe_test_datasource_csv/),MatchSource.ISSUE_COMMENT,root-project,root,v6-32-06,https://github.com/root-project/root/pull/14692#issuecomment-1943675734:263,test,tests,263,https://root.cern,https://github.com/root-project/root/pull/14692#issuecomment-1943675734,7,['test'],"['test', 'testReport', 'tests']"
Testability,Build failed on ROOT-ubuntu2204/nortcxxmod.; Running on root-ubuntu-2204-2.cern.ch:/home/sftnight/build/workspace/root-pullrequests-build; [See console output](https://lcgapp-services.cern.ch/root-jenkins/job/root-pullrequests-build/195576/console).; ### Failing tests:; - [projectroot.bindings.pyroot.pythonizations.test.pyunittests_pyroot_rdf_define_pyz](https://lcgapp-services.cern.ch/root-jenkins/job/root-pullrequests-build/195576/testReport/projectroot.bindings.pyroot.pythonizations/test/pyunittests_pyroot_rdf_define_pyz/); - [projectroot.bindings.pyroot.pythonizations.test.pyunittests_pyroot_pyz_rdataframe_asnumpy](https://lcgapp-services.cern.ch/root-jenkins/job/root-pullrequests-build/195576/testReport/projectroot.bindings.pyroot.pythonizations/test/pyunittests_pyroot_pyz_rdataframe_asnumpy/),MatchSource.ISSUE_COMMENT,root-project,root,v6-32-06,https://github.com/root-project/root/pull/14717#issuecomment-1944332998:263,test,tests,263,https://root.cern,https://github.com/root-project/root/pull/14717#issuecomment-1944332998,7,['test'],"['test', 'testReport', 'tests']"
Testability,Build failed on ROOT-ubuntu2204/nortcxxmod.; Running on root-ubuntu-2204-2.cern.ch:/home/sftnight/build/workspace/root-pullrequests-build; [See console output](https://lcgapp-services.cern.ch/root-jenkins/job/root-pullrequests-build/195591/console).; ### Failing tests:; - [projectroot.roottest.root.collection.roottest_root_collection_runtbits_auto](https://lcgapp-services.cern.ch/root-jenkins/job/root-pullrequests-build/195591/testReport/projectroot.roottest.root/collection/roottest_root_collection_runtbits_auto/); - [projectroot.roottest.root.roofitstats.roottest_root_roofitstats_RooDataSet_ASCII_in](https://lcgapp-services.cern.ch/root-jenkins/job/root-pullrequests-build/195591/testReport/projectroot.roottest.root/roofitstats/roottest_root_roofitstats_RooDataSet_ASCII_in/); - [projectroot.roottest.root.roofitstats.roottest_root_roofitstats_RooDataSet_ASCII_out](https://lcgapp-services.cern.ch/root-jenkins/job/root-pullrequests-build/195591/testReport/projectroot.roottest.root/roofitstats/roottest_root_roofitstats_RooDataSet_ASCII_out/); - [projectroot.roottest.root.io.complex.roottest_root_io_complex_readcomplex](https://lcgapp-services.cern.ch/root-jenkins/job/root-pullrequests-build/195591/testReport/projectroot.roottest.root.io/complex/roottest_root_io_complex_readcomplex/); - [projectroot.roottest.root.io.filemerger.roottest_root_io_filemerger_simple_lzma_compr_level9](https://lcgapp-services.cern.ch/root-jenkins/job/root-pullrequests-build/195591/testReport/projectroot.roottest.root.io/filemerger/roottest_root_io_filemerger_simple_lzma_compr_level9/); - [projectroot.roottest.root.io.filemerger.roottest_root_io_filemerger_simplek_default_compr_deflevel](https://lcgapp-services.cern.ch/root-jenkins/job/root-pullrequests-build/195591/testReport/projectroot.roottest.root.io/filemerger/roottest_root_io_filemerger_simplek_default_compr_deflevel/); - [projectroot.roottest.root.io.filemerger.roottest_root_io_filemerger_simplek_lzma_compr_level9](https://lcgapp-service,MatchSource.ISSUE_COMMENT,root-project,root,v6-32-06,https://github.com/root-project/root/pull/14702#issuecomment-1944405823:263,test,tests,263,https://root.cern,https://github.com/root-project/root/pull/14702#issuecomment-1944405823,4,['test'],"['testReport', 'tests']"
Testability,Build failed on ROOT-ubuntu2204/nortcxxmod.; Running on root-ubuntu-2204-2.cern.ch:/home/sftnight/build/workspace/root-pullrequests-build; [See console output](https://lcgapp-services.cern.ch/root-jenkins/job/root-pullrequests-build/195703/console).; ### Failing tests:; - [projectroot.hist.hist.test.gtest_hist_hist_test_testTKDE](https://lcgapp-services.cern.ch/root-jenkins/job/root-pullrequests-build/195703/testReport/projectroot.hist.hist/test/gtest_hist_hist_test_testTKDE/),MatchSource.ISSUE_COMMENT,root-project,root,v6-32-06,https://github.com/root-project/root/pull/14740#issuecomment-1946248769:263,test,tests,263,https://root.cern,https://github.com/root-project/root/pull/14740#issuecomment-1946248769,4,['test'],"['test', 'testReport', 'tests']"
Testability,Build failed on ROOT-ubuntu2204/nortcxxmod.; Running on root-ubuntu-2204-2.cern.ch:/home/sftnight/build/workspace/root-pullrequests-build; [See console output](https://lcgapp-services.cern.ch/root-jenkins/job/root-pullrequests-build/195743/console).; ### Failing tests:; - [projectroot.tmva.pymva.test.PyMVA_Torch_Regression](https://lcgapp-services.cern.ch/root-jenkins/job/root-pullrequests-build/195743/testReport/projectroot.tmva.pymva/test/PyMVA_Torch_Regression/); - [projectroot.tmva.pymva.test.PyMVA_Torch_Classification](https://lcgapp-services.cern.ch/root-jenkins/job/root-pullrequests-build/195743/testReport/projectroot.tmva.pymva/test/PyMVA_Torch_Classification/); - [projectroot.tmva.pymva.test.PyMVA_Torch_Multiclass](https://lcgapp-services.cern.ch/root-jenkins/job/root-pullrequests-build/195743/testReport/projectroot.tmva.pymva/test/PyMVA_Torch_Multiclass/); - [projectroot.tmva.pymva.test.gtest_tmva_pymva_test_TestRModelParserPyTorch](https://lcgapp-services.cern.ch/root-jenkins/job/root-pullrequests-build/195743/testReport/projectroot.tmva.pymva/test/gtest_tmva_pymva_test_TestRModelParserPyTorch/),MatchSource.ISSUE_COMMENT,root-project,root,v6-32-06,https://github.com/root-project/root/pull/14744#issuecomment-1947457236:263,test,tests,263,https://root.cern,https://github.com/root-project/root/pull/14744#issuecomment-1947457236,13,['test'],"['test', 'testReport', 'tests']"
Testability,Build failed on ROOT-ubuntu2204/nortcxxmod.; Running on root-ubuntu-2204-2.cern.ch:/home/sftnight/build/workspace/root-pullrequests-build; [See console output](https://lcgapp-services.cern.ch/root-jenkins/job/root-pullrequests-build/195783/console).; ### Failing tests:; - [projectroot.tmva.pymva.test.PyMVA_Torch_Classification](https://lcgapp-services.cern.ch/root-jenkins/job/root-pullrequests-build/195783/testReport/projectroot.tmva.pymva/test/PyMVA_Torch_Classification/); - [projectroot.tmva.pymva.test.PyMVA_Torch_Regression](https://lcgapp-services.cern.ch/root-jenkins/job/root-pullrequests-build/195783/testReport/projectroot.tmva.pymva/test/PyMVA_Torch_Regression/); - [projectroot.tmva.pymva.test.PyMVA_Torch_Multiclass](https://lcgapp-services.cern.ch/root-jenkins/job/root-pullrequests-build/195783/testReport/projectroot.tmva.pymva/test/PyMVA_Torch_Multiclass/); - [projectroot.tmva.pymva.test.gtest_tmva_pymva_test_TestRModelParserPyTorch](https://lcgapp-services.cern.ch/root-jenkins/job/root-pullrequests-build/195783/testReport/projectroot.tmva.pymva/test/gtest_tmva_pymva_test_TestRModelParserPyTorch/),MatchSource.ISSUE_COMMENT,root-project,root,v6-32-06,https://github.com/root-project/root/pull/14731#issuecomment-1948199396:263,test,tests,263,https://root.cern,https://github.com/root-project/root/pull/14731#issuecomment-1948199396,13,['test'],"['test', 'testReport', 'tests']"
Testability,Build failed on ROOT-ubuntu2204/nortcxxmod.; Running on root-ubuntu-2204-2.cern.ch:/home/sftnight/build/workspace/root-pullrequests-build; [See console output](https://lcgapp-services.cern.ch/root-jenkins/job/root-pullrequests-build/195788/console).; ### Failing tests:; - [projectroot.tmva.pymva.test.PyMVA_Torch_Classification](https://lcgapp-services.cern.ch/root-jenkins/job/root-pullrequests-build/195788/testReport/projectroot.tmva.pymva/test/PyMVA_Torch_Classification/); - [projectroot.tmva.pymva.test.PyMVA_Torch_Regression](https://lcgapp-services.cern.ch/root-jenkins/job/root-pullrequests-build/195788/testReport/projectroot.tmva.pymva/test/PyMVA_Torch_Regression/); - [projectroot.tmva.pymva.test.PyMVA_Torch_Multiclass](https://lcgapp-services.cern.ch/root-jenkins/job/root-pullrequests-build/195788/testReport/projectroot.tmva.pymva/test/PyMVA_Torch_Multiclass/); - [projectroot.tmva.pymva.test.gtest_tmva_pymva_test_TestRModelParserPyTorch](https://lcgapp-services.cern.ch/root-jenkins/job/root-pullrequests-build/195788/testReport/projectroot.tmva.pymva/test/gtest_tmva_pymva_test_TestRModelParserPyTorch/),MatchSource.ISSUE_COMMENT,root-project,root,v6-32-06,https://github.com/root-project/root/pull/14666#issuecomment-1948233328:263,test,tests,263,https://root.cern,https://github.com/root-project/root/pull/14666#issuecomment-1948233328,13,['test'],"['test', 'testReport', 'tests']"
Testability,Build failed on ROOT-ubuntu2204/nortcxxmod.; Running on root-ubuntu-2204-2.cern.ch:/home/sftnight/build/workspace/root-pullrequests-build; [See console output](https://lcgapp-services.cern.ch/root-jenkins/job/root-pullrequests-build/195808/console).; ### Failing tests:; - [projectroot.tmva.pymva.test.PyMVA_Torch_Classification](https://lcgapp-services.cern.ch/root-jenkins/job/root-pullrequests-build/195808/testReport/projectroot.tmva.pymva/test/PyMVA_Torch_Classification/); - [projectroot.tmva.pymva.test.PyMVA_Torch_Regression](https://lcgapp-services.cern.ch/root-jenkins/job/root-pullrequests-build/195808/testReport/projectroot.tmva.pymva/test/PyMVA_Torch_Regression/); - [projectroot.tmva.pymva.test.PyMVA_Torch_Multiclass](https://lcgapp-services.cern.ch/root-jenkins/job/root-pullrequests-build/195808/testReport/projectroot.tmva.pymva/test/PyMVA_Torch_Multiclass/); - [projectroot.tmva.pymva.test.gtest_tmva_pymva_test_TestRModelParserPyTorch](https://lcgapp-services.cern.ch/root-jenkins/job/root-pullrequests-build/195808/testReport/projectroot.tmva.pymva/test/gtest_tmva_pymva_test_TestRModelParserPyTorch/),MatchSource.ISSUE_COMMENT,root-project,root,v6-32-06,https://github.com/root-project/root/pull/14747#issuecomment-1948311035:263,test,tests,263,https://root.cern,https://github.com/root-project/root/pull/14747#issuecomment-1948311035,13,['test'],"['test', 'testReport', 'tests']"
Testability,Build failed on ROOT-ubuntu2204/nortcxxmod.; Running on root-ubuntu-2204-2.cern.ch:/home/sftnight/build/workspace/root-pullrequests-build; [See console output](https://lcgapp-services.cern.ch/root-jenkins/job/root-pullrequests-build/195818/console).; ### Failing tests:; - [projectroot.tmva.pymva.test.PyMVA_Torch_Classification](https://lcgapp-services.cern.ch/root-jenkins/job/root-pullrequests-build/195818/testReport/projectroot.tmva.pymva/test/PyMVA_Torch_Classification/); - [projectroot.tmva.pymva.test.PyMVA_Torch_Regression](https://lcgapp-services.cern.ch/root-jenkins/job/root-pullrequests-build/195818/testReport/projectroot.tmva.pymva/test/PyMVA_Torch_Regression/); - [projectroot.tmva.pymva.test.PyMVA_Torch_Multiclass](https://lcgapp-services.cern.ch/root-jenkins/job/root-pullrequests-build/195818/testReport/projectroot.tmva.pymva/test/PyMVA_Torch_Multiclass/); - [projectroot.tmva.pymva.test.gtest_tmva_pymva_test_TestRModelParserPyTorch](https://lcgapp-services.cern.ch/root-jenkins/job/root-pullrequests-build/195818/testReport/projectroot.tmva.pymva/test/gtest_tmva_pymva_test_TestRModelParserPyTorch/),MatchSource.ISSUE_COMMENT,root-project,root,v6-32-06,https://github.com/root-project/root/pull/14750#issuecomment-1948424157:263,test,tests,263,https://root.cern,https://github.com/root-project/root/pull/14750#issuecomment-1948424157,13,['test'],"['test', 'testReport', 'tests']"
Testability,Build failed on ROOT-ubuntu2204/nortcxxmod.; Running on root-ubuntu-2204-2.cern.ch:/home/sftnight/build/workspace/root-pullrequests-build; [See console output](https://lcgapp-services.cern.ch/root-jenkins/job/root-pullrequests-build/195838/console).; ### Failing tests:; - [projectroot.tmva.pymva.test.PyMVA_Torch_Regression](https://lcgapp-services.cern.ch/root-jenkins/job/root-pullrequests-build/195838/testReport/projectroot.tmva.pymva/test/PyMVA_Torch_Regression/); - [projectroot.tmva.pymva.test.PyMVA_Torch_Classification](https://lcgapp-services.cern.ch/root-jenkins/job/root-pullrequests-build/195838/testReport/projectroot.tmva.pymva/test/PyMVA_Torch_Classification/); - [projectroot.tmva.pymva.test.PyMVA_Torch_Multiclass](https://lcgapp-services.cern.ch/root-jenkins/job/root-pullrequests-build/195838/testReport/projectroot.tmva.pymva/test/PyMVA_Torch_Multiclass/); - [projectroot.tmva.pymva.test.gtest_tmva_pymva_test_TestRModelParserPyTorch](https://lcgapp-services.cern.ch/root-jenkins/job/root-pullrequests-build/195838/testReport/projectroot.tmva.pymva/test/gtest_tmva_pymva_test_TestRModelParserPyTorch/),MatchSource.ISSUE_COMMENT,root-project,root,v6-32-06,https://github.com/root-project/root/pull/14752#issuecomment-1948617308:263,test,tests,263,https://root.cern,https://github.com/root-project/root/pull/14752#issuecomment-1948617308,13,['test'],"['test', 'testReport', 'tests']"
Testability,Build failed on ROOT-ubuntu2204/nortcxxmod.; Running on root-ubuntu-2204-2.cern.ch:/home/sftnight/build/workspace/root-pullrequests-build; [See console output](https://lcgapp-services.cern.ch/root-jenkins/job/root-pullrequests-build/195858/console).; ### Failing tests:; - [projectroot.tmva.pymva.test.PyMVA_Torch_Classification](https://lcgapp-services.cern.ch/root-jenkins/job/root-pullrequests-build/195858/testReport/projectroot.tmva.pymva/test/PyMVA_Torch_Classification/); - [projectroot.tmva.pymva.test.PyMVA_Torch_Regression](https://lcgapp-services.cern.ch/root-jenkins/job/root-pullrequests-build/195858/testReport/projectroot.tmva.pymva/test/PyMVA_Torch_Regression/); - [projectroot.tmva.pymva.test.PyMVA_Torch_Multiclass](https://lcgapp-services.cern.ch/root-jenkins/job/root-pullrequests-build/195858/testReport/projectroot.tmva.pymva/test/PyMVA_Torch_Multiclass/); - [projectroot.tmva.pymva.test.gtest_tmva_pymva_test_TestRModelParserPyTorch](https://lcgapp-services.cern.ch/root-jenkins/job/root-pullrequests-build/195858/testReport/projectroot.tmva.pymva/test/gtest_tmva_pymva_test_TestRModelParserPyTorch/),MatchSource.ISSUE_COMMENT,root-project,root,v6-32-06,https://github.com/root-project/root/pull/14618#issuecomment-1948965969:263,test,tests,263,https://root.cern,https://github.com/root-project/root/pull/14618#issuecomment-1948965969,13,['test'],"['test', 'testReport', 'tests']"
Testability,Build failed on ROOT-ubuntu2204/nortcxxmod.; Running on root-ubuntu-2204-2.cern.ch:/home/sftnight/build/workspace/root-pullrequests-build; [See console output](https://lcgapp-services.cern.ch/root-jenkins/job/root-pullrequests-build/195863/console).; ### Failing tests:; - [projectroot.tmva.pymva.test.PyMVA_Torch_Classification](https://lcgapp-services.cern.ch/root-jenkins/job/root-pullrequests-build/195863/testReport/projectroot.tmva.pymva/test/PyMVA_Torch_Classification/); - [projectroot.tmva.pymva.test.PyMVA_Torch_Regression](https://lcgapp-services.cern.ch/root-jenkins/job/root-pullrequests-build/195863/testReport/projectroot.tmva.pymva/test/PyMVA_Torch_Regression/); - [projectroot.tmva.pymva.test.PyMVA_Torch_Multiclass](https://lcgapp-services.cern.ch/root-jenkins/job/root-pullrequests-build/195863/testReport/projectroot.tmva.pymva/test/PyMVA_Torch_Multiclass/); - [projectroot.tmva.pymva.test.gtest_tmva_pymva_test_TestRModelParserPyTorch](https://lcgapp-services.cern.ch/root-jenkins/job/root-pullrequests-build/195863/testReport/projectroot.tmva.pymva/test/gtest_tmva_pymva_test_TestRModelParserPyTorch/),MatchSource.ISSUE_COMMENT,root-project,root,v6-32-06,https://github.com/root-project/root/pull/14755#issuecomment-1948998841:263,test,tests,263,https://root.cern,https://github.com/root-project/root/pull/14755#issuecomment-1948998841,13,['test'],"['test', 'testReport', 'tests']"
Testability,Build failed on ROOT-ubuntu2204/nortcxxmod.; Running on root-ubuntu-2204-2.cern.ch:/home/sftnight/build/workspace/root-pullrequests-build; [See console output](https://lcgapp-services.cern.ch/root-jenkins/job/root-pullrequests-build/195928/console).; ### Failing tests:; - [projectroot.tmva.pymva.test.PyMVA_Torch_Classification](https://lcgapp-services.cern.ch/root-jenkins/job/root-pullrequests-build/195928/testReport/projectroot.tmva.pymva/test/PyMVA_Torch_Classification/); - [projectroot.tmva.pymva.test.PyMVA_Torch_Regression](https://lcgapp-services.cern.ch/root-jenkins/job/root-pullrequests-build/195928/testReport/projectroot.tmva.pymva/test/PyMVA_Torch_Regression/); - [projectroot.tmva.pymva.test.PyMVA_Torch_Multiclass](https://lcgapp-services.cern.ch/root-jenkins/job/root-pullrequests-build/195928/testReport/projectroot.tmva.pymva/test/PyMVA_Torch_Multiclass/); - [projectroot.tmva.pymva.test.gtest_tmva_pymva_test_TestRModelParserPyTorch](https://lcgapp-services.cern.ch/root-jenkins/job/root-pullrequests-build/195928/testReport/projectroot.tmva.pymva/test/gtest_tmva_pymva_test_TestRModelParserPyTorch/),MatchSource.ISSUE_COMMENT,root-project,root,v6-32-06,https://github.com/root-project/root/pull/14756#issuecomment-1950140064:263,test,tests,263,https://root.cern,https://github.com/root-project/root/pull/14756#issuecomment-1950140064,13,['test'],"['test', 'testReport', 'tests']"
Testability,Build failed on ROOT-ubuntu2204/nortcxxmod.; Running on root-ubuntu-2204-2.cern.ch:/home/sftnight/build/workspace/root-pullrequests-build; [See console output](https://lcgapp-services.cern.ch/root-jenkins/job/root-pullrequests-build/195948/console).; ### Failing tests:; - [projectroot.tmva.pymva.test.PyMVA_Torch_Classification](https://lcgapp-services.cern.ch/root-jenkins/job/root-pullrequests-build/195948/testReport/projectroot.tmva.pymva/test/PyMVA_Torch_Classification/); - [projectroot.tmva.pymva.test.PyMVA_Torch_Regression](https://lcgapp-services.cern.ch/root-jenkins/job/root-pullrequests-build/195948/testReport/projectroot.tmva.pymva/test/PyMVA_Torch_Regression/); - [projectroot.tmva.pymva.test.PyMVA_Torch_Multiclass](https://lcgapp-services.cern.ch/root-jenkins/job/root-pullrequests-build/195948/testReport/projectroot.tmva.pymva/test/PyMVA_Torch_Multiclass/); - [projectroot.tmva.pymva.test.gtest_tmva_pymva_test_TestRModelParserPyTorch](https://lcgapp-services.cern.ch/root-jenkins/job/root-pullrequests-build/195948/testReport/projectroot.tmva.pymva/test/gtest_tmva_pymva_test_TestRModelParserPyTorch/),MatchSource.ISSUE_COMMENT,root-project,root,v6-32-06,https://github.com/root-project/root/pull/14628#issuecomment-1952129572:263,test,tests,263,https://root.cern,https://github.com/root-project/root/pull/14628#issuecomment-1952129572,13,['test'],"['test', 'testReport', 'tests']"
Testability,Build failed on ROOT-ubuntu2204/nortcxxmod.; Running on root-ubuntu-2204-2.cern.ch:/home/sftnight/build/workspace/root-pullrequests-build; [See console output](https://lcgapp-services.cern.ch/root-jenkins/job/root-pullrequests-build/195978/console).; ### Failing tests:; - [projectroot.tmva.pymva.test.PyMVA_Torch_Regression](https://lcgapp-services.cern.ch/root-jenkins/job/root-pullrequests-build/195978/testReport/projectroot.tmva.pymva/test/PyMVA_Torch_Regression/); - [projectroot.tmva.pymva.test.PyMVA_Torch_Classification](https://lcgapp-services.cern.ch/root-jenkins/job/root-pullrequests-build/195978/testReport/projectroot.tmva.pymva/test/PyMVA_Torch_Classification/); - [projectroot.tmva.pymva.test.PyMVA_Torch_Multiclass](https://lcgapp-services.cern.ch/root-jenkins/job/root-pullrequests-build/195978/testReport/projectroot.tmva.pymva/test/PyMVA_Torch_Multiclass/); - [projectroot.tmva.pymva.test.gtest_tmva_pymva_test_TestRModelParserPyTorch](https://lcgapp-services.cern.ch/root-jenkins/job/root-pullrequests-build/195978/testReport/projectroot.tmva.pymva/test/gtest_tmva_pymva_test_TestRModelParserPyTorch/),MatchSource.ISSUE_COMMENT,root-project,root,v6-32-06,https://github.com/root-project/root/pull/14759#issuecomment-1952338297:263,test,tests,263,https://root.cern,https://github.com/root-project/root/pull/14759#issuecomment-1952338297,13,['test'],"['test', 'testReport', 'tests']"
Testability,Build failed on ROOT-ubuntu2204/nortcxxmod.; Running on root-ubuntu-2204-2.cern.ch:/home/sftnight/build/workspace/root-pullrequests-build; [See console output](https://lcgapp-services.cern.ch/root-jenkins/job/root-pullrequests-build/196008/console).; ### Failing tests:; - [projectroot.tmva.pymva.test.PyMVA_Torch_Regression](https://lcgapp-services.cern.ch/root-jenkins/job/root-pullrequests-build/196008/testReport/projectroot.tmva.pymva/test/PyMVA_Torch_Regression/); - [projectroot.tmva.pymva.test.PyMVA_Torch_Classification](https://lcgapp-services.cern.ch/root-jenkins/job/root-pullrequests-build/196008/testReport/projectroot.tmva.pymva/test/PyMVA_Torch_Classification/); - [projectroot.tmva.pymva.test.PyMVA_Torch_Multiclass](https://lcgapp-services.cern.ch/root-jenkins/job/root-pullrequests-build/196008/testReport/projectroot.tmva.pymva/test/PyMVA_Torch_Multiclass/); - [projectroot.tmva.pymva.test.gtest_tmva_pymva_test_TestRModelParserPyTorch](https://lcgapp-services.cern.ch/root-jenkins/job/root-pullrequests-build/196008/testReport/projectroot.tmva.pymva/test/gtest_tmva_pymva_test_TestRModelParserPyTorch/),MatchSource.ISSUE_COMMENT,root-project,root,v6-32-06,https://github.com/root-project/root/pull/14764#issuecomment-1952774189:263,test,tests,263,https://root.cern,https://github.com/root-project/root/pull/14764#issuecomment-1952774189,13,['test'],"['test', 'testReport', 'tests']"
Testability,Build failed on ROOT-ubuntu2204/nortcxxmod.; Running on root-ubuntu-2204-2.cern.ch:/home/sftnight/build/workspace/root-pullrequests-build; [See console output](https://lcgapp-services.cern.ch/root-jenkins/job/root-pullrequests-build/196013/console).; ### Failing tests:; - [projectroot.tmva.pymva.test.PyMVA_Torch_Regression](https://lcgapp-services.cern.ch/root-jenkins/job/root-pullrequests-build/196013/testReport/projectroot.tmva.pymva/test/PyMVA_Torch_Regression/); - [projectroot.tmva.pymva.test.PyMVA_Torch_Classification](https://lcgapp-services.cern.ch/root-jenkins/job/root-pullrequests-build/196013/testReport/projectroot.tmva.pymva/test/PyMVA_Torch_Classification/); - [projectroot.tmva.pymva.test.PyMVA_Torch_Multiclass](https://lcgapp-services.cern.ch/root-jenkins/job/root-pullrequests-build/196013/testReport/projectroot.tmva.pymva/test/PyMVA_Torch_Multiclass/); - [projectroot.tmva.pymva.test.gtest_tmva_pymva_test_TestRModelParserPyTorch](https://lcgapp-services.cern.ch/root-jenkins/job/root-pullrequests-build/196013/testReport/projectroot.tmva.pymva/test/gtest_tmva_pymva_test_TestRModelParserPyTorch/),MatchSource.ISSUE_COMMENT,root-project,root,v6-32-06,https://github.com/root-project/root/pull/14712#issuecomment-1952830960:263,test,tests,263,https://root.cern,https://github.com/root-project/root/pull/14712#issuecomment-1952830960,13,['test'],"['test', 'testReport', 'tests']"
Testability,Build failed on ROOT-ubuntu2204/nortcxxmod.; Running on root-ubuntu-2204-2.cern.ch:/home/sftnight/build/workspace/root-pullrequests-build; [See console output](https://lcgapp-services.cern.ch/root-jenkins/job/root-pullrequests-build/196048/console).; ### Failing tests:; - [projectroot.tmva.pymva.test.PyMVA_Torch_Regression](https://lcgapp-services.cern.ch/root-jenkins/job/root-pullrequests-build/196048/testReport/projectroot.tmva.pymva/test/PyMVA_Torch_Regression/); - [projectroot.tmva.pymva.test.PyMVA_Torch_Classification](https://lcgapp-services.cern.ch/root-jenkins/job/root-pullrequests-build/196048/testReport/projectroot.tmva.pymva/test/PyMVA_Torch_Classification/); - [projectroot.tmva.pymva.test.PyMVA_Torch_Multiclass](https://lcgapp-services.cern.ch/root-jenkins/job/root-pullrequests-build/196048/testReport/projectroot.tmva.pymva/test/PyMVA_Torch_Multiclass/); - [projectroot.tmva.pymva.test.gtest_tmva_pymva_test_TestRModelParserPyTorch](https://lcgapp-services.cern.ch/root-jenkins/job/root-pullrequests-build/196048/testReport/projectroot.tmva.pymva/test/gtest_tmva_pymva_test_TestRModelParserPyTorch/),MatchSource.ISSUE_COMMENT,root-project,root,v6-32-06,https://github.com/root-project/root/pull/14758#issuecomment-1952899145:263,test,tests,263,https://root.cern,https://github.com/root-project/root/pull/14758#issuecomment-1952899145,13,['test'],"['test', 'testReport', 'tests']"
Testability,Build failed on ROOT-ubuntu2204/nortcxxmod.; Running on root-ubuntu-2204-2.cern.ch:/home/sftnight/build/workspace/root-pullrequests-build; [See console output](https://lcgapp-services.cern.ch/root-jenkins/job/root-pullrequests-build/196063/console).; ### Failing tests:; - [projectroot.tmva.pymva.test.PyMVA_Torch_Regression](https://lcgapp-services.cern.ch/root-jenkins/job/root-pullrequests-build/196063/testReport/projectroot.tmva.pymva/test/PyMVA_Torch_Regression/); - [projectroot.tmva.pymva.test.PyMVA_Torch_Classification](https://lcgapp-services.cern.ch/root-jenkins/job/root-pullrequests-build/196063/testReport/projectroot.tmva.pymva/test/PyMVA_Torch_Classification/); - [projectroot.tmva.pymva.test.PyMVA_Torch_Multiclass](https://lcgapp-services.cern.ch/root-jenkins/job/root-pullrequests-build/196063/testReport/projectroot.tmva.pymva/test/PyMVA_Torch_Multiclass/); - [projectroot.tmva.pymva.test.gtest_tmva_pymva_test_TestRModelParserPyTorch](https://lcgapp-services.cern.ch/root-jenkins/job/root-pullrequests-build/196063/testReport/projectroot.tmva.pymva/test/gtest_tmva_pymva_test_TestRModelParserPyTorch/),MatchSource.ISSUE_COMMENT,root-project,root,v6-32-06,https://github.com/root-project/root/pull/14758#issuecomment-1952985098:263,test,tests,263,https://root.cern,https://github.com/root-project/root/pull/14758#issuecomment-1952985098,13,['test'],"['test', 'testReport', 'tests']"
Testability,Build failed on ROOT-ubuntu2204/nortcxxmod.; Running on root-ubuntu-2204-2.cern.ch:/home/sftnight/build/workspace/root-pullrequests-build; [See console output](https://lcgapp-services.cern.ch/root-jenkins/job/root-pullrequests-build/196078/console).; ### Failing tests:; - [projectroot.tmva.pymva.test.PyMVA_Torch_Classification](https://lcgapp-services.cern.ch/root-jenkins/job/root-pullrequests-build/196078/testReport/projectroot.tmva.pymva/test/PyMVA_Torch_Classification/); - [projectroot.tmva.pymva.test.PyMVA_Torch_Regression](https://lcgapp-services.cern.ch/root-jenkins/job/root-pullrequests-build/196078/testReport/projectroot.tmva.pymva/test/PyMVA_Torch_Regression/); - [projectroot.tmva.pymva.test.PyMVA_Torch_Multiclass](https://lcgapp-services.cern.ch/root-jenkins/job/root-pullrequests-build/196078/testReport/projectroot.tmva.pymva/test/PyMVA_Torch_Multiclass/); - [projectroot.tmva.pymva.test.gtest_tmva_pymva_test_TestRModelParserPyTorch](https://lcgapp-services.cern.ch/root-jenkins/job/root-pullrequests-build/196078/testReport/projectroot.tmva.pymva/test/gtest_tmva_pymva_test_TestRModelParserPyTorch/),MatchSource.ISSUE_COMMENT,root-project,root,v6-32-06,https://github.com/root-project/root/pull/14758#issuecomment-1953071183:263,test,tests,263,https://root.cern,https://github.com/root-project/root/pull/14758#issuecomment-1953071183,13,['test'],"['test', 'testReport', 'tests']"
Testability,Build failed on ROOT-ubuntu2204/nortcxxmod.; Running on root-ubuntu-2204-2.cern.ch:/home/sftnight/build/workspace/root-pullrequests-build; [See console output](https://lcgapp-services.cern.ch/root-jenkins/job/root-pullrequests-build/196113/console).; ### Failing tests:; - [projectroot.tmva.pymva.test.PyMVA_Torch_Regression](https://lcgapp-services.cern.ch/root-jenkins/job/root-pullrequests-build/196113/testReport/projectroot.tmva.pymva/test/PyMVA_Torch_Regression/); - [projectroot.tmva.pymva.test.PyMVA_Torch_Classification](https://lcgapp-services.cern.ch/root-jenkins/job/root-pullrequests-build/196113/testReport/projectroot.tmva.pymva/test/PyMVA_Torch_Classification/); - [projectroot.tmva.pymva.test.PyMVA_Torch_Multiclass](https://lcgapp-services.cern.ch/root-jenkins/job/root-pullrequests-build/196113/testReport/projectroot.tmva.pymva/test/PyMVA_Torch_Multiclass/); - [projectroot.tmva.pymva.test.gtest_tmva_pymva_test_TestRModelParserPyTorch](https://lcgapp-services.cern.ch/root-jenkins/job/root-pullrequests-build/196113/testReport/projectroot.tmva.pymva/test/gtest_tmva_pymva_test_TestRModelParserPyTorch/),MatchSource.ISSUE_COMMENT,root-project,root,v6-32-06,https://github.com/root-project/root/pull/14771#issuecomment-1953756084:263,test,tests,263,https://root.cern,https://github.com/root-project/root/pull/14771#issuecomment-1953756084,13,['test'],"['test', 'testReport', 'tests']"
Testability,Build failed on ROOT-ubuntu2204/nortcxxmod.; Running on root-ubuntu-2204-2.cern.ch:/home/sftnight/build/workspace/root-pullrequests-build; [See console output](https://lcgapp-services.cern.ch/root-jenkins/job/root-pullrequests-build/196128/console).; ### Failing tests:; - [projectroot.tmva.pymva.test.PyMVA_Torch_Classification](https://lcgapp-services.cern.ch/root-jenkins/job/root-pullrequests-build/196128/testReport/projectroot.tmva.pymva/test/PyMVA_Torch_Classification/); - [projectroot.tmva.pymva.test.PyMVA_Torch_Regression](https://lcgapp-services.cern.ch/root-jenkins/job/root-pullrequests-build/196128/testReport/projectroot.tmva.pymva/test/PyMVA_Torch_Regression/); - [projectroot.tmva.pymva.test.PyMVA_Torch_Multiclass](https://lcgapp-services.cern.ch/root-jenkins/job/root-pullrequests-build/196128/testReport/projectroot.tmva.pymva/test/PyMVA_Torch_Multiclass/); - [projectroot.tmva.pymva.test.gtest_tmva_pymva_test_TestRModelParserPyTorch](https://lcgapp-services.cern.ch/root-jenkins/job/root-pullrequests-build/196128/testReport/projectroot.tmva.pymva/test/gtest_tmva_pymva_test_TestRModelParserPyTorch/),MatchSource.ISSUE_COMMENT,root-project,root,v6-32-06,https://github.com/root-project/root/pull/8546#issuecomment-1953882548:263,test,tests,263,https://root.cern,https://github.com/root-project/root/pull/8546#issuecomment-1953882548,13,['test'],"['test', 'testReport', 'tests']"
Testability,Build failed on ROOT-ubuntu2204/nortcxxmod.; Running on root-ubuntu-2204-2.cern.ch:/home/sftnight/build/workspace/root-pullrequests-build; [See console output](https://lcgapp-services.cern.ch/root-jenkins/job/root-pullrequests-build/196148/console).; ### Failing tests:; - [projectroot.tmva.pymva.test.PyMVA_Torch_Classification](https://lcgapp-services.cern.ch/root-jenkins/job/root-pullrequests-build/196148/testReport/projectroot.tmva.pymva/test/PyMVA_Torch_Classification/); - [projectroot.tmva.pymva.test.PyMVA_Torch_Regression](https://lcgapp-services.cern.ch/root-jenkins/job/root-pullrequests-build/196148/testReport/projectroot.tmva.pymva/test/PyMVA_Torch_Regression/); - [projectroot.tmva.pymva.test.PyMVA_Torch_Multiclass](https://lcgapp-services.cern.ch/root-jenkins/job/root-pullrequests-build/196148/testReport/projectroot.tmva.pymva/test/PyMVA_Torch_Multiclass/); - [projectroot.tmva.pymva.test.gtest_tmva_pymva_test_TestRModelParserPyTorch](https://lcgapp-services.cern.ch/root-jenkins/job/root-pullrequests-build/196148/testReport/projectroot.tmva.pymva/test/gtest_tmva_pymva_test_TestRModelParserPyTorch/),MatchSource.ISSUE_COMMENT,root-project,root,v6-32-06,https://github.com/root-project/root/pull/14763#issuecomment-1953983190:263,test,tests,263,https://root.cern,https://github.com/root-project/root/pull/14763#issuecomment-1953983190,13,['test'],"['test', 'testReport', 'tests']"
Testability,Build failed on ROOT-ubuntu2204/nortcxxmod.; Running on root-ubuntu-2204-2.cern.ch:/home/sftnight/build/workspace/root-pullrequests-build; [See console output](https://lcgapp-services.cern.ch/root-jenkins/job/root-pullrequests-build/196173/console).; ### Failing tests:; - [projectroot.tmva.pymva.test.PyMVA_Torch_Regression](https://lcgapp-services.cern.ch/root-jenkins/job/root-pullrequests-build/196173/testReport/projectroot.tmva.pymva/test/PyMVA_Torch_Regression/); - [projectroot.tmva.pymva.test.PyMVA_Torch_Classification](https://lcgapp-services.cern.ch/root-jenkins/job/root-pullrequests-build/196173/testReport/projectroot.tmva.pymva/test/PyMVA_Torch_Classification/); - [projectroot.tmva.pymva.test.PyMVA_Torch_Multiclass](https://lcgapp-services.cern.ch/root-jenkins/job/root-pullrequests-build/196173/testReport/projectroot.tmva.pymva/test/PyMVA_Torch_Multiclass/); - [projectroot.tmva.pymva.test.gtest_tmva_pymva_test_TestRModelParserPyTorch](https://lcgapp-services.cern.ch/root-jenkins/job/root-pullrequests-build/196173/testReport/projectroot.tmva.pymva/test/gtest_tmva_pymva_test_TestRModelParserPyTorch/),MatchSource.ISSUE_COMMENT,root-project,root,v6-32-06,https://github.com/root-project/root/pull/14775#issuecomment-1954142062:263,test,tests,263,https://root.cern,https://github.com/root-project/root/pull/14775#issuecomment-1954142062,13,['test'],"['test', 'testReport', 'tests']"
Testability,Build failed on ROOT-ubuntu2204/nortcxxmod.; Running on root-ubuntu-2204-2.cern.ch:/home/sftnight/build/workspace/root-pullrequests-build; [See console output](https://lcgapp-services.cern.ch/root-jenkins/job/root-pullrequests-build/196198/console).; ### Failing tests:; - [projectroot.tmva.pymva.test.PyMVA_Torch_Classification](https://lcgapp-services.cern.ch/root-jenkins/job/root-pullrequests-build/196198/testReport/projectroot.tmva.pymva/test/PyMVA_Torch_Classification/); - [projectroot.tmva.pymva.test.PyMVA_Torch_Regression](https://lcgapp-services.cern.ch/root-jenkins/job/root-pullrequests-build/196198/testReport/projectroot.tmva.pymva/test/PyMVA_Torch_Regression/); - [projectroot.tmva.pymva.test.PyMVA_Torch_Multiclass](https://lcgapp-services.cern.ch/root-jenkins/job/root-pullrequests-build/196198/testReport/projectroot.tmva.pymva/test/PyMVA_Torch_Multiclass/); - [projectroot.tmva.pymva.test.gtest_tmva_pymva_test_TestRModelParserPyTorch](https://lcgapp-services.cern.ch/root-jenkins/job/root-pullrequests-build/196198/testReport/projectroot.tmva.pymva/test/gtest_tmva_pymva_test_TestRModelParserPyTorch/),MatchSource.ISSUE_COMMENT,root-project,root,v6-32-06,https://github.com/root-project/root/pull/14774#issuecomment-1954647117:263,test,tests,263,https://root.cern,https://github.com/root-project/root/pull/14774#issuecomment-1954647117,13,['test'],"['test', 'testReport', 'tests']"
Testability,Build failed on ROOT-ubuntu2204/nortcxxmod.; Running on root-ubuntu-2204-2.cern.ch:/home/sftnight/build/workspace/root-pullrequests-build; [See console output](https://lcgapp-services.cern.ch/root-jenkins/job/root-pullrequests-build/196208/console).; ### Failing tests:; - [projectroot.tmva.pymva.test.PyMVA_Torch_Regression](https://lcgapp-services.cern.ch/root-jenkins/job/root-pullrequests-build/196208/testReport/projectroot.tmva.pymva/test/PyMVA_Torch_Regression/); - [projectroot.tmva.pymva.test.PyMVA_Torch_Classification](https://lcgapp-services.cern.ch/root-jenkins/job/root-pullrequests-build/196208/testReport/projectroot.tmva.pymva/test/PyMVA_Torch_Classification/); - [projectroot.tmva.pymva.test.PyMVA_Torch_Multiclass](https://lcgapp-services.cern.ch/root-jenkins/job/root-pullrequests-build/196208/testReport/projectroot.tmva.pymva/test/PyMVA_Torch_Multiclass/); - [projectroot.tmva.pymva.test.gtest_tmva_pymva_test_TestRModelParserPyTorch](https://lcgapp-services.cern.ch/root-jenkins/job/root-pullrequests-build/196208/testReport/projectroot.tmva.pymva/test/gtest_tmva_pymva_test_TestRModelParserPyTorch/),MatchSource.ISSUE_COMMENT,root-project,root,v6-32-06,https://github.com/root-project/root/pull/14780#issuecomment-1954980639:263,test,tests,263,https://root.cern,https://github.com/root-project/root/pull/14780#issuecomment-1954980639,13,['test'],"['test', 'testReport', 'tests']"
Testability,Build failed on ROOT-ubuntu2204/nortcxxmod.; Running on root-ubuntu-2204-2.cern.ch:/home/sftnight/build/workspace/root-pullrequests-build; [See console output](https://lcgapp-services.cern.ch/root-jenkins/job/root-pullrequests-build/196234/console).; ### Failing tests:; - [projectroot.tmva.pymva.test.PyMVA_Torch_Classification](https://lcgapp-services.cern.ch/root-jenkins/job/root-pullrequests-build/196234/testReport/projectroot.tmva.pymva/test/PyMVA_Torch_Classification/); - [projectroot.tmva.pymva.test.PyMVA_Torch_Regression](https://lcgapp-services.cern.ch/root-jenkins/job/root-pullrequests-build/196234/testReport/projectroot.tmva.pymva/test/PyMVA_Torch_Regression/); - [projectroot.tmva.pymva.test.PyMVA_Torch_Multiclass](https://lcgapp-services.cern.ch/root-jenkins/job/root-pullrequests-build/196234/testReport/projectroot.tmva.pymva/test/PyMVA_Torch_Multiclass/); - [projectroot.tmva.pymva.test.gtest_tmva_pymva_test_TestRModelParserPyTorch](https://lcgapp-services.cern.ch/root-jenkins/job/root-pullrequests-build/196234/testReport/projectroot.tmva.pymva/test/gtest_tmva_pymva_test_TestRModelParserPyTorch/),MatchSource.ISSUE_COMMENT,root-project,root,v6-32-06,https://github.com/root-project/root/pull/14783#issuecomment-1956222592:263,test,tests,263,https://root.cern,https://github.com/root-project/root/pull/14783#issuecomment-1956222592,13,['test'],"['test', 'testReport', 'tests']"
Testability,Build failed on ROOT-ubuntu2204/nortcxxmod.; Running on root-ubuntu-2204-2.cern.ch:/home/sftnight/build/workspace/root-pullrequests-build; [See console output](https://lcgapp-services.cern.ch/root-jenkins/job/root-pullrequests-build/196259/console).; ### Failing tests:; - [projectroot.tmva.pymva.test.PyMVA_Torch_Classification](https://lcgapp-services.cern.ch/root-jenkins/job/root-pullrequests-build/196259/testReport/projectroot.tmva.pymva/test/PyMVA_Torch_Classification/); - [projectroot.tmva.pymva.test.PyMVA_Torch_Regression](https://lcgapp-services.cern.ch/root-jenkins/job/root-pullrequests-build/196259/testReport/projectroot.tmva.pymva/test/PyMVA_Torch_Regression/); - [projectroot.tmva.pymva.test.PyMVA_Torch_Multiclass](https://lcgapp-services.cern.ch/root-jenkins/job/root-pullrequests-build/196259/testReport/projectroot.tmva.pymva/test/PyMVA_Torch_Multiclass/); - [projectroot.tmva.pymva.test.gtest_tmva_pymva_test_TestRModelParserPyTorch](https://lcgapp-services.cern.ch/root-jenkins/job/root-pullrequests-build/196259/testReport/projectroot.tmva.pymva/test/gtest_tmva_pymva_test_TestRModelParserPyTorch/),MatchSource.ISSUE_COMMENT,root-project,root,v6-32-06,https://github.com/root-project/root/pull/14784#issuecomment-1956413030:263,test,tests,263,https://root.cern,https://github.com/root-project/root/pull/14784#issuecomment-1956413030,13,['test'],"['test', 'testReport', 'tests']"
Testability,Build failed on ROOT-ubuntu2204/nortcxxmod.; Running on root-ubuntu-2204-2.cern.ch:/home/sftnight/build/workspace/root-pullrequests-build; [See console output](https://lcgapp-services.cern.ch/root-jenkins/job/root-pullrequests-build/196294/console).; ### Failing tests:; - [projectroot.tmva.pymva.test.PyMVA_Torch_Regression](https://lcgapp-services.cern.ch/root-jenkins/job/root-pullrequests-build/196294/testReport/projectroot.tmva.pymva/test/PyMVA_Torch_Regression/); - [projectroot.tmva.pymva.test.PyMVA_Torch_Classification](https://lcgapp-services.cern.ch/root-jenkins/job/root-pullrequests-build/196294/testReport/projectroot.tmva.pymva/test/PyMVA_Torch_Classification/); - [projectroot.tmva.pymva.test.PyMVA_Torch_Multiclass](https://lcgapp-services.cern.ch/root-jenkins/job/root-pullrequests-build/196294/testReport/projectroot.tmva.pymva/test/PyMVA_Torch_Multiclass/); - [projectroot.tmva.pymva.test.gtest_tmva_pymva_test_TestRModelParserPyTorch](https://lcgapp-services.cern.ch/root-jenkins/job/root-pullrequests-build/196294/testReport/projectroot.tmva.pymva/test/gtest_tmva_pymva_test_TestRModelParserPyTorch/),MatchSource.ISSUE_COMMENT,root-project,root,v6-32-06,https://github.com/root-project/root/pull/14787#issuecomment-1957210215:263,test,tests,263,https://root.cern,https://github.com/root-project/root/pull/14787#issuecomment-1957210215,13,['test'],"['test', 'testReport', 'tests']"
Testability,Build failed on ROOT-ubuntu2204/nortcxxmod.; Running on root-ubuntu-2204-2.cern.ch:/home/sftnight/build/workspace/root-pullrequests-build; [See console output](https://lcgapp-services.cern.ch/root-jenkins/job/root-pullrequests-build/196369/console).; ### Failing tests:; - [projectroot.tree.ntuple.v7.test.gtest_tree_ntuple_v7_test_ntuple_basics](https://lcgapp-services.cern.ch/root-jenkins/job/root-pullrequests-build/196369/testReport/projectroot.tree.ntuple.v7/test/gtest_tree_ntuple_v7_test_ntuple_basics/); - [projectroot.tree.ntuple.v7.test.gtest_tree_ntuple_v7_test_ntuple_minifile](https://lcgapp-services.cern.ch/root-jenkins/job/root-pullrequests-build/196369/testReport/projectroot.tree.ntuple.v7/test/gtest_tree_ntuple_v7_test_ntuple_minifile/); - [projectroot.tree.ntuple.v7.test.gtest_tree_ntuple_v7_test_ntuple_parallel_writer](https://lcgapp-services.cern.ch/root-jenkins/job/root-pullrequests-build/196369/testReport/projectroot.tree.ntuple.v7/test/gtest_tree_ntuple_v7_test_ntuple_parallel_writer/); - [projectroot.tree.ntuple.v7.test.gtest_tree_ntuple_v7_test_ntuple_extended](https://lcgapp-services.cern.ch/root-jenkins/job/root-pullrequests-build/196369/testReport/projectroot.tree.ntuple.v7/test/gtest_tree_ntuple_v7_test_ntuple_extended/); - [projectroot.tree.ntupleutil.v7.test.gtest_tree_ntupleutil_v7_test_ntuple_importer](https://lcgapp-services.cern.ch/root-jenkins/job/root-pullrequests-build/196369/testReport/projectroot.tree.ntupleutil.v7/test/gtest_tree_ntupleutil_v7_test_ntuple_importer/),MatchSource.ISSUE_COMMENT,root-project,root,v6-32-06,https://github.com/root-project/root/pull/14677#issuecomment-1959138570:263,test,tests,263,https://root.cern,https://github.com/root-project/root/pull/14677#issuecomment-1959138570,16,['test'],"['test', 'testReport', 'tests']"
Testability,Build failed on ROOT-ubuntu2204/nortcxxmod.; Running on root-ubuntu-2204-2.cern.ch:/home/sftnight/build/workspace/root-pullrequests-build; [See console output](https://lcgapp-services.cern.ch/root-jenkins/job/root-pullrequests-build/196500/console).; ### Failing tests:; - [projectroot.tmva.pymva.test.PyMVA_Keras_Regression](https://lcgapp-services.cern.ch/root-jenkins/job/root-pullrequests-build/196500/testReport/projectroot.tmva.pymva/test/PyMVA_Keras_Regression/),MatchSource.ISSUE_COMMENT,root-project,root,v6-32-06,https://github.com/root-project/root/pull/14803#issuecomment-1961542064:263,test,tests,263,https://root.cern,https://github.com/root-project/root/pull/14803#issuecomment-1961542064,4,['test'],"['test', 'testReport', 'tests']"
Testability,Build failed on ROOT-ubuntu2204/nortcxxmod.; Running on root-ubuntu-2204-2.cern.ch:/home/sftnight/build/workspace/root-pullrequests-build; [See console output](https://lcgapp-services.cern.ch/root-jenkins/job/root-pullrequests-build/196855/console).; ### Failing tests:; - [projectroot.test.test_stressgraphics_interpreted](https://lcgapp-services.cern.ch/root-jenkins/job/root-pullrequests-build/196855/testReport/projectroot/test/test_stressgraphics_interpreted/),MatchSource.ISSUE_COMMENT,root-project,root,v6-32-06,https://github.com/root-project/root/pull/14841#issuecomment-1966864655:263,test,tests,263,https://root.cern,https://github.com/root-project/root/pull/14841#issuecomment-1966864655,4,['test'],"['test', 'testReport', 'tests']"
Testability,Build failed on ROOT-ubuntu2204/nortcxxmod.; Running on root-ubuntu-2204-2.cern.ch:/home/sftnight/build/workspace/root-pullrequests-build; [See console output](https://lcgapp-services.cern.ch/root-jenkins/job/root-pullrequests-build/196975/console).; ### Failing tests:; - [projectroot.roottest.python.distrdf.spark.roottest_python_distrdf_spark_test_all](https://lcgapp-services.cern.ch/root-jenkins/job/root-pullrequests-build/196975/testReport/projectroot.roottest.python.distrdf/spark/roottest_python_distrdf_spark_test_all/),MatchSource.ISSUE_COMMENT,root-project,root,v6-32-06,https://github.com/root-project/root/pull/14846#issuecomment-1969486805:263,test,tests,263,https://root.cern,https://github.com/root-project/root/pull/14846#issuecomment-1969486805,2,['test'],"['testReport', 'tests']"
Testability,Build failed on ROOT-ubuntu2204/nortcxxmod.; Running on root-ubuntu-2204-2.cern.ch:/home/sftnight/build/workspace/root-pullrequests-build; [See console output](https://lcgapp-services.cern.ch/root-jenkins/job/root-pullrequests-build/197010/console).; ### Failing tests:; - [projectroot.tmva.tmva.test.DNN.TMVA_DNN_Regression_Cpu](https://lcgapp-services.cern.ch/root-jenkins/job/root-pullrequests-build/197010/testReport/projectroot.tmva.tmva.test/DNN/TMVA_DNN_Regression_Cpu/),MatchSource.ISSUE_COMMENT,root-project,root,v6-32-06,https://github.com/root-project/root/pull/14807#issuecomment-1970750746:263,test,tests,263,https://root.cern,https://github.com/root-project/root/pull/14807#issuecomment-1970750746,4,['test'],"['test', 'testReport', 'tests']"
Testability,Build failed on ROOT-ubuntu2204/nortcxxmod.; Running on root-ubuntu-2204-2.cern.ch:/home/sftnight/build/workspace/root-pullrequests-build; [See console output](https://lcgapp-services.cern.ch/root-jenkins/job/root-pullrequests-build/197175/console).; ### Failing tests:; - [projectroot.roottest.root.meta.roottest_root_meta_runMemberComments](https://lcgapp-services.cern.ch/root-jenkins/job/root-pullrequests-build/197175/testReport/projectroot.roottest.root/meta/roottest_root_meta_runMemberComments/),MatchSource.ISSUE_COMMENT,root-project,root,v6-32-06,https://github.com/root-project/root/pull/14792#issuecomment-1972226216:263,test,tests,263,https://root.cern,https://github.com/root-project/root/pull/14792#issuecomment-1972226216,2,['test'],"['testReport', 'tests']"
Testability,Build failed on ROOT-ubuntu2204/nortcxxmod.; Running on root-ubuntu-2204-2.cern.ch:/home/sftnight/build/workspace/root-pullrequests-build; [See console output](https://lcgapp-services.cern.ch/root-jenkins/job/root-pullrequests-build/197280/console).; ### Failing tests:; - [projectroot.tree.ntuple.v7.test.gtest_tree_ntuple_v7_test_rfield_unsplit](https://lcgapp-services.cern.ch/root-jenkins/job/root-pullrequests-build/197280/testReport/projectroot.tree.ntuple.v7/test/gtest_tree_ntuple_v7_test_rfield_unsplit/),MatchSource.ISSUE_COMMENT,root-project,root,v6-32-06,https://github.com/root-project/root/pull/14728#issuecomment-1973322859:263,test,tests,263,https://root.cern,https://github.com/root-project/root/pull/14728#issuecomment-1973322859,4,['test'],"['test', 'testReport', 'tests']"
Testability,Build failed on ROOT-ubuntu2204/nortcxxmod.; Running on root-ubuntu-2204-2.cern.ch:/home/sftnight/build/workspace/root-pullrequests-build; [See console output](https://lcgapp-services.cern.ch/root-jenkins/job/root-pullrequests-build/197607/console).; ### Failing tests:; - [projectroot.roottest.python.basic.roottest_python_basic_basic](https://lcgapp-services.cern.ch/root-jenkins/job/root-pullrequests-build/197607/testReport/projectroot.roottest.python/basic/roottest_python_basic_basic/); - [projectroot.roottest.python.cpp.roottest_python_cpp_advanced](https://lcgapp-services.cern.ch/root-jenkins/job/root-pullrequests-build/197607/testReport/projectroot.roottest.python/cpp/roottest_python_cpp_advanced/),MatchSource.ISSUE_COMMENT,root-project,root,v6-32-06,https://github.com/root-project/root/pull/14898#issuecomment-1981236891:263,test,tests,263,https://root.cern,https://github.com/root-project/root/pull/14898#issuecomment-1981236891,3,['test'],"['testReport', 'tests']"
Testability,Build failed on ROOT-ubuntu2204/nortcxxmod.; Running on root-ubuntu-2204-2.cern.ch:/home/sftnight/build/workspace/root-pullrequests-build; [See console output](https://lcgapp-services.cern.ch/root-jenkins/job/root-pullrequests-build/197702/console).; ### Failing tests:; - [projectroot.core.metacling.test.gtest_core_metacling_test_TClingTest](https://lcgapp-services.cern.ch/root-jenkins/job/root-pullrequests-build/197702/testReport/projectroot.core.metacling/test/gtest_core_metacling_test_TClingTest/),MatchSource.ISSUE_COMMENT,root-project,root,v6-32-06,https://github.com/root-project/root/pull/14645#issuecomment-1983268660:263,test,tests,263,https://root.cern,https://github.com/root-project/root/pull/14645#issuecomment-1983268660,4,['test'],"['test', 'testReport', 'tests']"
Testability,Build failed on ROOT-ubuntu2204/nortcxxmod.; Running on root-ubuntu-2204-2.cern.ch:/home/sftnight/build/workspace/root-pullrequests-build; [See console output](https://lcgapp-services.cern.ch/root-jenkins/job/root-pullrequests-build/197717/console).; ### Failing tests:; - [projectroot.core.base.test.gtest_core_base_test_CoreSystemTests](https://lcgapp-services.cern.ch/root-jenkins/job/root-pullrequests-build/197717/testReport/projectroot.core.base/test/gtest_core_base_test_CoreSystemTests/),MatchSource.ISSUE_COMMENT,root-project,root,v6-32-06,https://github.com/root-project/root/pull/14908#issuecomment-1983310644:263,test,tests,263,https://root.cern,https://github.com/root-project/root/pull/14908#issuecomment-1983310644,4,['test'],"['test', 'testReport', 'tests']"
Testability,Build failed on ROOT-ubuntu2204/nortcxxmod.; Running on root-ubuntu-2204-2.cern.ch:/home/sftnight/build/workspace/root-pullrequests-build; [See console output](https://lcgapp-services.cern.ch/root-jenkins/job/root-pullrequests-build/197732/console).; ### Failing tests:; - [projectroot.tree.ntuple.v7.test.gtest_tree_ntuple_v7_test_rfield_unsplit](https://lcgapp-services.cern.ch/root-jenkins/job/root-pullrequests-build/197732/testReport/projectroot.tree.ntuple.v7/test/gtest_tree_ntuple_v7_test_rfield_unsplit/),MatchSource.ISSUE_COMMENT,root-project,root,v6-32-06,https://github.com/root-project/root/pull/14728#issuecomment-1983398942:263,test,tests,263,https://root.cern,https://github.com/root-project/root/pull/14728#issuecomment-1983398942,4,['test'],"['test', 'testReport', 'tests']"
Testability,Build failed on ROOT-ubuntu2204/nortcxxmod.; Running on root-ubuntu-2204-2.cern.ch:/home/sftnight/build/workspace/root-pullrequests-build; [See console output](https://lcgapp-services.cern.ch/root-jenkins/job/root-pullrequests-build/197767/console).; ### Failing tests:; - [projectroot.tree.ntuple.v7.test.gtest_tree_ntuple_v7_test_rfield_unsplit](https://lcgapp-services.cern.ch/root-jenkins/job/root-pullrequests-build/197767/testReport/projectroot.tree.ntuple.v7/test/gtest_tree_ntuple_v7_test_rfield_unsplit/),MatchSource.ISSUE_COMMENT,root-project,root,v6-32-06,https://github.com/root-project/root/pull/14728#issuecomment-1983925075:263,test,tests,263,https://root.cern,https://github.com/root-project/root/pull/14728#issuecomment-1983925075,4,['test'],"['test', 'testReport', 'tests']"
Testability,Build failed on ROOT-ubuntu2204/nortcxxmod.; Running on root-ubuntu-2204-2.cern.ch:/home/sftnight/build/workspace/root-pullrequests-build; [See console output](https://lcgapp-services.cern.ch/root-jenkins/job/root-pullrequests-build/197802/console).; ### Failing tests:; - [projectroot.core.metacling.test.gtest_core_metacling_test_TClingTest](https://lcgapp-services.cern.ch/root-jenkins/job/root-pullrequests-build/197802/testReport/projectroot.core.metacling/test/gtest_core_metacling_test_TClingTest/),MatchSource.ISSUE_COMMENT,root-project,root,v6-32-06,https://github.com/root-project/root/pull/14645#issuecomment-1985344821:263,test,tests,263,https://root.cern,https://github.com/root-project/root/pull/14645#issuecomment-1985344821,4,['test'],"['test', 'testReport', 'tests']"
Testability,Build failed on ROOT-ubuntu2204/nortcxxmod.; Running on root-ubuntu-2204-2.cern.ch:/home/sftnight/build/workspace/root-pullrequests-build; [See console output](https://lcgapp-services.cern.ch/root-jenkins/job/root-pullrequests-build/198032/console).; ### Failing tests:; - [projectroot.roofit.roofitcore.test.gtest_roofit_roofitcore_test_testTestStatisticsPlot](https://lcgapp-services.cern.ch/root-jenkins/job/root-pullrequests-build/198032/testReport/projectroot.roofit.roofitcore/test/gtest_roofit_roofitcore_test_testTestStatisticsPlot/); - [projectroot.roottest.root.multicore.roottest_root_multicore_ttree_read_imt](https://lcgapp-services.cern.ch/root-jenkins/job/root-pullrequests-build/198032/testReport/projectroot.roottest.root/multicore/roottest_root_multicore_ttree_read_imt/); - [projectroot.roottest.root.io.customCollection.roottest_root_io_customCollection_make](https://lcgapp-services.cern.ch/root-jenkins/job/root-pullrequests-build/198032/testReport/projectroot.roottest.root.io/customCollection/roottest_root_io_customCollection_make/); - [projectroot.roottest.root.io.emulated.roottest_root_io_emulated_make](https://lcgapp-services.cern.ch/root-jenkins/job/root-pullrequests-build/198032/testReport/projectroot.roottest.root.io/emulated/roottest_root_io_emulated_make/); - [projectroot.roottest.root.io.stdpair.roottest_root_io_stdpair_pairEnumEvo_2_0_1_0](https://lcgapp-services.cern.ch/root-jenkins/job/root-pullrequests-build/198032/testReport/projectroot.roottest.root.io/stdpair/roottest_root_io_stdpair_pairEnumEvo_2_0_1_0/); - [projectroot.roottest.root.io.stdpair.roottest_root_io_stdpair_pairEnumEvo_2_0_1_1](https://lcgapp-services.cern.ch/root-jenkins/job/root-pullrequests-build/198032/testReport/projectroot.roottest.root.io/stdpair/roottest_root_io_stdpair_pairEnumEvo_2_0_1_1/); - [projectroot.roottest.root.io.stdpair.roottest_root_io_stdpair_pairEnumEvo_2_1_1_0](https://lcgapp-services.cern.ch/root-jenkins/job/root-pullrequests-build/198032/testReport/proje,MatchSource.ISSUE_COMMENT,root-project,root,v6-32-06,https://github.com/root-project/root/pull/14930#issuecomment-1988078856:263,test,tests,263,https://root.cern,https://github.com/root-project/root/pull/14930#issuecomment-1988078856,6,['test'],"['test', 'testReport', 'tests']"
Testability,Build failed on ROOT-ubuntu2204/nortcxxmod.; Running on root-ubuntu-2204-2.cern.ch:/home/sftnight/build/workspace/root-pullrequests-build; [See console output](https://lcgapp-services.cern.ch/root-jenkins/job/root-pullrequests-build/198057/console).; ### Failing tests:; - [projectroot.roofit.roofitcore.test.gtest_roofit_roofitcore_test_testTestStatisticsPlot](https://lcgapp-services.cern.ch/root-jenkins/job/root-pullrequests-build/198057/testReport/projectroot.roofit.roofitcore/test/gtest_roofit_roofitcore_test_testTestStatisticsPlot/); - [projectroot.roottest.root.multicore.roottest_root_multicore_ttree_read_imt](https://lcgapp-services.cern.ch/root-jenkins/job/root-pullrequests-build/198057/testReport/projectroot.roottest.root/multicore/roottest_root_multicore_ttree_read_imt/); - [projectroot.roottest.root.io.customCollection.roottest_root_io_customCollection_make](https://lcgapp-services.cern.ch/root-jenkins/job/root-pullrequests-build/198057/testReport/projectroot.roottest.root.io/customCollection/roottest_root_io_customCollection_make/); - [projectroot.roottest.root.io.emulated.roottest_root_io_emulated_make](https://lcgapp-services.cern.ch/root-jenkins/job/root-pullrequests-build/198057/testReport/projectroot.roottest.root.io/emulated/roottest_root_io_emulated_make/); - [projectroot.roottest.root.io.stdpair.roottest_root_io_stdpair_pairEnumEvo_2_0_1_1](https://lcgapp-services.cern.ch/root-jenkins/job/root-pullrequests-build/198057/testReport/projectroot.roottest.root.io/stdpair/roottest_root_io_stdpair_pairEnumEvo_2_0_1_1/); - [projectroot.roottest.root.io.stdpair.roottest_root_io_stdpair_pairEnumEvo_2_0_1_0](https://lcgapp-services.cern.ch/root-jenkins/job/root-pullrequests-build/198057/testReport/projectroot.roottest.root.io/stdpair/roottest_root_io_stdpair_pairEnumEvo_2_0_1_0/); - [projectroot.roottest.root.io.stdpair.roottest_root_io_stdpair_pairEnumEvo_2_1_1_0](https://lcgapp-services.cern.ch/root-jenkins/job/root-pullrequests-build/198057/testReport/proje,MatchSource.ISSUE_COMMENT,root-project,root,v6-32-06,https://github.com/root-project/root/pull/14930#issuecomment-1988336667:263,test,tests,263,https://root.cern,https://github.com/root-project/root/pull/14930#issuecomment-1988336667,6,['test'],"['test', 'testReport', 'tests']"
Testability,Build failed on ROOT-ubuntu2204/nortcxxmod.; Running on root-ubuntu-2204-2.cern.ch:/home/sftnight/build/workspace/root-pullrequests-build; [See console output](https://lcgapp-services.cern.ch/root-jenkins/job/root-pullrequests-build/198072/console).; ### Failing tests:; - [projectroot.roofit.roofitcore.test.gtest_roofit_roofitcore_test_testTestStatisticsPlot](https://lcgapp-services.cern.ch/root-jenkins/job/root-pullrequests-build/198072/testReport/projectroot.roofit.roofitcore/test/gtest_roofit_roofitcore_test_testTestStatisticsPlot/); - [projectroot.roottest.root.multicore.roottest_root_multicore_ttree_read_imt](https://lcgapp-services.cern.ch/root-jenkins/job/root-pullrequests-build/198072/testReport/projectroot.roottest.root/multicore/roottest_root_multicore_ttree_read_imt/); - [projectroot.roottest.root.io.customCollection.roottest_root_io_customCollection_make](https://lcgapp-services.cern.ch/root-jenkins/job/root-pullrequests-build/198072/testReport/projectroot.roottest.root.io/customCollection/roottest_root_io_customCollection_make/); - [projectroot.roottest.root.io.emulated.roottest_root_io_emulated_make](https://lcgapp-services.cern.ch/root-jenkins/job/root-pullrequests-build/198072/testReport/projectroot.roottest.root.io/emulated/roottest_root_io_emulated_make/); - [projectroot.roottest.root.io.stdpair.roottest_root_io_stdpair_pairEnumEvo_2_0_1_0](https://lcgapp-services.cern.ch/root-jenkins/job/root-pullrequests-build/198072/testReport/projectroot.roottest.root.io/stdpair/roottest_root_io_stdpair_pairEnumEvo_2_0_1_0/); - [projectroot.roottest.root.io.stdpair.roottest_root_io_stdpair_pairEnumEvo_2_0_1_1](https://lcgapp-services.cern.ch/root-jenkins/job/root-pullrequests-build/198072/testReport/projectroot.roottest.root.io/stdpair/roottest_root_io_stdpair_pairEnumEvo_2_0_1_1/); - [projectroot.roottest.root.io.stdpair.roottest_root_io_stdpair_pairEnumEvo_2_1_1_0](https://lcgapp-services.cern.ch/root-jenkins/job/root-pullrequests-build/198072/testReport/proje,MatchSource.ISSUE_COMMENT,root-project,root,v6-32-06,https://github.com/root-project/root/pull/14930#issuecomment-1988580328:263,test,tests,263,https://root.cern,https://github.com/root-project/root/pull/14930#issuecomment-1988580328,6,['test'],"['test', 'testReport', 'tests']"
Testability,Build failed on ROOT-ubuntu2204/nortcxxmod.; Running on root-ubuntu-2204-2.cern.ch:/home/sftnight/build/workspace/root-pullrequests-build; [See console output](https://lcgapp-services.cern.ch/root-jenkins/job/root-pullrequests-build/198107/console).; ### Failing tests:; - [projectroot.roofit.roofitcore.test.gtest_roofit_roofitcore_test_testTestStatisticsPlot](https://lcgapp-services.cern.ch/root-jenkins/job/root-pullrequests-build/198107/testReport/projectroot.roofit.roofitcore/test/gtest_roofit_roofitcore_test_testTestStatisticsPlot/); - [projectroot.roottest.root.multicore.roottest_root_multicore_ttree_read_imt](https://lcgapp-services.cern.ch/root-jenkins/job/root-pullrequests-build/198107/testReport/projectroot.roottest.root/multicore/roottest_root_multicore_ttree_read_imt/); - [projectroot.roottest.root.io.customCollection.roottest_root_io_customCollection_make](https://lcgapp-services.cern.ch/root-jenkins/job/root-pullrequests-build/198107/testReport/projectroot.roottest.root.io/customCollection/roottest_root_io_customCollection_make/); - [projectroot.roottest.root.io.emulated.roottest_root_io_emulated_make](https://lcgapp-services.cern.ch/root-jenkins/job/root-pullrequests-build/198107/testReport/projectroot.roottest.root.io/emulated/roottest_root_io_emulated_make/); - [projectroot.roottest.root.io.stdpair.roottest_root_io_stdpair_pairEnumEvo_2_0_1_0](https://lcgapp-services.cern.ch/root-jenkins/job/root-pullrequests-build/198107/testReport/projectroot.roottest.root.io/stdpair/roottest_root_io_stdpair_pairEnumEvo_2_0_1_0/); - [projectroot.roottest.root.io.stdpair.roottest_root_io_stdpair_pairEnumEvo_2_0_1_1](https://lcgapp-services.cern.ch/root-jenkins/job/root-pullrequests-build/198107/testReport/projectroot.roottest.root.io/stdpair/roottest_root_io_stdpair_pairEnumEvo_2_0_1_1/); - [projectroot.roottest.root.io.stdpair.roottest_root_io_stdpair_pairEnumEvo_2_1_1_0](https://lcgapp-services.cern.ch/root-jenkins/job/root-pullrequests-build/198107/testReport/proje,MatchSource.ISSUE_COMMENT,root-project,root,v6-32-06,https://github.com/root-project/root/pull/14930#issuecomment-1989056725:263,test,tests,263,https://root.cern,https://github.com/root-project/root/pull/14930#issuecomment-1989056725,6,['test'],"['test', 'testReport', 'tests']"
Testability,Build failed on ROOT-ubuntu2204/nortcxxmod.; Running on root-ubuntu-2204-2.cern.ch:/home/sftnight/build/workspace/root-pullrequests-build; [See console output](https://lcgapp-services.cern.ch/root-jenkins/job/root-pullrequests-build/198142/console).; ### Failing tests:; - [projectroot.test.test_stressentrylist](https://lcgapp-services.cern.ch/root-jenkins/job/root-pullrequests-build/198142/testReport/projectroot/test/test_stressentrylist/); - [projectroot.test.test_stressentrylist_interpreted](https://lcgapp-services.cern.ch/root-jenkins/job/root-pullrequests-build/198142/testReport/projectroot/test/test_stressentrylist_interpreted/); - [projectroot.test.test_stressIOPlugins_http](https://lcgapp-services.cern.ch/root-jenkins/job/root-pullrequests-build/198142/testReport/projectroot/test/test_stressIOPlugins_http/); - [projectroot.test.test_stressIOPlugins_xroot](https://lcgapp-services.cern.ch/root-jenkins/job/root-pullrequests-build/198142/testReport/projectroot/test/test_stressIOPlugins_xroot/); - [projectroot.test.test_stressmathcore_interpreted](https://lcgapp-services.cern.ch/root-jenkins/job/root-pullrequests-build/198142/testReport/projectroot/test/test_stressmathcore_interpreted/); - [projectroot.bindings.experimental.distrdf.test.pyunittests_distrdf_unit_test_headnode](https://lcgapp-services.cern.ch/root-jenkins/job/root-pullrequests-build/198142/testReport/projectroot.bindings.experimental.distrdf/test/pyunittests_distrdf_unit_test_headnode/); - [projectroot.bindings.experimental.distrdf.test.pyunittests_distrdf_unit_test_ranges](https://lcgapp-services.cern.ch/root-jenkins/job/root-pullrequests-build/198142/testReport/projectroot.bindings.experimental.distrdf/test/pyunittests_distrdf_unit_test_ranges/); - [projectroot.bindings.experimental.distrdf.test.backend.pyunittests_distrdf_unit_backend_test_dist](https://lcgapp-services.cern.ch/root-jenkins/job/root-pullrequests-build/198142/testReport/projectroot.bindings.experimental.distrdf.test/backend/pyunitte,MatchSource.ISSUE_COMMENT,root-project,root,v6-32-06,https://github.com/root-project/root/pull/14930#issuecomment-1989509582:263,test,tests,263,https://root.cern,https://github.com/root-project/root/pull/14930#issuecomment-1989509582,13,['test'],"['test', 'testReport', 'tests']"
Testability,Build failed on ROOT-ubuntu2204/nortcxxmod.; Running on root-ubuntu-2204-2.cern.ch:/home/sftnight/build/workspace/root-pullrequests-build; [See console output](https://lcgapp-services.cern.ch/root-jenkins/job/root-pullrequests-build/198157/console).; ### Failing tests:; - [projectroot.roofit.roofitcore.test.gtest_roofit_roofitcore_test_testTestStatisticsPlot](https://lcgapp-services.cern.ch/root-jenkins/job/root-pullrequests-build/198157/testReport/projectroot.roofit.roofitcore/test/gtest_roofit_roofitcore_test_testTestStatisticsPlot/); - [projectroot.roottest.root.multicore.roottest_root_multicore_ttree_read_imt](https://lcgapp-services.cern.ch/root-jenkins/job/root-pullrequests-build/198157/testReport/projectroot.roottest.root/multicore/roottest_root_multicore_ttree_read_imt/); - [projectroot.roottest.root.io.customCollection.roottest_root_io_customCollection_make](https://lcgapp-services.cern.ch/root-jenkins/job/root-pullrequests-build/198157/testReport/projectroot.roottest.root.io/customCollection/roottest_root_io_customCollection_make/); - [projectroot.roottest.root.io.emulated.roottest_root_io_emulated_make](https://lcgapp-services.cern.ch/root-jenkins/job/root-pullrequests-build/198157/testReport/projectroot.roottest.root.io/emulated/roottest_root_io_emulated_make/); - [projectroot.roottest.root.io.stdpair.roottest_root_io_stdpair_pairEnumEvo_2_0_1_0](https://lcgapp-services.cern.ch/root-jenkins/job/root-pullrequests-build/198157/testReport/projectroot.roottest.root.io/stdpair/roottest_root_io_stdpair_pairEnumEvo_2_0_1_0/); - [projectroot.roottest.root.io.stdpair.roottest_root_io_stdpair_pairEnumEvo_2_0_1_1](https://lcgapp-services.cern.ch/root-jenkins/job/root-pullrequests-build/198157/testReport/projectroot.roottest.root.io/stdpair/roottest_root_io_stdpair_pairEnumEvo_2_0_1_1/); - [projectroot.roottest.root.io.stdpair.roottest_root_io_stdpair_pairEnumEvo_2_1_1_0](https://lcgapp-services.cern.ch/root-jenkins/job/root-pullrequests-build/198157/testReport/proje,MatchSource.ISSUE_COMMENT,root-project,root,v6-32-06,https://github.com/root-project/root/pull/14930#issuecomment-1989574773:263,test,tests,263,https://root.cern,https://github.com/root-project/root/pull/14930#issuecomment-1989574773,6,['test'],"['test', 'testReport', 'tests']"
Testability,Build failed on ROOT-ubuntu2204/nortcxxmod.; Running on root-ubuntu-2204-2.cern.ch:/home/sftnight/build/workspace/root-pullrequests-build; [See console output](https://lcgapp-services.cern.ch/root-jenkins/job/root-pullrequests-build/198209/console).; ### Failing tests:; - [projectroot.roottest.root.meta.MakeProject.roottest_root_meta_MakeProject_stltest](https://lcgapp-services.cern.ch/root-jenkins/job/root-pullrequests-build/198209/testReport/projectroot.roottest.root.meta/MakeProject/roottest_root_meta_MakeProject_stltest/); - [projectroot.roottest.root.meta.evolution.roottest_root_meta_evolution_baseClass_merge2](https://lcgapp-services.cern.ch/root-jenkins/job/root-pullrequests-build/198209/testReport/projectroot.roottest.root.meta/evolution/roottest_root_meta_evolution_baseClass_merge2/); - [projectroot.roottest.root.meta.evolution.roottest_root_meta_evolution_baseClass_merge1](https://lcgapp-services.cern.ch/root-jenkins/job/root-pullrequests-build/198209/testReport/projectroot.roottest.root.meta/evolution/roottest_root_meta_evolution_baseClass_merge1/); - [projectroot.roottest.root.meta.evolution.roottest_root_meta_evolution_mixedBase_merge1](https://lcgapp-services.cern.ch/root-jenkins/job/root-pullrequests-build/198209/testReport/projectroot.roottest.root.meta/evolution/roottest_root_meta_evolution_mixedBase_merge1/); - [projectroot.roottest.root.meta.evolution.roottest_root_meta_evolution_mixedBase_merge2](https://lcgapp-services.cern.ch/root-jenkins/job/root-pullrequests-build/198209/testReport/projectroot.roottest.root.meta/evolution/roottest_root_meta_evolution_mixedBase_merge2/); - [projectroot.roottest.root.meta.autoloading.headerParsingOnDemand.roottest_root_meta_autoloading_headerParsingOnDemand_no_autoparse_read](https://lcgapp-services.cern.ch/root-jenkins/job/root-pullrequests-build/198209/testReport/projectroot.roottest.root.meta.autoloading/headerParsingOnDemand/roottest_root_meta_autoloading_headerParsingOnDemand_no_autoparse_read/); - [project,MatchSource.ISSUE_COMMENT,root-project,root,v6-32-06,https://github.com/root-project/root/pull/14930#issuecomment-1991296432:263,test,tests,263,https://root.cern,https://github.com/root-project/root/pull/14930#issuecomment-1991296432,4,['test'],"['testReport', 'tests']"
Testability,Build failed on ROOT-ubuntu2204/nortcxxmod.; Running on root-ubuntu-2204-2.cern.ch:/home/sftnight/build/workspace/root-pullrequests-build; [See console output](https://lcgapp-services.cern.ch/root-jenkins/job/root-pullrequests-build/198219/console).; ### Failing tests:; - [projectroot.roottest.root.meta.MakeProject.roottest_root_meta_MakeProject_stltest](https://lcgapp-services.cern.ch/root-jenkins/job/root-pullrequests-build/198219/testReport/projectroot.roottest.root.meta/MakeProject/roottest_root_meta_MakeProject_stltest/); - [projectroot.roottest.root.meta.evolution.roottest_root_meta_evolution_baseClass_merge1](https://lcgapp-services.cern.ch/root-jenkins/job/root-pullrequests-build/198219/testReport/projectroot.roottest.root.meta/evolution/roottest_root_meta_evolution_baseClass_merge1/); - [projectroot.roottest.root.meta.evolution.roottest_root_meta_evolution_baseClass_merge2](https://lcgapp-services.cern.ch/root-jenkins/job/root-pullrequests-build/198219/testReport/projectroot.roottest.root.meta/evolution/roottest_root_meta_evolution_baseClass_merge2/); - [projectroot.roottest.root.meta.evolution.roottest_root_meta_evolution_mixedBase_merge1](https://lcgapp-services.cern.ch/root-jenkins/job/root-pullrequests-build/198219/testReport/projectroot.roottest.root.meta/evolution/roottest_root_meta_evolution_mixedBase_merge1/); - [projectroot.roottest.root.meta.evolution.roottest_root_meta_evolution_mixedBase_merge2](https://lcgapp-services.cern.ch/root-jenkins/job/root-pullrequests-build/198219/testReport/projectroot.roottest.root.meta/evolution/roottest_root_meta_evolution_mixedBase_merge2/); - [projectroot.roottest.root.meta.autoloading.headerParsingOnDemand.roottest_root_meta_autoloading_headerParsingOnDemand_no_autoparse_read](https://lcgapp-services.cern.ch/root-jenkins/job/root-pullrequests-build/198219/testReport/projectroot.roottest.root.meta.autoloading/headerParsingOnDemand/roottest_root_meta_autoloading_headerParsingOnDemand_no_autoparse_read/); - [project,MatchSource.ISSUE_COMMENT,root-project,root,v6-32-06,https://github.com/root-project/root/pull/14930#issuecomment-1991473777:263,test,tests,263,https://root.cern,https://github.com/root-project/root/pull/14930#issuecomment-1991473777,4,['test'],"['testReport', 'tests']"
Testability,Build failed on ROOT-ubuntu2204/nortcxxmod.; Running on root-ubuntu-2204-2.cern.ch:/home/sftnight/build/workspace/root-pullrequests-build; [See console output](https://lcgapp-services.cern.ch/root-jenkins/job/root-pullrequests-build/198264/console).; ### Failing tests:; - [projectroot.roottest.root.treeformula.retobj.roottest_root_treeformula_retobj_make](https://lcgapp-services.cern.ch/root-jenkins/job/root-pullrequests-build/198264/testReport/projectroot.roottest.root.treeformula/retobj/roottest_root_treeformula_retobj_make/),MatchSource.ISSUE_COMMENT,root-project,root,v6-32-06,https://github.com/root-project/root/pull/14930#issuecomment-1992109864:263,test,tests,263,https://root.cern,https://github.com/root-project/root/pull/14930#issuecomment-1992109864,2,['test'],"['testReport', 'tests']"
Testability,Build failed on ROOT-ubuntu2204/nortcxxmod.; Running on root-ubuntu-2204-2.cern.ch:/home/sftnight/build/workspace/root-pullrequests-build; [See console output](https://lcgapp-services.cern.ch/root-jenkins/job/root-pullrequests-build/198379/console).; ### Errors:; - [2024-03-13T11:45:46.263Z] /home/sftnight/build/workspace/root-pullrequests-build/root/math/mathcore/test/testTMath.cxx:74:8: error: ‘sort’ was not declared in this scope; did you mean ‘std::sort’? ; - [2024-03-13T11:45:46.263Z] /home/sftnight/build/workspace/root-pullrequests-build/root/math/mathcore/test/testTMath.cxx:74:8: error: ‘sort’ was not declared in this scope; did you mean ‘std::sort’? ; - [2024-03-13T11:45:46.263Z] /home/sftnight/build/workspace/root-pullrequests-build/root/math/mathcore/test/testTMath.cxx:74:8: error: ‘sort’ was not declared in this scope; did you mean ‘std::sort’? ; - [2024-03-13T11:45:46.263Z] /home/sftnight/build/workspace/root-pullrequests-build/root/math/mathcore/test/testTMath.cxx:74:8: error: ‘sort’ was not declared in this scope; did you mean ‘std::sort’? ; - [2024-03-13T11:45:46.263Z] /home/sftnight/build/workspace/root-pullrequests-build/root/math/mathcore/test/testTMath.cxx:74:8: error: ‘sort’ was not declared in this scope; did you mean ‘std::sort’? ; - [2024-03-13T11:45:46.263Z] /home/sftnight/build/workspace/root-pullrequests-build/root/math/mathcore/test/testTMath.cxx:74:8: error: ‘sort’ was not declared in this scope; did you mean ‘std::sort’? ; - [2024-03-13T11:45:46.263Z] /home/sftnight/build/workspace/root-pullrequests-build/root/math/mathcore/test/testTMath.cxx:74:8: error: ‘sort’ was not declared in this scope; did you mean ‘std::sort’? ; - [2024-03-13T11:45:46.263Z] /home/sftnight/build/workspace/root-pullrequests-build/root/math/mathcore/test/testTMath.cxx:112:8: error: ‘sort’ was not declared in this scope; did you mean ‘std::sort’? ; - [2024-03-13T11:45:46.263Z] /home/sftnight/build/workspace/root-pullrequests-build/root/math/mathcore/test/testTMath.cx,MatchSource.ISSUE_COMMENT,root-project,root,v6-32-06,https://github.com/root-project/root/pull/14952#issuecomment-1994194110:367,test,test,367,https://root.cern,https://github.com/root-project/root/pull/14952#issuecomment-1994194110,8,['test'],"['test', 'testTMath']"
Testability,Build failed on ROOT-ubuntu2204/nortcxxmod.; Running on root-ubuntu-2204-2.cern.ch:/home/sftnight/build/workspace/root-pullrequests-build; [See console output](https://lcgapp-services.cern.ch/root-jenkins/job/root-pullrequests-build/198464/console).; ### Failing tests:; - [projectroot.tmva.pymva.test.PyMVA_Keras_Regression](https://lcgapp-services.cern.ch/root-jenkins/job/root-pullrequests-build/198464/testReport/projectroot.tmva.pymva/test/PyMVA_Keras_Regression/),MatchSource.ISSUE_COMMENT,root-project,root,v6-32-06,https://github.com/root-project/root/pull/14952#issuecomment-1995110128:263,test,tests,263,https://root.cern,https://github.com/root-project/root/pull/14952#issuecomment-1995110128,4,['test'],"['test', 'testReport', 'tests']"
Testability,Build failed on ROOT-ubuntu2204/nortcxxmod.; Running on root-ubuntu-2204-2.cern.ch:/home/sftnight/build/workspace/root-pullrequests-build; [See console output](https://lcgapp-services.cern.ch/root-jenkins/job/root-pullrequests-build/198495/console).; ### Failing tests:; - [projectroot.tree.ntuple.v7.test.gtest_tree_ntuple_v7_test_rfield_unsplit](https://lcgapp-services.cern.ch/root-jenkins/job/root-pullrequests-build/198495/testReport/projectroot.tree.ntuple.v7/test/gtest_tree_ntuple_v7_test_rfield_unsplit/),MatchSource.ISSUE_COMMENT,root-project,root,v6-32-06,https://github.com/root-project/root/pull/14728#issuecomment-1997057373:263,test,tests,263,https://root.cern,https://github.com/root-project/root/pull/14728#issuecomment-1997057373,4,['test'],"['test', 'testReport', 'tests']"
Testability,Build failed on ROOT-ubuntu2204/nortcxxmod.; Running on root-ubuntu-2204-2.cern.ch:/home/sftnight/build/workspace/root-pullrequests-build; [See console output](https://lcgapp-services.cern.ch/root-jenkins/job/root-pullrequests-build/198671/console).; ### Errors:; - [2024-03-15T23:23:59.836Z] /home/sftnight/build/workspace/root-pullrequests-build/root/test/stressIterators.cxx:200:19: error: ISO C++ forbids declaration of ‘exception’ with no type [-fpermissive] ; - [2024-03-15T23:23:59.836Z] /home/sftnight/build/workspace/root-pullrequests-build/root/test/stressIterators.cxx:200:28: error: expected ‘)’ before ‘&’ token ; - [2024-03-15T23:23:59.836Z] /home/sftnight/build/workspace/root-pullrequests-build/root/test/stressIterators.cxx:200:29: error: expected ‘{’ before ‘&’ token ; - [2024-03-15T23:23:59.836Z] /home/sftnight/build/workspace/root-pullrequests-build/root/test/stressIterators.cxx:200:30: error: ‘e’ was not declared in this scope ; - [2024-03-15T23:23:59.836Z] /home/sftnight/build/workspace/root-pullrequests-build/root/test/stressIterators.cxx:204:6: error: expected primary-expression before ‘catch’ ; - [2024-03-15T23:23:59.836Z] /home/sftnight/build/workspace/root-pullrequests-build/root/test/stressInterpreter.cxx:236:25: error: ‘endl’ was not declared in this scope; did you mean ‘std::endl’? ; - [2024-03-15T23:23:59.836Z] /home/sftnight/build/workspace/root-pullrequests-build/root/test/stressInterpreter.cxx:399:4: error: ‘cout’ was not declared in this scope; did you mean ‘std::cout’? ; - [2024-03-15T23:23:59.836Z] /home/sftnight/build/workspace/root-pullrequests-build/root/test/stressInterpreter.cxx:399:93: error: ‘endl’ was not declared in this scope; did you mean ‘std::endl’?,MatchSource.ISSUE_COMMENT,root-project,root,v6-32-06,https://github.com/root-project/root/pull/14986#issuecomment-2000634106:353,test,test,353,https://root.cern,https://github.com/root-project/root/pull/14986#issuecomment-2000634106,8,['test'],['test']
Testability,Build failed on ROOT-ubuntu2204/nortcxxmod.; Running on root-ubuntu-2204-2.cern.ch:/home/sftnight/build/workspace/root-pullrequests-build; [See console output](https://lcgapp-services.cern.ch/root-jenkins/job/root-pullrequests-build/198871/console).; ### Failing tests:; - [projectroot.roottest.root.tree.index.roottest_root_tree_index_make](https://lcgapp-services.cern.ch/root-jenkins/job/root-pullrequests-build/198871/testReport/projectroot.roottest.root.tree/index/roottest_root_tree_index_make/),MatchSource.ISSUE_COMMENT,root-project,root,v6-32-06,https://github.com/root-project/root/pull/14967#issuecomment-2002497382:263,test,tests,263,https://root.cern,https://github.com/root-project/root/pull/14967#issuecomment-2002497382,2,['test'],"['testReport', 'tests']"
Testability,Build failed on ROOT-ubuntu2204/nortcxxmod.; Running on root-ubuntu-2204-2.cern.ch:/home/sftnight/build/workspace/root-pullrequests-build; [See console output](https://lcgapp-services.cern.ch/root-jenkins/job/root-pullrequests-build/198961/console).; ### Errors:; - [2024-03-19T14:43:01.693Z] CMake Error at tree/ntuple/v7/test/CMakeLists.txt:49 (configure_file): ; - [2024-03-19T14:43:11.536Z] CMake Error at /home/sftnight/build/workspace/root-pullrequests-build/rootspi/jenkins/root-build.cmake:1204 (message):,MatchSource.ISSUE_COMMENT,root-project,root,v6-32-06,https://github.com/root-project/root/pull/14728#issuecomment-2007370330:323,test,test,323,https://root.cern,https://github.com/root-project/root/pull/14728#issuecomment-2007370330,1,['test'],['test']
Testability,Build failed on ROOT-ubuntu2204/nortcxxmod.; Running on root-ubuntu-2204-2.cern.ch:/home/sftnight/build/workspace/root-pullrequests-build; [See console output](https://lcgapp-services.cern.ch/root-jenkins/job/root-pullrequests-build/198966/console).; ### Failing tests:; - [projectroot.bindings.pyroot.pythonizations.test.pyunittests_pyroot_pyz_array_interface](https://lcgapp-services.cern.ch/root-jenkins/job/root-pullrequests-build/198966/testReport/projectroot.bindings.pyroot.pythonizations/test/pyunittests_pyroot_pyz_array_interface/); - [projectroot.bindings.pyroot.pythonizations.test.pyunittests_pyroot_pyz_rvec_asrvec](https://lcgapp-services.cern.ch/root-jenkins/job/root-pullrequests-build/198966/testReport/projectroot.bindings.pyroot.pythonizations/test/pyunittests_pyroot_pyz_rvec_asrvec/); - [projectroot.bindings.pyroot.pythonizations.test.pyunittests_pyroot_pyz_rtensor](https://lcgapp-services.cern.ch/root-jenkins/job/root-pullrequests-build/198966/testReport/projectroot.bindings.pyroot.pythonizations/test/pyunittests_pyroot_pyz_rtensor/); - [projectroot.bindings.pyroot.pythonizations.test.pyunittests_pyroot_pyz_sofie_gnn](https://lcgapp-services.cern.ch/root-jenkins/job/root-pullrequests-build/198966/testReport/projectroot.bindings.pyroot.pythonizations/test/pyunittests_pyroot_pyz_sofie_gnn/); - [projectroot.bindings.pyroot.pythonizations.test.pyunittests_pyroot_pyz_rdataframe_asnumpy](https://lcgapp-services.cern.ch/root-jenkins/job/root-pullrequests-build/198966/testReport/projectroot.bindings.pyroot.pythonizations/test/pyunittests_pyroot_pyz_rdataframe_asnumpy/); - [projectroot.roottest.python.distrdf.spark.roottest_python_distrdf_spark_test_all](https://lcgapp-services.cern.ch/root-jenkins/job/root-pullrequests-build/198966/testReport/projectroot.roottest.python.distrdf/spark/roottest_python_distrdf_spark_test_all/),MatchSource.ISSUE_COMMENT,root-project,root,v6-32-06,https://github.com/root-project/root/pull/15013#issuecomment-2007464847:263,test,tests,263,https://root.cern,https://github.com/root-project/root/pull/15013#issuecomment-2007464847,17,['test'],"['test', 'testReport', 'tests']"
Testability,Build failed on ROOT-ubuntu2204/nortcxxmod.; Running on root-ubuntu-2204-2.cern.ch:/home/sftnight/build/workspace/root-pullrequests-build; [See console output](https://lcgapp-services.cern.ch/root-jenkins/job/root-pullrequests-build/198996/console).; ### Failing tests:; - [projectroot.bindings.pyroot.pythonizations.test.pyunittests_pyroot_pyz_array_interface](https://lcgapp-services.cern.ch/root-jenkins/job/root-pullrequests-build/198996/testReport/projectroot.bindings.pyroot.pythonizations/test/pyunittests_pyroot_pyz_array_interface/); - [projectroot.bindings.pyroot.pythonizations.test.pyunittests_pyroot_pyz_rvec_asrvec](https://lcgapp-services.cern.ch/root-jenkins/job/root-pullrequests-build/198996/testReport/projectroot.bindings.pyroot.pythonizations/test/pyunittests_pyroot_pyz_rvec_asrvec/); - [projectroot.bindings.pyroot.pythonizations.test.pyunittests_pyroot_pyz_rtensor](https://lcgapp-services.cern.ch/root-jenkins/job/root-pullrequests-build/198996/testReport/projectroot.bindings.pyroot.pythonizations/test/pyunittests_pyroot_pyz_rtensor/); - [projectroot.bindings.pyroot.pythonizations.test.pyunittests_pyroot_pyz_sofie_gnn](https://lcgapp-services.cern.ch/root-jenkins/job/root-pullrequests-build/198996/testReport/projectroot.bindings.pyroot.pythonizations/test/pyunittests_pyroot_pyz_sofie_gnn/); - [projectroot.bindings.pyroot.pythonizations.test.pyunittests_pyroot_pyz_rdataframe_asnumpy](https://lcgapp-services.cern.ch/root-jenkins/job/root-pullrequests-build/198996/testReport/projectroot.bindings.pyroot.pythonizations/test/pyunittests_pyroot_pyz_rdataframe_asnumpy/); - [projectroot.roottest.python.distrdf.spark.roottest_python_distrdf_spark_test_all](https://lcgapp-services.cern.ch/root-jenkins/job/root-pullrequests-build/198996/testReport/projectroot.roottest.python.distrdf/spark/roottest_python_distrdf_spark_test_all/),MatchSource.ISSUE_COMMENT,root-project,root,v6-32-06,https://github.com/root-project/root/pull/15013#issuecomment-2007838950:263,test,tests,263,https://root.cern,https://github.com/root-project/root/pull/15013#issuecomment-2007838950,17,['test'],"['test', 'testReport', 'tests']"
Testability,Build failed on ROOT-ubuntu2204/nortcxxmod.; Running on root-ubuntu-2204-2.cern.ch:/home/sftnight/build/workspace/root-pullrequests-build; [See console output](https://lcgapp-services.cern.ch/root-jenkins/job/root-pullrequests-build/199001/console).; ### Failing tests:; - [projectroot.bindings.pyroot.pythonizations.test.pyunittests_pyroot_pyz_rtensor](https://lcgapp-services.cern.ch/root-jenkins/job/root-pullrequests-build/199001/testReport/projectroot.bindings.pyroot.pythonizations/test/pyunittests_pyroot_pyz_rtensor/),MatchSource.ISSUE_COMMENT,root-project,root,v6-32-06,https://github.com/root-project/root/pull/15013#issuecomment-2007944634:263,test,tests,263,https://root.cern,https://github.com/root-project/root/pull/15013#issuecomment-2007944634,4,['test'],"['test', 'testReport', 'tests']"
Testability,Build failed on ROOT-ubuntu2204/nortcxxmod.; Running on root-ubuntu-2204-2.cern.ch:/home/sftnight/build/workspace/root-pullrequests-build; [See console output](https://lcgapp-services.cern.ch/root-jenkins/job/root-pullrequests-build/199041/console).; ### Failing tests:; - [projectroot.roottest.root.io.filemerger.roottest_root_io_filemerger_simplef_default_compr_level9](https://lcgapp-services.cern.ch/root-jenkins/job/root-pullrequests-build/199041/testReport/projectroot.roottest.root.io/filemerger/roottest_root_io_filemerger_simplef_default_compr_level9/); - [projectroot.roottest.root.io.treeForeign.roottest_root_io_treeForeign_testForeignDraw](https://lcgapp-services.cern.ch/root-jenkins/job/root-pullrequests-build/199041/testReport/projectroot.roottest.root.io/treeForeign/roottest_root_io_treeForeign_testForeignDraw/); - [projectroot.roottest.root.io.xml.roottest_root_io_xml_make](https://lcgapp-services.cern.ch/root-jenkins/job/root-pullrequests-build/199041/testReport/projectroot.roottest.root.io/xml/roottest_root_io_xml_make/); - [projectroot.roottest.root.tree.cloning.roottest_root_tree_cloning_exectrim](https://lcgapp-services.cern.ch/root-jenkins/job/root-pullrequests-build/199041/testReport/projectroot.roottest.root.tree/cloning/roottest_root_tree_cloning_exectrim/); - [projectroot.roottest.root.tree.fastcloning.roottest_root_tree_fastcloning_execCheckClusterRange](https://lcgapp-services.cern.ch/root-jenkins/job/root-pullrequests-build/199041/testReport/projectroot.roottest.root.tree/fastcloning/roottest_root_tree_fastcloning_execCheckClusterRange/),MatchSource.ISSUE_COMMENT,root-project,root,v6-32-06,https://github.com/root-project/root/pull/15021#issuecomment-2009337521:263,test,tests,263,https://root.cern,https://github.com/root-project/root/pull/15021#issuecomment-2009337521,6,['test'],"['testReport', 'tests']"
Testability,Build failed on ROOT-ubuntu2204/nortcxxmod.; Running on root-ubuntu-2204-2.cern.ch:/home/sftnight/build/workspace/root-pullrequests-build; [See console output](https://lcgapp-services.cern.ch/root-jenkins/job/root-pullrequests-build/199051/console).; ### Failing tests:; - [projectroot.bindings.pyroot.pythonizations.test.pyunittests_pyroot_pyz_rdataframe_makenumpy](https://lcgapp-services.cern.ch/root-jenkins/job/root-pullrequests-build/199051/testReport/projectroot.bindings.pyroot.pythonizations/test/pyunittests_pyroot_pyz_rdataframe_makenumpy/); - [projectroot.bindings.pyroot.pythonizations.test.pyunittests_pyroot_pyz_rvec_asrvec](https://lcgapp-services.cern.ch/root-jenkins/job/root-pullrequests-build/199051/testReport/projectroot.bindings.pyroot.pythonizations/test/pyunittests_pyroot_pyz_rvec_asrvec/),MatchSource.ISSUE_COMMENT,root-project,root,v6-32-06,https://github.com/root-project/root/pull/14455#issuecomment-2009498610:263,test,tests,263,https://root.cern,https://github.com/root-project/root/pull/14455#issuecomment-2009498610,7,['test'],"['test', 'testReport', 'tests']"
Testability,Build failed on ROOT-ubuntu2204/nortcxxmod.; Running on root-ubuntu-2204-2.cern.ch:/home/sftnight/build/workspace/root-pullrequests-build; [See console output](https://lcgapp-services.cern.ch/root-jenkins/job/root-pullrequests-build/199061/console).; ### Failing tests:; - [projectroot.tmva.pymva.test.PyMVA_Keras_Regression](https://lcgapp-services.cern.ch/root-jenkins/job/root-pullrequests-build/199061/testReport/projectroot.tmva.pymva/test/PyMVA_Keras_Regression/),MatchSource.ISSUE_COMMENT,root-project,root,v6-32-06,https://github.com/root-project/root/pull/14823#issuecomment-2009543995:263,test,tests,263,https://root.cern,https://github.com/root-project/root/pull/14823#issuecomment-2009543995,4,['test'],"['test', 'testReport', 'tests']"
Testability,Build failed on ROOT-ubuntu2204/nortcxxmod.; Running on root-ubuntu-2204-2.cern.ch:/home/sftnight/build/workspace/root-pullrequests-build; [See console output](https://lcgapp-services.cern.ch/root-jenkins/job/root-pullrequests-build/199127/console).; ### Failing tests:; - [projectroot.roottest.root.hist.roottest_root_hist_h2root](https://lcgapp-services.cern.ch/root-jenkins/job/root-pullrequests-build/199127/testReport/projectroot.roottest.root/hist/roottest_root_hist_h2root/),MatchSource.ISSUE_COMMENT,root-project,root,v6-32-06,https://github.com/root-project/root/pull/14974#issuecomment-2010727943:263,test,tests,263,https://root.cern,https://github.com/root-project/root/pull/14974#issuecomment-2010727943,2,['test'],"['testReport', 'tests']"
Testability,Build failed on ROOT-ubuntu2204/nortcxxmod.; Running on root-ubuntu-2204-2.cern.ch:/home/sftnight/build/workspace/root-pullrequests-build; [See console output](https://lcgapp-services.cern.ch/root-jenkins/job/root-pullrequests-build/199132/console).; ### Failing tests:; - [projectroot.bindings.pyroot.pythonizations.test.pyunittests_pyroot_pyz_rtensor](https://lcgapp-services.cern.ch/root-jenkins/job/root-pullrequests-build/199132/testReport/projectroot.bindings.pyroot.pythonizations/test/pyunittests_pyroot_pyz_rtensor/),MatchSource.ISSUE_COMMENT,root-project,root,v6-32-06,https://github.com/root-project/root/pull/14455#issuecomment-2010990970:263,test,tests,263,https://root.cern,https://github.com/root-project/root/pull/14455#issuecomment-2010990970,4,['test'],"['test', 'testReport', 'tests']"
Testability,Build failed on ROOT-ubuntu2204/nortcxxmod.; Running on root-ubuntu-2204-2.cern.ch:/home/sftnight/build/workspace/root-pullrequests-build; [See console output](https://lcgapp-services.cern.ch/root-jenkins/job/root-pullrequests-build/199177/console).; ### Failing tests:; - [projectroot.roottest.root.tree.index.roottest_root_tree_index_make](https://lcgapp-services.cern.ch/root-jenkins/job/root-pullrequests-build/199177/testReport/projectroot.roottest.root.tree/index/roottest_root_tree_index_make/),MatchSource.ISSUE_COMMENT,root-project,root,v6-32-06,https://github.com/root-project/root/pull/14967#issuecomment-2013123941:263,test,tests,263,https://root.cern,https://github.com/root-project/root/pull/14967#issuecomment-2013123941,2,['test'],"['testReport', 'tests']"
Testability,Build failed on ROOT-ubuntu2204/nortcxxmod.; Running on root-ubuntu-2204-2.cern.ch:/home/sftnight/build/workspace/root-pullrequests-build; [See console output](https://lcgapp-services.cern.ch/root-jenkins/job/root-pullrequests-build/199182/console).; ### Failing tests:; - [projectroot.hist.hist.test.gtest_hist_hist_test_TFormulaHessianTests](https://lcgapp-services.cern.ch/root-jenkins/job/root-pullrequests-build/199182/testReport/projectroot.hist.hist/test/gtest_hist_hist_test_TFormulaHessianTests/); - [projectroot.hist.hist.test.gtest_hist_hist_test_TFormulaGradientTests](https://lcgapp-services.cern.ch/root-jenkins/job/root-pullrequests-build/199182/testReport/projectroot.hist.hist/test/gtest_hist_hist_test_TFormulaGradientTests/); - [projectroot.math.mathcore.test.gtest_math_mathcore_test_CladDerivatorTests](https://lcgapp-services.cern.ch/root-jenkins/job/root-pullrequests-build/199182/testReport/projectroot.math.mathcore/test/gtest_math_mathcore_test_CladDerivatorTests/); - [projectroot.math.minuit2.test.minuit2_testADMinim](https://lcgapp-services.cern.ch/root-jenkins/job/root-pullrequests-build/199182/testReport/projectroot.math.minuit2/test/minuit2_testADMinim/); - [projectroot.roofit.histfactory.test.gtest_roofit_histfactory_test_testHistFactory](https://lcgapp-services.cern.ch/root-jenkins/job/root-pullrequests-build/199182/testReport/projectroot.roofit.histfactory/test/gtest_roofit_histfactory_test_testHistFactory/); - [projectroot.roofit.roofitcore.test.gtest_roofit_roofitcore_test_testRooFuncWrapper](https://lcgapp-services.cern.ch/root-jenkins/job/root-pullrequests-build/199182/testReport/projectroot.roofit.roofitcore/test/gtest_roofit_roofitcore_test_testRooFuncWrapper/),MatchSource.ISSUE_COMMENT,root-project,root,v6-32-06,https://github.com/root-project/root/pull/15030#issuecomment-2013245404:263,test,tests,263,https://root.cern,https://github.com/root-project/root/pull/15030#issuecomment-2013245404,19,['test'],"['test', 'testReport', 'tests']"
Testability,Build failed on ROOT-ubuntu2204/nortcxxmod.; Running on root-ubuntu-2204-2.cern.ch:/home/sftnight/build/workspace/root-pullrequests-build; [See console output](https://lcgapp-services.cern.ch/root-jenkins/job/root-pullrequests-build/199197/console).; ### Warnings:; - [2024-03-22T07:38:17.064Z] /home/sftnight/build/workspace/root-pullrequests-build/root/net/http/civetweb/civetweb.c:12086:9: warning: ‘SHA1_Init’ is deprecated: Since OpenSSL 3.0 [-Wdeprecated-declarations] ; - [2024-03-22T07:38:17.064Z] /home/sftnight/build/workspace/root-pullrequests-build/root/net/http/civetweb/civetweb.c:12087:9: warning: ‘SHA1_Update’ is deprecated: Since OpenSSL 3.[ 82%] Built target testSpecFuncBetaI ; - [2024-03-22T07:38:17.064Z] /home/sftnight/build/workspace/root-pullrequests-build/root/net/http/civetweb/civetweb.c:12088:9: warning: ‘SHA1_Final’ is deprecated: Since OpenSSL 3.0 [-Wdeprecated-declarations],MatchSource.ISSUE_COMMENT,root-project,root,v6-32-06,https://github.com/root-project/root/pull/15033#issuecomment-2014515570:678,test,testSpecFuncBetaI,678,https://root.cern,https://github.com/root-project/root/pull/15033#issuecomment-2014515570,1,['test'],['testSpecFuncBetaI']
Testability,Build failed on ROOT-ubuntu2204/nortcxxmod.; Running on root-ubuntu-2204-2.cern.ch:/home/sftnight/build/workspace/root-pullrequests-build; [See console output](https://lcgapp-services.cern.ch/root-jenkins/job/root-pullrequests-build/199247/console).; ### Failing tests:; - [projectroot.tree.ntuple.v7.test.gtest_tree_ntuple_v7_test_rfield_unsplit](https://lcgapp-services.cern.ch/root-jenkins/job/root-pullrequests-build/199247/testReport/projectroot.tree.ntuple.v7/test/gtest_tree_ntuple_v7_test_rfield_unsplit/),MatchSource.ISSUE_COMMENT,root-project,root,v6-32-06,https://github.com/root-project/root/pull/14728#issuecomment-2015921449:263,test,tests,263,https://root.cern,https://github.com/root-project/root/pull/14728#issuecomment-2015921449,4,['test'],"['test', 'testReport', 'tests']"
Testability,Build failed on ROOT-ubuntu2204/nortcxxmod.; Running on root-ubuntu-2204-2.cern.ch:/home/sftnight/build/workspace/root-pullrequests-build; [See console output](https://lcgapp-services.cern.ch/root-jenkins/job/root-pullrequests-build/199573/console).; ### Warnings:; - [2024-03-27T15:41:05.439Z] /home/sftnight/build/workspace/root-pullrequests-build/root/roofit/roofitcore/test/testTestStatistics.cxx:644:16: warning: unused variable ‘mean’ [-Wunused-variable] ; - [2024-03-27T15:41:05.439Z] /home/sftnight/build/workspace/root-pullrequests-build/root/roofit/roofitcore/test/testTestStatistics.cxx:645:16: warning: unused variable ‘sigma’ [-Wunused-variable],MatchSource.ISSUE_COMMENT,root-project,root,v6-32-06,https://github.com/root-project/root/pull/15081#issuecomment-2023131024:373,test,test,373,https://root.cern,https://github.com/root-project/root/pull/15081#issuecomment-2023131024,4,['test'],"['test', 'testTestStatistics']"
Testability,Build failed on ROOT-ubuntu2204/nortcxxmod.; Running on root-ubuntu-2204-2.cern.ch:/home/sftnight/build/workspace/root-pullrequests-build; [See console output](https://lcgapp-services.cern.ch/root-jenkins/job/root-pullrequests-build/199603/console).; ### Warnings:; - [2024-03-27T19:20:59.875Z] /home/sftnight/build/workspace/root-pullrequests-build/root/io/io/test/TMapFileTest.cxx:157:54: warning: declaration of ‘mfile’ shadows a previous local [-Wshadow] ; - [2024-03-27T19:20:59.875Z] /home/sftnight/build/workspace/root-pullrequests-build/root/io/io/test/TMapFileTest.cxx:173:13: warning: unused variable ‘oldentries’ [-Wunused-variable] . ### Failing tests:; - [projectroot.roottest.root.meta.roottest_root_meta_runMemberComments](https://lcgapp-services.cern.ch/root-jenkins/job/root-pullrequests-build/199603/testReport/projectroot.roottest.root/meta/roottest_root_meta_runMemberComments/),MatchSource.ISSUE_COMMENT,root-project,root,v6-32-06,https://github.com/root-project/root/pull/14792#issuecomment-2023827737:361,test,test,361,https://root.cern,https://github.com/root-project/root/pull/14792#issuecomment-2023827737,4,['test'],"['test', 'testReport', 'tests']"
Testability,Build failed on ROOT-ubuntu2204/nortcxxmod.; Running on root-ubuntu-2204-2.cern.ch:/home/sftnight/build/workspace/root-pullrequests-build; [See console output](https://lcgapp-services.cern.ch/root-jenkins/job/root-pullrequests-build/199638/console).; ### Failing tests:; - [projectroot.tmva.pymva.test.PyMVA_Keras_Regression](https://lcgapp-services.cern.ch/root-jenkins/job/root-pullrequests-build/199638/testReport/projectroot.tmva.pymva/test/PyMVA_Keras_Regression/); - [projectroot.tmva.tmva.test.DNN.TMVA_DNN_Optimization_Cpu](https://lcgapp-services.cern.ch/root-jenkins/job/root-pullrequests-build/199638/testReport/projectroot.tmva.tmva.test/DNN/TMVA_DNN_Optimization_Cpu/),MatchSource.ISSUE_COMMENT,root-project,root,v6-32-06,https://github.com/root-project/root/pull/15074#issuecomment-2025195242:263,test,tests,263,https://root.cern,https://github.com/root-project/root/pull/15074#issuecomment-2025195242,7,['test'],"['test', 'testReport', 'tests']"
Testability,Build failed on ROOT-ubuntu2204/nortcxxmod.; Running on root-ubuntu-2204-2.cern.ch:/home/sftnight/build/workspace/root-pullrequests-build; [See console output](https://lcgapp-services.cern.ch/root-jenkins/job/root-pullrequests-build/199643/console).; ### Failing tests:; - [projectroot.io.io.test.gtest_io_io_test_TFileMerger](https://lcgapp-services.cern.ch/root-jenkins/job/root-pullrequests-build/199643/testReport/projectroot.io.io/test/gtest_io_io_test_TFileMerger/),MatchSource.ISSUE_COMMENT,root-project,root,v6-32-06,https://github.com/root-project/root/pull/15071#issuecomment-2025244260:263,test,tests,263,https://root.cern,https://github.com/root-project/root/pull/15071#issuecomment-2025244260,4,['test'],"['test', 'testReport', 'tests']"
Testability,Build failed on ROOT-ubuntu2204/nortcxxmod.; Running on root-ubuntu-2204-2.cern.ch:/home/sftnight/build/workspace/root-pullrequests-build; [See console output](https://lcgapp-services.cern.ch/root-jenkins/job/root-pullrequests-build/199683/console).; ### Warnings:; - [2024-03-28T20:18:52.081Z] /home/sftnight/build/workspace/root-pullrequests-build/root/io/io/test/TMapFileTest.cxx:157:54: warning: declaration of ‘mfile’ shadows a previous local [-Wshadow],MatchSource.ISSUE_COMMENT,root-project,root,v6-32-06,https://github.com/root-project/root/pull/14792#issuecomment-2026065372:361,test,test,361,https://root.cern,https://github.com/root-project/root/pull/14792#issuecomment-2026065372,1,['test'],['test']
Testability,Build failed on ROOT-ubuntu2204/nortcxxmod.; Running on root-ubuntu-2204-2.cern.ch:/home/sftnight/build/workspace/root-pullrequests-build; [See console output](https://lcgapp-services.cern.ch/root-jenkins/job/root-pullrequests-build/199768/console).; ### Failing tests:; - [projectroot.tmva.pymva.test.PyMVA_Keras_Regression](https://lcgapp-services.cern.ch/root-jenkins/job/root-pullrequests-build/199768/testReport/projectroot.tmva.pymva/test/PyMVA_Keras_Regression/),MatchSource.ISSUE_COMMENT,root-project,root,v6-32-06,https://github.com/root-project/root/pull/14822#issuecomment-2031960603:263,test,tests,263,https://root.cern,https://github.com/root-project/root/pull/14822#issuecomment-2031960603,4,['test'],"['test', 'testReport', 'tests']"
Testability,Build failed on ROOT-ubuntu2204/nortcxxmod.; Running on root-ubuntu-2204-2.cern.ch:/home/sftnight/build/workspace/root-pullrequests-build; [See console output](https://lcgapp-services.cern.ch/root-jenkins/job/root-pullrequests-build/199823/console).; ### Failing tests:; - [projectroot.roottest.root.meta.tclass.roottest_root_meta_tclass_execProperties](https://lcgapp-services.cern.ch/root-jenkins/job/root-pullrequests-build/199823/testReport/projectroot.roottest.root.meta/tclass/roottest_root_meta_tclass_execProperties/),MatchSource.ISSUE_COMMENT,root-project,root,v6-32-06,https://github.com/root-project/root/pull/15113#issuecomment-2032590671:263,test,tests,263,https://root.cern,https://github.com/root-project/root/pull/15113#issuecomment-2032590671,2,['test'],"['testReport', 'tests']"
Testability,Build failed on ROOT-ubuntu2204/nortcxxmod.; Running on root-ubuntu-2204-2.cern.ch:/home/sftnight/build/workspace/root-pullrequests-build; [See console output](https://lcgapp-services.cern.ch/root-jenkins/job/root-pullrequests-build/199843/console).; ### Failing tests:; - [projectroot.runtutorials.tutorial_tmva_pytorch_ClassificationPyTorch_py](https://lcgapp-services.cern.ch/root-jenkins/job/root-pullrequests-build/199843/testReport/projectroot/runtutorials/tutorial_tmva_pytorch_ClassificationPyTorch_py/); - [projectroot.runtutorials.tutorial_tmva_pytorch_ApplicationClassificationPyTorch_py](https://lcgapp-services.cern.ch/root-jenkins/job/root-pullrequests-build/199843/testReport/projectroot/runtutorials/tutorial_tmva_pytorch_ApplicationClassificationPyTorch_py/); - [projectroot.runtutorials.tutorial_tmva_pytorch_RegressionPyTorch_py](https://lcgapp-services.cern.ch/root-jenkins/job/root-pullrequests-build/199843/testReport/projectroot/runtutorials/tutorial_tmva_pytorch_RegressionPyTorch_py/); - [projectroot.runtutorials.tutorial_tmva_pytorch_ApplicationRegressionPyTorch_py](https://lcgapp-services.cern.ch/root-jenkins/job/root-pullrequests-build/199843/testReport/projectroot/runtutorials/tutorial_tmva_pytorch_ApplicationRegressionPyTorch_py/); - [projectroot.runtutorials.tutorial_tmva_pytorch_MulticlassPyTorch_py](https://lcgapp-services.cern.ch/root-jenkins/job/root-pullrequests-build/199843/testReport/projectroot/runtutorials/tutorial_tmva_pytorch_MulticlassPyTorch_py/); - [projectroot.runtutorials.tutorial_tmva_TMVA_CNN_Classification_py](https://lcgapp-services.cern.ch/root-jenkins/job/root-pullrequests-build/199843/testReport/projectroot/runtutorials/tutorial_tmva_TMVA_CNN_Classification_py/),MatchSource.ISSUE_COMMENT,root-project,root,v6-32-06,https://github.com/root-project/root/pull/14031#issuecomment-2033249354:263,test,tests,263,https://root.cern,https://github.com/root-project/root/pull/14031#issuecomment-2033249354,7,['test'],"['testReport', 'tests']"
Testability,Build failed on ROOT-ubuntu2204/nortcxxmod.; Running on root-ubuntu-2204-3.cern.ch:/home/sftnight/build/workspace/root-pullrequests-build; [See console output](https://lcgapp-services.cern.ch/root-jenkins/job/root-pullrequests-build/181334/console).; ### Errors:; - [2023-08-01T12:14:45.226Z] /home/sftnight/build/workspace/root-pullrequests-build/root/tree/dataframe/test/dataframe_helpers.cxx:700:25: error: ‘std::ostringstream’ {aka ‘class std::__cxx11::basic_ostringstream&lt;char&gt;’} has no member named ‘empty’ ; - [2023-08-01T12:14:45.226Z] /home/sftnight/build/workspace/root-pullrequests-build/root/tree/dataframe/test/dataframe_helpers.cxx:720:25: error: ‘std::ostringstream’ {aka ‘class std::__cxx11::basic_ostringstream&lt;char&gt;’} has no member named ‘empty’ ; - [2023-08-01T12:14:45.226Z] /home/sftnight/build/workspace/root-pullrequests-build/root/tree/dataframe/test/dataframe_helpers.cxx:737:25: error: ‘std::ostringstream’ {aka ‘class std::__cxx11::basic_ostringstream&lt;char&gt;’} has no member named ‘empty’,MatchSource.ISSUE_COMMENT,root-project,root,v6-32-06,https://github.com/root-project/root/pull/13210#issuecomment-1660196747:368,test,test,368,https://root.cern,https://github.com/root-project/root/pull/13210#issuecomment-1660196747,3,['test'],['test']
Testability,Build failed on ROOT-ubuntu2204/nortcxxmod.; Running on root-ubuntu-2204-3.cern.ch:/home/sftnight/build/workspace/root-pullrequests-build; [See console output](https://lcgapp-services.cern.ch/root-jenkins/job/root-pullrequests-build/183436/console).; ### Failing tests:; - [projectroot.runtutorials.test_import_pandas](https://lcgapp-services.cern.ch/root-jenkins/job/root-pullrequests-build/183436/testReport/projectroot/runtutorials/test_import_pandas/); - [projectroot.bindings.pyroot.pythonizations.test.pyunittests_pyroot_dependency_versions](https://lcgapp-services.cern.ch/root-jenkins/job/root-pullrequests-build/183436/testReport/projectroot.bindings.pyroot.pythonizations/test/pyunittests_pyroot_dependency_versions/),MatchSource.ISSUE_COMMENT,root-project,root,v6-32-06,https://github.com/root-project/root/pull/13555#issuecomment-1696615215:263,test,tests,263,https://root.cern,https://github.com/root-project/root/pull/13555#issuecomment-1696615215,5,['test'],"['test', 'testReport', 'tests']"
Testability,Build failed on ROOT-ubuntu2204/nortcxxmod.; Running on root-ubuntu-2204-3.cern.ch:/home/sftnight/build/workspace/root-pullrequests-build; [See console output](https://lcgapp-services.cern.ch/root-jenkins/job/root-pullrequests-build/183526/console).; ### Failing tests:; - [projectroot.runtutorials.test_import_pandas](https://lcgapp-services.cern.ch/root-jenkins/job/root-pullrequests-build/183526/testReport/projectroot/runtutorials/test_import_pandas/); - [projectroot.bindings.pyroot.pythonizations.test.pyunittests_pyroot_dependency_versions](https://lcgapp-services.cern.ch/root-jenkins/job/root-pullrequests-build/183526/testReport/projectroot.bindings.pyroot.pythonizations/test/pyunittests_pyroot_dependency_versions/),MatchSource.ISSUE_COMMENT,root-project,root,v6-32-06,https://github.com/root-project/root/pull/13563#issuecomment-1697604825:263,test,tests,263,https://root.cern,https://github.com/root-project/root/pull/13563#issuecomment-1697604825,5,['test'],"['test', 'testReport', 'tests']"
Testability,Build failed on ROOT-ubuntu2204/nortcxxmod.; Running on root-ubuntu-2204-3.cern.ch:/home/sftnight/build/workspace/root-pullrequests-build; [See console output](https://lcgapp-services.cern.ch/root-jenkins/job/root-pullrequests-build/183550/console).; ### Failing tests:; - [projectroot.runtutorials.test_import_pandas](https://lcgapp-services.cern.ch/root-jenkins/job/root-pullrequests-build/183550/testReport/projectroot/runtutorials/test_import_pandas/); - [projectroot.test.test_stressinterpreter](https://lcgapp-services.cern.ch/root-jenkins/job/root-pullrequests-build/183550/testReport/projectroot/test/test_stressinterpreter/); - [projectroot.bindings.pyroot.pythonizations.test.pyunittests_pyroot_dependency_versions](https://lcgapp-services.cern.ch/root-jenkins/job/root-pullrequests-build/183550/testReport/projectroot.bindings.pyroot.pythonizations/test/pyunittests_pyroot_dependency_versions/); - [projectroot.roottest.root.meta.cmsUnload.roottest_root_meta_cmsUnload_make](https://lcgapp-services.cern.ch/root-jenkins/job/root-pullrequests-build/183550/testReport/projectroot.roottest.root.meta/cmsUnload/roottest_root_meta_cmsUnload_make/),MatchSource.ISSUE_COMMENT,root-project,root,v6-32-06,https://github.com/root-project/root/pull/13565#issuecomment-1697709669:263,test,tests,263,https://root.cern,https://github.com/root-project/root/pull/13565#issuecomment-1697709669,9,['test'],"['test', 'testReport', 'tests']"
Testability,Build failed on ROOT-ubuntu2204/nortcxxmod.; Running on root-ubuntu-2204-3.cern.ch:/home/sftnight/build/workspace/root-pullrequests-build; [See console output](https://lcgapp-services.cern.ch/root-jenkins/job/root-pullrequests-build/183664/console).; ### Failing tests:; - [projectroot.runtutorials.test_import_pandas](https://lcgapp-services.cern.ch/root-jenkins/job/root-pullrequests-build/183664/testReport/projectroot/runtutorials/test_import_pandas/); - [projectroot.test.test_stressgraphics_interpreted](https://lcgapp-services.cern.ch/root-jenkins/job/root-pullrequests-build/183664/testReport/projectroot/test/test_stressgraphics_interpreted/); - [projectroot.bindings.pyroot.pythonizations.test.pyunittests_pyroot_dependency_versions](https://lcgapp-services.cern.ch/root-jenkins/job/root-pullrequests-build/183664/testReport/projectroot.bindings.pyroot.pythonizations/test/pyunittests_pyroot_dependency_versions/),MatchSource.ISSUE_COMMENT,root-project,root,v6-32-06,https://github.com/root-project/root/pull/13519#issuecomment-1699427562:263,test,tests,263,https://root.cern,https://github.com/root-project/root/pull/13519#issuecomment-1699427562,8,['test'],"['test', 'testReport', 'tests']"
Testability,Build failed on ROOT-ubuntu2204/nortcxxmod.; Running on root-ubuntu-2204-3.cern.ch:/home/sftnight/build/workspace/root-pullrequests-build; [See console output](https://lcgapp-services.cern.ch/root-jenkins/job/root-pullrequests-build/183859/console).; ### Failing tests:; - [projectroot.runtutorials.test_import_pandas](https://lcgapp-services.cern.ch/root-jenkins/job/root-pullrequests-build/183859/testReport/projectroot/runtutorials/test_import_pandas/); - [projectroot.bindings.pyroot.pythonizations.test.pyunittests_pyroot_dependency_versions](https://lcgapp-services.cern.ch/root-jenkins/job/root-pullrequests-build/183859/testReport/projectroot.bindings.pyroot.pythonizations/test/pyunittests_pyroot_dependency_versions/); - [projectroot.test.test_stressgraphics_interpreted](https://lcgapp-services.cern.ch/root-jenkins/job/root-pullrequests-build/183859/testReport/projectroot/test/test_stressgraphics_interpreted/),MatchSource.ISSUE_COMMENT,root-project,root,v6-32-06,https://github.com/root-project/root/pull/11208#issuecomment-1702857348:263,test,tests,263,https://root.cern,https://github.com/root-project/root/pull/11208#issuecomment-1702857348,8,['test'],"['test', 'testReport', 'tests']"
Testability,Build failed on ROOT-ubuntu2204/nortcxxmod.; Running on root-ubuntu-2204-3.cern.ch:/home/sftnight/build/workspace/root-pullrequests-build; [See console output](https://lcgapp-services.cern.ch/root-jenkins/job/root-pullrequests-build/184101/console).; ### Failing tests:; - [projectroot.runtutorials.test_import_pandas](https://lcgapp-services.cern.ch/root-jenkins/job/root-pullrequests-build/184101/testReport/projectroot/runtutorials/test_import_pandas/); - [projectroot.bindings.pyroot.pythonizations.test.pyunittests_pyroot_dependency_versions](https://lcgapp-services.cern.ch/root-jenkins/job/root-pullrequests-build/184101/testReport/projectroot.bindings.pyroot.pythonizations/test/pyunittests_pyroot_dependency_versions/),MatchSource.ISSUE_COMMENT,root-project,root,v6-32-06,https://github.com/root-project/root/pull/13590#issuecomment-1706451137:263,test,tests,263,https://root.cern,https://github.com/root-project/root/pull/13590#issuecomment-1706451137,5,['test'],"['test', 'testReport', 'tests']"
Testability,Build failed on ROOT-ubuntu2204/nortcxxmod.; Running on root-ubuntu-2204-3.cern.ch:/home/sftnight/build/workspace/root-pullrequests-build; [See console output](https://lcgapp-services.cern.ch/root-jenkins/job/root-pullrequests-build/184107/console).; ### Failing tests:; - [projectroot.runtutorials.test_import_pandas](https://lcgapp-services.cern.ch/root-jenkins/job/root-pullrequests-build/184107/testReport/projectroot/runtutorials/test_import_pandas/); - [projectroot.bindings.pyroot.pythonizations.test.pyunittests_pyroot_dependency_versions](https://lcgapp-services.cern.ch/root-jenkins/job/root-pullrequests-build/184107/testReport/projectroot.bindings.pyroot.pythonizations/test/pyunittests_pyroot_dependency_versions/),MatchSource.ISSUE_COMMENT,root-project,root,v6-32-06,https://github.com/root-project/root/pull/13520#issuecomment-1706590355:263,test,tests,263,https://root.cern,https://github.com/root-project/root/pull/13520#issuecomment-1706590355,5,['test'],"['test', 'testReport', 'tests']"
Testability,Build failed on ROOT-ubuntu2204/nortcxxmod.; Running on root-ubuntu-2204-3.cern.ch:/home/sftnight/build/workspace/root-pullrequests-build; [See console output](https://lcgapp-services.cern.ch/root-jenkins/job/root-pullrequests-build/184233/console).; ### Failing tests:; - [projectroot.runtutorials.test_import_pandas](https://lcgapp-services.cern.ch/root-jenkins/job/root-pullrequests-build/184233/testReport/projectroot/runtutorials/test_import_pandas/); - [projectroot.bindings.pyroot.pythonizations.test.pyunittests_pyroot_dependency_versions](https://lcgapp-services.cern.ch/root-jenkins/job/root-pullrequests-build/184233/testReport/projectroot.bindings.pyroot.pythonizations/test/pyunittests_pyroot_dependency_versions/),MatchSource.ISSUE_COMMENT,root-project,root,v6-32-06,https://github.com/root-project/root/pull/13578#issuecomment-1707955738:263,test,tests,263,https://root.cern,https://github.com/root-project/root/pull/13578#issuecomment-1707955738,5,['test'],"['test', 'testReport', 'tests']"
Testability,Build failed on ROOT-ubuntu2204/nortcxxmod.; Running on root-ubuntu-2204-3.cern.ch:/home/sftnight/build/workspace/root-pullrequests-build; [See console output](https://lcgapp-services.cern.ch/root-jenkins/job/root-pullrequests-build/184269/console).; ### Failing tests:; - [projectroot.runtutorials.test_import_pandas](https://lcgapp-services.cern.ch/root-jenkins/job/root-pullrequests-build/184269/testReport/projectroot/runtutorials/test_import_pandas/); - [projectroot.bindings.pyroot.pythonizations.test.pyunittests_pyroot_dependency_versions](https://lcgapp-services.cern.ch/root-jenkins/job/root-pullrequests-build/184269/testReport/projectroot.bindings.pyroot.pythonizations/test/pyunittests_pyroot_dependency_versions/); - [projectroot.tmva.tmva.test.crossvalidation.TMVA_CrossValidation_Serialise](https://lcgapp-services.cern.ch/root-jenkins/job/root-pullrequests-build/184269/testReport/projectroot.tmva.tmva.test/crossvalidation/TMVA_CrossValidation_Serialise/); - [projectroot.tmva.tmva.test.envelope.gtest_tmva_tmva_test_envelope_TMVA_Classification](https://lcgapp-services.cern.ch/root-jenkins/job/root-pullrequests-build/184269/testReport/projectroot.tmva.tmva.test/envelope/gtest_tmva_tmva_test_envelope_TMVA_Classification/),MatchSource.ISSUE_COMMENT,root-project,root,v6-32-06,https://github.com/root-project/root/pull/13592#issuecomment-1708060826:263,test,tests,263,https://root.cern,https://github.com/root-project/root/pull/13592#issuecomment-1708060826,11,['test'],"['test', 'testReport', 'tests']"
Testability,Build failed on ROOT-ubuntu2204/nortcxxmod.; Running on root-ubuntu-2204-3.cern.ch:/home/sftnight/build/workspace/root-pullrequests-build; [See console output](https://lcgapp-services.cern.ch/root-jenkins/job/root-pullrequests-build/184277/console).; ### Failing tests:; - [projectroot.bindings.pyroot.pythonizations.test.pyunittests_pyroot_dependency_versions](https://lcgapp-services.cern.ch/root-jenkins/job/root-pullrequests-build/184277/testReport/projectroot.bindings.pyroot.pythonizations/test/pyunittests_pyroot_dependency_versions/); - [projectroot.runtutorials.test_import_pandas](https://lcgapp-services.cern.ch/root-jenkins/job/root-pullrequests-build/184277/testReport/projectroot/runtutorials/test_import_pandas/),MatchSource.ISSUE_COMMENT,root-project,root,v6-32-06,https://github.com/root-project/root/pull/13613#issuecomment-1708163915:263,test,tests,263,https://root.cern,https://github.com/root-project/root/pull/13613#issuecomment-1708163915,5,['test'],"['test', 'testReport', 'tests']"
Testability,Build failed on ROOT-ubuntu2204/nortcxxmod.; Running on root-ubuntu-2204-3.cern.ch:/home/sftnight/build/workspace/root-pullrequests-build; [See console output](https://lcgapp-services.cern.ch/root-jenkins/job/root-pullrequests-build/184303/console).; ### Failing tests:; - [projectroot.runtutorials.test_import_pandas](https://lcgapp-services.cern.ch/root-jenkins/job/root-pullrequests-build/184303/testReport/projectroot/runtutorials/test_import_pandas/); - [projectroot.bindings.pyroot.pythonizations.test.pyunittests_pyroot_dependency_versions](https://lcgapp-services.cern.ch/root-jenkins/job/root-pullrequests-build/184303/testReport/projectroot.bindings.pyroot.pythonizations/test/pyunittests_pyroot_dependency_versions/),MatchSource.ISSUE_COMMENT,root-project,root,v6-32-06,https://github.com/root-project/root/pull/13565#issuecomment-1708332076:263,test,tests,263,https://root.cern,https://github.com/root-project/root/pull/13565#issuecomment-1708332076,5,['test'],"['test', 'testReport', 'tests']"
Testability,Build failed on ROOT-ubuntu2204/nortcxxmod.; Running on root-ubuntu-2204-3.cern.ch:/home/sftnight/build/workspace/root-pullrequests-build; [See console output](https://lcgapp-services.cern.ch/root-jenkins/job/root-pullrequests-build/184315/console).; ### Failing tests:; - [projectroot.runtutorials.test_import_pandas](https://lcgapp-services.cern.ch/root-jenkins/job/root-pullrequests-build/184315/testReport/projectroot/runtutorials/test_import_pandas/); - [projectroot.bindings.pyroot.pythonizations.test.pyunittests_pyroot_dependency_versions](https://lcgapp-services.cern.ch/root-jenkins/job/root-pullrequests-build/184315/testReport/projectroot.bindings.pyroot.pythonizations/test/pyunittests_pyroot_dependency_versions/),MatchSource.ISSUE_COMMENT,root-project,root,v6-32-06,https://github.com/root-project/root/pull/13571#issuecomment-1708443763:263,test,tests,263,https://root.cern,https://github.com/root-project/root/pull/13571#issuecomment-1708443763,5,['test'],"['test', 'testReport', 'tests']"
Testability,Build failed on ROOT-ubuntu2204/nortcxxmod.; Running on root-ubuntu-2204-3.cern.ch:/home/sftnight/build/workspace/root-pullrequests-build; [See console output](https://lcgapp-services.cern.ch/root-jenkins/job/root-pullrequests-build/184512/console).; ### Failing tests:; - [projectroot.runtutorials.test_import_pandas](https://lcgapp-services.cern.ch/root-jenkins/job/root-pullrequests-build/184512/testReport/projectroot/runtutorials/test_import_pandas/); - [projectroot.bindings.pyroot.pythonizations.test.pyunittests_pyroot_dependency_versions](https://lcgapp-services.cern.ch/root-jenkins/job/root-pullrequests-build/184512/testReport/projectroot.bindings.pyroot.pythonizations/test/pyunittests_pyroot_dependency_versions/),MatchSource.ISSUE_COMMENT,root-project,root,v6-32-06,https://github.com/root-project/root/pull/13571#issuecomment-1712566972:263,test,tests,263,https://root.cern,https://github.com/root-project/root/pull/13571#issuecomment-1712566972,5,['test'],"['test', 'testReport', 'tests']"
Testability,Build failed on ROOT-ubuntu2204/nortcxxmod.; Running on root-ubuntu-2204-3.cern.ch:/home/sftnight/build/workspace/root-pullrequests-build; [See console output](https://lcgapp-services.cern.ch/root-jenkins/job/root-pullrequests-build/185325/console).; ### Failing tests:; - [projectroot.runtutorials.test_import_pandas](https://lcgapp-services.cern.ch/root-jenkins/job/root-pullrequests-build/185325/testReport/projectroot/runtutorials/test_import_pandas/); - [projectroot.bindings.pyroot.pythonizations.test.pyunittests_pyroot_dependency_versions](https://lcgapp-services.cern.ch/root-jenkins/job/root-pullrequests-build/185325/testReport/projectroot.bindings.pyroot.pythonizations/test/pyunittests_pyroot_dependency_versions/),MatchSource.ISSUE_COMMENT,root-project,root,v6-32-06,https://github.com/root-project/root/pull/13684#issuecomment-1727684599:263,test,tests,263,https://root.cern,https://github.com/root-project/root/pull/13684#issuecomment-1727684599,5,['test'],"['test', 'testReport', 'tests']"
Testability,Build failed on ROOT-ubuntu2204/nortcxxmod.; Running on root-ubuntu-2204-3.cern.ch:/home/sftnight/build/workspace/root-pullrequests-build; [See console output](https://lcgapp-services.cern.ch/root-jenkins/job/root-pullrequests-build/185774/console).; ### Failing tests:; - [projectroot.runtutorials.test_import_pandas](https://lcgapp-services.cern.ch/root-jenkins/job/root-pullrequests-build/185774/testReport/projectroot/runtutorials/test_import_pandas/); - [projectroot.bindings.pyroot.pythonizations.test.pyunittests_pyroot_dependency_versions](https://lcgapp-services.cern.ch/root-jenkins/job/root-pullrequests-build/185774/testReport/projectroot.bindings.pyroot.pythonizations/test/pyunittests_pyroot_dependency_versions/),MatchSource.ISSUE_COMMENT,root-project,root,v6-32-06,https://github.com/root-project/root/pull/13519#issuecomment-1735505846:263,test,tests,263,https://root.cern,https://github.com/root-project/root/pull/13519#issuecomment-1735505846,5,['test'],"['test', 'testReport', 'tests']"
Testability,Build failed on ROOT-ubuntu2204/nortcxxmod.; Running on root-ubuntu-2204-3.cern.ch:/home/sftnight/build/workspace/root-pullrequests-build; [See console output](https://lcgapp-services.cern.ch/root-jenkins/job/root-pullrequests-build/185786/console).; ### Failing tests:; - [projectroot.runtutorials.test_import_pandas](https://lcgapp-services.cern.ch/root-jenkins/job/root-pullrequests-build/185786/testReport/projectroot/runtutorials/test_import_pandas/); - [projectroot.bindings.pyroot.pythonizations.test.pyunittests_pyroot_dependency_versions](https://lcgapp-services.cern.ch/root-jenkins/job/root-pullrequests-build/185786/testReport/projectroot.bindings.pyroot.pythonizations/test/pyunittests_pyroot_dependency_versions/),MatchSource.ISSUE_COMMENT,root-project,root,v6-32-06,https://github.com/root-project/root/pull/13692#issuecomment-1735666067:263,test,tests,263,https://root.cern,https://github.com/root-project/root/pull/13692#issuecomment-1735666067,5,['test'],"['test', 'testReport', 'tests']"
Testability,Build failed on ROOT-ubuntu2204/nortcxxmod.; Running on root-ubuntu-2204-3.cern.ch:/home/sftnight/build/workspace/root-pullrequests-build; [See console output](https://lcgapp-services.cern.ch/root-jenkins/job/root-pullrequests-build/185840/console).; ### Failing tests:; - [projectroot.runtutorials.test_import_pandas](https://lcgapp-services.cern.ch/root-jenkins/job/root-pullrequests-build/185840/testReport/projectroot/runtutorials/test_import_pandas/); - [projectroot.bindings.pyroot.pythonizations.test.pyunittests_pyroot_dependency_versions](https://lcgapp-services.cern.ch/root-jenkins/job/root-pullrequests-build/185840/testReport/projectroot.bindings.pyroot.pythonizations/test/pyunittests_pyroot_dependency_versions/),MatchSource.ISSUE_COMMENT,root-project,root,v6-32-06,https://github.com/root-project/root/pull/13726#issuecomment-1735978446:263,test,tests,263,https://root.cern,https://github.com/root-project/root/pull/13726#issuecomment-1735978446,5,['test'],"['test', 'testReport', 'tests']"
Testability,Build failed on ROOT-ubuntu2204/nortcxxmod.; Running on root-ubuntu-2204-3.cern.ch:/home/sftnight/build/workspace/root-pullrequests-build; [See console output](https://lcgapp-services.cern.ch/root-jenkins/job/root-pullrequests-build/185949/console).; ### Failing tests:; - [projectroot.runtutorials.test_import_pandas](https://lcgapp-services.cern.ch/root-jenkins/job/root-pullrequests-build/185949/testReport/projectroot/runtutorials/test_import_pandas/); - [projectroot.bindings.pyroot.pythonizations.test.pyunittests_pyroot_dependency_versions](https://lcgapp-services.cern.ch/root-jenkins/job/root-pullrequests-build/185949/testReport/projectroot.bindings.pyroot.pythonizations/test/pyunittests_pyroot_dependency_versions/),MatchSource.ISSUE_COMMENT,root-project,root,v6-32-06,https://github.com/root-project/root/pull/13738#issuecomment-1737656343:263,test,tests,263,https://root.cern,https://github.com/root-project/root/pull/13738#issuecomment-1737656343,5,['test'],"['test', 'testReport', 'tests']"
Testability,Build failed on ROOT-ubuntu2204/nortcxxmod.; Running on root-ubuntu-2204-3.cern.ch:/home/sftnight/build/workspace/root-pullrequests-build; [See console output](https://lcgapp-services.cern.ch/root-jenkins/job/root-pullrequests-build/186896/console).; ### Failing tests:; - [projectroot.roottest.cling.typedef_global.roottest_cling_typedef_global_scopeTest](https://lcgapp-services.cern.ch/root-jenkins/job/root-pullrequests-build/186896/testReport/projectroot.roottest.cling/typedef_global/roottest_cling_typedef_global_scopeTest/),MatchSource.ISSUE_COMMENT,root-project,root,v6-32-06,https://github.com/root-project/root/pull/13820#issuecomment-1750604852:263,test,tests,263,https://root.cern,https://github.com/root-project/root/pull/13820#issuecomment-1750604852,2,['test'],"['testReport', 'tests']"
Testability,Build failed on ROOT-ubuntu2204/nortcxxmod.; Running on root-ubuntu-2204-3.cern.ch:/home/sftnight/build/workspace/root-pullrequests-build; [See console output](https://lcgapp-services.cern.ch/root-jenkins/job/root-pullrequests-build/187621/console).; ### Failing tests:; - [projectroot.tree.ntuple.v7.test.gtest_tree_ntuple_v7_test_ntuple_types](https://lcgapp-services.cern.ch/root-jenkins/job/root-pullrequests-build/187621/testReport/projectroot.tree.ntuple.v7/test/gtest_tree_ntuple_v7_test_ntuple_types/),MatchSource.ISSUE_COMMENT,root-project,root,v6-32-06,https://github.com/root-project/root/pull/13904#issuecomment-1772840775:263,test,tests,263,https://root.cern,https://github.com/root-project/root/pull/13904#issuecomment-1772840775,4,['test'],"['test', 'testReport', 'tests']"
Testability,Build failed on ROOT-ubuntu2204/nortcxxmod.; Running on root-ubuntu-2204-3.cern.ch:/home/sftnight/build/workspace/root-pullrequests-build; [See console output](https://lcgapp-services.cern.ch/root-jenkins/job/root-pullrequests-build/187671/console).; ### Failing tests:; - [projectroot.test.test_stressIOPlugins_xroot](https://lcgapp-services.cern.ch/root-jenkins/job/root-pullrequests-build/187671/testReport/projectroot/test/test_stressIOPlugins_xroot/),MatchSource.ISSUE_COMMENT,root-project,root,v6-32-06,https://github.com/root-project/root/pull/13911#issuecomment-1773037603:263,test,tests,263,https://root.cern,https://github.com/root-project/root/pull/13911#issuecomment-1773037603,4,['test'],"['test', 'testReport', 'tests']"
Testability,Build failed on ROOT-ubuntu2204/nortcxxmod.; Running on root-ubuntu-2204-3.cern.ch:/home/sftnight/build/workspace/root-pullrequests-build; [See console output](https://lcgapp-services.cern.ch/root-jenkins/job/root-pullrequests-build/188454/console).; ### Failing tests:; - [projectroot.tmva.tmva.test.test_stresstmva_interpreted](https://lcgapp-services.cern.ch/root-jenkins/job/root-pullrequests-build/188454/testReport/projectroot.tmva.tmva/test/test_stresstmva_interpreted/),MatchSource.ISSUE_COMMENT,root-project,root,v6-32-06,https://github.com/root-project/root/pull/13991#issuecomment-1788245842:263,test,tests,263,https://root.cern,https://github.com/root-project/root/pull/13991#issuecomment-1788245842,4,['test'],"['test', 'testReport', 'tests']"
Testability,Build failed on ROOT-ubuntu2204/nortcxxmod.; Running on root-ubuntu-2204-3.cern.ch:/home/sftnight/build/workspace/root-pullrequests-build; [See console output](https://lcgapp-services.cern.ch/root-jenkins/job/root-pullrequests-build/189019/console).; ### Failing tests:; - [projectroot.test.test_stressgraphics_interpreted](https://lcgapp-services.cern.ch/root-jenkins/job/root-pullrequests-build/189019/testReport/projectroot/test/test_stressgraphics_interpreted/),MatchSource.ISSUE_COMMENT,root-project,root,v6-32-06,https://github.com/root-project/root/pull/14045#issuecomment-1808249560:263,test,tests,263,https://root.cern,https://github.com/root-project/root/pull/14045#issuecomment-1808249560,4,['test'],"['test', 'testReport', 'tests']"
Testability,Build failed on ROOT-ubuntu2204/nortcxxmod.; Running on root-ubuntu-2204-3.cern.ch:/home/sftnight/build/workspace/root-pullrequests-build; [See console output](https://lcgapp-services.cern.ch/root-jenkins/job/root-pullrequests-build/190561/console).; ### Failing tests:; - [projectroot.bindings.pyroot.pythonizations.test.pyunittests_pyroot_roofit_roodataset_numpy](https://lcgapp-services.cern.ch/root-jenkins/job/root-pullrequests-build/190561/testReport/projectroot.bindings.pyroot.pythonizations/test/pyunittests_pyroot_roofit_roodataset_numpy/),MatchSource.ISSUE_COMMENT,root-project,root,v6-32-06,https://github.com/root-project/root/pull/11623#issuecomment-1834161322:263,test,tests,263,https://root.cern,https://github.com/root-project/root/pull/11623#issuecomment-1834161322,4,['test'],"['test', 'testReport', 'tests']"
Testability,Build failed on ROOT-ubuntu2204/nortcxxmod.; Running on root-ubuntu-2204-3.cern.ch:/home/sftnight/build/workspace/root-pullrequests-build; [See console output](https://lcgapp-services.cern.ch/root-jenkins/job/root-pullrequests-build/190802/console).; ### Failing tests:; - [projectroot.tmva.sofie.test.gtest_tmva_sofie_test_TestSofieModels](https://lcgapp-services.cern.ch/root-jenkins/job/root-pullrequests-build/190802/testReport/projectroot.tmva.sofie/test/gtest_tmva_sofie_test_TestSofieModels/),MatchSource.ISSUE_COMMENT,root-project,root,v6-32-06,https://github.com/root-project/root/pull/14041#issuecomment-1840681029:263,test,tests,263,https://root.cern,https://github.com/root-project/root/pull/14041#issuecomment-1840681029,4,['test'],"['test', 'testReport', 'tests']"
Testability,Build failed on ROOT-ubuntu2204/nortcxxmod.; Running on root-ubuntu-2204-3.cern.ch:/home/sftnight/build/workspace/root-pullrequests-build; [See console output](https://lcgapp-services.cern.ch/root-jenkins/job/root-pullrequests-build/190905/console).; ### Failing tests:; - [projectroot.tmva.sofie.test.gtest_tmva_sofie_test_TestSofieModels](https://lcgapp-services.cern.ch/root-jenkins/job/root-pullrequests-build/190905/testReport/projectroot.tmva.sofie/test/gtest_tmva_sofie_test_TestSofieModels/),MatchSource.ISSUE_COMMENT,root-project,root,v6-32-06,https://github.com/root-project/root/pull/13779#issuecomment-1843145478:263,test,tests,263,https://root.cern,https://github.com/root-project/root/pull/13779#issuecomment-1843145478,4,['test'],"['test', 'testReport', 'tests']"
Testability,Build failed on ROOT-ubuntu2204/nortcxxmod.; Running on root-ubuntu-2204-3.cern.ch:/home/sftnight/build/workspace/root-pullrequests-build; [See console output](https://lcgapp-services.cern.ch/root-jenkins/job/root-pullrequests-build/191090/console).; ### Failing tests:; - [projectroot.test.test_stressIOPlugins_xroot](https://lcgapp-services.cern.ch/root-jenkins/job/root-pullrequests-build/191090/testReport/projectroot/test/test_stressIOPlugins_xroot/); - [projectroot.io.io.test.gtest_io_io_test_TFile](https://lcgapp-services.cern.ch/root-jenkins/job/root-pullrequests-build/191090/testReport/projectroot.io.io/test/gtest_io_io_test_TFile/); - [projectroot.net.netxng.test.gtest_net_netxng_test_RRawFileNetXNG](https://lcgapp-services.cern.ch/root-jenkins/job/root-pullrequests-build/191090/testReport/projectroot.net.netxng/test/gtest_net_netxng_test_RRawFileNetXNG/); - [projectroot.net.netxng.test.gtest_net_netxng_test_TNetXNGFileTest](https://lcgapp-services.cern.ch/root-jenkins/job/root-pullrequests-build/191090/testReport/projectroot.net.netxng/test/gtest_net_netxng_test_TNetXNGFileTest/); - [projectroot.tree.tree.test.gtest_tree_tree_test_testTChainParsing](https://lcgapp-services.cern.ch/root-jenkins/job/root-pullrequests-build/191090/testReport/projectroot.tree.tree/test/gtest_tree_tree_test_testTChainParsing/); - [projectroot.tree.treeplayer.test.gtest_tree_treeplayer_test_treeprocessormt_remotefiles](https://lcgapp-services.cern.ch/root-jenkins/job/root-pullrequests-build/191090/testReport/projectroot.tree.treeplayer/test/gtest_tree_treeplayer_test_treeprocessormt_remotefiles/),MatchSource.ISSUE_COMMENT,root-project,root,v6-32-06,https://github.com/root-project/root/pull/13648#issuecomment-1847434576:263,test,tests,263,https://root.cern,https://github.com/root-project/root/pull/13648#issuecomment-1847434576,19,['test'],"['test', 'testReport', 'tests']"
Testability,Build failed on ROOT-ubuntu2204/nortcxxmod.; Running on root-ubuntu-2204-3.cern.ch:/home/sftnight/build/workspace/root-pullrequests-build; [See console output](https://lcgapp-services.cern.ch/root-jenkins/job/root-pullrequests-build/191625/console).; ### Failing tests:; - [projectroot.test.test_TFormulaTests](https://lcgapp-services.cern.ch/root-jenkins/job/root-pullrequests-build/191625/testReport/projectroot/test/test_TFormulaTests/); - [projectroot.test.test_stressIOPlugins_http](https://lcgapp-services.cern.ch/root-jenkins/job/root-pullrequests-build/191625/testReport/projectroot/test/test_stressIOPlugins_http/); - [projectroot.test.test_stressgraphics_interpreted](https://lcgapp-services.cern.ch/root-jenkins/job/root-pullrequests-build/191625/testReport/projectroot/test/test_stressgraphics_interpreted/); - [projectroot.test.test_stressIOPlugins_xroot](https://lcgapp-services.cern.ch/root-jenkins/job/root-pullrequests-build/191625/testReport/projectroot/test/test_stressIOPlugins_xroot/); - [projectroot.test.test_stresshistogram_interpreted](https://lcgapp-services.cern.ch/root-jenkins/job/root-pullrequests-build/191625/testReport/projectroot/test/test_stresshistogram_interpreted/); - [projectroot.bindings.pyroot.pythonizations.test.pyunittests_pyroot_pyz_th1_operators](https://lcgapp-services.cern.ch/root-jenkins/job/root-pullrequests-build/191625/testReport/projectroot.bindings.pyroot.pythonizations/test/pyunittests_pyroot_pyz_th1_operators/); - [projectroot.bindings.pyroot.pythonizations.test.pyunittests_pyroot_pyz_tf_pycallables](https://lcgapp-services.cern.ch/root-jenkins/job/root-pullrequests-build/191625/testReport/projectroot.bindings.pyroot.pythonizations/test/pyunittests_pyroot_pyz_tf_pycallables/); - [projectroot.bindings.pyroot.pythonizations.test.pyunittests_pyroot_roofit_roodataset_numpy](https://lcgapp-services.cern.ch/root-jenkins/job/root-pullrequests-build/191625/testReport/projectroot.bindings.pyroot.pythonizations/test/pyunittests_pyroot_roofi,MatchSource.ISSUE_COMMENT,root-project,root,v6-32-06,https://github.com/root-project/root/pull/14267#issuecomment-1860674318:263,test,tests,263,https://root.cern,https://github.com/root-project/root/pull/14267#issuecomment-1860674318,13,['test'],"['test', 'testReport', 'tests']"
Testability,Build failed on ROOT-ubuntu2204/nortcxxmod.; Running on root-ubuntu-2204-3.cern.ch:/home/sftnight/build/workspace/root-pullrequests-build; [See console output](https://lcgapp-services.cern.ch/root-jenkins/job/root-pullrequests-build/191990/console).; ### Failing tests:; - [projectroot.tmva.sofie.test.gtest_tmva_sofie_test_TestCustomModelsFromONNX](https://lcgapp-services.cern.ch/root-jenkins/job/root-pullrequests-build/191990/testReport/projectroot.tmva.sofie/test/gtest_tmva_sofie_test_TestCustomModelsFromONNX/),MatchSource.ISSUE_COMMENT,root-project,root,v6-32-06,https://github.com/root-project/root/pull/14282#issuecomment-1867659979:263,test,tests,263,https://root.cern,https://github.com/root-project/root/pull/14282#issuecomment-1867659979,4,['test'],"['test', 'testReport', 'tests']"
Testability,Build failed on ROOT-ubuntu2204/nortcxxmod.; Running on root-ubuntu-2204-3.cern.ch:/home/sftnight/build/workspace/root-pullrequests-build; [See console output](https://lcgapp-services.cern.ch/root-jenkins/job/root-pullrequests-build/192198/console).; ### Failing tests:; - [projectroot.bindings.pyroot.pythonizations.test.pyunittests_pyroot_roofit_roodataset_numpy](https://lcgapp-services.cern.ch/root-jenkins/job/root-pullrequests-build/192198/testReport/projectroot.bindings.pyroot.pythonizations/test/pyunittests_pyroot_roofit_roodataset_numpy/); - [projectroot.roofit.roofitcore.test.gtest_roofit_roofitcore_test_testRooDataSet](https://lcgapp-services.cern.ch/root-jenkins/job/root-pullrequests-build/192198/testReport/projectroot.roofit.roofitcore/test/gtest_roofit_roofitcore_test_testRooDataSet/),MatchSource.ISSUE_COMMENT,root-project,root,v6-32-06,https://github.com/root-project/root/pull/14317#issuecomment-1883071107:263,test,tests,263,https://root.cern,https://github.com/root-project/root/pull/14317#issuecomment-1883071107,7,['test'],"['test', 'testReport', 'tests']"
Testability,Build failed on ROOT-ubuntu2204/nortcxxmod.; Running on root-ubuntu-2204-3.cern.ch:/home/sftnight/build/workspace/root-pullrequests-build; [See console output](https://lcgapp-services.cern.ch/root-jenkins/job/root-pullrequests-build/192736/console).; ### Failing tests:; - [projectroot.roottest.root.dataframe.roottest_root_dataframe_test_readTotemNtuple](https://lcgapp-services.cern.ch/root-jenkins/job/root-pullrequests-build/192736/testReport/projectroot.roottest.root/dataframe/roottest_root_dataframe_test_readTotemNtuple/),MatchSource.ISSUE_COMMENT,root-project,root,v6-32-06,https://github.com/root-project/root/pull/14348#issuecomment-1892581171:263,test,tests,263,https://root.cern,https://github.com/root-project/root/pull/14348#issuecomment-1892581171,2,['test'],"['testReport', 'tests']"
Testability,Build failed on ROOT-ubuntu2204/nortcxxmod.; Running on root-ubuntu-2204-3.cern.ch:/home/sftnight/build/workspace/root-pullrequests-build; [See console output](https://lcgapp-services.cern.ch/root-jenkins/job/root-pullrequests-build/192776/console).; ### Failing tests:; - [projectroot.bindings.experimental.distrdf.test.pyunittests_distrdf_unit_test_headnode](https://lcgapp-services.cern.ch/root-jenkins/job/root-pullrequests-build/192776/testReport/projectroot.bindings.experimental.distrdf/test/pyunittests_distrdf_unit_test_headnode/),MatchSource.ISSUE_COMMENT,root-project,root,v6-32-06,https://github.com/root-project/root/pull/14351#issuecomment-1893357039:263,test,tests,263,https://root.cern,https://github.com/root-project/root/pull/14351#issuecomment-1893357039,4,['test'],"['test', 'testReport', 'tests']"
Testability,Build failed on ROOT-ubuntu2204/nortcxxmod.; Running on root-ubuntu-2204-3.cern.ch:/home/sftnight/build/workspace/root-pullrequests-build; [See console output](https://lcgapp-services.cern.ch/root-jenkins/job/root-pullrequests-build/192957/console).; ### Failing tests:; - [projectroot.tmva.sofie.test.gtest_tmva_sofie_test_TestSofieModels](https://lcgapp-services.cern.ch/root-jenkins/job/root-pullrequests-build/192957/testReport/projectroot.tmva.sofie/test/gtest_tmva_sofie_test_TestSofieModels/),MatchSource.ISSUE_COMMENT,root-project,root,v6-32-06,https://github.com/root-project/root/pull/14358#issuecomment-1896601758:263,test,tests,263,https://root.cern,https://github.com/root-project/root/pull/14358#issuecomment-1896601758,4,['test'],"['test', 'testReport', 'tests']"
Testability,Build failed on ROOT-ubuntu2204/nortcxxmod.; Running on root-ubuntu-2204-3.cern.ch:/home/sftnight/build/workspace/root-pullrequests-build; [See console output](https://lcgapp-services.cern.ch/root-jenkins/job/root-pullrequests-build/193118/console).; ### Failing tests:; - [projectroot.roottest.root.dataframe.roottest_root_dataframe_test_snapshotMT_subdir](https://lcgapp-services.cern.ch/root-jenkins/job/root-pullrequests-build/193118/testReport/projectroot.roottest.root/dataframe/roottest_root_dataframe_test_snapshotMT_subdir/),MatchSource.ISSUE_COMMENT,root-project,root,v6-32-06,https://github.com/root-project/root/pull/14393#issuecomment-1900446719:263,test,tests,263,https://root.cern,https://github.com/root-project/root/pull/14393#issuecomment-1900446719,2,['test'],"['testReport', 'tests']"
Testability,Build failed on ROOT-ubuntu2204/nortcxxmod.; Running on root-ubuntu-2204-3.cern.ch:/home/sftnight/build/workspace/root-pullrequests-build; [See console output](https://lcgapp-services.cern.ch/root-jenkins/job/root-pullrequests-build/193143/console).; ### Failing tests:; - [projectroot.roottest.root.dataframe.roottest_root_dataframe_test_snapshotMT_dir](https://lcgapp-services.cern.ch/root-jenkins/job/root-pullrequests-build/193143/testReport/projectroot.roottest.root/dataframe/roottest_root_dataframe_test_snapshotMT_dir/),MatchSource.ISSUE_COMMENT,root-project,root,v6-32-06,https://github.com/root-project/root/pull/14394#issuecomment-1900616842:263,test,tests,263,https://root.cern,https://github.com/root-project/root/pull/14394#issuecomment-1900616842,2,['test'],"['testReport', 'tests']"
Testability,Build failed on ROOT-ubuntu2204/nortcxxmod.; Running on root-ubuntu-2204-3.cern.ch:/home/sftnight/build/workspace/root-pullrequests-build; [See console output](https://lcgapp-services.cern.ch/root-jenkins/job/root-pullrequests-build/193583/console).; ### Warnings:; - [2024-01-25T17:37:55.082Z] /home/sftnight/build/workspace/root-pullrequests-build/root/math/matrix/test/testMatrixT.cxx:35:28: warning: comparison of integer expressions of different signedness: ‘size_t’ {aka ‘long unsigned int’} and ‘Int_t’ {aka ‘int’} [-Wsign-compare] ; - [2024-01-25T17:37:55.082Z] /home/sftnight/build/workspace/root-pullrequests-build/root/math/matrix/test/testMatrixT.cxx:36:31: warning: comparison of integer expressions of different signedness: ‘size_t’ {aka ‘long unsigned int’} and ‘Int_t’ {aka ‘int’} [-Wsign-compare] ; - [2024-01-25T17:37:55.082Z] /home/sftnight/build/workspace/root-pullrequests-build/root/math/matrix/test/testMatrixT.cxx:26:28: warning: comparison of integer expressions of different signedness: ‘size_t’ {aka ‘long unsigned int’} and ‘Int_t’ {aka ‘int’} [-Wsign-compare] ; - [2024-01-25T17:37:55.082Z] /home/sftnight/build/workspace/root-pullrequests-build/root/math/matrix/test/testMatrixT.cxx:27:31: warning: comparison of integer expressions of different signedness: ‘size_t’ {aka ‘long unsigned int’} and ‘Int_t’ {aka ‘int’} [-Wsign-compare],MatchSource.ISSUE_COMMENT,root-project,root,v6-32-06,https://github.com/root-project/root/pull/14420#issuecomment-1910722360:367,test,test,367,https://root.cern,https://github.com/root-project/root/pull/14420#issuecomment-1910722360,8,['test'],"['test', 'testMatrixT']"
Testability,Build failed on ROOT-ubuntu2204/nortcxxmod.; Running on root-ubuntu-2204-3.cern.ch:/home/sftnight/build/workspace/root-pullrequests-build; [See console output](https://lcgapp-services.cern.ch/root-jenkins/job/root-pullrequests-build/193778/console).; ### Failing tests:; - [projectroot.roofit.histfactory.test.gtest_roofit_histfactory_test_testHistFactory](https://lcgapp-services.cern.ch/root-jenkins/job/root-pullrequests-build/193778/testReport/projectroot.roofit.histfactory/test/gtest_roofit_histfactory_test_testHistFactory/),MatchSource.ISSUE_COMMENT,root-project,root,v6-32-06,https://github.com/root-project/root/pull/14165#issuecomment-1912522339:263,test,tests,263,https://root.cern,https://github.com/root-project/root/pull/14165#issuecomment-1912522339,4,['test'],"['test', 'testReport', 'tests']"
Testability,Build failed on ROOT-ubuntu2204/nortcxxmod.; Running on root-ubuntu-2204-3.cern.ch:/home/sftnight/build/workspace/root-pullrequests-build; [See console output](https://lcgapp-services.cern.ch/root-jenkins/job/root-pullrequests-build/193813/console).; ### Failing tests:; - [projectroot.roottest.python.numba.roottest_python_numba_numba](https://lcgapp-services.cern.ch/root-jenkins/job/root-pullrequests-build/193813/testReport/projectroot.roottest.python/numba/roottest_python_numba_numba/); - [projectroot.roottest.python.ttree.roottest_python_ttree_ttree](https://lcgapp-services.cern.ch/root-jenkins/job/root-pullrequests-build/193813/testReport/projectroot.roottest.python/ttree/roottest_python_ttree_ttree/),MatchSource.ISSUE_COMMENT,root-project,root,v6-32-06,https://github.com/root-project/root/pull/14465#issuecomment-1913127152:263,test,tests,263,https://root.cern,https://github.com/root-project/root/pull/14465#issuecomment-1913127152,3,['test'],"['testReport', 'tests']"
Testability,Build failed on ROOT-ubuntu2204/nortcxxmod.; Running on root-ubuntu-2204-3.cern.ch:/home/sftnight/build/workspace/root-pullrequests-build; [See console output](https://lcgapp-services.cern.ch/root-jenkins/job/root-pullrequests-build/194103/console).; ### Failing tests:; - [projectroot.roottest.python.basic.roottest_python_basic_basic](https://lcgapp-services.cern.ch/root-jenkins/job/root-pullrequests-build/194103/testReport/projectroot.roottest.python/basic/roottest_python_basic_basic/); - [projectroot.roottest.python.cpp.roottest_python_cpp_advanced](https://lcgapp-services.cern.ch/root-jenkins/job/root-pullrequests-build/194103/testReport/projectroot.roottest.python/cpp/roottest_python_cpp_advanced/),MatchSource.ISSUE_COMMENT,root-project,root,v6-32-06,https://github.com/root-project/root/pull/14486#issuecomment-1917043490:263,test,tests,263,https://root.cern,https://github.com/root-project/root/pull/14486#issuecomment-1917043490,3,['test'],"['testReport', 'tests']"
Testability,Build failed on ROOT-ubuntu2204/nortcxxmod.; Running on root-ubuntu-2204-3.cern.ch:/home/sftnight/build/workspace/root-pullrequests-build; [See console output](https://lcgapp-services.cern.ch/root-jenkins/job/root-pullrequests-build/194133/console).; ### Failing tests:; - [projectroot.bindings.pyroot.pythonizations.test.pyunittests_pyroot_pyz_rdataframe_makenumpy](https://lcgapp-services.cern.ch/root-jenkins/job/root-pullrequests-build/194133/testReport/projectroot.bindings.pyroot.pythonizations/test/pyunittests_pyroot_pyz_rdataframe_makenumpy/); - [projectroot.roottest.python.distrdf.spark.roottest_python_distrdf_spark_test_all](https://lcgapp-services.cern.ch/root-jenkins/job/root-pullrequests-build/194133/testReport/projectroot.roottest.python.distrdf/spark/roottest_python_distrdf_spark_test_all/); - [projectroot.roottest.root.dataframe.roottest_root_dataframe_reports](https://lcgapp-services.cern.ch/root-jenkins/job/root-pullrequests-build/194133/testReport/projectroot.roottest.root/dataframe/roottest_root_dataframe_reports/); - [projectroot.roottest.root.dataframe.roottest_root_dataframe_test_stringfiltercolumn](https://lcgapp-services.cern.ch/root-jenkins/job/root-pullrequests-build/194133/testReport/projectroot.roottest.root/dataframe/roottest_root_dataframe_test_stringfiltercolumn/); - [projectroot.roottest.root.dataframe.roottest_root_dataframe_ctors](https://lcgapp-services.cern.ch/root-jenkins/job/root-pullrequests-build/194133/testReport/projectroot.roottest.root/dataframe/roottest_root_dataframe_ctors/); - [projectroot.tree.dataframe.test.gtest_tree_dataframe_test_dataframe_redefine](https://lcgapp-services.cern.ch/root-jenkins/job/root-pullrequests-build/194133/testReport/projectroot.tree.dataframe/test/gtest_tree_dataframe_test_dataframe_redefine/); - [projectroot.tree.dataframe.test.gtest_tree_dataframe_test_dataframe_helpers](https://lcgapp-services.cern.ch/root-jenkins/job/root-pullrequests-build/194133/testReport/projectroot.tree.dataframe/test/gte,MatchSource.ISSUE_COMMENT,root-project,root,v6-32-06,https://github.com/root-project/root/pull/14490#issuecomment-1917559224:263,test,tests,263,https://root.cern,https://github.com/root-project/root/pull/14490#issuecomment-1917559224,6,['test'],"['test', 'testReport', 'tests']"
Testability,Build failed on ROOT-ubuntu2204/nortcxxmod.; Running on root-ubuntu-2204-3.cern.ch:/home/sftnight/build/workspace/root-pullrequests-build; [See console output](https://lcgapp-services.cern.ch/root-jenkins/job/root-pullrequests-build/194168/console).; ### Failing tests:; - [projectroot.bindings.pyroot.pythonizations.test.pyunittests_pyroot_pyz_pretty_printing](https://lcgapp-services.cern.ch/root-jenkins/job/root-pullrequests-build/194168/testReport/projectroot.bindings.pyroot.pythonizations/test/pyunittests_pyroot_pyz_pretty_printing/),MatchSource.ISSUE_COMMENT,root-project,root,v6-32-06,https://github.com/root-project/root/pull/14495#issuecomment-1918855140:263,test,tests,263,https://root.cern,https://github.com/root-project/root/pull/14495#issuecomment-1918855140,4,['test'],"['test', 'testReport', 'tests']"
Testability,Build failed on ROOT-ubuntu2204/nortcxxmod.; Running on root-ubuntu-2204-3.cern.ch:/home/sftnight/build/workspace/root-pullrequests-build; [See console output](https://lcgapp-services.cern.ch/root-jenkins/job/root-pullrequests-build/194263/console).; ### Failing tests:; - [projectroot.hist.hist.test.gtest_hist_hist_test_TFormulaGradientTests](https://lcgapp-services.cern.ch/root-jenkins/job/root-pullrequests-build/194263/testReport/projectroot.hist.hist/test/gtest_hist_hist_test_TFormulaGradientTests/); - [projectroot.hist.hist.test.gtest_hist_hist_test_TFormulaHessianTests](https://lcgapp-services.cern.ch/root-jenkins/job/root-pullrequests-build/194263/testReport/projectroot.hist.hist/test/gtest_hist_hist_test_TFormulaHessianTests/); - [projectroot.math.minuit2.test.minuit2_testADMinim](https://lcgapp-services.cern.ch/root-jenkins/job/root-pullrequests-build/194263/testReport/projectroot.math.minuit2/test/minuit2_testADMinim/); - [projectroot.roofit.histfactory.test.gtest_roofit_histfactory_test_testHistFactory](https://lcgapp-services.cern.ch/root-jenkins/job/root-pullrequests-build/194263/testReport/projectroot.roofit.histfactory/test/gtest_roofit_histfactory_test_testHistFactory/); - [projectroot.roofit.roofitcore.test.gtest_roofit_roofitcore_test_testRooFuncWrapper](https://lcgapp-services.cern.ch/root-jenkins/job/root-pullrequests-build/194263/testReport/projectroot.roofit.roofitcore/test/gtest_roofit_roofitcore_test_testRooFuncWrapper/),MatchSource.ISSUE_COMMENT,root-project,root,v6-32-06,https://github.com/root-project/root/pull/14165#issuecomment-1919828309:263,test,tests,263,https://root.cern,https://github.com/root-project/root/pull/14165#issuecomment-1919828309,16,['test'],"['test', 'testReport', 'tests']"
Testability,Build failed on ROOT-ubuntu2204/nortcxxmod.; Running on root-ubuntu-2204-3.cern.ch:/home/sftnight/build/workspace/root-pullrequests-build; [See console output](https://lcgapp-services.cern.ch/root-jenkins/job/root-pullrequests-build/194268/console).; ### Failing tests:; - [projectroot.roottest.python.distrdf.spark.roottest_python_distrdf_spark_test_all](https://lcgapp-services.cern.ch/root-jenkins/job/root-pullrequests-build/194268/testReport/projectroot.roottest.python.distrdf/spark/roottest_python_distrdf_spark_test_all/); - [projectroot.bindings.experimental.distrdf.test.pyunittests_distrdf_unit_test_ranges](https://lcgapp-services.cern.ch/root-jenkins/job/root-pullrequests-build/194268/testReport/projectroot.bindings.experimental.distrdf/test/pyunittests_distrdf_unit_test_ranges/); - [projectroot.bindings.experimental.distrdf.test.backend.pyunittests_distrdf_unit_backend_test_common](https://lcgapp-services.cern.ch/root-jenkins/job/root-pullrequests-build/194268/testReport/projectroot.bindings.experimental.distrdf.test/backend/pyunittests_distrdf_unit_backend_test_common/); - [projectroot.bindings.pyroot.pythonizations.test.pyunittests_pyroot_pyz_rdataframe_asnumpy](https://lcgapp-services.cern.ch/root-jenkins/job/root-pullrequests-build/194268/testReport/projectroot.bindings.pyroot.pythonizations/test/pyunittests_pyroot_pyz_rdataframe_asnumpy/); - [projectroot.bindings.pyroot.pythonizations.test.pyunittests_pyroot_pyz_rdataframe_histo_profile](https://lcgapp-services.cern.ch/root-jenkins/job/root-pullrequests-build/194268/testReport/projectroot.bindings.pyroot.pythonizations/test/pyunittests_pyroot_pyz_rdataframe_histo_profile/); - [projectroot.bindings.pyroot.pythonizations.test.pyunittests_pyroot_pyz_rdataframe_makenumpy](https://lcgapp-services.cern.ch/root-jenkins/job/root-pullrequests-build/194268/testReport/projectroot.bindings.pyroot.pythonizations/test/pyunittests_pyroot_pyz_rdataframe_makenumpy/); - [projectroot.bindings.pyroot.pythonizations.test.pyuni,MatchSource.ISSUE_COMMENT,root-project,root,v6-32-06,https://github.com/root-project/root/pull/14426#issuecomment-1920286096:263,test,tests,263,https://root.cern,https://github.com/root-project/root/pull/14426#issuecomment-1920286096,7,['test'],"['test', 'testReport', 'tests']"
Testability,Build failed on ROOT-ubuntu2204/nortcxxmod.; Running on root-ubuntu-2204-3.cern.ch:/home/sftnight/build/workspace/root-pullrequests-build; [See console output](https://lcgapp-services.cern.ch/root-jenkins/job/root-pullrequests-build/194288/console).; ### Failing tests:; - [projectroot.bindings.experimental.distrdf.test.pyunittests_distrdf_unit_test_ranges](https://lcgapp-services.cern.ch/root-jenkins/job/root-pullrequests-build/194288/testReport/projectroot.bindings.experimental.distrdf/test/pyunittests_distrdf_unit_test_ranges/); - [projectroot.bindings.experimental.distrdf.test.backend.pyunittests_distrdf_unit_backend_test_common](https://lcgapp-services.cern.ch/root-jenkins/job/root-pullrequests-build/194288/testReport/projectroot.bindings.experimental.distrdf.test/backend/pyunittests_distrdf_unit_backend_test_common/); - [projectroot.bindings.pyroot.pythonizations.test.pyunittests_pyroot_pyz_rdataframe_asnumpy](https://lcgapp-services.cern.ch/root-jenkins/job/root-pullrequests-build/194288/testReport/projectroot.bindings.pyroot.pythonizations/test/pyunittests_pyroot_pyz_rdataframe_asnumpy/); - [projectroot.bindings.pyroot.pythonizations.test.pyunittests_pyroot_pyz_rdataframe_makenumpy](https://lcgapp-services.cern.ch/root-jenkins/job/root-pullrequests-build/194288/testReport/projectroot.bindings.pyroot.pythonizations/test/pyunittests_pyroot_pyz_rdataframe_makenumpy/); - [projectroot.bindings.pyroot.pythonizations.test.pyunittests_pyroot_pyz_rdataframe_histo_profile](https://lcgapp-services.cern.ch/root-jenkins/job/root-pullrequests-build/194288/testReport/projectroot.bindings.pyroot.pythonizations/test/pyunittests_pyroot_pyz_rdataframe_histo_profile/); - [projectroot.bindings.pyroot.pythonizations.test.pyunittests_pyroot_string_view](https://lcgapp-services.cern.ch/root-jenkins/job/root-pullrequests-build/194288/testReport/projectroot.bindings.pyroot.pythonizations/test/pyunittests_pyroot_string_view/); - [projectroot.bindings.pyroot.pythonizations.test.pyunittes,MatchSource.ISSUE_COMMENT,root-project,root,v6-32-06,https://github.com/root-project/root/pull/14426#issuecomment-1920662465:263,test,tests,263,https://root.cern,https://github.com/root-project/root/pull/14426#issuecomment-1920662465,9,['test'],"['test', 'testReport', 'tests']"
Testability,"Build failed on ROOT-ubuntu2204/nortcxxmod.; Running on root-ubuntu-2204-3.cern.ch:/home/sftnight/build/workspace/root-pullrequests-build; [See console output](https://lcgapp-services.cern.ch/root-jenkins/job/root-pullrequests-build/194533/console).; ### Errors:; - [2024-02-03T14:45:47.905Z] /usr/include/c++/11/bits/shared_ptr_base.h:1110:4: error: static assertion failed due to requirement '__is_invocable&lt;std::default_delete&lt;float[]&gt; &, float *&&gt;::value': deleter expression d(p) is well-formed",MatchSource.ISSUE_COMMENT,root-project,root,v6-32-06,https://github.com/root-project/root/pull/14495#issuecomment-1925347545:358,assert,assertion,358,https://root.cern,https://github.com/root-project/root/pull/14495#issuecomment-1925347545,1,['assert'],['assertion']
Testability,Build failed on ROOT-ubuntu2204/nortcxxmod.; Running on root-ubuntu-2204-3.cern.ch:/home/sftnight/build/workspace/root-pullrequests-build; [See console output](https://lcgapp-services.cern.ch/root-jenkins/job/root-pullrequests-build/195255/console).; ### Failing tests:; - [projectroot.tree.dataframe.test.gtest_tree_dataframe_test_dataframe_interface](https://lcgapp-services.cern.ch/root-jenkins/job/root-pullrequests-build/195255/testReport/projectroot.tree.dataframe/test/gtest_tree_dataframe_test_dataframe_interface/),MatchSource.ISSUE_COMMENT,root-project,root,v6-32-06,https://github.com/root-project/root/pull/14676#issuecomment-1941677164:263,test,tests,263,https://root.cern,https://github.com/root-project/root/pull/14676#issuecomment-1941677164,4,['test'],"['test', 'testReport', 'tests']"
Testability,Build failed on ROOT-ubuntu2204/nortcxxmod.; Running on root-ubuntu-2204-3.cern.ch:/home/sftnight/build/workspace/root-pullrequests-build; [See console output](https://lcgapp-services.cern.ch/root-jenkins/job/root-pullrequests-build/195270/console).; ### Failing tests:; - [projectroot.bindings.pyroot.pythonizations.test.pyunittests_pyroot_dependency_versions](https://lcgapp-services.cern.ch/root-jenkins/job/root-pullrequests-build/195270/testReport/projectroot.bindings.pyroot.pythonizations/test/pyunittests_pyroot_dependency_versions/),MatchSource.ISSUE_COMMENT,root-project,root,v6-32-06,https://github.com/root-project/root/pull/14685#issuecomment-1941808051:263,test,tests,263,https://root.cern,https://github.com/root-project/root/pull/14685#issuecomment-1941808051,4,['test'],"['test', 'testReport', 'tests']"
Testability,Build failed on ROOT-ubuntu2204/nortcxxmod.; Running on root-ubuntu-2204-3.cern.ch:/home/sftnight/build/workspace/root-pullrequests-build; [See console output](https://lcgapp-services.cern.ch/root-jenkins/job/root-pullrequests-build/195300/console).; ### Failing tests:; - [projectroot.roofit.roofitcore.test.gtest_roofit_roofitcore_test_testTestStatisticsPlot](https://lcgapp-services.cern.ch/root-jenkins/job/root-pullrequests-build/195300/testReport/projectroot.roofit.roofitcore/test/gtest_roofit_roofitcore_test_testTestStatisticsPlot/); - [projectroot.roofit.roofitcore.test.test_stressroofit_cpu](https://lcgapp-services.cern.ch/root-jenkins/job/root-pullrequests-build/195300/testReport/projectroot.roofit.roofitcore/test/test_stressroofit_cpu/); - [projectroot.roottest.root.io.issue-7754.roottest_root_io_issue_7754_read_mwe_1](https://lcgapp-services.cern.ch/root-jenkins/job/root-pullrequests-build/195300/testReport/projectroot.roottest.root.io/issue-7754/roottest_root_io_issue_7754_read_mwe_1/),MatchSource.ISSUE_COMMENT,root-project,root,v6-32-06,https://github.com/root-project/root/pull/14686#issuecomment-1942047042:263,test,tests,263,https://root.cern,https://github.com/root-project/root/pull/14686#issuecomment-1942047042,8,['test'],"['test', 'testReport', 'tests']"
Testability,Build failed on ROOT-ubuntu2204/nortcxxmod.; Running on root-ubuntu-2204-3.cern.ch:/home/sftnight/build/workspace/root-pullrequests-build; [See console output](https://lcgapp-services.cern.ch/root-jenkins/job/root-pullrequests-build/195350/console).; ### Failing tests:; - [projectroot.tree.dataframe.test.gtest_tree_dataframe_test_dataframe_display](https://lcgapp-services.cern.ch/root-jenkins/job/root-pullrequests-build/195350/testReport/projectroot.tree.dataframe/test/gtest_tree_dataframe_test_dataframe_display/); - [projectroot.tree.dataframe.test.gtest_tree_dataframe_test_datasource_csv](https://lcgapp-services.cern.ch/root-jenkins/job/root-pullrequests-build/195350/testReport/projectroot.tree.dataframe/test/gtest_tree_dataframe_test_datasource_csv/); - [projectroot.tree.ntuple.v7.test.gtest_tree_ntuple_v7_test_rfield_vector](https://lcgapp-services.cern.ch/root-jenkins/job/root-pullrequests-build/195350/testReport/projectroot.tree.ntuple.v7/test/gtest_tree_ntuple_v7_test_rfield_vector/),MatchSource.ISSUE_COMMENT,root-project,root,v6-32-06,https://github.com/root-project/root/pull/14692#issuecomment-1942467381:263,test,tests,263,https://root.cern,https://github.com/root-project/root/pull/14692#issuecomment-1942467381,10,['test'],"['test', 'testReport', 'tests']"
Testability,Build failed on ROOT-ubuntu2204/nortcxxmod.; Running on root-ubuntu-2204-3.cern.ch:/home/sftnight/build/workspace/root-pullrequests-build; [See console output](https://lcgapp-services.cern.ch/root-jenkins/job/root-pullrequests-build/195430/console).; ### Failing tests:; - [projectroot.roottest.root.hist.roottest_root_hist_h2root](https://lcgapp-services.cern.ch/root-jenkins/job/root-pullrequests-build/195430/testReport/projectroot.roottest.root/hist/roottest_root_hist_h2root/),MatchSource.ISSUE_COMMENT,root-project,root,v6-32-06,https://github.com/root-project/root/pull/14669#issuecomment-1943450512:263,test,tests,263,https://root.cern,https://github.com/root-project/root/pull/14669#issuecomment-1943450512,2,['test'],"['testReport', 'tests']"
Testability,Build failed on ROOT-ubuntu2204/nortcxxmod.; Running on root-ubuntu-2204-3.cern.ch:/home/sftnight/build/workspace/root-pullrequests-build; [See console output](https://lcgapp-services.cern.ch/root-jenkins/job/root-pullrequests-build/195526/console).; ### Failing tests:; - [projectroot.tree.dataframe.test.gtest_tree_dataframe_test_dataframe_datasetspec](https://lcgapp-services.cern.ch/root-jenkins/job/root-pullrequests-build/195526/testReport/projectroot.tree.dataframe/test/gtest_tree_dataframe_test_dataframe_datasetspec/); - [projectroot.tree.dataframe.test.gtest_tree_dataframe_test_dataframe_interface](https://lcgapp-services.cern.ch/root-jenkins/job/root-pullrequests-build/195526/testReport/projectroot.tree.dataframe/test/gtest_tree_dataframe_test_dataframe_interface/),MatchSource.ISSUE_COMMENT,root-project,root,v6-32-06,https://github.com/root-project/root/pull/14726#issuecomment-1944223294:263,test,tests,263,https://root.cern,https://github.com/root-project/root/pull/14726#issuecomment-1944223294,7,['test'],"['test', 'testReport', 'tests']"
Testability,Build failed on ROOT-ubuntu2204/nortcxxmod.; Running on root-ubuntu-2204-3.cern.ch:/home/sftnight/build/workspace/root-pullrequests-build; [See console output](https://lcgapp-services.cern.ch/root-jenkins/job/root-pullrequests-build/195566/console).; ### Failing tests:; - [projectroot.tree.dataframe.test.gtest_tree_dataframe_test_dataframe_display](https://lcgapp-services.cern.ch/root-jenkins/job/root-pullrequests-build/195566/testReport/projectroot.tree.dataframe/test/gtest_tree_dataframe_test_dataframe_display/); - [projectroot.tree.dataframe.test.gtest_tree_dataframe_test_datasource_csv](https://lcgapp-services.cern.ch/root-jenkins/job/root-pullrequests-build/195566/testReport/projectroot.tree.dataframe/test/gtest_tree_dataframe_test_datasource_csv/),MatchSource.ISSUE_COMMENT,root-project,root,v6-32-06,https://github.com/root-project/root/pull/14692#issuecomment-1944308216:263,test,tests,263,https://root.cern,https://github.com/root-project/root/pull/14692#issuecomment-1944308216,7,['test'],"['test', 'testReport', 'tests']"
Testability,Build failed on ROOT-ubuntu2204/nortcxxmod.; Running on root-ubuntu-2204-3.cern.ch:/home/sftnight/build/workspace/root-pullrequests-build; [See console output](https://lcgapp-services.cern.ch/root-jenkins/job/root-pullrequests-build/195823/console).; ### Failing tests:; - [projectroot.tmva.pymva.test.PyMVA_Torch_Classification](https://lcgapp-services.cern.ch/root-jenkins/job/root-pullrequests-build/195823/testReport/projectroot.tmva.pymva/test/PyMVA_Torch_Classification/); - [projectroot.tmva.pymva.test.PyMVA_Torch_Regression](https://lcgapp-services.cern.ch/root-jenkins/job/root-pullrequests-build/195823/testReport/projectroot.tmva.pymva/test/PyMVA_Torch_Regression/); - [projectroot.tmva.pymva.test.PyMVA_Torch_Multiclass](https://lcgapp-services.cern.ch/root-jenkins/job/root-pullrequests-build/195823/testReport/projectroot.tmva.pymva/test/PyMVA_Torch_Multiclass/); - [projectroot.tmva.pymva.test.gtest_tmva_pymva_test_TestRModelParserPyTorch](https://lcgapp-services.cern.ch/root-jenkins/job/root-pullrequests-build/195823/testReport/projectroot.tmva.pymva/test/gtest_tmva_pymva_test_TestRModelParserPyTorch/),MatchSource.ISSUE_COMMENT,root-project,root,v6-32-06,https://github.com/root-project/root/pull/14618#issuecomment-1948483853:263,test,tests,263,https://root.cern,https://github.com/root-project/root/pull/14618#issuecomment-1948483853,13,['test'],"['test', 'testReport', 'tests']"
Testability,Build failed on ROOT-ubuntu2204/nortcxxmod.; Running on root-ubuntu-2204-3.cern.ch:/home/sftnight/build/workspace/root-pullrequests-build; [See console output](https://lcgapp-services.cern.ch/root-jenkins/job/root-pullrequests-build/195933/console).; ### Failing tests:; - [projectroot.tmva.pymva.test.PyMVA_Torch_Classification](https://lcgapp-services.cern.ch/root-jenkins/job/root-pullrequests-build/195933/testReport/projectroot.tmva.pymva/test/PyMVA_Torch_Classification/); - [projectroot.tmva.pymva.test.PyMVA_Torch_Regression](https://lcgapp-services.cern.ch/root-jenkins/job/root-pullrequests-build/195933/testReport/projectroot.tmva.pymva/test/PyMVA_Torch_Regression/); - [projectroot.tmva.pymva.test.PyMVA_Torch_Multiclass](https://lcgapp-services.cern.ch/root-jenkins/job/root-pullrequests-build/195933/testReport/projectroot.tmva.pymva/test/PyMVA_Torch_Multiclass/); - [projectroot.tmva.pymva.test.gtest_tmva_pymva_test_TestRModelParserPyTorch](https://lcgapp-services.cern.ch/root-jenkins/job/root-pullrequests-build/195933/testReport/projectroot.tmva.pymva/test/gtest_tmva_pymva_test_TestRModelParserPyTorch/),MatchSource.ISSUE_COMMENT,root-project,root,v6-32-06,https://github.com/root-project/root/pull/14757#issuecomment-1950216935:263,test,tests,263,https://root.cern,https://github.com/root-project/root/pull/14757#issuecomment-1950216935,13,['test'],"['test', 'testReport', 'tests']"
Testability,Build failed on ROOT-ubuntu2204/nortcxxmod.; Running on root-ubuntu-2204-3.cern.ch:/home/sftnight/build/workspace/root-pullrequests-build; [See console output](https://lcgapp-services.cern.ch/root-jenkins/job/root-pullrequests-build/195953/console).; ### Failing tests:; - [projectroot.tmva.pymva.test.PyMVA_Torch_Regression](https://lcgapp-services.cern.ch/root-jenkins/job/root-pullrequests-build/195953/testReport/projectroot.tmva.pymva/test/PyMVA_Torch_Regression/); - [projectroot.tmva.pymva.test.PyMVA_Torch_Classification](https://lcgapp-services.cern.ch/root-jenkins/job/root-pullrequests-build/195953/testReport/projectroot.tmva.pymva/test/PyMVA_Torch_Classification/); - [projectroot.tmva.pymva.test.PyMVA_Torch_Multiclass](https://lcgapp-services.cern.ch/root-jenkins/job/root-pullrequests-build/195953/testReport/projectroot.tmva.pymva/test/PyMVA_Torch_Multiclass/); - [projectroot.tmva.pymva.test.gtest_tmva_pymva_test_TestRModelParserPyTorch](https://lcgapp-services.cern.ch/root-jenkins/job/root-pullrequests-build/195953/testReport/projectroot.tmva.pymva/test/gtest_tmva_pymva_test_TestRModelParserPyTorch/),MatchSource.ISSUE_COMMENT,root-project,root,v6-32-06,https://github.com/root-project/root/pull/14413#issuecomment-1952193266:263,test,tests,263,https://root.cern,https://github.com/root-project/root/pull/14413#issuecomment-1952193266,13,['test'],"['test', 'testReport', 'tests']"
Testability,Build failed on ROOT-ubuntu2204/nortcxxmod.; Running on root-ubuntu-2204-3.cern.ch:/home/sftnight/build/workspace/root-pullrequests-build; [See console output](https://lcgapp-services.cern.ch/root-jenkins/job/root-pullrequests-build/195968/console).; ### Failing tests:; - [projectroot.tmva.pymva.test.PyMVA_Torch_Classification](https://lcgapp-services.cern.ch/root-jenkins/job/root-pullrequests-build/195968/testReport/projectroot.tmva.pymva/test/PyMVA_Torch_Classification/); - [projectroot.tmva.pymva.test.PyMVA_Torch_Regression](https://lcgapp-services.cern.ch/root-jenkins/job/root-pullrequests-build/195968/testReport/projectroot.tmva.pymva/test/PyMVA_Torch_Regression/); - [projectroot.tmva.pymva.test.PyMVA_Torch_Multiclass](https://lcgapp-services.cern.ch/root-jenkins/job/root-pullrequests-build/195968/testReport/projectroot.tmva.pymva/test/PyMVA_Torch_Multiclass/); - [projectroot.tmva.pymva.test.gtest_tmva_pymva_test_TestRModelParserPyTorch](https://lcgapp-services.cern.ch/root-jenkins/job/root-pullrequests-build/195968/testReport/projectroot.tmva.pymva/test/gtest_tmva_pymva_test_TestRModelParserPyTorch/),MatchSource.ISSUE_COMMENT,root-project,root,v6-32-06,https://github.com/root-project/root/pull/14758#issuecomment-1952315505:263,test,tests,263,https://root.cern,https://github.com/root-project/root/pull/14758#issuecomment-1952315505,13,['test'],"['test', 'testReport', 'tests']"
Testability,Build failed on ROOT-ubuntu2204/nortcxxmod.; Running on root-ubuntu-2204-3.cern.ch:/home/sftnight/build/workspace/root-pullrequests-build; [See console output](https://lcgapp-services.cern.ch/root-jenkins/job/root-pullrequests-build/196018/console).; ### Failing tests:; - [projectroot.tmva.pymva.test.PyMVA_Torch_Classification](https://lcgapp-services.cern.ch/root-jenkins/job/root-pullrequests-build/196018/testReport/projectroot.tmva.pymva/test/PyMVA_Torch_Classification/); - [projectroot.tmva.pymva.test.PyMVA_Torch_Regression](https://lcgapp-services.cern.ch/root-jenkins/job/root-pullrequests-build/196018/testReport/projectroot.tmva.pymva/test/PyMVA_Torch_Regression/); - [projectroot.tmva.pymva.test.PyMVA_Torch_Multiclass](https://lcgapp-services.cern.ch/root-jenkins/job/root-pullrequests-build/196018/testReport/projectroot.tmva.pymva/test/PyMVA_Torch_Multiclass/); - [projectroot.tmva.pymva.test.gtest_tmva_pymva_test_TestRModelParserPyTorch](https://lcgapp-services.cern.ch/root-jenkins/job/root-pullrequests-build/196018/testReport/projectroot.tmva.pymva/test/gtest_tmva_pymva_test_TestRModelParserPyTorch/),MatchSource.ISSUE_COMMENT,root-project,root,v6-32-06,https://github.com/root-project/root/pull/14628#issuecomment-1952880698:263,test,tests,263,https://root.cern,https://github.com/root-project/root/pull/14628#issuecomment-1952880698,13,['test'],"['test', 'testReport', 'tests']"
Testability,Build failed on ROOT-ubuntu2204/nortcxxmod.; Running on root-ubuntu-2204-3.cern.ch:/home/sftnight/build/workspace/root-pullrequests-build; [See console output](https://lcgapp-services.cern.ch/root-jenkins/job/root-pullrequests-build/196058/console).; ### Failing tests:; - [projectroot.tmva.pymva.test.PyMVA_Torch_Classification](https://lcgapp-services.cern.ch/root-jenkins/job/root-pullrequests-build/196058/testReport/projectroot.tmva.pymva/test/PyMVA_Torch_Classification/); - [projectroot.tmva.pymva.test.PyMVA_Torch_Regression](https://lcgapp-services.cern.ch/root-jenkins/job/root-pullrequests-build/196058/testReport/projectroot.tmva.pymva/test/PyMVA_Torch_Regression/); - [projectroot.tmva.pymva.test.PyMVA_Torch_Multiclass](https://lcgapp-services.cern.ch/root-jenkins/job/root-pullrequests-build/196058/testReport/projectroot.tmva.pymva/test/PyMVA_Torch_Multiclass/); - [projectroot.tmva.pymva.test.gtest_tmva_pymva_test_TestRModelParserPyTorch](https://lcgapp-services.cern.ch/root-jenkins/job/root-pullrequests-build/196058/testReport/projectroot.tmva.pymva/test/gtest_tmva_pymva_test_TestRModelParserPyTorch/),MatchSource.ISSUE_COMMENT,root-project,root,v6-32-06,https://github.com/root-project/root/pull/14627#issuecomment-1952949814:263,test,tests,263,https://root.cern,https://github.com/root-project/root/pull/14627#issuecomment-1952949814,13,['test'],"['test', 'testReport', 'tests']"
Testability,Build failed on ROOT-ubuntu2204/nortcxxmod.; Running on root-ubuntu-2204-3.cern.ch:/home/sftnight/build/workspace/root-pullrequests-build; [See console output](https://lcgapp-services.cern.ch/root-jenkins/job/root-pullrequests-build/196138/console).; ### Failing tests:; - [projectroot.tmva.pymva.test.PyMVA_Torch_Classification](https://lcgapp-services.cern.ch/root-jenkins/job/root-pullrequests-build/196138/testReport/projectroot.tmva.pymva/test/PyMVA_Torch_Classification/); - [projectroot.tmva.pymva.test.PyMVA_Torch_Regression](https://lcgapp-services.cern.ch/root-jenkins/job/root-pullrequests-build/196138/testReport/projectroot.tmva.pymva/test/PyMVA_Torch_Regression/); - [projectroot.tmva.pymva.test.PyMVA_Torch_Multiclass](https://lcgapp-services.cern.ch/root-jenkins/job/root-pullrequests-build/196138/testReport/projectroot.tmva.pymva/test/PyMVA_Torch_Multiclass/); - [projectroot.tmva.pymva.test.gtest_tmva_pymva_test_TestRModelParserPyTorch](https://lcgapp-services.cern.ch/root-jenkins/job/root-pullrequests-build/196138/testReport/projectroot.tmva.pymva/test/gtest_tmva_pymva_test_TestRModelParserPyTorch/),MatchSource.ISSUE_COMMENT,root-project,root,v6-32-06,https://github.com/root-project/root/pull/14627#issuecomment-1953959548:263,test,tests,263,https://root.cern,https://github.com/root-project/root/pull/14627#issuecomment-1953959548,13,['test'],"['test', 'testReport', 'tests']"
Testability,Build failed on ROOT-ubuntu2204/nortcxxmod.; Running on root-ubuntu-2204-3.cern.ch:/home/sftnight/build/workspace/root-pullrequests-build; [See console output](https://lcgapp-services.cern.ch/root-jenkins/job/root-pullrequests-build/196218/console).; ### Failing tests:; - [projectroot.tmva.pymva.test.PyMVA_Torch_Classification](https://lcgapp-services.cern.ch/root-jenkins/job/root-pullrequests-build/196218/testReport/projectroot.tmva.pymva/test/PyMVA_Torch_Classification/); - [projectroot.tmva.pymva.test.PyMVA_Torch_Regression](https://lcgapp-services.cern.ch/root-jenkins/job/root-pullrequests-build/196218/testReport/projectroot.tmva.pymva/test/PyMVA_Torch_Regression/); - [projectroot.tmva.pymva.test.PyMVA_Torch_Multiclass](https://lcgapp-services.cern.ch/root-jenkins/job/root-pullrequests-build/196218/testReport/projectroot.tmva.pymva/test/PyMVA_Torch_Multiclass/); - [projectroot.tmva.pymva.test.gtest_tmva_pymva_test_TestRModelParserPyTorch](https://lcgapp-services.cern.ch/root-jenkins/job/root-pullrequests-build/196218/testReport/projectroot.tmva.pymva/test/gtest_tmva_pymva_test_TestRModelParserPyTorch/),MatchSource.ISSUE_COMMENT,root-project,root,v6-32-06,https://github.com/root-project/root/pull/14398#issuecomment-1955079758:263,test,tests,263,https://root.cern,https://github.com/root-project/root/pull/14398#issuecomment-1955079758,13,['test'],"['test', 'testReport', 'tests']"
Testability,Build failed on ROOT-ubuntu2204/nortcxxmod.; Running on root-ubuntu-2204-3.cern.ch:/home/sftnight/build/workspace/root-pullrequests-build; [See console output](https://lcgapp-services.cern.ch/root-jenkins/job/root-pullrequests-build/196354/console).; ### Failing tests:; - [projectroot.roottest.root.tree.readrules.gh-14462.gtesttest_root_tree_readrules_gh_14462_gh14462regression](https://lcgapp-services.cern.ch/root-jenkins/job/root-pullrequests-build/196354/testReport/projectroot.roottest.root.tree.readrules/gh-14462/gtesttest_root_tree_readrules_gh_14462_gh14462regression/); - [projectroot.tmva.pymva.test.PyMVA_Torch_Classification](https://lcgapp-services.cern.ch/root-jenkins/job/root-pullrequests-build/196354/testReport/projectroot.tmva.pymva/test/PyMVA_Torch_Classification/); - [projectroot.tmva.pymva.test.PyMVA_Torch_Regression](https://lcgapp-services.cern.ch/root-jenkins/job/root-pullrequests-build/196354/testReport/projectroot.tmva.pymva/test/PyMVA_Torch_Regression/); - [projectroot.tmva.pymva.test.PyMVA_Torch_Multiclass](https://lcgapp-services.cern.ch/root-jenkins/job/root-pullrequests-build/196354/testReport/projectroot.tmva.pymva/test/PyMVA_Torch_Multiclass/); - [projectroot.tmva.pymva.test.gtest_tmva_pymva_test_TestRModelParserPyTorch](https://lcgapp-services.cern.ch/root-jenkins/job/root-pullrequests-build/196354/testReport/projectroot.tmva.pymva/test/gtest_tmva_pymva_test_TestRModelParserPyTorch/),MatchSource.ISSUE_COMMENT,root-project,root,v6-32-06,https://github.com/root-project/root/pull/14796#issuecomment-1959120345:263,test,tests,263,https://root.cern,https://github.com/root-project/root/pull/14796#issuecomment-1959120345,14,['test'],"['test', 'testReport', 'tests']"
Testability,Build failed on ROOT-ubuntu2204/nortcxxmod.; Running on root-ubuntu-2204-3.cern.ch:/home/sftnight/build/workspace/root-pullrequests-build; [See console output](https://lcgapp-services.cern.ch/root-jenkins/job/root-pullrequests-build/196910/console).; ### Failing tests:; - [projectroot.test.test_stressgraphics_interpreted](https://lcgapp-services.cern.ch/root-jenkins/job/root-pullrequests-build/196910/testReport/projectroot/test/test_stressgraphics_interpreted/),MatchSource.ISSUE_COMMENT,root-project,root,v6-32-06,https://github.com/root-project/root/pull/14841#issuecomment-1968650242:263,test,tests,263,https://root.cern,https://github.com/root-project/root/pull/14841#issuecomment-1968650242,4,['test'],"['test', 'testReport', 'tests']"
Testability,Build failed on ROOT-ubuntu2204/nortcxxmod.; Running on root-ubuntu-2204-3.cern.ch:/home/sftnight/build/workspace/root-pullrequests-build; [See console output](https://lcgapp-services.cern.ch/root-jenkins/job/root-pullrequests-build/197310/console).; ### Failing tests:; - [projectroot.roottest.root.io.transient.base.roottest_root_io_transient_base_hadd_autoload](https://lcgapp-services.cern.ch/root-jenkins/job/root-pullrequests-build/197310/testReport/projectroot.roottest.root.io.transient/base/roottest_root_io_transient_base_hadd_autoload/),MatchSource.ISSUE_COMMENT,root-project,root,v6-32-06,https://github.com/root-project/root/pull/14873#issuecomment-1973700436:263,test,tests,263,https://root.cern,https://github.com/root-project/root/pull/14873#issuecomment-1973700436,2,['test'],"['testReport', 'tests']"
Testability,Build failed on ROOT-ubuntu2204/nortcxxmod.; Running on root-ubuntu-2204-3.cern.ch:/home/sftnight/build/workspace/root-pullrequests-build; [See console output](https://lcgapp-services.cern.ch/root-jenkins/job/root-pullrequests-build/198117/console).; ### Failing tests:; - [projectroot.roofit.roofitcore.test.gtest_roofit_roofitcore_test_testTestStatisticsPlot](https://lcgapp-services.cern.ch/root-jenkins/job/root-pullrequests-build/198117/testReport/projectroot.roofit.roofitcore/test/gtest_roofit_roofitcore_test_testTestStatisticsPlot/); - [projectroot.roottest.root.multicore.roottest_root_multicore_ttree_read_imt](https://lcgapp-services.cern.ch/root-jenkins/job/root-pullrequests-build/198117/testReport/projectroot.roottest.root/multicore/roottest_root_multicore_ttree_read_imt/); - [projectroot.roottest.root.io.customCollection.roottest_root_io_customCollection_make](https://lcgapp-services.cern.ch/root-jenkins/job/root-pullrequests-build/198117/testReport/projectroot.roottest.root.io/customCollection/roottest_root_io_customCollection_make/); - [projectroot.roottest.root.io.emulated.roottest_root_io_emulated_make](https://lcgapp-services.cern.ch/root-jenkins/job/root-pullrequests-build/198117/testReport/projectroot.roottest.root.io/emulated/roottest_root_io_emulated_make/); - [projectroot.roottest.root.io.stdpair.roottest_root_io_stdpair_pairEnumEvo_2_0_1_0](https://lcgapp-services.cern.ch/root-jenkins/job/root-pullrequests-build/198117/testReport/projectroot.roottest.root.io/stdpair/roottest_root_io_stdpair_pairEnumEvo_2_0_1_0/); - [projectroot.roottest.root.io.stdpair.roottest_root_io_stdpair_pairEnumEvo_2_0_1_1](https://lcgapp-services.cern.ch/root-jenkins/job/root-pullrequests-build/198117/testReport/projectroot.roottest.root.io/stdpair/roottest_root_io_stdpair_pairEnumEvo_2_0_1_1/); - [projectroot.roottest.root.io.stdpair.roottest_root_io_stdpair_pairEnumEvo_2_1_1_0](https://lcgapp-services.cern.ch/root-jenkins/job/root-pullrequests-build/198117/testReport/proje,MatchSource.ISSUE_COMMENT,root-project,root,v6-32-06,https://github.com/root-project/root/pull/14930#issuecomment-1989210141:263,test,tests,263,https://root.cern,https://github.com/root-project/root/pull/14930#issuecomment-1989210141,6,['test'],"['test', 'testReport', 'tests']"
Testability,Build failed on ROOT-ubuntu2204/nortcxxmod.; Running on root-ubuntu-2204-3.cern.ch:/home/sftnight/build/workspace/root-pullrequests-build; [See console output](https://lcgapp-services.cern.ch/root-jenkins/job/root-pullrequests-build/198249/console).; ### Failing tests:; - [projectroot.roottest.root.treeformula.retobj.roottest_root_treeformula_retobj_make](https://lcgapp-services.cern.ch/root-jenkins/job/root-pullrequests-build/198249/testReport/projectroot.roottest.root.treeformula/retobj/roottest_root_treeformula_retobj_make/),MatchSource.ISSUE_COMMENT,root-project,root,v6-32-06,https://github.com/root-project/root/pull/14930#issuecomment-1991694812:263,test,tests,263,https://root.cern,https://github.com/root-project/root/pull/14930#issuecomment-1991694812,2,['test'],"['testReport', 'tests']"
Testability,Build failed on ROOT-ubuntu2204/nortcxxmod.; Running on root-ubuntu-2204-3.cern.ch:/home/sftnight/build/workspace/root-pullrequests-build; [See console output](https://lcgapp-services.cern.ch/root-jenkins/job/root-pullrequests-build/198971/console).; ### Failing tests:; - [projectroot.bindings.pyroot.pythonizations.test.pyunittests_pyroot_pyz_array_interface](https://lcgapp-services.cern.ch/root-jenkins/job/root-pullrequests-build/198971/testReport/projectroot.bindings.pyroot.pythonizations/test/pyunittests_pyroot_pyz_array_interface/); - [projectroot.bindings.pyroot.pythonizations.test.pyunittests_pyroot_pyz_rvec_asrvec](https://lcgapp-services.cern.ch/root-jenkins/job/root-pullrequests-build/198971/testReport/projectroot.bindings.pyroot.pythonizations/test/pyunittests_pyroot_pyz_rvec_asrvec/); - [projectroot.bindings.pyroot.pythonizations.test.pyunittests_pyroot_pyz_rtensor](https://lcgapp-services.cern.ch/root-jenkins/job/root-pullrequests-build/198971/testReport/projectroot.bindings.pyroot.pythonizations/test/pyunittests_pyroot_pyz_rtensor/); - [projectroot.bindings.pyroot.pythonizations.test.pyunittests_pyroot_pyz_rdataframe_asnumpy](https://lcgapp-services.cern.ch/root-jenkins/job/root-pullrequests-build/198971/testReport/projectroot.bindings.pyroot.pythonizations/test/pyunittests_pyroot_pyz_rdataframe_asnumpy/); - [projectroot.roottest.python.distrdf.spark.roottest_python_distrdf_spark_test_all](https://lcgapp-services.cern.ch/root-jenkins/job/root-pullrequests-build/198971/testReport/projectroot.roottest.python.distrdf/spark/roottest_python_distrdf_spark_test_all/),MatchSource.ISSUE_COMMENT,root-project,root,v6-32-06,https://github.com/root-project/root/pull/15014#issuecomment-2007515691:263,test,tests,263,https://root.cern,https://github.com/root-project/root/pull/15014#issuecomment-2007515691,14,['test'],"['test', 'testReport', 'tests']"
Testability,Build failed on ROOT-ubuntu2204/nortcxxmod.; Running on root-ubuntu-2204-3.cern.ch:/home/sftnight/build/workspace/root-pullrequests-build; [See console output](https://lcgapp-services.cern.ch/root-jenkins/job/root-pullrequests-build/199222/console).; ### Errors:; - [2024-03-22T16:25:30.150Z] CMake Error at tree/ntuple/v7/test/CMakeLists.txt:49 (configure_file): ; - [2024-03-22T16:25:34.296Z] CMake Error at /home/sftnight/build/workspace/root-pullrequests-build/rootspi/jenkins/root-build.cmake:1204 (message):,MatchSource.ISSUE_COMMENT,root-project,root,v6-32-06,https://github.com/root-project/root/pull/14728#issuecomment-2015454754:323,test,test,323,https://root.cern,https://github.com/root-project/root/pull/14728#issuecomment-2015454754,1,['test'],['test']
Testability,Build failed on ROOT-ubuntu2204/nortcxxmod.; Running on root-ubuntu-2204-3.cern.ch:/home/sftnight/build/workspace/root-pullrequests-build; [See console output](https://lcgapp-services.cern.ch/root-jenkins/job/root-pullrequests-build/199623/console).; ### Errors:; - [2024-03-28T12:16:38.961Z] /home/sftnight/build/workspace/root-pullrequests-build/root/io/io/test/TFileMergerTests.cxx:76:21: error: expected type-specifier before ‘TH1F’ ; - [2024-03-28T12:16:38.961Z] /home/sftnight/build/workspace/root-pullrequests-build/root/io/io/test/TFileMergerTests.cxx:77:21: error: expected type-specifier before ‘TH1F’ ; - [2024-03-28T12:16:38.961Z] /home/sftnight/build/workspace/root-pullrequests-build/root/io/io/test/TFileMergerTests.cxx:78:21: error: expected type-specifier before ‘TH1F’ ; - [2024-03-28T12:16:38.961Z] /home/sftnight/build/workspace/root-pullrequests-build/root/io/io/test/TFileMergerTests.cxx:79:21: error: expected type-specifier before ‘TH1F’,MatchSource.ISSUE_COMMENT,root-project,root,v6-32-06,https://github.com/root-project/root/pull/15071#issuecomment-2025051809:359,test,test,359,https://root.cern,https://github.com/root-project/root/pull/15071#issuecomment-2025051809,4,['test'],['test']
Testability,Build failed on ROOT-ubuntu2204/nortcxxmod.; Running on root-ubuntu-2204-3.cern.ch:/home/sftnight/build/workspace/root-pullrequests-build; [See console output](https://lcgapp-services.cern.ch/root-jenkins/job/root-pullrequests-build/199668/console).; ### Failing tests:; - [projectroot.roottest.python.distrdf.backends.roottest_python_distrdf_backends_test_all](https://lcgapp-services.cern.ch/root-jenkins/job/root-pullrequests-build/199668/testReport/projectroot.roottest.python.distrdf/backends/roottest_python_distrdf_backends_test_all/),MatchSource.ISSUE_COMMENT,root-project,root,v6-32-06,https://github.com/root-project/root/pull/15089#issuecomment-2025716640:263,test,tests,263,https://root.cern,https://github.com/root-project/root/pull/15089#issuecomment-2025716640,2,['test'],"['testReport', 'tests']"
Testability,Build failed on ROOT-ubuntu2204/nortcxxmod.; Running on root-ubuntu-2204-3.cern.ch:/home/sftnight/build/workspace/root-pullrequests-build; [See console output](https://lcgapp-services.cern.ch/root-jenkins/job/root-pullrequests-build/199688/console).; ### Failing tests:; - [projectroot.roottest.python.distrdf.backends.roottest_python_distrdf_backends_test_all](https://lcgapp-services.cern.ch/root-jenkins/job/root-pullrequests-build/199688/testReport/projectroot.roottest.python.distrdf/backends/roottest_python_distrdf_backends_test_all/),MatchSource.ISSUE_COMMENT,root-project,root,v6-32-06,https://github.com/root-project/root/pull/14792#issuecomment-2026323288:263,test,tests,263,https://root.cern,https://github.com/root-project/root/pull/14792#issuecomment-2026323288,2,['test'],"['testReport', 'tests']"
Testability,Build failed on ROOT-ubuntu2204/nortcxxmod.; Running on root-ubuntu-2204-3.cern.ch:/home/sftnight/build/workspace/root-pullrequests-build; [See console output](https://lcgapp-services.cern.ch/root-jenkins/job/root-pullrequests-build/199703/console).; ### Failing tests:; - [projectroot.roottest.python.distrdf.backends.roottest_python_distrdf_backends_test_all](https://lcgapp-services.cern.ch/root-jenkins/job/root-pullrequests-build/199703/testReport/projectroot.roottest.python.distrdf/backends/roottest_python_distrdf_backends_test_all/),MatchSource.ISSUE_COMMENT,root-project,root,v6-32-06,https://github.com/root-project/root/pull/14792#issuecomment-2026457678:263,test,tests,263,https://root.cern,https://github.com/root-project/root/pull/14792#issuecomment-2026457678,2,['test'],"['testReport', 'tests']"
Testability,Build failed on ROOT-ubuntu2204/nortcxxmod.; Running on root-ubuntu-2204-3.cern.ch:/home/sftnight/build/workspace/root-pullrequests-build; [See console output](https://lcgapp-services.cern.ch/root-jenkins/job/root-pullrequests-build/199718/console).; ### Failing tests:; - [projectroot.roottest.python.distrdf.backends.roottest_python_distrdf_backends_test_all](https://lcgapp-services.cern.ch/root-jenkins/job/root-pullrequests-build/199718/testReport/projectroot.roottest.python.distrdf/backends/roottest_python_distrdf_backends_test_all/),MatchSource.ISSUE_COMMENT,root-project,root,v6-32-06,https://github.com/root-project/root/pull/15095#issuecomment-2028009197:263,test,tests,263,https://root.cern,https://github.com/root-project/root/pull/15095#issuecomment-2028009197,2,['test'],"['testReport', 'tests']"
Testability,Build failed on ROOT-ubuntu2204/nortcxxmod.; Running on root-ubuntu-2204-3.cern.ch:/home/sftnight/build/workspace/root-pullrequests-build; [See console output](https://lcgapp-services.cern.ch/root-jenkins/job/root-pullrequests-build/199748/console).; ### Failing tests:; - [projectroot.roottest.python.distrdf.backends.roottest_python_distrdf_backends_test_all](https://lcgapp-services.cern.ch/root-jenkins/job/root-pullrequests-build/199748/testReport/projectroot.roottest.python.distrdf/backends/roottest_python_distrdf_backends_test_all/),MatchSource.ISSUE_COMMENT,root-project,root,v6-32-06,https://github.com/root-project/root/pull/15106#issuecomment-2031860503:263,test,tests,263,https://root.cern,https://github.com/root-project/root/pull/15106#issuecomment-2031860503,2,['test'],"['testReport', 'tests']"
Testability,Build failed on ROOT-ubuntu2204/nortcxxmod.; Running on root-ubuntu-2204-3.cern.ch:/home/sftnight/build/workspace/root-pullrequests-build; [See console output](https://lcgapp-services.cern.ch/root-jenkins/job/root-pullrequests-build/199763/console).; ### Failing tests:; - [projectroot.roottest.python.distrdf.backends.roottest_python_distrdf_backends_test_all](https://lcgapp-services.cern.ch/root-jenkins/job/root-pullrequests-build/199763/testReport/projectroot.roottest.python.distrdf/backends/roottest_python_distrdf_backends_test_all/),MatchSource.ISSUE_COMMENT,root-project,root,v6-32-06,https://github.com/root-project/root/pull/14907#issuecomment-2031978325:263,test,tests,263,https://root.cern,https://github.com/root-project/root/pull/14907#issuecomment-2031978325,2,['test'],"['testReport', 'tests']"
Testability,Build failed on ROOT-ubuntu2204/nortcxxmod.; Running on root-ubuntu-2204-3.cern.ch:/home/sftnight/build/workspace/root-pullrequests-build; [See console output](https://lcgapp-services.cern.ch/root-jenkins/job/root-pullrequests-build/199808/console).; ### Failing tests:; - [projectroot.roottest.python.distrdf.backends.roottest_python_distrdf_backends_test_all](https://lcgapp-services.cern.ch/root-jenkins/job/root-pullrequests-build/199808/testReport/projectroot.roottest.python.distrdf/backends/roottest_python_distrdf_backends_test_all/); - [projectroot.tree.ntuple.v7.test.gtest_tree_ntuple_v7_test_rfield_unsplit](https://lcgapp-services.cern.ch/root-jenkins/job/root-pullrequests-build/199808/testReport/projectroot.tree.ntuple.v7/test/gtest_tree_ntuple_v7_test_rfield_unsplit/),MatchSource.ISSUE_COMMENT,root-project,root,v6-32-06,https://github.com/root-project/root/pull/14728#issuecomment-2032341718:263,test,tests,263,https://root.cern,https://github.com/root-project/root/pull/14728#issuecomment-2032341718,5,['test'],"['test', 'testReport', 'tests']"
Testability,Build failed on ROOT-ubuntu2204/nortcxxmod.; Running on root-ubuntu-2204-3.cern.ch:/home/sftnight/build/workspace/root-pullrequests-build; [See console output](https://lcgapp-services.cern.ch/root-jenkins/job/root-pullrequests-build/199838/console).; ### Failing tests:; - [projectroot.runtutorials.tutorial_tmva_pytorch_ClassificationPyTorch_py](https://lcgapp-services.cern.ch/root-jenkins/job/root-pullrequests-build/199838/testReport/projectroot/runtutorials/tutorial_tmva_pytorch_ClassificationPyTorch_py/); - [projectroot.runtutorials.tutorial_tmva_pytorch_ApplicationClassificationPyTorch_py](https://lcgapp-services.cern.ch/root-jenkins/job/root-pullrequests-build/199838/testReport/projectroot/runtutorials/tutorial_tmva_pytorch_ApplicationClassificationPyTorch_py/); - [projectroot.runtutorials.tutorial_tmva_pytorch_RegressionPyTorch_py](https://lcgapp-services.cern.ch/root-jenkins/job/root-pullrequests-build/199838/testReport/projectroot/runtutorials/tutorial_tmva_pytorch_RegressionPyTorch_py/); - [projectroot.runtutorials.tutorial_tmva_pytorch_ApplicationRegressionPyTorch_py](https://lcgapp-services.cern.ch/root-jenkins/job/root-pullrequests-build/199838/testReport/projectroot/runtutorials/tutorial_tmva_pytorch_ApplicationRegressionPyTorch_py/); - [projectroot.runtutorials.tutorial_tmva_pytorch_MulticlassPyTorch_py](https://lcgapp-services.cern.ch/root-jenkins/job/root-pullrequests-build/199838/testReport/projectroot/runtutorials/tutorial_tmva_pytorch_MulticlassPyTorch_py/); - [projectroot.runtutorials.tutorial_tmva_TMVA_CNN_Classification_py](https://lcgapp-services.cern.ch/root-jenkins/job/root-pullrequests-build/199838/testReport/projectroot/runtutorials/tutorial_tmva_TMVA_CNN_Classification_py/); - [projectroot.roottest.python.distrdf.backends.roottest_python_distrdf_backends_test_all](https://lcgapp-services.cern.ch/root-jenkins/job/root-pullrequests-build/199838/testReport/projectroot.roottest.python.distrdf/backends/roottest_python_distrdf_backends_test_all/),MatchSource.ISSUE_COMMENT,root-project,root,v6-32-06,https://github.com/root-project/root/pull/15113#issuecomment-2033109866:263,test,tests,263,https://root.cern,https://github.com/root-project/root/pull/15113#issuecomment-2033109866,4,['test'],"['testReport', 'tests']"
Testability,Build failed on ROOT-ubuntu2204/nortcxxmod.; Running on root-ubuntu-2204-3.cern.ch:/home/sftnight/build/workspace/root-pullrequests-build; [See console output](https://lcgapp-services.cern.ch/root-jenkins/job/root-pullrequests-build/199858/console).; ### Failing tests:; - [projectroot.roottest.python.distrdf.backends.roottest_python_distrdf_backends_test_all](https://lcgapp-services.cern.ch/root-jenkins/job/root-pullrequests-build/199858/testReport/projectroot.roottest.python.distrdf/backends/roottest_python_distrdf_backends_test_all/),MatchSource.ISSUE_COMMENT,root-project,root,v6-32-06,https://github.com/root-project/root/pull/15116#issuecomment-2034047323:263,test,tests,263,https://root.cern,https://github.com/root-project/root/pull/15116#issuecomment-2034047323,2,['test'],"['testReport', 'tests']"
Testability,Build failed on ROOT-ubuntu2204/nortcxxmod.; Running on root-ubuntu-2204-3.cern.ch:/home/sftnight/build/workspace/root-pullrequests-build; [See console output](https://lcgapp-services.cern.ch/root-jenkins/job/root-pullrequests-build/199888/console).; ### Failing tests:; - [projectroot.roottest.python.distrdf.backends.roottest_python_distrdf_backends_test_all](https://lcgapp-services.cern.ch/root-jenkins/job/root-pullrequests-build/199888/testReport/projectroot.roottest.python.distrdf/backends/roottest_python_distrdf_backends_test_all/); - [projectroot.roottest.python.basic.roottest_python_basic_datatype](https://lcgapp-services.cern.ch/root-jenkins/job/root-pullrequests-build/199888/testReport/projectroot.roottest.python/basic/roottest_python_basic_datatype/); - [projectroot.roottest.python.cpp.roottest_python_cpp_cpp11](https://lcgapp-services.cern.ch/root-jenkins/job/root-pullrequests-build/199888/testReport/projectroot.roottest.python/cpp/roottest_python_cpp_cpp11/),MatchSource.ISSUE_COMMENT,root-project,root,v6-32-06,https://github.com/root-project/root/pull/15122#issuecomment-2035410354:263,test,tests,263,https://root.cern,https://github.com/root-project/root/pull/15122#issuecomment-2035410354,4,['test'],"['testReport', 'tests']"
Testability,Build failed on centos7/clang39.; [See console output](https://epsft-jenkins.cern.ch/job/root-pullrequests-build/28155/console).; ### Failing tests:; - [projectroot.roottest.root.io.tuple.roottest_root_io_tuple_make](https://epsft-jenkins.cern.ch/job/root-pullrequests-build/28155/testReport/projectroot.roottest.root.io/tuple/roottest_root_io_tuple_make/),MatchSource.ISSUE_COMMENT,root-project,root,v6-32-06,https://github.com/root-project/root/pull/2112#issuecomment-392928475:142,test,tests,142,https://root.cern,https://github.com/root-project/root/pull/2112#issuecomment-392928475,2,['test'],"['testReport', 'tests']"
Testability,Build failed on centos7/clang39.; [See console output](https://epsft-jenkins.cern.ch/job/root-pullrequests-build/28205/console).; ### Failing tests:; - [projectroot.roottest.root.io.uniquePointer.roottest_root_io_uniquePointer_simpleWriteRead](https://epsft-jenkins.cern.ch/job/root-pullrequests-build/28205/testReport/projectroot.roottest.root.io/uniquePointer/roottest_root_io_uniquePointer_simpleWriteRead/); - [projectroot.roottest.root.io.uniquePointer.roottest_root_io_uniquePointer_simpleRead](https://epsft-jenkins.cern.ch/job/root-pullrequests-build/28205/testReport/projectroot.roottest.root.io/uniquePointer/roottest_root_io_uniquePointer_simpleRead/),MatchSource.ISSUE_COMMENT,root-project,root,v6-32-06,https://github.com/root-project/root/pull/2112#issuecomment-393118897:142,test,tests,142,https://root.cern,https://github.com/root-project/root/pull/2112#issuecomment-393118897,3,['test'],"['testReport', 'tests']"
Testability,Build failed on centos7/clang39.; [See console output](https://epsft-jenkins.cern.ch/job/root-pullrequests-build/28235/console).; ### Failing tests:; - [projectroot.test.test_stressmathcore](https://epsft-jenkins.cern.ch/job/root-pullrequests-build/28235/testReport/projectroot/test/test_stressmathcore/); - [projectroot.math.mathcore.test.gtest_math_mathcore_test_stressMathCoreUnit](https://epsft-jenkins.cern.ch/job/root-pullrequests-build/28235/testReport/projectroot.math.mathcore/test/gtest_math_mathcore_test_stressMathCoreUnit/); - [projectroot.test.test_stressmathcore_interpreted](https://epsft-jenkins.cern.ch/job/root-pullrequests-build/28235/testReport/projectroot/test/test_stressmathcore_interpreted/); - [projectroot.roottest.root.tree.fastcloning.roottest_root_tree_fastcloning_make](https://epsft-jenkins.cern.ch/job/root-pullrequests-build/28235/testReport/projectroot.roottest.root.tree/fastcloning/roottest_root_tree_fastcloning_make/),MatchSource.ISSUE_COMMENT,root-project,root,v6-32-06,https://github.com/root-project/root/pull/2078#issuecomment-393161878:142,test,tests,142,https://root.cern,https://github.com/root-project/root/pull/2078#issuecomment-393161878,11,['test'],"['test', 'testReport', 'tests']"
Testability,Build failed on centos7/clang39.; [See console output](https://epsft-jenkins.cern.ch/job/root-pullrequests-build/28265/console).; ### Failing tests:; - [projectroot.roottest.root.tree.fastcloning.roottest_root_tree_fastcloning_make](https://epsft-jenkins.cern.ch/job/root-pullrequests-build/28265/testReport/projectroot.roottest.root.tree/fastcloning/roottest_root_tree_fastcloning_make/),MatchSource.ISSUE_COMMENT,root-project,root,v6-32-06,https://github.com/root-project/root/pull/2078#issuecomment-393219030:142,test,tests,142,https://root.cern,https://github.com/root-project/root/pull/2078#issuecomment-393219030,2,['test'],"['testReport', 'tests']"
Testability,Build failed on centos7/clang39.; [See console output](https://epsft-jenkins.cern.ch/job/root-pullrequests-build/28355/console).; ### Failing tests:; - [projectroot.roottest.cling.parsing.roottest_cling_parsing_TTestClass_h_build](https://epsft-jenkins.cern.ch/job/root-pullrequests-build/28355/testReport/projectroot.roottest.cling/parsing/roottest_cling_parsing_TTestClass_h_build/); - [projectroot.roottest.root.meta.genreflex.roottest_root_meta_genreflex_escapedQuotesWriteTree](https://epsft-jenkins.cern.ch/job/root-pullrequests-build/28355/testReport/projectroot.roottest.root.meta/genreflex/roottest_root_meta_genreflex_escapedQuotesWriteTree/); - [projectroot.roottest.cling.parsing.roottest_cling_parsing_runTTestClass](https://epsft-jenkins.cern.ch/job/root-pullrequests-build/28355/testReport/projectroot.roottest.cling/parsing/roottest_cling_parsing_runTTestClass/); - [projectroot.roottest.root.aclic.load.roottest_root_aclic_load_autoloadNamespace](https://epsft-jenkins.cern.ch/job/root-pullrequests-build/28355/testReport/projectroot.roottest.root.aclic/load/roottest_root_aclic_load_autoloadNamespace/); - [projectroot.roottest.root.dataframe.roottest_root_dataframe_test_readFcc](https://epsft-jenkins.cern.ch/job/root-pullrequests-build/28355/testReport/projectroot.roottest.root/dataframe/roottest_root_dataframe_test_readFcc/); - [projectroot.roottest.root.io.cpp11Containers.roottest_root_io_cpp11Containers_unorderedSet](https://epsft-jenkins.cern.ch/job/root-pullrequests-build/28355/testReport/projectroot.roottest.root.io/cpp11Containers/roottest_root_io_cpp11Containers_unorderedSet/); - [projectroot.roottest.root.meta.genreflex.roottest_root_meta_genreflex_escapedQuotesreadTree](https://epsft-jenkins.cern.ch/job/root-pullrequests-build/28355/testReport/projectroot.roottest.root.meta/genreflex/roottest_root_meta_genreflex_escapedQuotesreadTree/); - [projectroot.roottest.root.meta.tclass.roottest_root_meta_tclass_execReadTmplt](https://epsft-jenkins.cern.ch/job/root-,MatchSource.ISSUE_COMMENT,root-project,root,v6-32-06,https://github.com/root-project/root/pull/2116#issuecomment-393498240:142,test,tests,142,https://root.cern,https://github.com/root-project/root/pull/2116#issuecomment-393498240,4,['test'],"['testReport', 'tests']"
Testability,Build failed on centos7/clang39.; [See console output](https://epsft-jenkins.cern.ch/job/root-pullrequests-build/28395/console).; ### Failing tests:; - [projectroot.roottest.root.io.stdarray.roottest_root_io_stdarray_modelReadDictTXMLFile](https://epsft-jenkins.cern.ch/job/root-pullrequests-build/28395/testReport/projectroot.roottest.root.io/stdarray/roottest_root_io_stdarray_modelReadDictTXMLFile/); - [projectroot.roottest.root.io.xml.roottest_root_io_xml_make](https://epsft-jenkins.cern.ch/job/root-pullrequests-build/28395/testReport/projectroot.roottest.root.io/xml/roottest_root_io_xml_make/); - [projectroot.roottest.root.meta.iotypeioname.roottest_root_meta_iotypeioname_execionameiotype_auto](https://epsft-jenkins.cern.ch/job/root-pullrequests-build/28395/testReport/projectroot.roottest.root.meta/iotypeioname/roottest_root_meta_iotypeioname_execionameiotype_auto/),MatchSource.ISSUE_COMMENT,root-project,root,v6-32-06,https://github.com/root-project/root/pull/2121#issuecomment-393622486:142,test,tests,142,https://root.cern,https://github.com/root-project/root/pull/2121#issuecomment-393622486,4,['test'],"['testReport', 'tests']"
Testability,Build failed on centos7/clang39.; [See console output](https://epsft-jenkins.cern.ch/job/root-pullrequests-build/28425/console).; ### Failing tests:; - [projectroot.roottest.root.io.stdarray.roottest_root_io_stdarray_modelReadDictTXMLFile](https://epsft-jenkins.cern.ch/job/root-pullrequests-build/28425/testReport/projectroot.roottest.root.io/stdarray/roottest_root_io_stdarray_modelReadDictTXMLFile/); - [projectroot.roottest.root.io.xml.roottest_root_io_xml_make](https://epsft-jenkins.cern.ch/job/root-pullrequests-build/28425/testReport/projectroot.roottest.root.io/xml/roottest_root_io_xml_make/); - [projectroot.roottest.root.meta.iotypeioname.roottest_root_meta_iotypeioname_execionameiotype_auto](https://epsft-jenkins.cern.ch/job/root-pullrequests-build/28425/testReport/projectroot.roottest.root.meta/iotypeioname/roottest_root_meta_iotypeioname_execionameiotype_auto/),MatchSource.ISSUE_COMMENT,root-project,root,v6-32-06,https://github.com/root-project/root/pull/2121#issuecomment-393661070:142,test,tests,142,https://root.cern,https://github.com/root-project/root/pull/2121#issuecomment-393661070,4,['test'],"['testReport', 'tests']"
Testability,Build failed on centos7/clang39.; [See console output](https://epsft-jenkins.cern.ch/job/root-pullrequests-build/28465/console).; ### Failing tests:; - [projectroot.roottest.root.tree.fastcloning.roottest_root_tree_fastcloning_make](https://epsft-jenkins.cern.ch/job/root-pullrequests-build/28465/testReport/projectroot.roottest.root.tree/fastcloning/roottest_root_tree_fastcloning_make/),MatchSource.ISSUE_COMMENT,root-project,root,v6-32-06,https://github.com/root-project/root/pull/2125#issuecomment-393792590:142,test,tests,142,https://root.cern,https://github.com/root-project/root/pull/2125#issuecomment-393792590,2,['test'],"['testReport', 'tests']"
Testability,Build failed on centos7/clang39.; [See console output](https://epsft-jenkins.cern.ch/job/root-pullrequests-build/28475/console).; ### Failing tests:; - [projectroot.roottest.root.multicore.roottest_root_multicore_ttree_read](https://epsft-jenkins.cern.ch/job/root-pullrequests-build/28475/testReport/projectroot.roottest.root/multicore/roottest_root_multicore_ttree_read/); - [projectroot.roottest.root.multicore.roottest_root_multicore_processExecutorH1Test](https://epsft-jenkins.cern.ch/job/root-pullrequests-build/28475/testReport/projectroot.roottest.root/multicore/roottest_root_multicore_processExecutorH1Test/); - [projectroot.roottest.root.multicore.roottest_root_multicore_tp_process_imt](https://epsft-jenkins.cern.ch/job/root-pullrequests-build/28475/testReport/projectroot.roottest.root/multicore/roottest_root_multicore_tp_process_imt/),MatchSource.ISSUE_COMMENT,root-project,root,v6-32-06,https://github.com/root-project/root/pull/2121#issuecomment-393834879:142,test,tests,142,https://root.cern,https://github.com/root-project/root/pull/2121#issuecomment-393834879,4,['test'],"['testReport', 'tests']"
Testability,Build failed on centos7/clang39.; [See console output](https://epsft-jenkins.cern.ch/job/root-pullrequests-build/28495/console).; ### Failing tests:; - [projectroot.roottest.root.multicore.roottest_root_multicore_processExecutor_build](https://epsft-jenkins.cern.ch/job/root-pullrequests-build/28495/testReport/projectroot.roottest.root/multicore/roottest_root_multicore_processExecutor_build/); - [projectroot.roottest.root.multicore.roottest_root_multicore_tclass_methods_libgen_build](https://epsft-jenkins.cern.ch/job/root-pullrequests-build/28495/testReport/projectroot.roottest.root/multicore/roottest_root_multicore_tclass_methods_libgen_build/); - [projectroot.roottest.root.multicore.roottest_root_multicore_ttree_read_build](https://epsft-jenkins.cern.ch/job/root-pullrequests-build/28495/testReport/projectroot.roottest.root/multicore/roottest_root_multicore_ttree_read_build/); - [projectroot.roottest.root.multicore.roottest_root_multicore_th1f_fill_build](https://epsft-jenkins.cern.ch/job/root-pullrequests-build/28495/testReport/projectroot.roottest.root/multicore/roottest_root_multicore_th1f_fill_build/); - [projectroot.roottest.root.multicore.roottest_root_multicore_tsenums_libgen_build](https://epsft-jenkins.cern.ch/job/root-pullrequests-build/28495/testReport/projectroot.roottest.root/multicore/roottest_root_multicore_tsenums_libgen_build/); - [projectroot.roottest.root.multicore.roottest_root_multicore_ttree_read_imt_build](https://epsft-jenkins.cern.ch/job/root-pullrequests-build/28495/testReport/projectroot.roottest.root/multicore/roottest_root_multicore_ttree_read_imt_build/); - [projectroot.roottest.root.multicore.roottest_root_multicore_ttree_write_imt_build](https://epsft-jenkins.cern.ch/job/root-pullrequests-build/28495/testReport/projectroot.roottest.root/multicore/roottest_root_multicore_ttree_write_imt_build/); - [projectroot.roottest.root.multicore.roottest_root_multicore_tp_process_imt_build](https://epsft-jenkins.cern.ch/job/root-pullrequests-build/,MatchSource.ISSUE_COMMENT,root-project,root,v6-32-06,https://github.com/root-project/root/pull/2126#issuecomment-393840400:142,test,tests,142,https://root.cern,https://github.com/root-project/root/pull/2126#issuecomment-393840400,4,['test'],"['testReport', 'tests']"
Testability,Build failed on centos7/clang39.; [See console output](https://epsft-jenkins.cern.ch/job/root-pullrequests-build/28556/console).; ### Failing tests:; - [projectroot.roottest.root.multicore.roottest_root_multicore_processExecutorH1Test](https://epsft-jenkins.cern.ch/job/root-pullrequests-build/28556/testReport/projectroot.roottest.root/multicore/roottest_root_multicore_processExecutorH1Test/); - [projectroot.roottest.root.multicore.roottest_root_multicore_tp_process_imt](https://epsft-jenkins.cern.ch/job/root-pullrequests-build/28556/testReport/projectroot.roottest.root/multicore/roottest_root_multicore_tp_process_imt/),MatchSource.ISSUE_COMMENT,root-project,root,v6-32-06,https://github.com/root-project/root/pull/2128#issuecomment-393908500:142,test,tests,142,https://root.cern,https://github.com/root-project/root/pull/2128#issuecomment-393908500,3,['test'],"['testReport', 'tests']"
Testability,Build failed on centos7/clang39.; [See console output](https://epsft-jenkins.cern.ch/job/root-pullrequests-build/28656/console).; ### Failing tests:; - [projectroot.roottest.python.cmdLineUtils.roottest_python_cmdLineUtils_SimpleRootrm1PrepareInput](https://epsft-jenkins.cern.ch/job/root-pullrequests-build/28656/testReport/projectroot.roottest.python/cmdLineUtils/roottest_python_cmdLineUtils_SimpleRootrm1PrepareInput/); - [projectroot.roottest.python.cmdLineUtils.roottest_python_cmdLineUtils_SimpleRootrm2PrepareInput](https://epsft-jenkins.cern.ch/job/root-pullrequests-build/28656/testReport/projectroot.roottest.python/cmdLineUtils/roottest_python_cmdLineUtils_SimpleRootrm2PrepareInput/); - [projectroot.roottest.python.cmdLineUtils.roottest_python_cmdLineUtils_SimpleRootrm3PrepareInput](https://epsft-jenkins.cern.ch/job/root-pullrequests-build/28656/testReport/projectroot.roottest.python/cmdLineUtils/roottest_python_cmdLineUtils_SimpleRootrm3PrepareInput/); - [projectroot.roottest.python.cmdLineUtils.roottest_python_cmdLineUtils_SimpleRootmkdir1PrepareInput](https://epsft-jenkins.cern.ch/job/root-pullrequests-build/28656/testReport/projectroot.roottest.python/cmdLineUtils/roottest_python_cmdLineUtils_SimpleRootmkdir1PrepareInput/); - [projectroot.roottest.python.cmdLineUtils.roottest_python_cmdLineUtils_SimpleRootmkdir2PrepareInput](https://epsft-jenkins.cern.ch/job/root-pullrequests-build/28656/testReport/projectroot.roottest.python/cmdLineUtils/roottest_python_cmdLineUtils_SimpleRootmkdir2PrepareInput/); - [projectroot.roottest.python.cmdLineUtils.roottest_python_cmdLineUtils_SimpleRootmkdir3PrepareInput](https://epsft-jenkins.cern.ch/job/root-pullrequests-build/28656/testReport/projectroot.roottest.python/cmdLineUtils/roottest_python_cmdLineUtils_SimpleRootmkdir3PrepareInput/); - [projectroot.roottest.python.cmdLineUtils.roottest_python_cmdLineUtils_SimpleRootcp1PrepareInput](https://epsft-jenkins.cern.ch/job/root-pullrequests-build/28656/testReport/projectroot.ro,MatchSource.ISSUE_COMMENT,root-project,root,v6-32-06,https://github.com/root-project/root/pull/2121#issuecomment-394164175:142,test,tests,142,https://root.cern,https://github.com/root-project/root/pull/2121#issuecomment-394164175,4,['test'],"['testReport', 'tests']"
Testability,Build failed on centos7/clang39.; [See console output](https://epsft-jenkins.cern.ch/job/root-pullrequests-build/28696/console).; ### Failing tests:; - [projectroot.roottest.root.tree.fastcloning.roottest_root_tree_fastcloning_make](https://epsft-jenkins.cern.ch/job/root-pullrequests-build/28696/testReport/projectroot.roottest.root.tree/fastcloning/roottest_root_tree_fastcloning_make/),MatchSource.ISSUE_COMMENT,root-project,root,v6-32-06,https://github.com/root-project/root/pull/2116#issuecomment-394302322:142,test,tests,142,https://root.cern,https://github.com/root-project/root/pull/2116#issuecomment-394302322,2,['test'],"['testReport', 'tests']"
Testability,Build failed on centos7/clang39.; [See console output](https://epsft-jenkins.cern.ch/job/root-pullrequests-build/28706/console).; ### Failing tests:; - [projectroot.roottest.root.tree.fastcloning.roottest_root_tree_fastcloning_make](https://epsft-jenkins.cern.ch/job/root-pullrequests-build/28706/testReport/projectroot.roottest.root.tree/fastcloning/roottest_root_tree_fastcloning_make/),MatchSource.ISSUE_COMMENT,root-project,root,v6-32-06,https://github.com/root-project/root/pull/2135#issuecomment-394306522:142,test,tests,142,https://root.cern,https://github.com/root-project/root/pull/2135#issuecomment-394306522,2,['test'],"['testReport', 'tests']"
Testability,Build failed on centos7/clang39.; [See console output](https://epsft-jenkins.cern.ch/job/root-pullrequests-build/28796/console).; ### Failing tests:; - [projectroot.roottest.root.dataframe.roottest_root_dataframe_writeFcc](https://epsft-jenkins.cern.ch/job/root-pullrequests-build/28796/testReport/projectroot.roottest.root/dataframe/roottest_root_dataframe_writeFcc/); - [projectroot.roottest.root.dataframe.roottest_root_dataframe_templateRecursionLimit](https://epsft-jenkins.cern.ch/job/root-pullrequests-build/28796/testReport/projectroot.roottest.root/dataframe/roottest_root_dataframe_templateRecursionLimit/); - [projectroot.roottest.root.dataframe.roottest_root_dataframe_test_snapshotNFiles](https://epsft-jenkins.cern.ch/job/root-pullrequests-build/28796/testReport/projectroot.roottest.root/dataframe/roottest_root_dataframe_test_snapshotNFiles/); - [projectroot.roottest.root.dataframe.roottest_root_dataframe_missingBranches](https://epsft-jenkins.cern.ch/job/root-pullrequests-build/28796/testReport/projectroot.roottest.root/dataframe/roottest_root_dataframe_missingBranches/); - [projectroot.roottest.root.dataframe.roottest_root_dataframe_test_listFilesCtor](https://epsft-jenkins.cern.ch/job/root-pullrequests-build/28796/testReport/projectroot.roottest.root/dataframe/roottest_root_dataframe_test_listFilesCtor/); - [projectroot.roottest.root.dataframe.roottest_root_dataframe_regression_snapshot](https://epsft-jenkins.cern.ch/job/root-pullrequests-build/28796/testReport/projectroot.roottest.root/dataframe/roottest_root_dataframe_regression_snapshot/); - [projectroot.roottest.root.dataframe.roottest_root_dataframe_test_snapshot](https://epsft-jenkins.cern.ch/job/root-pullrequests-build/28796/testReport/projectroot.roottest.root/dataframe/roottest_root_dataframe_test_snapshot/); - [projectroot.roottest.root.dataframe.roottest_root_dataframe_test_stringfiltercolumn](https://epsft-jenkins.cern.ch/job/root-pullrequests-build/28796/testReport/projectroot.roottest.root/datafr,MatchSource.ISSUE_COMMENT,root-project,root,v6-32-06,https://github.com/root-project/root/pull/1973#issuecomment-394368458:142,test,tests,142,https://root.cern,https://github.com/root-project/root/pull/1973#issuecomment-394368458,5,['test'],"['testReport', 'tests']"
Testability,"Build failed on centos7/clang39.; [See console output](https://epsft-jenkins.cern.ch/job/root-pullrequests-build/28996/console).; ### Errors:; - ERROR: Error fetching remote repo 'origin' ; - stderr: error: RPC failed; result=18, HTTP code = 200 ; - ERROR: Error fetching remote repo 'origin' ; - ERROR: Timeout after 30 minutes ; - ERROR: Error fetching remote repo 'origin' ; - ERROR: Error fetching remote repo 'origin' . ### Failing tests:; - [projectroot.roottest.root.multicore.roottest_root_multicore_processExecutorH1Test](https://epsft-jenkins.cern.ch/job/root-pullrequests-build/28996/testReport/projectroot.roottest.root/multicore/roottest_root_multicore_processExecutorH1Test/)",MatchSource.ISSUE_COMMENT,root-project,root,v6-32-06,https://github.com/root-project/root/pull/2141#issuecomment-394699711:437,test,tests,437,https://root.cern,https://github.com/root-project/root/pull/2141#issuecomment-394699711,2,['test'],"['testReport', 'tests']"
Testability,Build failed on centos7/clang39.; [See console output](https://epsft-jenkins.cern.ch/job/root-pullrequests-build/29026/console).; ### Failing tests:; - [projectroot.roottest.root.multicore.roottest_root_multicore_semaphore](https://epsft-jenkins.cern.ch/job/root-pullrequests-build/29026/testReport/projectroot.roottest.root/multicore/roottest_root_multicore_semaphore/); - [projectroot.roottest.root.dataframe.roottest_root_dataframe_emptysource_build](https://epsft-jenkins.cern.ch/job/root-pullrequests-build/29026/testReport/projectroot.roottest.root/dataframe/roottest_root_dataframe_emptysource_build/); - [projectroot.roottest.root.dataframe.roottest_root_dataframe_emptysource](https://epsft-jenkins.cern.ch/job/root-pullrequests-build/29026/testReport/projectroot.roottest.root/dataframe/roottest_root_dataframe_emptysource/),MatchSource.ISSUE_COMMENT,root-project,root,v6-32-06,https://github.com/root-project/root/pull/2147#issuecomment-394765226:142,test,tests,142,https://root.cern,https://github.com/root-project/root/pull/2147#issuecomment-394765226,4,['test'],"['testReport', 'tests']"
Testability,Build failed on centos7/clang39.; [See console output](https://epsft-jenkins.cern.ch/job/root-pullrequests-build/29176/console).; ### Failing tests:; - [projectroot.tree.dataframe.test.gtest_tree_dataframe_test_datasource_root](https://epsft-jenkins.cern.ch/job/root-pullrequests-build/29176/testReport/projectroot.tree.dataframe/test/gtest_tree_dataframe_test_datasource_root/),MatchSource.ISSUE_COMMENT,root-project,root,v6-32-06,https://github.com/root-project/root/pull/2143#issuecomment-395044871:142,test,tests,142,https://root.cern,https://github.com/root-project/root/pull/2143#issuecomment-395044871,4,['test'],"['test', 'testReport', 'tests']"
Testability,Build failed on centos7/clang39.; [See console output](https://epsft-jenkins.cern.ch/job/root-pullrequests-build/29245/console).; ### Failing tests:; - [projectroot.roottest.python.JupyROOT.roottest_python_JupyROOT_importROOT](https://epsft-jenkins.cern.ch/job/root-pullrequests-build/29245/testReport/projectroot.roottest.python/JupyROOT/roottest_python_JupyROOT_importROOT/),MatchSource.ISSUE_COMMENT,root-project,root,v6-32-06,https://github.com/root-project/root/pull/2156#issuecomment-395088455:142,test,tests,142,https://root.cern,https://github.com/root-project/root/pull/2156#issuecomment-395088455,2,['test'],"['testReport', 'tests']"
Testability,Build failed on centos7/clang39.; [See console output](https://epsft-jenkins.cern.ch/job/root-pullrequests-build/29449/console).; ### Failing tests:; - [projectroot.roottest.root.meta.ROOT-7462.roottest_root_meta_ROOT_7462_make](https://epsft-jenkins.cern.ch/job/root-pullrequests-build/29449/testReport/projectroot.roottest.root.meta/ROOT-7462/roottest_root_meta_ROOT_7462_make/); - [projectroot.roottest.cling.dict.fwd-decl-stdless.roottest_cling_dict_fwd_decl_stdless_execLessyTest](https://epsft-jenkins.cern.ch/job/root-pullrequests-build/29449/testReport/projectroot.roottest.cling.dict/fwd-decl-stdless/roottest_cling_dict_fwd_decl_stdless_execLessyTest/); - [projectroot.roottest.cling.parsing.roottest_cling_parsing_runTTestClass](https://epsft-jenkins.cern.ch/job/root-pullrequests-build/29449/testReport/projectroot.roottest.cling/parsing/roottest_cling_parsing_runTTestClass/); - [projectroot.roottest.root.aclic.load.roottest_root_aclic_load_autoloadNamespace](https://epsft-jenkins.cern.ch/job/root-pullrequests-build/29449/testReport/projectroot.roottest.root.aclic/load/roottest_root_aclic_load_autoloadNamespace/); - [projectroot.roottest.root.meta.roottest_root_meta_runautoload_auto](https://epsft-jenkins.cern.ch/job/root-pullrequests-build/29449/testReport/projectroot.roottest.root/meta/roottest_root_meta_runautoload_auto/); - [projectroot.roottest.root.meta.roottest_root_meta_runtemplateAutoload_auto](https://epsft-jenkins.cern.ch/job/root-pullrequests-build/29449/testReport/projectroot.roottest.root/meta/roottest_root_meta_runtemplateAutoload_auto/); - [projectroot.roottest.root.meta.roottest_root_meta_runtemplateAutoloadInclude_auto](https://epsft-jenkins.cern.ch/job/root-pullrequests-build/29449/testReport/projectroot.roottest.root/meta/roottest_root_meta_runtemplateAutoloadInclude_auto/); - [projectroot.roottest.root.meta.rootcling.roottest_root_meta_rootcling_includeInLinkdef](https://epsft-jenkins.cern.ch/job/root-pullrequests-build/29449/testReport/projectro,MatchSource.ISSUE_COMMENT,root-project,root,v6-32-06,https://github.com/root-project/root/pull/2167#issuecomment-395607537:142,test,tests,142,https://root.cern,https://github.com/root-project/root/pull/2167#issuecomment-395607537,4,['test'],"['testReport', 'tests']"
Testability,Build failed on centos7/clang39.; [See console output](https://epsft-jenkins.cern.ch/job/root-pullrequests-build/29702/console).; ### Failing tests:; - [projectroot.roottest.python.basic.roottest_python_basic_operator](https://epsft-jenkins.cern.ch/job/root-pullrequests-build/29702/testReport/projectroot.roottest.python/basic/roottest_python_basic_operator/),MatchSource.ISSUE_COMMENT,root-project,root,v6-32-06,https://github.com/root-project/root/pull/2097#issuecomment-396069363:142,test,tests,142,https://root.cern,https://github.com/root-project/root/pull/2097#issuecomment-396069363,2,['test'],"['testReport', 'tests']"
Testability,Build failed on centos7/clang39.; [See console output](https://epsft-jenkins.cern.ch/job/root-pullrequests-build/29733/console).; ### Failing tests:; - [projectroot.roottest.python.basic.roottest_python_basic_operator](https://epsft-jenkins.cern.ch/job/root-pullrequests-build/29733/testReport/projectroot.roottest.python/basic/roottest_python_basic_operator/),MatchSource.ISSUE_COMMENT,root-project,root,v6-32-06,https://github.com/root-project/root/pull/2097#issuecomment-396196929:142,test,tests,142,https://root.cern,https://github.com/root-project/root/pull/2097#issuecomment-396196929,2,['test'],"['testReport', 'tests']"
Testability,Build failed on centos7/clang39.; [See console output](https://epsft-jenkins.cern.ch/job/root-pullrequests-build/29754/console).; ### Failing tests:; - [projectroot.roottest.root.multicore.roottest_root_multicore_tp_process_imt](https://epsft-jenkins.cern.ch/job/root-pullrequests-build/29754/testReport/projectroot.roottest.root/multicore/roottest_root_multicore_tp_process_imt/),MatchSource.ISSUE_COMMENT,root-project,root,v6-32-06,https://github.com/root-project/root/pull/2097#issuecomment-396247513:142,test,tests,142,https://root.cern,https://github.com/root-project/root/pull/2097#issuecomment-396247513,2,['test'],"['testReport', 'tests']"
Testability,Build failed on centos7/clang39.; [See console output](https://epsft-jenkins.cern.ch/job/root-pullrequests-build/29786/console).; ### Failing tests:; - [projectroot.tree.dataframe.test.gtest_tree_dataframe_test_datasource_root](https://epsft-jenkins.cern.ch/job/root-pullrequests-build/29786/testReport/projectroot.tree.dataframe/test/gtest_tree_dataframe_test_datasource_root/),MatchSource.ISSUE_COMMENT,root-project,root,v6-32-06,https://github.com/root-project/root/pull/2133#issuecomment-396289852:142,test,tests,142,https://root.cern,https://github.com/root-project/root/pull/2133#issuecomment-396289852,4,['test'],"['test', 'testReport', 'tests']"
Testability,Build failed on centos7/clang39.; [See console output](https://epsft-jenkins.cern.ch/job/root-pullrequests-build/29807/console).; ### Failing tests:; - [projectroot.tree.dataframe.test.gtest_tree_dataframe_test_datasource_root](https://epsft-jenkins.cern.ch/job/root-pullrequests-build/29807/testReport/projectroot.tree.dataframe/test/gtest_tree_dataframe_test_datasource_root/),MatchSource.ISSUE_COMMENT,root-project,root,v6-32-06,https://github.com/root-project/root/pull/2167#issuecomment-396313134:142,test,tests,142,https://root.cern,https://github.com/root-project/root/pull/2167#issuecomment-396313134,4,['test'],"['test', 'testReport', 'tests']"
Testability,Build failed on centos7/clang39.; [See console output](https://epsft-jenkins.cern.ch/job/root-pullrequests-build/30087/console).; ### Failing tests:; - [projectroot.io.io.test.gtest_io_io_test_test_io](https://epsft-jenkins.cern.ch/job/root-pullrequests-build/30087/testReport/projectroot.io.io/test/gtest_io_io_test_test_io/),MatchSource.ISSUE_COMMENT,root-project,root,v6-32-06,https://github.com/root-project/root/pull/2188#issuecomment-396997416:142,test,tests,142,https://root.cern,https://github.com/root-project/root/pull/2188#issuecomment-396997416,4,['test'],"['test', 'testReport', 'tests']"
Testability,Build failed on centos7/clang39.; [See console output](https://epsft-jenkins.cern.ch/job/root-pullrequests-build/30133/console).; ### Failing tests:; - [projectroot.tree.dataframe.test.gtest_tree_dataframe_test_dataframe_snapshot](https://epsft-jenkins.cern.ch/job/root-pullrequests-build/30133/testReport/projectroot.tree.dataframe/test/gtest_tree_dataframe_test_dataframe_snapshot/),MatchSource.ISSUE_COMMENT,root-project,root,v6-32-06,https://github.com/root-project/root/pull/2192#issuecomment-397211116:142,test,tests,142,https://root.cern,https://github.com/root-project/root/pull/2192#issuecomment-397211116,4,['test'],"['test', 'testReport', 'tests']"
Testability,Build failed on centos7/clang39.; [See console output](https://epsft-jenkins.cern.ch/job/root-pullrequests-build/30214/console).; ### Warnings:; - include/ROOT/RDFInterface.hxx:1745:9: warning: field 'fDatasetColumns' will be initialized after field 'fDataSource' [-Wreorder] ; - include/ROOT/RDFInterface.hxx:1745:9: warning: field 'fDatasetColumns' will be initialized after field 'fDataSource' [-Wreorder] ; - include/ROOT/RDFInterface.hxx:1745:9: warning: field 'fDatasetColumns' will be initialized after field 'fDataSource' [-Wreorder] ; - include/ROOT/RDFInterface.hxx:1745:9: warning: field 'fDatasetColumns' will be initialized after field 'fDataSource' [-Wreorder] ; - include/ROOT/RDFInterface.hxx:1745:9: warning: field 'fDatasetColumns' will be initialized after field 'fDataSource' [-Wreorder] ; - include/ROOT/RDFInterface.hxx:1745:9: warning: field 'fDatasetColumns' will be initialized after field 'fDataSource' [-Wreorder] ; - include/ROOT/RDFInterface.hxx:1745:9: warning: field 'fDatasetColumns' will be initialized after field 'fDataSource' [-Wreorder] ; - include/ROOT/RDFInterface.hxx:1745:9: warning: field 'fDatasetColumns' will be initialized after field 'fDataSource' [-Wreorder] ; - include/ROOT/RDFInterface.hxx:1745:9: warning: field 'fDatasetColumns' will be initialized after field 'fDataSource' [-Wreorder] ; - include/ROOT/RDFInterface.hxx:1745:9: warning: field 'fDatasetColumns' will be initialized after field 'fDataSource' [-Wreorder] . And 52 more. ### Failing tests:; - [projectroot.roottest.root.dataframe.roottest_root_dataframe_regression_invalidref](https://epsft-jenkins.cern.ch/job/root-pullrequests-build/30214/testReport/projectroot.roottest.root/dataframe/roottest_root_dataframe_regression_invalidref/),MatchSource.ISSUE_COMMENT,root-project,root,v6-32-06,https://github.com/root-project/root/pull/2195#issuecomment-397372208:1500,test,tests,1500,https://root.cern,https://github.com/root-project/root/pull/2195#issuecomment-397372208,2,['test'],"['testReport', 'tests']"
Testability,Build failed on centos7/clang39.; [See console output](https://epsft-jenkins.cern.ch/job/root-pullrequests-build/30530/console).; ### Failing tests:; - [projectroot.roottest.root.meta.evolution.roottest_root_meta_evolution_execMixedBaseClass_v1](https://epsft-jenkins.cern.ch/job/root-pullrequests-build/30530/testReport/projectroot.roottest.root.meta/evolution/roottest_root_meta_evolution_execMixedBaseClass_v1/); - [projectroot.roottest.root.meta.evolution.roottest_root_meta_evolution_execMixedBaseClass_v2](https://epsft-jenkins.cern.ch/job/root-pullrequests-build/30530/testReport/projectroot.roottest.root.meta/evolution/roottest_root_meta_evolution_execMixedBaseClass_v2/); - [projectroot.roottest.root.tree.cache.roottest_root_tree_cache_autocache](https://epsft-jenkins.cern.ch/job/root-pullrequests-build/30530/testReport/projectroot.roottest.root.tree/cache/roottest_root_tree_cache_autocache/); - [projectroot.roottest.root.io.emulated.roottest_root_io_emulated_make](https://epsft-jenkins.cern.ch/job/root-pullrequests-build/30530/testReport/projectroot.roottest.root.io/emulated/roottest_root_io_emulated_make/); - [projectroot.roottest.root.meta.evolution.roottest_root_meta_evolution_mixedBase_53410_v1](https://epsft-jenkins.cern.ch/job/root-pullrequests-build/30530/testReport/projectroot.roottest.root.meta/evolution/roottest_root_meta_evolution_mixedBase_53410_v1/); - [projectroot.roottest.root.meta.evolution.roottest_root_meta_evolution_mixedBase_53410_v2](https://epsft-jenkins.cern.ch/job/root-pullrequests-build/30530/testReport/projectroot.roottest.root.meta/evolution/roottest_root_meta_evolution_mixedBase_53410_v2/); - [projectroot.roottest.root.meta.evolution.roottest_root_meta_evolution_mixedBase_merge2](https://epsft-jenkins.cern.ch/job/root-pullrequests-build/30530/testReport/projectroot.roottest.root.meta/evolution/roottest_root_meta_evolution_mixedBase_merge2/); - [projectroot.roottest.root.meta.evolution.roottest_root_meta_evolution_mixedBase_merge1](https:,MatchSource.ISSUE_COMMENT,root-project,root,v6-32-06,https://github.com/root-project/root/pull/2217#issuecomment-398618045:142,test,tests,142,https://root.cern,https://github.com/root-project/root/pull/2217#issuecomment-398618045,4,['test'],"['testReport', 'tests']"
Testability,Build failed on centos7/clang39.; [See console output](https://epsft-jenkins.cern.ch/job/root-pullrequests-build/30611/console).; ### Failing tests:; - [projectroot.roottest.root.meta.cmsUnload.roottest_root_meta_cmsUnload_make](https://epsft-jenkins.cern.ch/job/root-pullrequests-build/30611/testReport/projectroot.roottest.root.meta/cmsUnload/roottest_root_meta_cmsUnload_make/),MatchSource.ISSUE_COMMENT,root-project,root,v6-32-06,https://github.com/root-project/root/pull/2200#issuecomment-398762064:142,test,tests,142,https://root.cern,https://github.com/root-project/root/pull/2200#issuecomment-398762064,2,['test'],"['testReport', 'tests']"
Testability,Build failed on centos7/clang39.; [See console output](https://epsft-jenkins.cern.ch/job/root-pullrequests-build/30620/console).; ### Failing tests:; - [projectroot.roottest.root.meta.cmsUnload.roottest_root_meta_cmsUnload_make](https://epsft-jenkins.cern.ch/job/root-pullrequests-build/30620/testReport/projectroot.roottest.root.meta/cmsUnload/roottest_root_meta_cmsUnload_make/),MatchSource.ISSUE_COMMENT,root-project,root,v6-32-06,https://github.com/root-project/root/pull/2220#issuecomment-398779180:142,test,tests,142,https://root.cern,https://github.com/root-project/root/pull/2220#issuecomment-398779180,2,['test'],"['testReport', 'tests']"
Testability,Build failed on centos7/clang39.; [See console output](https://epsft-jenkins.cern.ch/job/root-pullrequests-build/30647/console).; ### Failing tests:; - [projectroot.roottest.root.meta.cmsUnload.roottest_root_meta_cmsUnload_make](https://epsft-jenkins.cern.ch/job/root-pullrequests-build/30647/testReport/projectroot.roottest.root.meta/cmsUnload/roottest_root_meta_cmsUnload_make/),MatchSource.ISSUE_COMMENT,root-project,root,v6-32-06,https://github.com/root-project/root/pull/2200#issuecomment-398795809:142,test,tests,142,https://root.cern,https://github.com/root-project/root/pull/2200#issuecomment-398795809,2,['test'],"['testReport', 'tests']"
Testability,Build failed on centos7/clang39.; [See console output](https://epsft-jenkins.cern.ch/job/root-pullrequests-build/30926/console).; ### Failing tests:; - [projectroot.roottest.root.dataframe.roottest_root_dataframe_missingBranches](https://epsft-jenkins.cern.ch/job/root-pullrequests-build/30926/testReport/projectroot.roottest.root/dataframe/roottest_root_dataframe_missingBranches/),MatchSource.ISSUE_COMMENT,root-project,root,v6-32-06,https://github.com/root-project/root/pull/2193#issuecomment-399618226:142,test,tests,142,https://root.cern,https://github.com/root-project/root/pull/2193#issuecomment-399618226,2,['test'],"['testReport', 'tests']"
Testability,Build failed on centos7/clang39.; [See console output](https://epsft-jenkins.cern.ch/job/root-pullrequests-build/30935/console).; ### Failing tests:; - [projectroot.roottest.root.dataframe.roottest_root_dataframe_missingBranches](https://epsft-jenkins.cern.ch/job/root-pullrequests-build/30935/testReport/projectroot.roottest.root/dataframe/roottest_root_dataframe_missingBranches/),MatchSource.ISSUE_COMMENT,root-project,root,v6-32-06,https://github.com/root-project/root/pull/2193#issuecomment-399664164:142,test,tests,142,https://root.cern,https://github.com/root-project/root/pull/2193#issuecomment-399664164,2,['test'],"['testReport', 'tests']"
Testability,Build failed on centos7/clang39.; [See console output](https://epsft-jenkins.cern.ch/job/root-pullrequests-build/30962/console).; ### Failing tests:; - [projectroot.tree.dataframe.test.gtest_tree_dataframe_test_dataframe_alias](https://epsft-jenkins.cern.ch/job/root-pullrequests-build/30962/testReport/projectroot.tree.dataframe/test/gtest_tree_dataframe_test_dataframe_alias/); - [projectroot.tree.dataframe.test.gtest_tree_dataframe_test_dataframe_callbacks](https://epsft-jenkins.cern.ch/job/root-pullrequests-build/30962/testReport/projectroot.tree.dataframe/test/gtest_tree_dataframe_test_dataframe_callbacks/); - [projectroot.tree.dataframe.test.gtest_tree_dataframe_test_dataframe_friends](https://epsft-jenkins.cern.ch/job/root-pullrequests-build/30962/testReport/projectroot.tree.dataframe/test/gtest_tree_dataframe_test_dataframe_friends/); - [projectroot.tree.dataframe.test.gtest_tree_dataframe_test_dataframe_histomodels](https://epsft-jenkins.cern.ch/job/root-pullrequests-build/30962/testReport/projectroot.tree.dataframe/test/gtest_tree_dataframe_test_dataframe_histomodels/); - [projectroot.tree.dataframe.test.gtest_tree_dataframe_test_dataframe_interface](https://epsft-jenkins.cern.ch/job/root-pullrequests-build/30962/testReport/projectroot.tree.dataframe/test/gtest_tree_dataframe_test_dataframe_interface/); - [projectroot.tree.dataframe.test.gtest_tree_dataframe_test_dataframe_regression](https://epsft-jenkins.cern.ch/job/root-pullrequests-build/30962/testReport/projectroot.tree.dataframe/test/gtest_tree_dataframe_test_dataframe_regression/); - [projectroot.tree.dataframe.test.gtest_tree_dataframe_test_dataframe_simple](https://epsft-jenkins.cern.ch/job/root-pullrequests-build/30962/testReport/projectroot.tree.dataframe/test/gtest_tree_dataframe_test_dataframe_simple/); - [projectroot.tree.dataframe.test.gtest_tree_dataframe_test_dataframe_vecops](https://epsft-jenkins.cern.ch/job/root-pullrequests-build/30962/testReport/projectroot.tree.dataframe/test/gtest_tree_,MatchSource.ISSUE_COMMENT,root-project,root,v6-32-06,https://github.com/root-project/root/pull/2176#issuecomment-399674477:142,test,tests,142,https://root.cern,https://github.com/root-project/root/pull/2176#issuecomment-399674477,12,['test'],"['test', 'testReport', 'tests']"
Testability,Build failed on centos7/clang39.; [See console output](https://epsft-jenkins.cern.ch/job/root-pullrequests-build/31016/console).; ### Failing tests:; - [projectroot.roottest.root.dataframe.roottest_root_dataframe_missingBranches](https://epsft-jenkins.cern.ch/job/root-pullrequests-build/31016/testReport/projectroot.roottest.root/dataframe/roottest_root_dataframe_missingBranches/),MatchSource.ISSUE_COMMENT,root-project,root,v6-32-06,https://github.com/root-project/root/pull/2193#issuecomment-399712467:142,test,tests,142,https://root.cern,https://github.com/root-project/root/pull/2193#issuecomment-399712467,2,['test'],"['testReport', 'tests']"
Testability,Build failed on centos7/clang39.; [See console output](https://epsft-jenkins.cern.ch/job/root-pullrequests-build/31043/console).; ### Failing tests:; - [projectroot.roottest.root.dataframe.roottest_root_dataframe_missingBranches](https://epsft-jenkins.cern.ch/job/root-pullrequests-build/31043/testReport/projectroot.roottest.root/dataframe/roottest_root_dataframe_missingBranches/),MatchSource.ISSUE_COMMENT,root-project,root,v6-32-06,https://github.com/root-project/root/pull/2193#issuecomment-399755884:142,test,tests,142,https://root.cern,https://github.com/root-project/root/pull/2193#issuecomment-399755884,2,['test'],"['testReport', 'tests']"
Testability,Build failed on centos7/clang39.; [See console output](https://epsft-jenkins.cern.ch/job/root-pullrequests-build/31250/console).; ### Failing tests:; - [projectroot.roottest.root.meta.evolution.roottest_root_meta_evolution_execMixedBaseClass_v1](https://epsft-jenkins.cern.ch/job/root-pullrequests-build/31250/testReport/projectroot.roottest.root.meta/evolution/roottest_root_meta_evolution_execMixedBaseClass_v1/); - [projectroot.roottest.root.meta.evolution.roottest_root_meta_evolution_execMixedBaseClass_v2](https://epsft-jenkins.cern.ch/job/root-pullrequests-build/31250/testReport/projectroot.roottest.root.meta/evolution/roottest_root_meta_evolution_execMixedBaseClass_v2/); - [projectroot.roottest.root.tree.cache.roottest_root_tree_cache_autocache](https://epsft-jenkins.cern.ch/job/root-pullrequests-build/31250/testReport/projectroot.roottest.root.tree/cache/roottest_root_tree_cache_autocache/); - [projectroot.roottest.root.io.emulated.roottest_root_io_emulated_make](https://epsft-jenkins.cern.ch/job/root-pullrequests-build/31250/testReport/projectroot.roottest.root.io/emulated/roottest_root_io_emulated_make/); - [projectroot.roottest.root.meta.evolution.roottest_root_meta_evolution_mixedBase_53410_v1](https://epsft-jenkins.cern.ch/job/root-pullrequests-build/31250/testReport/projectroot.roottest.root.meta/evolution/roottest_root_meta_evolution_mixedBase_53410_v1/); - [projectroot.roottest.root.meta.evolution.roottest_root_meta_evolution_mixedBase_53410_v2](https://epsft-jenkins.cern.ch/job/root-pullrequests-build/31250/testReport/projectroot.roottest.root.meta/evolution/roottest_root_meta_evolution_mixedBase_53410_v2/); - [projectroot.roottest.root.meta.evolution.roottest_root_meta_evolution_mixedBase_merge1](https://epsft-jenkins.cern.ch/job/root-pullrequests-build/31250/testReport/projectroot.roottest.root.meta/evolution/roottest_root_meta_evolution_mixedBase_merge1/); - [projectroot.roottest.root.meta.evolution.roottest_root_meta_evolution_mixedBase_merge2](https:,MatchSource.ISSUE_COMMENT,root-project,root,v6-32-06,https://github.com/root-project/root/pull/2217#issuecomment-400142513:142,test,tests,142,https://root.cern,https://github.com/root-project/root/pull/2217#issuecomment-400142513,4,['test'],"['testReport', 'tests']"
Testability,Build failed on centos7/clang39.; [See console output](https://epsft-jenkins.cern.ch/job/root-pullrequests-build/31396/console).; ### Failing tests:; - [projectroot.roottest.root.core.roottest_root_core_execStatusBitsCheck](https://epsft-jenkins.cern.ch/job/root-pullrequests-build/31396/testReport/projectroot.roottest.root/core/roottest_root_core_execStatusBitsCheck/); - [projectroot.roottest.root.meta.genreflex.roottest_root_meta_genreflex_escapedQuotesreadTree](https://epsft-jenkins.cern.ch/job/root-pullrequests-build/31396/testReport/projectroot.roottest.root.meta/genreflex/roottest_root_meta_genreflex_escapedQuotesreadTree/),MatchSource.ISSUE_COMMENT,root-project,root,v6-32-06,https://github.com/root-project/root/pull/2217#issuecomment-400383772:142,test,tests,142,https://root.cern,https://github.com/root-project/root/pull/2217#issuecomment-400383772,3,['test'],"['testReport', 'tests']"
Testability,Build failed on centos7/clang39.; [See console output](https://epsft-jenkins.cern.ch/job/root-pullrequests-build/31415/console).; ### Failing tests:; - [projectroot.roottest.root.core.roottest_root_core_execStatusBitsCheck](https://epsft-jenkins.cern.ch/job/root-pullrequests-build/31415/testReport/projectroot.roottest.root/core/roottest_root_core_execStatusBitsCheck/),MatchSource.ISSUE_COMMENT,root-project,root,v6-32-06,https://github.com/root-project/root/pull/2217#issuecomment-400471833:142,test,tests,142,https://root.cern,https://github.com/root-project/root/pull/2217#issuecomment-400471833,2,['test'],"['testReport', 'tests']"
Testability,Build failed on centos7/clang39.; [See console output](https://epsft-jenkins.cern.ch/job/root-pullrequests-build/31481/console).; ### Warnings:; - include/TMVA/DNN/CNN/ConvLayer.h:382:15: warning: format specifies type 'int' but the argument has type 'size_t' (aka 'unsigned long') [-Wformat] ; - include/TMVA/DNN/CNN/ConvLayer.h:382:23: warning: format specifies type 'int' but the argument has type 'size_t' (aka 'unsigned long') [-Wformat] ; - include/TMVA/DNN/CNN/ConvLayer.h:382:31: warning: format specifies type 'int' but the argument has type 'size_t' (aka 'unsigned long') [-Wformat] ; - include/TMVA/DNN/CNN/ConvLayer.h:382:40: warning: format specifies type 'int' but the argument has type 'size_t' (aka 'unsigned long') [-Wformat] ; - include/TMVA/DNN/CNN/ConvLayer.h:382:15: warning: format specifies type 'int' but the argument has type 'size_t' (aka 'unsigned long') [-Wformat] ; - include/TMVA/DNN/CNN/ConvLayer.h:382:23: warning: format specifies type 'int' but the argument has type 'size_t' (aka 'unsigned long') [-Wformat] ; - include/TMVA/DNN/CNN/ConvLayer.h:382:31: warning: format specifies type 'int' but the argument has type 'size_t' (aka 'unsigned long') [-Wformat] ; - include/TMVA/DNN/CNN/ConvLayer.h:382:40: warning: format specifies type 'int' but the argument has type 'size_t' (aka 'unsigned long') [-Wformat] ; - include/TMVA/DNN/CNN/ConvLayer.h:382:15: warning: format specifies type 'int' but the argument has type 'size_t' (aka 'unsigned long') [-Wformat] ; - include/TMVA/DNN/CNN/ConvLayer.h:382:23: warning: format specifies type 'int' but the argument has type 'size_t' (aka 'unsigned long') [-Wformat] . And 19 more. ### Failing tests:; - [projectroot.roottest.root.core.roottest_root_core_execStatusBitsCheck](https://epsft-jenkins.cern.ch/job/root-pullrequests-build/31481/testReport/projectroot.roottest.root/core/roottest_root_core_execStatusBitsCheck/),MatchSource.ISSUE_COMMENT,root-project,root,v6-32-06,https://github.com/root-project/root/pull/2217#issuecomment-400829624:1670,test,tests,1670,https://root.cern,https://github.com/root-project/root/pull/2217#issuecomment-400829624,2,['test'],"['testReport', 'tests']"
Testability,Build failed on centos7/clang39.; [See console output](https://epsft-jenkins.cern.ch/job/root-pullrequests-build/31490/console).; ### Failing tests:; - [projectroot.roottest.root.core.roottest_root_core_execStatusBitsCheck](https://epsft-jenkins.cern.ch/job/root-pullrequests-build/31490/testReport/projectroot.roottest.root/core/roottest_root_core_execStatusBitsCheck/),MatchSource.ISSUE_COMMENT,root-project,root,v6-32-06,https://github.com/root-project/root/pull/2260#issuecomment-400895426:142,test,tests,142,https://root.cern,https://github.com/root-project/root/pull/2260#issuecomment-400895426,2,['test'],"['testReport', 'tests']"
