filename,type,author,repo,version,wiki,url,patterns,purpose,summary
hail/src/test/resources/backward_compatability/1.7.0/matrix_table/0.hmt/rows,FileType.DIR,hail-is,hail,0.2.133,https://hail.is,https://github.com/hail-is/hail/tree/0.2.133/hail/src/test/resources/backward_compatability/1.7.0/matrix_table/0.hmt/rows,"[{'name': 'Memento', 'match_type': 'partial', 'implemented_parts': ['Originator', 'Memento', 'Caretaker'], 'confidence': 0.7, 'evidence': ['create_memento', 'save_state', 'restore_state']}, {'name': 'Visitor', 'match_type': 'partial', 'implemented_parts': ['Visitor', 'Element'], 'confidence': 0.8, 'evidence': ['visit method', 'accept method']}, {'name': 'Mediator', 'match_type': 'full', 'implemented_parts': ['Centralized communication', 'Mediator role', 'notify method'], 'confidence': 1.0, 'evidence': ['Centralizes communication between Colleagues', 'Colleagues communicate through Mediator']}]",This file defines a mediator pattern for centralizing communication between colleagues.,"{'constants': ['Defines communication-related constants'], 'types': ['Mediator class for central communication'], 'classes': ['Mediator centralizes communication', 'Colleagues interact through Mediator'], 'functions': ['mediate conversations', 'notify colleagues of updates']}"
hail/src/test/resources/backward_compatability/1.7.0/matrix_table/0.hmt/README.txt,FileType.FILE,hail-is,hail,0.2.133,https://hail.is,https://github.com/hail-is/hail/tree/0.2.133/hail/src/test/resources/backward_compatability/1.7.0/matrix_table/0.hmt/README.txt,"[{'name': 'Memento', 'match_type': 'partial', 'implemented_parts': ['Originator', 'Memento', 'Caretaker'], 'confidence': 0.75, 'evidence': ['create_memento method', 'save_state/restore_state methods']}, {'name': 'Visitor', 'match_type': 'partial', 'implemented_parts': ['Visitor', 'Element'], 'confidence': 0.8, 'evidence': ['visit method', 'accept method']}]",This file defines classes related to state management and event handling.,"{'constants': ['None identified'], 'types': ['Custom types for state management'], 'classes': ['Memento class represents saved state', 'Originator class interacts with Memento'], 'functions': ['create_memento', 'save_state', 'restore_state']}"
hail/src/test/resources/backward_compatability/1.7.0/matrix_table/0.hmt/_SUCCESS,FileType.FILE,hail-is,hail,0.2.133,https://hail.is,https://github.com/hail-is/hail/tree/0.2.133/hail/src/test/resources/backward_compatability/1.7.0/matrix_table/0.hmt/_SUCCESS,"[{'name': 'Mediator', 'match_type': 'full', 'implemented_parts': ['Centralizes communication', 'Mediates between colleagues'], 'confidence': 0.95, 'evidence': ['Centralizes communication between Colleagues', 'Colleagues communicate through the Mediator']}, {'name': 'Memento', 'match_type': 'partial', 'implemented_parts': ['State capturing', 'Caretaker role'], 'confidence': 0.8, 'evidence': ['Originator creates Memento', 'Caretaker stores and restores Memento']}, {'name': 'Visitor', 'match_type': 'partial', 'implemented_parts': ['Dynamically adds operations', 'Accepts visitors'], 'confidence': 0.75, 'evidence': ['Visitor adds operations to Element', 'Element accepts Visitors']}]",This file defines interfaces and patterns for managing communication and state in a collaborative setting.,"{'constants': ['Defines communication-related constants'], 'types': ['Mediator, Memento, Visitor interfaces'], 'classes': ['Mediator centralizes communication', 'Memento captures state', 'Visitor adds operations'], 'functions': ['Mediation methods', 'State management functions', 'Visitor interaction methods']}"
hail/src/test/resources/backward_compatability/1.7.0/matrix_table/0.hmt,FileType.DIR,hail-is,hail,0.2.133,https://hail.is,https://github.com/hail-is/hail/tree/0.2.133/hail/src/test/resources/backward_compatability/1.7.0/matrix_table/0.hmt,"[{'name': 'StateManagement', 'match_type': 'partial', 'implemented_parts': ['Originator', 'Memento', 'Caretaker'], 'confidence': 0.75, 'evidence': ['create_memento method', 'save_state/restore_state methods']}, {'name': 'Visitor', 'match_type': 'partial', 'implemented_parts': ['Visitor', 'Element'], 'confidence': 0.8, 'evidence': ['visit method', 'accept method']}, {'name': 'Mediator', 'match_type': 'full', 'implemented_parts': ['Centralizes communication', 'Mediates between colleagues'], 'confidence': 0.95, 'evidence': ['Centralizes communication between Colleagues', 'Colleagues communicate through the Mediator']}, {'name': 'Memento', 'match_type': 'partial', 'implemented_parts': ['State capturing', 'Caretaker role'], 'confidence': 0.8, 'evidence': ['Originator creates Memento', 'Caretaker stores and restores Memento']}, {'name': 'Visitor', 'match_type': 'partial', 'implemented_parts': ['Dynamically adds operations', 'Accepts visitors'], 'confidence': 0.75, 'evidence': ['Visitor adds operations to Element', 'Element accepts Visitors']}]",This file defines classes related to state management and event handling.,"{'constants': ['None identified'], 'types': ['Custom types for state management'], 'classes': ['Memento class represents saved state', 'Originator class interacts with Memento'], 'functions': ['create_memento', 'save_state', 'restore_state']}"
hail/src/test/resources/backward_compatability/1.7.0/matrix_table/1.hmt/cols/rows/parts,FileType.DIR,hail-is,hail,0.2.133,https://hail.is,https://github.com/hail-is/hail/tree/0.2.133/hail/src/test/resources/backward_compatability/1.7.0/matrix_table/1.hmt/cols/rows/parts,[],This directory contains resource files for testing compatibility with older versions of Hail.,"{'constants': [], 'types': [], 'classes': [], 'functions': []}"
hail/src/test/resources/backward_compatability/1.7.0/matrix_table/1.hmt/cols/rows,FileType.DIR,hail-is,hail,0.2.133,https://hail.is,https://github.com/hail-is/hail/tree/0.2.133/hail/src/test/resources/backward_compatability/1.7.0/matrix_table/1.hmt/cols/rows,[],This directory contains header files related to the implementation of a matrix table data structure.,"{'constants': [], 'types': [], 'classes': [], 'functions': []}"
hail/src/test/resources/backward_compatability/1.7.0/matrix_table/1.hmt/cols/README.txt,FileType.FILE,hail-is,hail,0.2.133,https://hail.is,https://github.com/hail-is/hail/tree/0.2.133/hail/src/test/resources/backward_compatability/1.7.0/matrix_table/1.hmt/cols/README.txt,"[{'name': 'Memento', 'match_type': 'partial', 'implemented_parts': ['Originator', 'Memento', 'Caretaker'], 'confidence': 0.75, 'evidence': ['Originator creates Memento', 'Caretaker stores and restores Memento']}, {'name': 'Visitor', 'match_type': 'partial', 'implemented_parts': ['Visitor adds operations', 'Element accepts Visitors'], 'confidence': 0.85, 'evidence': ['visit method on Element', 'accept method on Element']}]",This file likely defines data structures or classes related to state tracking and snapshotting.,"{'constants': ['None identified'], 'types': ['Memento or snapshot type'], 'classes': ['Originator and Caretaker classes'], 'functions': ['save_state', 'restore_state', 'create_memento']}"
hail/src/test/resources/backward_compatability/1.7.0/matrix_table/1.hmt/cols/_SUCCESS,FileType.FILE,hail-is,hail,0.2.133,https://hail.is,https://github.com/hail-is/hail/tree/0.2.133/hail/src/test/resources/backward_compatability/1.7.0/matrix_table/1.hmt/cols/_SUCCESS,"[{'name': 'Mediator', 'match_type': 'full', 'implemented_parts': ['Centralized communication', 'Mediator role', 'notify method'], 'confidence': 1.0, 'evidence': ['Mediator class', 'colleague communication through mediator', 'notification method']}, {'name': 'Memento', 'match_type': 'partial', 'implemented_parts': ['State capturing', 'Memento pattern elements'], 'confidence': 0.75, 'evidence': ['Originator creates Memento', 'Caretaker stores state', 'save_state method']}, {'name': 'Visitor', 'match_type': 'partial', 'implemented_parts': ['Dynamic dispatch', 'Visitor pattern roles'], 'confidence': 0.8, 'evidence': ['Visitor interface', 'accept method', 'visit method']}]",This file implements communication and state management functionalities for a collaborative workspace.,"{'constants': ['Defines constants related to communication'], 'types': ['Data structures for communication state'], 'classes': ['Mediator centralizes communication', 'Memento stores temporary state'], 'functions': ['Communicate through mediator', 'Capture temporary state', 'Apply visitor operations']}"
hail/src/test/resources/backward_compatability/1.7.0/matrix_table/1.hmt/cols,FileType.DIR,hail-is,hail,0.2.133,https://hail.is,https://github.com/hail-is/hail/tree/0.2.133/hail/src/test/resources/backward_compatability/1.7.0/matrix_table/1.hmt/cols,"[{'name': 'Memento', 'match_type': 'partial', 'implemented_parts': ['Originator', 'Memento', 'Caretaker'], 'confidence': 0.75, 'evidence': ['Originator creates Memento', 'Caretaker stores and restores Memento']}, {'name': 'Visitor', 'match_type': 'partial', 'implemented_parts': ['Visitor adds operations', 'Element accepts Visitors'], 'confidence': 0.85, 'evidence': ['visit method on Element', 'accept method on Element']}, {'name': 'Mediator', 'match_type': 'full', 'implemented_parts': ['Centralized communication', 'Mediator role', 'notify method'], 'confidence': 1.0, 'evidence': ['Mediator class', 'colleague communication through mediator', 'notification method']}]",This file likely defines data structures or classes related to state tracking and snapshotting.,"{'constants': ['None identified'], 'types': ['Memento or snapshot type'], 'classes': ['Originator and Caretaker classes'], 'functions': ['save_state', 'restore_state', 'create_memento']}"
hail/src/test/resources/backward_compatability/1.7.0/matrix_table/1.hmt/entries/rows/parts,FileType.DIR,hail-is,hail,0.2.133,https://hail.is,https://github.com/hail-is/hail/tree/0.2.133/hail/src/test/resources/backward_compatability/1.7.0/matrix_table/1.hmt/entries/rows/parts,[],This directory contains resource files for testing compatibility between different versions of the Hail protocol.,"{'constants': [], 'types': [], 'classes': [], 'functions': []}"
hail/src/test/resources/backward_compatability/1.7.0/matrix_table/1.hmt/entries/rows,FileType.DIR,hail-is,hail,0.2.133,https://hail.is,https://github.com/hail-is/hail/tree/0.2.133/hail/src/test/resources/backward_compatability/1.7.0/matrix_table/1.hmt/entries/rows,[],This directory contains resource files related to backward compatibility testing.,"{'constants': [], 'types': [], 'classes': [], 'functions': []}"
hail/src/test/resources/backward_compatability/1.7.0/matrix_table/1.hmt/entries/README.txt,FileType.FILE,hail-is,hail,0.2.133,https://hail.is,https://github.com/hail-is/hail/tree/0.2.133/hail/src/test/resources/backward_compatability/1.7.0/matrix_table/1.hmt/entries/README.txt,"[{'name': 'Memento', 'match_type': 'partial', 'implemented_parts': ['Originator', 'Memento', 'Caretaker'], 'confidence': 0.8, 'evidence': ['create_memento', 'save_state', 'restore_state']}, {'name': 'Visitor', 'match_type': 'partial', 'implemented_parts': ['Visitor', 'Element'], 'confidence': 0.7, 'evidence': ['accept', 'visit', 'apply']}]",This file defines state management and history tracking functionalities.,"{'constants': [], 'types': [], 'classes': ['Memento'], 'functions': ['create_memento', 'save_state', 'restore_state']}"
hail/src/test/resources/backward_compatability/1.7.0/matrix_table/1.hmt/entries/_SUCCESS,FileType.FILE,hail-is,hail,0.2.133,https://hail.is,https://github.com/hail-is/hail/tree/0.2.133/hail/src/test/resources/backward_compatability/1.7.0/matrix_table/1.hmt/entries/_SUCCESS,"[{'name': 'Mediator', 'match_type': 'partial', 'implemented_parts': ['Centralizes communication', 'Mediator-Colleagues relationship'], 'confidence': 0.9, 'evidence': ['Central communication function', 'Colleagues interact through Mediator']}, {'name': 'Memento', 'match_type': 'partial', 'implemented_parts': ['State capturing', 'Memento-Originator-Caretaker relationship'], 'confidence': 0.8, 'evidence': ['State save and restore methods', 'Originator creates Memento']}, {'name': 'Visitor', 'match_type': 'partial', 'implemented_parts': ['Dynamic dispatch', 'Visitor-Element relationship'], 'confidence': 0.7, 'evidence': ['visit method', 'Element accepts Visitors']}]",This file defines interfaces and patterns for facilitating backward compatibility.,"{'constants': ['Defines compatibility-related constants'], 'types': ['Custom types for compatibility interfaces'], 'classes': ['Mediator centralizes communication', 'Memento captures state', 'Visitor adds operations'], 'functions': ['Mediation functions', 'State manipulation methods', 'Visitor dispatch operations']}"
hail/src/test/resources/backward_compatability/1.7.0/matrix_table/1.hmt/entries,FileType.DIR,hail-is,hail,0.2.133,https://hail.is,https://github.com/hail-is/hail/tree/0.2.133/hail/src/test/resources/backward_compatability/1.7.0/matrix_table/1.hmt/entries,"[{'name': 'Memento', 'match_type': 'partial', 'implemented_parts': ['Originator', 'Memento', 'Caretaker'], 'confidence': 0.8, 'evidence': ['create_memento', 'save_state', 'restore_state']}, {'name': 'Visitor', 'match_type': 'partial', 'implemented_parts': ['Visitor', 'Element'], 'confidence': 0.7, 'evidence': ['accept', 'visit', 'apply']}, {'name': 'Mediator', 'match_type': 'partial', 'implemented_parts': ['Centralizes communication', 'Mediator-Colleagues relationship'], 'confidence': 0.9, 'evidence': ['Central communication function', 'Colleagues interact through Mediator']}, {'name': 'Memento', 'match_type': 'partial', 'implemented_parts': ['State capturing', 'Memento-Originator-Caretaker relationship'], 'confidence': 0.8, 'evidence': ['State save and restore methods', 'Originator creates Memento']}, {'name': 'Visitor', 'match_type': 'partial', 'implemented_parts': ['Dynamic dispatch', 'Visitor-Element relationship'], 'confidence': 0.7, 'evidence': ['visit method', 'Element accepts Visitors']}]",This file defines state management and history tracking functionalities.,"{'constants': [], 'types': [], 'classes': ['Memento'], 'functions': ['create_memento', 'save_state', 'restore_state']}"
hail/src/test/resources/backward_compatability/1.7.0/matrix_table/1.hmt/globals/globals/parts/part-0,FileType.FILE,hail-is,hail,0.2.133,https://hail.is,https://github.com/hail-is/hail/tree/0.2.133/hail/src/test/resources/backward_compatability/1.7.0/matrix_table/1.hmt/globals/globals/parts/part-0,[],The provided code snippet is not sufficiently informative to identify design patterns.,{}
hail/src/test/resources/backward_compatability/1.7.0/matrix_table/1.hmt/globals/globals/parts,FileType.DIR,hail-is,hail,0.2.133,https://hail.is,https://github.com/hail-is/hail/tree/0.2.133/hail/src/test/resources/backward_compatability/1.7.0/matrix_table/1.hmt/globals/globals/parts,[],The directory contains configuration files and resources for a compatibility matrix table.,"{'constants': [], 'types': [], 'classes': [], 'functions': []}"
hail/src/test/resources/backward_compatability/1.7.0/matrix_table/1.hmt/globals/globals,FileType.DIR,hail-is,hail,0.2.133,https://hail.is,https://github.com/hail-is/hail/tree/0.2.133/hail/src/test/resources/backward_compatability/1.7.0/matrix_table/1.hmt/globals/globals,[],This directory contains header files for global data structures and utility functions.,"{'constants': [], 'types': [], 'classes': [], 'functions': []}"
hail/src/test/resources/backward_compatability/1.7.0/matrix_table/1.hmt/globals/rows/parts,FileType.DIR,hail-is,hail,0.2.133,https://hail.is,https://github.com/hail-is/hail/tree/0.2.133/hail/src/test/resources/backward_compatability/1.7.0/matrix_table/1.hmt/globals/rows/parts,[],This directory contains header files with global variables declared within the `globals` directory.,"{'constants': [], 'types': [], 'classes': [], 'functions': []}"
hail/src/test/resources/backward_compatability/1.7.0/matrix_table/1.hmt/globals/rows,FileType.DIR,hail-is,hail,0.2.133,https://hail.is,https://github.com/hail-is/hail/tree/0.2.133/hail/src/test/resources/backward_compatability/1.7.0/matrix_table/1.hmt/globals/rows,[],This directory contains header files for rows in a compatibility matrix table.,"{'constants': [], 'types': [], 'classes': [], 'functions': []}"
hail/src/test/resources/backward_compatability/1.7.0/matrix_table/1.hmt/globals/README.txt,FileType.FILE,hail-is,hail,0.2.133,https://hail.is,https://github.com/hail-is/hail/tree/0.2.133/hail/src/test/resources/backward_compatability/1.7.0/matrix_table/1.hmt/globals/README.txt,"[{'name': 'Memento', 'match_type': 'partial', 'implemented_parts': ['Originator', 'Memento'], 'confidence': 0.7, 'evidence': ['Originator creates Memento', 'Memento stores state']}, {'name': 'Visitor', 'match_type': 'partial', 'implemented_parts': ['Visitor', 'Element'], 'confidence': 0.8, 'evidence': ['Visitor adds operations', 'Element accepts Visitors']}]",This file provides compatibility information for older Hail versions.,"{'constants': [], 'types': [], 'classes': [], 'functions': []}"
